63.73869424430561
61.95087657924192
43.33754292398598
62.66060606165589
54.57193923814002
51.76114506207527
23.268772256768507
50.51755528571784
45.12591080800874
60.016366878800646
38.62790059262436
44.13166003286628
55.68584557350569
60.14795262168305
42.44421084700569
59.2199493321082
28.37205614113438
20.55991292889317
60.97179304449049
59.63272251007132
61.46600292870831
48.40337318258917
54.873621222232266
58.862560343663986
14.108712449288397
48.86092137074651
54.536644039199594
9.710096993460503
16.755358680228134
58.43952221640604
51.57982295648922
24.907122094410703
45.823437152109214
61.82402893233864
57.24320515871391
17.71045011620248
45.643365108534965
51.92492296464268
57.22186989168426
33.969041964697794
57.431048422783626
44.97730055760664
58.242592629191286
63.333565049695984
39.4255821838276
43.15179728721966
41.15023875534696
52.49153127213714
63.071134888827274
48.05716459027494
8.25757852232001
57.035412222467095
11.279591969144029
51.19902270473917
49.00518459155295
56.162361520600385
60.78747548129544
47.52433260348597
14.872677769404852
54.50174640218924
57.435741995077336
62.53698135702612
33.72609734436544
62.47503312329774
18.320485414136357
53.93186492989711
52.19044510355807
60.71862575430281
24.208841366350562
48.24373622650091
17.650055382231287
60.77734067380063
62.832570310210336
46.289008399341526
54.86623657897503
60.56775642946832
51.645127636412035
39.67750190482366
46.14724497646983
19.434019584218
13.602183050164115
49.00271244272395
58.019543013088274
18.17931457304708
35.674955109274556
32.78035253430719
58.130278216473066
26.696690837901563
50.30037027960712
42.22250232415514
25.486192606917264
46.13276402278409
47.32793401888233
45.932469215575
28.821814712494827
32.30057542508443
36.11914532115287
34.51713739531087
56.98077601435185
57.282457845252885
46.976944723986904
3.5023297355574883
41.39066216734742
18.05161799701257
57.948640740183905
9.023369044698022
49.197710199447734
25.13529790796718
42.76901527195928
56.46024293594424
49.1939095413787
62.27097857818138
55.60195577617387
61.89509480252485
12.292865808531303
52.87774057807203
55.532821627748596
34.662465040422504
32.271749389099696
48.26064123615187
21.770804345950708
8.901225178851483
40.47235703144394
49.93118187321109
59.469162250653994
49.03287525867082
55.72493561306346
45.59714748040142
36.76476149470693
61.836696043260595
58.81193540299619
62.37640178201799
33.37369965062963
60.59974524708077
52.473666730275305
8.022562220257143
29.958515577695856
53.73997603708383
63.28726443617698
15.839895021259586
36.52802836204076
15.42762068219745
63.667702886177544
58.276271720477546
29.90366935612311
41.79427618005096
53.20033659236514
41.195698595947405
30.423755241315384
63.783971388865346
47.401133278559996
45.6729307354106
53.52315586585626
53.9335162036192
1.6016275840681402
42.68640852422325
58.57185503691119
14.833275693411387
29.046747227651423
53.9153353747822
57.04334811320161
62.880241549274146
34.99912831759349
63.87800612502039
53.721454752483574
8.05115492343515
28.2947811056291
10.930006293251886
43.5941293230033
43.88463285467594
30.23957316980581
50.06828320425974
31.534150291163982
62.40960136359328
24.78080020437465
18.985710296837375
63.009179448795514
37.3309849774179
61.20150707821885
37.16012036597115
25.036585848333225
58.97121912819176
31.892629420060224
33.79280421756153
44.711226963850564
42.76238669580144
35.91780566118964
51.021195962033815
53.930813726234504
45.61574202102404
62.93730201947863
16.778023237263845
22.488364969242987
56.247576421102885
56.55197374699759
52.784208959463825
1.0015689718323983
48.019668542635166
48.633697056380605
54.33209531796031
48.54841718832461
50.30424675234295
52.88373614058055
15.343044123127044
7.247735834123617
28.480567326770377
50.33960152255466
7.216272632813272
62.55087175051195
63.81983546224968
41.82268013551675
60.14241565184146
24.242934216623873
47.583945509205854
61.813138971796945
24.472947025908844
46.8549270510635
27.004303298079627
60.70396086912428
5.208707870802165
34.25563054415055
54.22952736306236
56.7910159309379
60.77509345331423
58.88170556670642
40.245221629051215
60.055654033383064
57.675993129489974
29.489222585749864
54.14020913743197
51.13758479514807
42.41275686023706
51.86621440826882
3.4672775247086207
39.69474208120951
19.03703944155736
30.888359842362178
27.0282951306192
35.63146681605513
42.07769003730032
57.28374865989346
44.56782957242697
47.666196236105854
28.09174169861474
63.40694242771555
0.5336826655041591
56.524310335486554
43.781165905322105
20.766278214998003
19.854500529530632
51.216196371651
49.589614151231785
29.77093701802272
29.254203047865076
11.388691428696973
63.37533178385694
29.04721031891485
56.944770580247365
52.874004523253184
44.498448350704834
58.53245988923797
26.55817675664187
46.46866880028586
22.321894988074355
51.94022545788037
40.3137705151491
20.456954434493007
54.860031876231226
61.48138932825481
18.823639169187622
55.79433824954247
49.1209084440789
42.627083391691855
20.01723752477421
44.19499430904037
51.083495184828486
38.80685149185477
31.988805626492663
36.76456953997112
32.844011695780885
46.810052440183206
8.657497229501047
33.43541964833089
26.86879503185923
61.3212388174109
63.38308237380623
55.2758134073675
58.37919296932612
57.256408052575935
62.457685241368544
41.85335231154596
46.81675395699945
31.24102651492742
23.858319869356414
51.90371414928964
13.014574692148393
40.64826910562718
29.56752518029512
3.7450608550996947
63.87542505255138
30.614624312627768
62.97466460338306
59.246774080318865
57.13414598371297
32.15784339191411
57.693471105867374
8.563830662446463
14.747059706408642
6.308610490293994
61.77389641670551
36.356103493718386
25.787140790938444
37.09415150067561
63.50525881733447
28.133412211080305
23.496348765819903
59.40053836430833
38.92262676051496
31.176669055492667
23.137587816776666
28.340210679660665
59.900526101219256
15.44412978892705
41.89009553885441
57.181068621662156
12.030247341626797
52.909893053002484
45.85379923410245
37.69273356324842
54.778820077267554
49.295362293787115
52.849553417573155
35.20078385351705
16.822730720028737
49.71644973240794
54.48305380680569
15.685591478292366
47.58322537104078
59.178608819618944
50.561616061164614
31.85539166144035
30.924870182072233
14.355718322233031
34.460478586143125
4.207955389037593
32.67379626048569
16.979683283372474
19.864337967868835
44.881961394158296
49.77990565054637
46.5288770086608
34.135921072086475
21.82950086061335
21.46216922148551
55.19938919371591
33.49190227586973
13.879848906975546
53.6248426617308
0.03815529760918679
6.038222125055505
40.02685933357974
36.878689689194786
48.97187733969199
53.700254406930995
52.6404336669772
39.08881603006231
54.12720424995019
20.265793265905614
36.7027648231668
35.52406401228174
61.651937542589835
12.543808688856892
59.38594817953566
24.548190913897777
8.151703743088461
46.74573958065954
41.28541877585063
58.08398088491071
61.68400910284095
22.33647535600005
41.183411752469226
53.72004782008908
10.647722263633383
19.999976105506114
49.525274814861994
59.86991824561722
58.97320942476174
54.736336604126805
45.173044851237705
51.41374899581646
41.33115705099962
52.11458317333287
57.31154728569223
60.691038110967334
32.82749599561086
36.97253514455913
48.57173600270029
53.059359561472405
59.878127702806694
59.59381606007021
56.11728081872419
48.54628483164102
58.32471097738553
11.60326833073794
37.88310948637891
50.519841406967124
27.797768945891782
47.048786661355024
46.94111176765456
51.8426598474853
26.454197984583942
30.711293902513383
29.640919169771294
40.91192767850161
40.7359788662567
43.99461073838255
60.42519383338376
31.479532990398354
59.807302764520685
50.8183615860454
58.16833180341828
60.06751540022202
30.08915690729718
55.97046529561638
52.971463278869585
46.338110660142874
27.40644809472697
18.454563101932074
0.6476933824077165
37.08733148471896
28.293899095089465
32.772896059136244
15.06385855842992
55.92164035243198
2.5009417194440218
52.85693900055079
63.01266865813092
26.01275133759283
60.772660997480074
39.60205207523711
54.12523952625376
53.97973650597618
63.53885231364455
51.40969687946157
10.409853531076642
8.814004581000596
52.622462284991514
44.15288173688208
23.62971882246797
38.73364253785076
28.69557319885668
25.97533085856621
44.13758908352456
52.78030070941015
62.350146238901516
60.31280980783242
60.31372191419572
21.74593276294916
56.99538265694026
56.0762213868036
55.34030839809083
61.59566868510535
35.66466501184705
41.73936969471407
34.83192730798999
24.367339377719844
37.33096473043575
54.2252813313145
5.43476491435603
60.33353975519519
26.968691262775607
47.07278900936649
63.625480672914385
46.531752947000996
25.73971151721095
21.3807779852662
47.69176682207994
60.58860191666801
33.742036750543704
45.14989286648001
37.796650913965735
31.64273754018714
55.09704504360768
51.03581423901934
22.222531540135492
61.30267537880471
52.38579280036468
50.802837700641994
48.472826826529655
59.67285172100716
60.31012409419701
41.38289214222932
51.794346855682164
25.918223286835975
36.94445375744156
59.83309252582217
55.0228702024379
51.47338447345301
42.11553869240102
52.55587096923412
55.8197104573037
52.84699438541928
13.24260452915157
60.05815702523037
39.98387479088103
27.201048559918924
20.889789669541678
46.9340078398767
22.812094143322902
50.022409253897415
54.46750498253884
63.16571549907004
61.106926338087796
4.836513668798787
26.64818924578899
4.367944580843947
33.30115425055848
36.50489158210171
55.19571554117081
19.3589171347408
53.73095669963937
48.240315224576044
58.48599092590721
33.32014592286489
15.80048221727995
55.96213354213829
16.048250777858136
58.92860627807987
57.6602153651349
8.219974380255344
35.036656259436576
24.13153366977467
63.89004919805744
62.8589267729567
25.743388044945746
60.01498560316602
57.38457409206145
14.83390959253527
62.46634251209827
50.14628528203319
56.973412045181426
55.49957644125698
53.63943570593294
32.817062574312175
35.61113478460203
47.01332597153723
26.678936817022738
33.71488193779729
31.946138024031526
44.96855693047068
51.45272107711665
12.939147636182646
42.628078225842415
44.003253034099465
12.39314202704793
18.397386691230622
35.96568709590089
36.81622249217754
49.53474202370883
47.86501315056096
54.400953441983376
11.787998042664704
57.01755287166999
41.539306727348546
63.79007907402047
63.65012755980946
42.92569060203146
23.303448119705372
61.75441787814724
33.78429094965595
17.34635524412061
31.872400907572406
7.567046841295301
42.910528008226365
27.66779847060939
39.42253645020391
57.50942976941205
26.39302173379189
59.00790279351031
36.19721430313097
32.47413644021345
18.758166365120495
36.838809500882846
55.27451979032732
20.635892260045672
39.54385204529018
8.366701808098668
19.923367057533227
62.57884063555209
55.15254512007996
30.927784934792925
57.870873324410006
48.754536192490626
49.769365570649114
26.498659511242437
53.2350622191875
26.56859853147582
22.978176779686677
45.95392470645017
47.07482437906708
33.482481212438444
16.39022601196023
51.48347230742233
23.317146242277857
18.020317107325553
47.21281990866344
37.55620172377907
41.215331048468556
12.050756707472566
60.28792289277663
13.067478937710952
53.3869919355109
29.98935065031
55.66982964756089
57.478191253437295
34.26598661257673
30.003595945247604
62.658776672570184
63.249307284531376
22.78885084824624
20.577054290171823
31.00920227870011
14.8698103586189
8.502879956679067
18.468721532295113
59.33005567747759
50.51742402389918
50.47228855670061
46.304603363638904
56.3601200910287
19.916662998349068
43.13795656747688
16.98157329707994
13.323477751970316
31.287272188499948
57.020438092107554
22.303036504813697
40.85443335904725
47.75182576641291
51.008703869358264
17.857664304904397
31.9952269587697
29.499217903133193
43.6707075433609
49.29167934195986
22.06191440149722
46.105222613906015
20.233557730269602
56.19229683188338
33.69707908026177
24.065285008116803
30.95892613403339
52.79964217820288
44.75499655084292
29.106459001816198
37.96756487080407
62.541334084758674
60.574579327353746
15.712930987220126
46.19973438864618
39.32120123402509
24.32705866464803
32.82724785619269
13.308620909639238
32.505738497097354
52.4637245124751
42.434619126861236
56.52643452863101
63.778408532938194
58.450241438030126
39.15312432830156
62.564715381997914
56.59144474791363
18.716103699509638
31.67658189187388
48.0440391106157
61.90196170908078
35.00140970170066
49.791988433211415
57.10757204036608
33.129326799494876
57.5661219276424
46.90382742936144
11.446319489278622
38.25319571083571
43.38078776586948
58.20053556754817
16.380452899154527
63.74547050587644
54.937709505446286
25.044176743624035
59.98682078531206
55.83723132378264
0.514959520198623
43.94595958422778
40.04265432819017
0.6894919137430975
0.3532406447217724
39.503682628262744
27.34090258895049
16.76691010550185
45.50253259290423
24.008920922477955
53.3039596579837
42.873460827968856
10.425955239437783
36.133735862250006
47.32761790282488
34.213970162144484
46.53509896805805
30.805560086185018
10.951227575835802
52.61733873790411
53.28579315841277
5.638761865699273
29.78804086381392
62.075427159304844
25.684647135629696
15.935124241431325
54.29080294537627
33.494849570653486
40.47996855659041
45.12177400768934
36.061522787985695
4.394097589198978
54.08733378385894
23.02411454226599
54.117864865672026
62.97775194494507
20.2389264852197
54.1840269044614
60.381790043625024
43.41728117973223
55.20993274605526
40.06276061229446
61.28339880036099
36.5716684120122
63.053118465711535
26.806090864213715
11.403240431861093
43.90042792862208
61.32168620346022
55.25717184140668
59.533320185308504
62.028241542487336
51.84015664885345
43.68140092756606
56.885954747768885
2.8854867712995755
62.81746303475328
40.7931446088567
10.941974427124748
48.78031844819506
50.756357635248584
60.62138336714964
46.890690894599864
29.75717732431312
41.72536089827247
60.69773380417661
36.81475895384294
51.92322233976672
26.86072009272968
40.405012791871975
35.45630853217007
45.861009199815285
61.479478466284725
24.557226797206013
29.763376194292526
62.36301813283336
25.566829568041115
18.98672780937698
41.55567703337987
6.671140314208031
29.876537254738793
38.4264586484268
56.853092520588234
60.92382618084534
27.65198964969256
35.9407325083052
36.51519174774165
40.696470991139705
58.830764111938954
49.38467103957454
23.740983474894605
44.31890176967843
47.29558426161627
36.15621842589991
33.33250435156573
52.71629435651484
34.5442517114727
58.89469258974368
54.39689618304778
61.201972425012244
45.39341447802619
54.25910454900642
31.20587016142283
36.613178581988095
57.83805920696041
18.04010393501912
60.51739429770356
21.542566044957745
63.09901898368823
60.00135986377382
43.73236832199494
45.57830997667222
11.479089056571972
26.209675294700062
20.610780321206235
35.48250868785834
35.04585601263476
29.72020585857657
61.13472855545745
58.84547953862864
10.995489434865469
59.902243119005604
36.021269224458464
47.573754817424295
18.455859181542607
51.73003597346144
42.62913669078216
36.84838644715519
55.42608115461213
59.45432337061152
28.824728816744788
26.10192522696375
62.75905374095219
52.29105171165151
55.553528176317734
15.904299000952761
30.82757391790649
48.34202279423375
39.55267908207336
61.46032481025123
39.17659562305197
61.98577502411369
53.22618340876767
25.09280389636043
17.196857919194883
51.89992843896409
22.705249446455838
20.93014367709032
37.63129238255648
60.68628236724631
46.99547949501077
57.42515248832015
52.46432514657171
58.4889980188118
46.47413435537283
23.844875197796
61.43770592620846
25.509424468678255
32.61177059154729
46.35477512323476
47.955160980840326
56.680766005495464
40.142178314942775
4.2139894250576475
51.5263390013059
57.563484989171926
29.239687118751263
60.60884995692673
23.025084380840525
53.549794355330164
61.448301094170475
13.100075867035173
45.166659837421534
1.7489532546476951
48.62430237647747
33.68641701011433
50.54417697730991
47.499634678053084
11.095706913259043
61.34844777438723
32.41591276699212
50.73093322322751
43.249766880920404
44.565547657410164
37.47665119053116
39.176831491985624
44.94595397713192
13.879929096774546
9.59218096999652
42.895698659917784
60.19292738647425
32.897583204618456
38.7185834398272
9.715189454983232
27.27512009195079
1.071884534272499
17.276950665084946
62.3383043820066
40.30053068525237
19.875526598554373
32.77206894199756
33.6263071464188
38.824902403183664
34.636155713233315
56.05309017214795
61.15722401273526
32.05330403142789
54.88228202150328
26.316704028299384
63.234701802716266
29.192199430226886
44.75702050205805
56.85043175717866
60.08159701672267
29.54304270791141
63.99626956275253
38.009022046551735
53.477640653109304
40.7201188183225
56.3709065148339
59.906918348839866
25.78541471125338
37.68349491276321
61.74183585851717
18.576246476083952
29.890440132261027
46.316038575942684
48.128315873086535
56.85225758948489
28.908333076593124
56.196856076560856
45.639678994346454
35.36367237421549
41.362252879490015
39.718552396383046
61.12606588609419
50.7425900471773
36.312090401106644
36.07255385280076
57.954723918848366
12.545209870586469
62.33410430065028
60.39555217743569
2.292249313901557
13.832786005655535
9.889298269327092
63.782985978330416
59.556902839577326
45.60703751518488
33.73226127362853
61.10768856143734
14.603388605947224
27.701915252096363
60.58574459250111
62.53244513448276
57.595663375274675
61.82321125934079
35.26633745474583
2.9056914184086935
31.990479657653232
61.71577757501732
53.205595251854845
46.27690094118169
49.205460580337046
15.125796813494702
52.45974391146816
58.56749067154639
25.790407873651887
48.96281258425055
10.639617710407258
59.45022390062528
63.001960537463404
38.46885429798515
54.12094876358263
53.46365808201954
55.68320062472283
53.1109043847372
21.33346232898743
21.70463265877285
13.139546558586972
50.40377565623929
60.55998172133799
61.5206766608716
25.390255614581058
20.834631641650645
43.9760785093747
46.23975775922396
59.68012814200576
12.343096236054642
49.03223336424938
60.46490922922249
27.29442301413217
61.961509556770956
43.585723332145974
41.818948851295005
21.112675261845688
33.06724081268624
29.891826304589245
38.35762246890073
15.837643949842871
59.85215582894364
50.66219704126011
42.8932731565955
49.695219272753
42.39709912887757
14.562340542074907
40.00818123796205
33.72254393895962
46.58613891862021
7.4216616569894
26.683796324483204
54.52806288101192
24.902190274557782
58.36396748050289
50.29760533546459
51.25063019127296
50.513857972766075
29.175552225677166
58.426712411361336
61.9034671424882
35.40805698348424
58.79086818685888
53.47153075027398
30.492723379476516
25.572033395624317
40.68338413515408
49.19677437778677
63.20248848564401
60.19537773243092
43.817407037905824
52.5079853083426
56.9908651148755
53.13620648167223
26.311384575912108
48.433693040073
51.23422793216383
61.54903453341812
39.9971393215515
17.488046625777336
62.56516408257769
43.365868048610224
54.70398224566317
14.316345550884279
21.727595501922004
20.89423816877143
50.94328052450313
46.632454511749444
23.01753378073672
41.34752678528817
61.68270581861977
54.61101576503253
31.664724454110328
58.75206077426729
24.28488566881309
37.39535207032186
58.36369706799759
19.15393449315995
49.93905136928608
46.65764155521538
28.482539661714426
56.004224104942146
6.6670024649279895
47.202157056988696
60.96048019272504
17.52022934511229
45.86055189978943
12.99401135865702
20.598775792952182
36.76354562113967
33.81947676275057
23.687970999670483
54.97535206215844
42.43510544217391
43.82361151047108
63.2146676485263
62.58848530952239
37.854895788305456
0.2028562717190141
39.20835952579773
15.971677288158645
7.955117848825715
44.77964505512186
24.18037717810556
34.200093598066104
62.2086510386633
43.86152647037381
55.16708990000834
54.00313121568514
21.678714676823624
50.83026496028632
30.791806185256597
60.51658199751756
31.34981548258795
49.39095186122987
48.76306557161437
47.7309426475055
63.81844032038063
57.77399391365564
13.726803794218796
50.26783732305821
23.97156531608165
61.9340874590397
61.76653865823323
34.013069888006434
23.946639230890632
47.2454663476355
1.524559321872161
13.848358618597281
33.493448758589736
45.59210578511444
25.927188022815344
39.58216941902519
25.749237433565263
38.1042419636381
43.11647474793028
31.300771793254825
61.634609129683255
48.68340867695247
25.14921412904682
21.233124443563923
37.89436443737708
49.12344559297159
58.33683367030942
42.59625990571772
13.230103124425447
35.997015378328626
49.8207200743974
29.874450550128003
57.79821151378358
46.949050476360036
53.19252686066369
4.933034060123305
55.531764294986054
40.63468169167309
27.766330779162473
23.33637361295238
34.79795043793385
42.01093166797718
44.471370108783645
26.350637613008537
5.062652962482723
31.82277400010711
13.08038519692522
54.717942482961234
23.6680418388095
36.707787410370486
7.677752622460545
39.97101001591073
27.597123952044505
37.92779101318696
14.1636722927013
43.43937686900122
28.35395561145723
40.671278995327555
55.13618988564056
33.820957901445425
14.530071469929766
49.75074579215947
32.34415492316397
32.85545923935825
39.74591434664546
52.28393891859222
41.31176716339732
45.111156778799334
44.19343309236726
34.42533798418136
18.0647264654041
3.605782147376658
46.46972759029369
41.19227077233409
61.12564610651618
43.56236933860113
50.52824650340487
39.38629125550193
32.939966600988015
32.55869764762446
18.654667984577358
36.75758074234031
21.38647889424967
38.20510869916065
52.578214351105046
24.17504769012492
28.25910770630265
56.28547476439109
46.5643737312361
44.26870321134503
63.958770616302374
31.425312364164533
6.255774692876152
17.222179003568343
27.143050899430975
27.60140739880523
48.98336448137095
44.809983420969715
26.059686477609873
43.35645245135095
38.76828181005285
48.84747363092469
42.75855017297467
48.53592698949771
54.11061311123756
35.71784666021054
49.90329277397134
17.8162468275477
53.6343231351878
40.310823149434505
51.893622462064904
38.225163687519824
50.25516852030745
62.36750705943304
52.46679258908575
56.25725428055652
58.06955124679422
32.208756762112756
38.25084609411883
45.81823543315954
58.2010566590304
60.76602618471521
50.71551083779228
49.982928670222705
53.04578032642773
63.6378397809442
35.91090639456332
59.248708544218786
12.678441550294657
23.074324391291128
45.606369259054546
53.728754283047174
24.95425370961729
34.01056621190557
26.689898477529688
40.86326869267519
59.31841811921884
26.446970176049604
32.05994092188051
30.883276651523936
56.252871474658264
26.799154968715747
40.316199837496626
18.510413324415637
33.500274799125435
0.24870810342755334
36.72557546616994
9.978648490552757
49.05933082911897
41.48016785219119
41.34595429131271
39.86889245072481
40.54231403706747
43.5998388904086
55.31814779733274
40.33647143582598
56.2578727954668
62.064569605925115
27.927787661885468
36.39735259472905
27.997253260646254
43.440311055380334
63.57056033734888
45.43139954711336
56.53867894766233
27.069877193878426
48.54614920237455
26.195885067132096
42.6796354661174
57.72012621604674
58.96373843617266
54.01443636945035
53.17229575663974
50.043753007316155
44.60095899831518
3.724145752104654
48.012911080245374
47.0785492411996
56.70338616338802
30.857483607752982
53.94949823571699
40.04153924304324
7.654938770764403
20.333663434659904
43.22404776622115
16.82973359044074
63.62402278470902
22.22903743474089
42.3296096649772
28.302619683146055
41.81833788679826
48.2757200723631
17.402554802509677
39.51409363826507
59.12486336569434
58.547333962083314
3.084647936411379
46.2435937735604
45.25251517831792
55.5109736756902
45.33430597639317
22.373014367268894
7.911138180529903
22.410871445476218
34.035142316483785
19.51518987628623
61.26243414580693
51.93827812570892
24.089786269417708
61.96940956565796
63.9161932796823
41.63072674520372
39.352781461361644
45.87321831310761
48.96600962745789
33.95758224557537
44.96007718273219
62.23087447141472
28.47918830591633
9.491233539108357
50.764298914656436
54.29262193963865
45.044507128465774
46.270446083251485
19.33158619424865
46.09829762685062
57.46434068560419
46.33769492468619
8.653166431138814
54.144855114869465
61.800070126320534
43.089775264918686
55.536279304794775
61.92119288615714
25.046918209202985
56.58251785672095
59.224251050578616
1.574647723769253
52.826936530316466
42.13617624433033
39.500586601399085
15.799462805302625
10.713223068089377
11.299766141150315
54.81949256788323
40.885963246914926
62.31509114360004
20.15824100962169
57.736945851228406
43.471276946765805
54.29707604999807
30.114409703904386
63.6742296011066
54.32312977611793
58.3166409142069
46.9563334951253
29.246104006478674
42.457088717002215
18.972036866662997
34.84152702413866
46.221262035360695
37.908950871643086
29.994370589995732
34.53482321867003
44.89346180041556
22.706319805421792
33.60863066960546
14.40984594805662
27.606310469986106
27.017667778086228
47.47939699750546
32.083126816438906
37.29271278666897
29.360521718064973
16.3052010430507
19.090557733241305
47.63787544936742
60.08975733493261
42.04202873799728
62.34182323029393
59.81615616351092
54.37334714978701
54.61868664043337
56.44043506889812
17.45182149064926
63.60112260647223
39.30163694386876
13.123762511887158
0.23194088113678646
30.59537729651636
62.75879952645852
13.48706890985445
33.721424228070916
60.887339685892854
61.925284142341305
56.090786666180364
32.605332761272905
31.128608137354746
46.075358469185986
61.27033847917728
56.32685011144231
19.40306037218366
51.47215077660385
61.811016576963596
59.224224621279376
40.17661938647687
63.48676764580044
48.552299616780374
39.12564279228555
28.675123303417294
61.294278451484885
62.37237417789609
51.125912403829126
62.23740119490727
14.95889109785034
34.643020328256554
62.128573861624126
27.756212106874102
33.93681451459465
35.051110941458234
56.82560019847365
52.173846355145294
25.349731174255787
43.49097633954928
31.191203735031415
20.318706184630344
23.661386353755866
23.07273857482899
52.905405744054065
19.104948851648352
26.16971893554514
10.97336623806143
39.19707982857355
36.7676867485642
33.75692362480372
23.951309961869974
62.640849956864834
25.76894031885398
53.79300031957652
19.7697898512615
58.59948766985263
32.40643780822094
59.330036584354325
55.13210030061114
63.42230503518714
1.6075864155787656
56.336169921652456
32.21796856227657
11.582356249540886
35.75657351146687
39.26144464172652
54.20962782483654
46.44013472177538
16.43773119553296
47.20830751394987
46.81369498524464
33.38354594511538
17.95478729076796
17.338719885743274
50.08832868448251
53.48833244671073
48.43925880326038
56.124020860113724
11.067966021211156
63.27432994285328
16.537674865498303
36.453323147973755
44.921924362761956
58.52831522540683
53.12845739287872
31.651156232907958
55.05255483058559
59.497036239942
43.01431017286463
46.9616896056897
53.776735509712
11.143680942310205
50.65819526337701
40.23165107711334
59.43873482450789
14.565751414377132
34.27963121017679
26.040471324269085
49.06112133632149
31.00540143808857
60.30878372649219
21.99074586729224
35.918528051226765
41.04332596908167
55.1445714363977
55.69609413413583
46.357640443716456
52.58155325462499
52.16468453517281
28.814754997782593
46.00594771848388
57.965052289269835
29.478832042030405
31.346778344852837
27.37910419130028
35.654230890739406
60.708889023019346
48.22785301420131
33.51993021065198
55.35827092639414
48.83129726720655
50.606406737215494
46.91362267780037
15.05543535331502
8.016394569633114
39.74315771714309
37.90601894428116
54.24911634687656
19.222757509676562
22.181512160290943
40.47526865719182
7.006381949334973
61.631177315586385
25.760958224092235
46.291374372622364
14.69693106953715
46.48256058769058
37.187933498428144
18.477433568613563
62.566999470939486
50.42141169608726
45.08214871236986
20.948356356265236
44.30294171189317
18.905870927273476
43.914723233213714
32.430834438415616
61.5174803669592
53.95363667715112
41.79109633576509
52.188138579647145
6.489697733671072
24.95523109161155
32.538653983824844
37.1649779016061
58.66540213046311
26.01949350466726
25.575556693947988
57.016954625886754
30.909807867840975
59.58404434080951
59.47314394130815
59.44307032576907
19.97921447483759
17.74027651192825
42.065117057574604
53.16264621786644
27.56906007233436
24.41725597182436
49.94778380403715
20.45996436979945
57.76994492497705
41.90314046842845
31.59834546088068
37.10588518736188
59.90671081889835
57.669697749828295
35.215721644174344
38.93929930043819
15.001097237625629
39.53102418529413
50.94127851693737
37.186884188960235
54.64294172192634
47.53371849964587
45.273601056773515
35.99209774426758
12.07835340776208
58.97861577399874
59.09230981968767
50.412939321413766
52.158099510030226
30.62388918045135
54.894241177868295
57.93010919266824
58.194961840054034
26.806249313147553
1.7450225831391535
60.07970105026699
63.264250016807104
39.87620780172678
49.205205571948
40.9748327432185
55.33779788363748
37.77661591027866
56.15443974579471
19.43066351695696
33.43645118137792
12.581107013277425
63.55351107547518
56.449912747814594
47.70625651546903
47.93382732650579
40.31127428365707
48.983973026503406
37.360966546249685
34.19431108082121
37.02510214976569
34.67148197010354
27.25761259645651
54.39591875897844
11.187309390286316
6.170405143741732
28.244178682514708
32.97843134244397
31.15548307581613
44.018693991442696
48.03948593558136
5.352215061235867
33.092978549434164
56.347418788448365
14.74687556950709
62.70461608802039
42.86326077754171
60.27260405315051
37.69937494048024
31.197779120359186
48.18462722852827
62.446950847870326
18.658595877132385
43.4994785020641
42.59382124418961
62.958149162263254
39.15977182909484
54.64984333280745
12.398912383117917
41.135067117164866
55.354554546952
63.893636121658155
35.031492444801046
13.952001720288742
13.674648513595322
57.286845922058866
53.229449235904696
26.449449546044136
58.1460814417908
53.33223783341629
44.29001792695534
8.035044911443492
10.261332221911573
40.53895605884537
52.92084232780618
57.17381062473547
4.264264389973569
44.12650995672193
55.76783568007307
44.75341348235271
47.686308848953054
44.262779437891695
35.09601174576525
36.22599722355078
46.513141214220724
51.34553224173609
42.1054534228395
41.10530890129044
41.99416721401528
58.85792626515777
56.98685807224007
28.21008238340582
25.170878520508353
34.008932338315795
53.92923925841227
19.571374919880334
62.25203901695585
60.709205547319144
9.884654933459132
54.26040627882677
49.48956890843374
58.67812548064308
55.33285486791257
30.1301074414328
41.675463442419584
45.56396097430239
26.501899428341645
41.09838121269063
4.210280732608979
52.53520320563075
5.529804589816827
41.65874021332984
60.057747490694624
22.74161348158679
62.508628812782
39.1135334045282
19.66859355450162
10.434314437736433
28.78544249123165
60.13707153033129
41.615885137838234
51.834067258722754
49.55669538814273
58.11526578777532
15.121239568782379
60.27171164515659
38.68478562671354
41.74129395786418
59.810151712420165
16.325631979673418
56.63634216667411
2.3454999606046485
54.531825167106284
24.73952983975567
34.86358847115524
59.1044000676456
45.74501911248083
39.75283391077908
60.96569725690693
37.08245517048954
42.33976684884786
54.3766970137013
31.732812806332603
57.78005680158398
41.11261029088284
43.742241383690974
55.975418191021696
13.114632639728804
9.123751836607504
13.239991094194536
56.29323553675269
11.42982320333899
44.74430473666211
60.70078372546303
30.05536027342327
1.428206225338954
57.104834665759356
39.91744905670579
23.632979503034306
35.19339975468459
48.43212015875427
12.671983023726995
50.58645539824434
14.112065757142908
29.68744536469633
19.114457630728865
43.126046928975896
22.356174557866417
35.51959946368912
51.39165682939088
37.656353008688406
35.18143305652392
63.84030189205346
22.010354626285604
32.245540754146965
52.594643696296586
50.953631885117375
53.42076628231303
47.59198677175
27.98522266829643
62.784448125542816
36.02763131287388
33.441271767114685
45.88212819402402
12.799778373239924
25.262130616271513
53.25479936577598
20.88992547680889
12.089999746781963
22.77656887581844
47.29773476394966
50.50429933841217
51.20890578814604
50.94672840024864
53.77374849348349
63.23994268017585
53.29143226397595
57.76734626483002
33.94126326429206
52.54330488552772
60.76727370441809
52.66907864263533
21.095412052649145
32.1037372673049
49.61391368635917
52.024008458483394
59.85722881708464
63.24502862940848
62.9236772191992
60.20389242155642
39.41558671743945
45.81112029695828
20.980376900193697
45.87053098585513
24.129595533315694
56.70892525732699
59.994424561447005
1.0575284777640803
62.7000552864198
54.3037300946727
0.09788398196168657
18.299824002223183
56.704590876723636
33.52637525340099
48.11958402936186
36.27239800581282
47.21653070573919
36.25314589359349
39.74031780087803
49.014331031641156
16.762502459604683
53.09954372452352
31.4726067966741
50.52155632894544
60.610148738033956
36.54611356911387
53.21331823391616
37.70388101034939
56.3833937644572
26.060381543241746
50.05047941296835
21.93555623478843
49.57942926352699
14.002071247973063
62.6400683593753
39.65340138955757
40.00291577893364
34.888963232851694
27.151243831369698
13.134111234593057
42.84231637551116
44.945576406764715
27.850233783124324
35.93753327063455
28.992285419322485
45.57291189429884
28.508554710072318
29.953815321882836
33.099168211638755
40.458266764343094
12.22385547329354
48.721525918643266
16.1387008911176
29.774177790139277
35.49502896601362
63.01935519766482
52.78723080243232
60.492491198435296
35.370156576957626
41.62598381022866
10.435072173903507
50.38733276055853
22.386367132105242
13.953272037608102
46.287838586644995
54.4665711160011
6.878888925372237
38.30417070556667
48.46841131843323
31.720695708207614
35.505820744511226
42.08511752610705
57.49059005446239
43.91558985012253
29.374360532816176
17.105516184234695
61.38476435279424
9.82128731574742
46.00155427248787
45.08740470361951
38.32991445415989
39.60223311308083
18.560389519113407
61.796314732881584
48.98767740125953
61.43167150077036
44.47668471338191
0.9602720297611
39.296449324466955
26.47665358841254
21.649374409140762
52.82880229441572
63.90296933188271
52.47470103431415
10.478010172575864
5.342087425044227
37.96301007212662
48.37783080588176
48.548169188614544
48.734292749547365
52.562645403657925
56.76937237604658
44.890617481745316
26.39893393329423
63.45041855421281
2.4886274796230197
7.925426464327984
25.541004542384
50.66975135140882
49.95854967590113
49.76352528432527
49.52244645060517
34.73427522104268
46.95371926039562
14.206334282268251
29.557938054609743
29.906810826784316
43.17981094059229
47.31452966185306
3.0124769241065295
50.60133381021018
56.952130558165365
51.992746178282296
62.10789495269148
10.50675764539983
63.87860431038281
45.942326161399734
21.069731124498745
52.88078570985853
60.55846932798695
48.13316344751753
55.2805033899197
39.71534351120667
25.31795346455811
29.076648029622525
14.294554134604816
33.065569468313114
14.576296466047594
50.00196014650377
34.78079081050152
30.643013217242668
46.481962850581176
54.91562448598001
10.078447002338066
21.48683629386467
28.936384721126153
29.6227284956139
39.72973743637757
58.62553834016156
40.015336050342746
62.746942411273075
24.715841606125323
37.54196095555743
44.933583461382455
30.08379936891064
19.436918021559144
30.960223871960082
27.180236047471546
28.226991497110312
63.53113023584388
52.03712192052455
37.97265397195179
62.66707631295648
21.569411281602967
60.33840969512343
39.14567914102271
35.88675163069314
17.333664819482927
39.01397138772721
34.517970809680136
11.011549184107466
4.318199399241429
22.599815746048883
14.989335956388942
1.4990143846409225
55.62394800860019
37.540005411845314
56.84539048630178
62.27280346601417
45.37906338104019
1.7645266236414798
43.25906061096255
63.370661273150134
26.441015082051763
34.20143116824559
52.96611895963582
22.09142075243443
46.46276601141865
49.968719089891756
45.465878474263064
63.18410204940725
31.573614966384582
6.430375011794482
51.48981877196967
32.46010944226218
40.761111176005095
49.5433143854644
31.675244049912358
42.51331109613234
32.61571647351003
57.98015986802192
49.90593656386744
63.41375422544712
5.310292907774887
35.063436738378286
40.9445886206574
48.956451454589754
62.982446470642806
51.44954097883031
25.101556836875638
48.435653716974514
34.74410101863759
11.639379845282832
26.061238191620447
35.229077513512635
1.7347669750539794
63.368052197205714
60.57798259704958
55.57971887634063
50.26023899413143
42.72773368525924
62.75150829461596
40.94120540573156
53.10460937217558
36.05739421957625
53.852560618742714
60.23198100617573
36.42176155567374
51.2528546689327
27.096213805400915
57.939094292456815
59.77649142086423
27.346510224235864
17.673882039350552
46.23595670205502
52.74206786188638
18.890742509354922
41.789945074581375
27.701739348501178
61.47785935312808
46.8897973082851
51.7303446759735
62.742176698319966
31.813046448067496
22.73241226959975
4.832949937508715
58.695112490251525
15.628118473137413
33.21581085506772
57.57578193764161
39.74982468767463
43.68604252014117
60.07113796567012
62.76613284735413
60.66388644026966
34.89665429850746
36.35683497496808
52.97015051738923
41.36983159113509
20.915844956216453
46.9725705680738
59.84923828831343
23.834687156666845
56.9954964365373
62.69125941287585
35.51874436877168
33.42033844778543
31.938779850836156
47.7531661209846
29.98888463695878
58.800631073520506
24.434656224627375
39.40912304495403
34.44671604810938
6.438608687392723
31.88451688818988
41.11264896055421
49.09333580956179
40.00510338300184
25.970179172671095
50.30555583845758
53.54837950473669
34.081856142731716
48.35136405046307
38.03789303748011
55.376622712472056
63.256592417534925
12.868868012494453
46.05434304251938
57.34624032726676
49.14012371060379
33.210159598849735
25.501551361158036
61.64156538346677
30.42179255646846
53.557594945014934
39.31722358778416
3.0455126091087052
30.440506273627904
44.81905408167347
57.70777904786906
53.87191066626336
3.5783220754694014
63.898333684525554
53.657692281083115
48.970121978192125
52.35514112612549
41.81403145261653
24.272494227989455
14.079950912800982
43.4777240971608
40.777235206174126
33.10078926585226
43.06647506209492
51.48349665480116
43.49454848682837
23.552143354991195
48.14450483325615
62.35937552375403
41.22828267383434
32.7477346332728
47.5756315746517
13.404658283964473
39.62271825486507
62.63176655786354
36.632882995757
48.67424637734277
34.11586228941263
31.25663212067709
28.704292285300838
52.09111927790686
52.02898458797897
61.38439306059284
49.7769104077899
60.71146208390367
60.51998083382988
52.35629352801553
45.05902716803577
34.154323191976545
42.82465372886146
59.88361938035304
59.858558889816486
55.61364928839082
40.5966344117921
46.28370657040276
58.10303559622989
56.588048279476524
11.457929671016167
38.44359061769088
43.593250000671276
34.54186684869878
63.32264214091551
32.43178986152077
50.08467736070512
43.51616124232137
31.831471530124375
30.632991236094256
31.128857287769854
30.07956010815799
12.985618084809154
51.2564242858107
17.459473128981713
46.24687367796709
46.45702767900593
59.395411796118566
1.996719688551913
9.427268386430669
46.907058171142126
54.8989886890537
28.906455893328335
49.27496255728008
47.31628961992391
19.905555693653405
31.844068305079304
50.40308279907987
44.12048664469861
40.06613106076139
34.68341787197676
7.310774384138483
15.984572177069367
47.42004601511389
59.25538073401079
27.08413050310591
51.920614149058984
21.736709045856514
46.796884310145266
55.817721477259596
14.742445114767186
60.14390783463172
