43.18197298395951
56.139609863870184
58.0744159743445
59.48306685120107
35.07932610050767
6.211225930289608
49.176021758499715
24.10404061472518
17.76104984762778
29.581250428888396
54.84961585839394
55.712596664292775
41.32720959961294
53.58652471698826
36.646311796901315
6.935212107498607
45.160137291646635
45.166635492759646
53.013449791054015
21.154460510334125
44.707973843940906
49.85769022088609
60.92177416189165
26.302906377259816
60.56827517770897
44.549939071184134
57.70104446993682
37.79349476572392
63.24299043579157
33.664793445691515
15.190649246392837
59.17004308623713
14.697974330551396
54.35525613238304
21.969773309120576
12.457854306139161
49.27266157411392
61.394493526822515
52.27611877077065
45.61555524352123
54.07338722283456
54.580395475749825
42.278657992072965
43.85302412146413
45.35970954622225
17.254071891967378
59.71925941439072
58.28611937054627
56.616052951964505
8.640041813132434
43.41852923263278
50.85476736741765
41.33515169522042
27.88248502336573
34.54085976776094
40.24669632906573
40.09370891471174
15.565796867495479
54.80961107434872
15.40581311201256
26.31592163593968
54.96110141072766
28.197798614888526
27.375734148972022
50.18139075845141
55.89522704548447
35.88483680726844
26.287797955607225
47.6960029020411
40.0208455836829
13.28558869956035
56.580583329505906
54.329456487960144
41.07929526726794
24.33681085280709
63.354798098334264
57.35223642140743
43.88250426565317
43.05479233545272
60.49577734626951
11.19243016102493
27.608749330360176
62.67188516552944
56.73307557772174
29.22410389101899
62.40759706063592
52.47555639009362
46.580014329460546
33.142448037055296
11.718365851077671
49.77530853321485
63.829132755066155
50.49682030180428
57.78626726513363
36.52942975295217
18.46127337108591
38.97867739553072
57.91129973727819
63.90361883452815
27.06329561504551
51.419792066484895
38.71678140852277
46.537527660140356
25.423186679929806
46.557467517396134
55.56023193029608
57.61269904785532
7.68894424202368
51.478558527500866
34.95253523143241
37.28916990549095
58.11115853928169
28.78114455620826
26.209490065687014
34.293218152546544
48.10914671202367
13.972849233981577
56.20023288278799
59.06831666688063
62.787076392358536
15.488688519614577
40.48353468528515
38.676408316802025
47.926390462353865
53.802802316265534
60.858962381754715
56.570931663678635
19.23833961786569
17.14850877172244
24.408680115790844
35.65751357753173
61.77370684555088
49.398411837647856
50.967446363536865
53.74224466060348
63.91604474166653
52.1507805665092
32.661361059474224
57.032696306986466
1.6555315595204974
23.265657168696606
48.855943842232286
52.95654735222546
62.81551636506503
37.42051756629444
55.98206123972614
19.920848405208595
22.952299863799055
20.714732573965726
36.652985542678934
28.951125759399353
29.845792626308814
54.75758485077734
60.93704548792695
55.45627891790105
57.63793797402305
56.77415713080431
23.956195692262575
6.781767087489861
53.22670567915293
15.210198601751912
14.529148435459085
50.397663059188204
56.13468132629173
19.56724014230918
51.899159455307625
47.03892399030294
32.734081956778965
33.88301266112724
40.001921899601186
45.534283399804934
54.76562137453168
43.36017438170245
57.47294449378638
49.13257420487189
15.092704168080118
42.229938389502344
57.890357573987316
59.1288098850638
55.41278377891313
38.981228023099064
43.55014659927018
54.16250979370407
53.736380238346975
48.701431279921145
23.25799322796697
45.47790643318696
50.67043053091525
28.013943385625304
58.65973153197144
28.24851641685983
50.620098845424515
57.204222949973556
47.68341981660024
45.27323076319638
9.527036193615132
27.31076163526523
60.56092963964297
29.272128069684157
41.16019323356625
39.01888918683785
29.142111916623406
54.37723129323879
25.604572883193505
31.271762015670845
43.14197347474814
17.081403259551045
19.609302218377458
0.5344847903337566
11.001075104473486
21.439220918661796
62.832752480793204
52.93424970322757
46.86104420121058
44.78773983982785
59.48889960545304
55.11970867669542
11.962255717371967
41.18516531579537
28.840697656459326
60.10508528951391
29.10665458645962
35.40486978606495
20.4864873963892
5.434306578064373
50.52331051471369
57.334462862358684
48.67407166620974
21.853599800784778
36.35766018935773
60.41396103387703
57.7157704372052
59.37232273021843
31.316165887706063
19.32287254559121
27.741124326877568
10.60499133807761
60.43281845676896
54.25421450530739
38.399374181254714
38.49764216291212
49.22143373870015
57.61048336244839
46.61346332553646
54.40477101569043
58.33124229468642
61.194171031889255
21.111579623216358
45.18530723132571
51.449593670289616
60.59106677691331
23.58402314843068
59.41315240583906
31.51699413066448
45.461643644257975
57.60015460597735
60.319329780670124
22.779372052928856
24.37201741078303
28.337440626739372
47.20053629122361
43.51082547350444
52.50526283612228
61.32874554734765
63.54746351102497
23.58670199007308
52.243793885116325
1.5368524695037635
32.33194141486808
4.531757789058489
56.48688430314615
44.41900539293676
56.445851530574195
49.754226338784434
51.52251849112805
46.54587949856434
42.08311380782206
24.670476679674138
36.936110234165355
41.05169917066421
60.57846136340045
57.91604821712101
33.51435030404454
7.5542011311504496
53.09924803972636
12.158999331237716
23.031415673450134
28.98888422862332
13.15330695269926
41.31953220148635
32.782029368469935
36.98261283895533
40.29766232877578
47.753780866706485
60.19153786492907
3.806592662099902
38.03809651023198
50.41880785278165
8.976357779681038
38.22729464256964
2.530804272286602
60.14555618860147
34.339138861038336
44.97245986517112
42.7411488595316
52.29585258637461
61.27700961675467
39.978671186072916
43.24628318590907
8.209438145835612
50.94138804936578
40.3575037594357
62.51315354514797
41.144010512370464
63.912756316819255
55.76093554343599
22.12079267146276
52.10009702724207
48.77396128132342
9.88440350073639
56.248211546602725
33.638059669453284
44.76444852956092
57.11381633008563
23.6136862931861
61.71845067781776
41.100131465821605
7.783747156505207
18.587560699925326
56.38176221204126
0.7305837350930915
55.13380594728498
36.542253070220234
57.62667417771591
48.196825610664284
59.564868307873056
49.59114134694145
20.062427688257067
53.50330299627832
57.114897227378876
12.089191188628448
61.74512961553735
38.86195205757555
26.72328033559606
25.051860715852108
18.63169726142452
33.56347001591625
21.928294398105614
35.26186698227518
41.68883563517698
25.74464914152305
44.24304748174406
33.034115499765036
8.076050316550777
30.55281448874618
55.385732635290495
49.56708422426187
32.08388222916747
39.51624409361439
41.86840595916669
60.939869664540645
20.613586980694954
46.978730225305014
4.689328723282372
56.853782561462936
40.28755839527814
57.99066539278421
23.285724817756936
41.06972374804844
15.617177097936228
27.49926729138936
4.4376884969314645
14.965294391456887
44.08110960750897
35.69589314122177
3.7691855856680974
56.287137026955946
57.040117360978925
54.302863854508146
44.12812968210244
39.91298439236655
52.69978669495519
60.99062939817156
55.72328323486275
61.346804432594084
32.52914860416921
28.048704588427256
60.19964172761888
60.981563671393765
62.63988974345532
46.33524198313507
33.69628652976162
43.13319251589341
46.4977976836218
56.33806488868742
27.38079540434294
29.175903657647176
26.082327036408117
54.08224097366237
18.380106351265923
58.11885756084273
50.703355832605226
50.60118544789537
10.392419673914489
44.36826636794591
23.560389188476734
46.770790202874075
63.967203557026686
37.504523596293325
49.29376404492153
39.35293226851817
23.049390655272127
24.95445801487064
9.43491935204485
62.44085297400081
50.48940471123468
57.62773572140393
11.614311443137218
33.42245393270731
30.92612758788377
53.737594853652055
47.87162276123124
45.958488912199485
60.18102788623828
39.26049175113903
41.57967317044984
9.452916602889474
46.30285441052972
34.37957303103509
49.66783820453671
47.77599490914133
44.90901021644798
33.32240403165562
31.975235497081513
47.58441349406628
62.33649246938767
24.6700604406425
50.7230544806643
60.96650653616042
48.37338084978998
12.893173181040837
43.02690572997275
63.08678857912922
38.09300024749054
3.5844140589275426
40.95157750011584
24.272961303054522
33.31437095951273
23.441426733347768
31.713086650953734
47.85435728354334
7.34224320286873
6.611204651100543
35.11019942364246
63.60979212371645
48.35235191143537
63.85819629369657
53.41023218177127
10.430932996048448
40.70401027267012
56.787346397727376
43.01355865791231
20.924764542538107
56.64083333055078
36.633161067559584
45.761442783145355
51.61978420439971
40.48933383241612
48.988300874046516
46.885519348194364
55.682235728788854
32.5017334458273
62.44648079136706
52.82018261104463
22.136756082091658
11.500423990654454
52.170756848955456
63.652496133208096
4.603969090183121
43.97439195493308
50.93478315720583
37.04114411144862
59.693313160941145
43.858767772364615
55.95437089675306
46.635735576802404
39.78585758669142
15.348556852371786
4.010598113708234
49.34807185552017
30.548597996683043
54.972164709056806
40.50894831930921
47.59531651172601
49.2873126677667
28.730259997705858
17.94087712499214
41.51901842366388
13.292794822030594
57.72846790634992
52.726640498829966
40.16730004648355
62.73256584489487
54.89364382670308
35.693121503157485
41.702813148035254
53.4422168834421
33.08354083624036
56.49510675753672
42.21009225578277
59.8931745932718
24.605621000194112
3.2422596783881943
47.0573008733335
31.26444219082496
42.81004281160472
20.364632442813743
21.734989708198853
58.25014028501236
56.70980563889917
38.33679783062843
4.006693277886086
55.607321796233485
53.07651755090203
19.18014943151485
35.76124360114447
39.783072545763076
49.22205500960732
60.78176569143772
45.41414676828386
54.46591381577758
37.63233645238836
62.3076785711178
56.487352854824735
21.13305551774142
59.41795815957729
39.07648520539271
22.00478333206678
57.96245176553747
48.943725314987375
47.420279446051964
36.49729456649509
32.15518310953651
61.35140770237369
54.91169607217702
2.0026446203062136
60.622506512720285
29.358855691273853
46.81421902253052
9.980331187968076
23.465473736349423
34.9252508418388
21.72427392731015
30.755904360852796
32.72404744280876
4.493805095106019
41.67484747572072
21.171399078360416
55.865643307845275
57.361401892313005
41.547987957666805
3.975632186333989
41.15224711569562
35.58347544567894
40.30175444949079
56.58669029272415
25.437548549145035
60.9469963035169
7.3808358602060125
52.969994036172594
58.26394504186454
22.446735530215243
61.88538250628522
57.790727794826545
50.138129225192245
58.48484096682337
51.19507445861432
48.243186715803446
63.92988390291945
43.096761467337224
33.3280638277343
43.97605688039768
25.65830417907913
27.89942069677798
60.24437375653461
35.77125279977122
49.14960740350966
24.971936380871377
57.33019350524967
51.20164969574608
57.97082226949386
34.250776391676425
39.82030429011548
43.521431020654475
46.46487551307903
56.08569583106794
58.564900941945105
15.210263844770125
44.24726458953651
36.32846961278536
21.905330556797246
56.04530394750668
54.9597773964975
58.530379925316566
3.3957601850134296
52.24273420071921
58.30250418466445
33.045215579760736
22.496433531599187
38.092323926471465
36.83795981088993
44.855268051259955
56.968033259712
37.821963973149046
58.26694549190058
58.53056316549526
29.738458478579417
56.125853592149355
27.63052060871278
25.723971281543477
7.7376122599389845
47.701333049072105
59.55743788075801
22.810648193638613
63.36073257068406
47.46251565714
62.69808496921901
48.20191460979455
57.724072017827964
59.26865122017989
19.55962696203067
18.535015475093942
55.39775880488639
31.63521288130857
48.053259093525114
60.366575849453525
42.85222752972882
47.000895736175
16.194724311091328
47.98283590355476
36.72406239087357
27.369604091584144
37.68908160944386
57.00518411714364
43.14216529422916
50.50256258362261
37.36793451308395
46.72868268613965
57.16224973858153
54.92676985790867
41.50890460592859
62.848324790064844
61.99109414948482
50.286060819524806
40.208579917695204
34.326401253819604
29.82880964004537
26.05143139935813
4.261864128818722
31.089765801131342
14.04780075421887
3.4631463176040356
20.143757127539047
20.166895172121713
44.99040270332373
23.156784736972163
24.24651592134446
58.40524017772328
62.88083409996761
39.78010265920361
57.442207139272725
49.56667418507607
63.53809708484876
59.816058426280776
36.868823837112394
43.044586365990384
62.125149395886076
22.650406759393363
34.85143454612254
42.48007233803288
20.339222106164463
54.99915000737545
11.35732015678429
55.10558172948859
34.71699668900803
54.37403012586039
11.158584534997452
42.72194350866083
42.86253811872162
55.95158273699916
7.0947848491897645
18.169636016862995
60.24634186104864
2.6078052574483834
60.31831186645771
61.68498125050188
48.077657018546205
28.568592448382915
37.582632482840026
35.95947737061238
9.517839488121773
48.96378692829364
31.824106787189663
44.143254041997636
52.319974661345356
47.41780104108716
21.884978160003534
43.35421341749215
56.97514691393386
35.18710542407847
49.352239200360934
50.89087765600557
38.81560309457569
9.744537349987198
55.5282373709284
46.8621704435929
29.89475622115807
50.16731671024706
52.3488957777596
60.93693021972837
56.928006362924364
27.985700444478034
45.19481307780434
21.74193681104967
40.64812908823623
16.882845733218787
39.90522209094434
42.222444739382745
41.79941738620656
22.58342477770681
50.48616255224734
58.151085383355344
59.23761580717088
37.539771407047894
51.87262496414462
53.051214750185
50.71813997829733
24.716484437464757
41.31002800542694
43.43706492584938
37.75497968733596
55.11722856816449
23.54293955421143
13.041741234650829
37.99149721832004
62.95625613135511
5.564180916921316
30.954313415790395
44.74974395505086
45.39071851772509
50.10526766338796
58.54290608326819
52.4023355885789
42.80507019169122
6.2483648583971885
43.77379138112447
45.08043925234443
55.92781627536962
57.61560022657983
11.86299847964316
43.67663544480207
11.150195483075784
46.946960314529846
35.150094946224556
62.89506874250429
59.81280817113631
52.00163730846404
27.41395276667226
29.573569241762634
54.9453077599803
38.54323698427787
22.650922782274456
62.184279320593156
39.64604550847021
48.660450191107124
51.97293421234713
33.26151062951578
45.10991241941275
47.30607755326983
56.14502405246643
31.638206033032255
21.85432527670897
32.73689010736578
61.40857171631129
15.321002917197482
53.427896526144636
59.51563578079113
59.521543679070746
17.547533705522135
59.72954758249333
36.82922633064422
13.066956957064775
26.1277436538753
14.732770786418605
60.739298104030084
23.689141911004214
1.3559621377912592
50.06859371103849
56.077181240734014
44.49974539514161
41.76028123543515
23.078708021975793
57.81078214344738
29.591197423794178
49.6641126550422
49.95452242679759
37.88689014811784
63.277411234914126
30.66014329705896
42.52081975060875
38.53087125897857
1.359529933936983
61.15463567036152
15.692902995265861
37.278622662140734
55.31098263598137
57.52825115368958
10.139445198070092
33.1201611709365
49.234521139970795
38.29619629308257
43.22851470209924
49.70268278943614
53.12849337043997
35.485292354440304
37.931433966666404
31.551168151196194
31.19475089815898
54.546947273648684
46.67270040730744
59.93370379005516
58.50131568463191
44.809647753071445
21.811149474040086
52.27597854258486
45.52960879081407
8.365710762192997
39.18095012363158
59.813584794967376
38.84852104088172
29.622680633218742
19.257746975195445
52.84677903834613
23.346819748896273
47.741190224486594
57.12358124047405
36.763349361538914
27.69478209582997
36.663544337049544
27.025994436461403
39.54466050111151
35.00101328064619
3.0800550819831116
56.044431723493
40.088473432434
46.240115714254515
22.219110540255762
52.15640769752096
60.77750702094745
51.21869062785009
50.35789531823156
61.466236866446415
52.663341753019864
63.224941090453335
34.74828986441126
17.78608024722549
3.4848854622291228
62.81420749603177
30.055298072379728
44.439617498918935
49.49959972203241
19.6346873385301
35.03623248151523
18.190211860052095
61.69535234690134
60.37813827949554
52.9101029290196
48.18395647054592
16.51285553549343
63.806125304848294
10.543571384189221
27.40644007543098
49.895431347958734
20.22783932409812
55.265314670436574
35.40601820068975
43.76177101677945
57.32288944499698
49.80059081780249
8.57176262642895
49.381142766629424
26.32529062742011
59.779708127191455
53.118543480716895
47.65152350335323
30.428804913673304
45.55269888478232
51.78122945385283
38.594509624199254
49.00888454672738
49.491408918131725
63.293984744283314
32.61605684201854
39.03316198154073
32.91417729224737
16.54041016323842
31.37828660611929
58.03738745744577
48.27367125155947
19.5118234694743
31.228000123068732
54.62935159859637
29.051585537128155
38.71021352960724
48.92523905291373
11.074701344900312
36.73612093383623
46.92364733809458
58.49844182025371
39.619619668403196
37.463756899713424
43.635961218012696
43.53067594939333
54.86490689452912
40.23111310740437
50.275526411047174
60.22979755711379
20.960470032840988
62.989248305459924
36.615351920949436
34.73965601391306
60.311130997320966
55.533838385872656
43.8140810282362
29.11667875637609
43.56621931031419
55.623622576653474
33.168201509615585
54.29598152237919
52.886506823513294
62.042962098836476
61.126270049552275
30.370094859814195
40.05638516536025
39.875675154656335
6.36059430354431
62.318645108508164
38.27819100027837
25.704401558541846
41.598861621797575
43.32576541427123
33.225785385532575
43.35680830103699
39.04092297375466
3.3500543909215637
31.467344340478633
61.53564519945388
30.634931655967705
58.47547497443658
61.50670633636434
43.38711949765033
42.115654508129715
30.946119032357302
46.184119691670624
61.905577776102064
22.684046629185815
56.16223461892605
24.62203887375719
32.90860404037268
34.67998438920216
6.230829481653998
61.80009053726755
45.95299256999567
37.62843111005599
19.83557559432993
26.44208845303377
27.651247670232337
6.090054221993071
63.24209978216553
35.60939186487573
36.29990248197709
3.074250059303786
39.198291700788175
25.221487419852615
63.05977260047028
59.09420318780166
58.90341634567974
58.096176735043514
58.193072658100185
23.335406297114936
3.0840060092376476
53.47288555321124
52.22115967827666
41.921474886170955
55.007685722321185
47.29687989349961
51.32775801729266
34.808106329565305
28.92343068621532
53.16105326903708
26.161426987940715
48.89087486889332
29.814464785192072
19.973490847062536
52.78576116497058
62.13081383667934
60.35828556366068
60.235802267642406
22.56399244494461
50.83354924150382
38.10483200448963
16.604522521033537
11.965352560126917
61.36185919957077
63.45147065826042
46.70623306961427
45.963129473539816
39.45139752707657
55.119187288011325
61.130317194562025
0.7058569085430193
63.69454143437663
49.6457191767758
32.936389524703415
51.1096073899849
37.458140052421044
43.38687242616171
38.06578902464851
57.86540580470914
30.27051113739575
46.70941054866573
14.333290404655692
22.635622217979154
54.5319435383322
56.18367341521386
14.203685310963309
32.61212065956411
28.526224209618448
57.4178181091836
10.447656927543655
12.418955215638285
36.41105306894639
54.57721190548388
46.8125051049299
54.055499261076115
29.279947991529255
38.8720889438722
58.0234615563928
59.10740367318268
11.225200653491655
52.1729431033403
44.49767616866272
57.414354543700235
57.8413837593576
30.625376338479526
40.12407149291088
34.972132307231945
17.602401743126187
42.637089518247805
61.27243454774495
39.564301752457396
45.06034917725172
15.521370226994549
25.000324030489587
9.778379963630435
1.4640155519723095
29.35668602282246
56.79990075270618
62.07752259019082
24.567476875214624
44.97875238568652
62.24817709276523
27.87988569482642
2.781976356502021
21.209696232334004
30.53060891148388
59.151597875620446
56.03107671228287
12.6925493887574
40.876896848656656
56.96429964226489
38.04276101458038
50.447460485252776
39.07085027701892
38.43761432430692
55.6585032330814
29.01616916401759
52.3564401202962
30.803733726377168
35.28985759763032
45.71823119320746
29.797461381281636
49.653364197992545
10.600322309101436
61.81331046040223
29.30618630505211
59.10537328369047
63.819629078908434
46.45892584570916
31.95992020445258
55.79278268241
20.22508748233716
47.10681667056539
48.4662470371816
62.73916881294803
50.509669273969195
18.706874402167074
36.27475646016124
43.77706409081528
44.463065010891675
26.593090539586306
54.915382054639466
43.44883706272303
47.65326239305418
14.765323483584353
49.441094796036325
52.1453472401419
16.780686759006464
5.4825082492547
30.232621498769127
15.794935849722513
59.152796257708616
29.448192466970994
14.401273265313698
50.45034790274738
60.13423281879253
45.56434181268814
25.74972293472935
58.12209109929096
39.17551030453076
63.060416072955356
53.61249669481526
28.021821843675276
56.51214230728695
26.766678051003403
56.75588678239758
59.45492291152382
51.817809422265604
37.67869071098396
33.63622038217228
12.525799822089645
45.80073974208116
47.74235298538808
53.29047676196223
44.6500323360914
59.371777055558134
48.38747362963777
52.23189082100246
60.30045021635858
40.20394665349306
47.293255550929516
46.24510393607725
49.885734770236276
58.56177975863511
57.19015966800815
32.46523818661332
51.629777848814214
32.177388439241184
53.268797900130494
39.15138478474039
31.165103496902596
54.17956486395149
54.21103026510276
23.50594232741772
40.231259019670915
42.21408894863467
54.84089721192765
55.173245131584785
44.366890856715386
10.607602288614785
41.13253208601917
27.407700042724876
43.64539982071908
17.234200759684356
6.17941479776804
44.30826645693509
43.62226468004074
57.229172355468855
52.9497068177275
47.65535170427468
34.466655804016625
32.36839601775621
7.116765296524946
29.06111729458479
27.493628786962894
27.707582887244698
56.453469670826486
52.275994514699256
54.67962330258459
52.45531482890446
24.195078120839383
39.412673360029046
52.81670835603745
34.877017807558595
21.71045241880867
50.27106760393335
1.968779345296646
43.99304810627703
50.27869160364155
54.72982595120857
49.78165850299693
55.42571291390634
46.416223939708416
36.871183444822684
63.55499936110825
48.07679855434217
37.69257668887302
43.471184034047596
2.124429136533479
55.33548855371899
60.556410292061095
62.503037300965616
41.95753807894146
40.53930171463815
17.13605562041421
23.038741256239554
50.80041666008731
63.70889748188426
44.26010444256756
47.3385634955376
53.59549961561634
51.08483986308527
33.85957555034158
43.64275426785639
19.694647486898347
56.745383163573365
35.68060047852846
62.21839538013632
56.12470257426451
39.66980540671561
35.29631354038095
4.698579392336434
54.886234393403655
43.86015541897877
52.97870926213724
60.41638402835565
55.80996728657847
6.915261819549428
37.14404173687706
45.47855027022335
33.08049925575982
44.25201225411328
26.32719886340187
34.02818378741669
29.227409832620182
3.0435441041059548
44.58971622023948
20.990741201234428
13.983850995178543
63.70861800985853
63.448748120028256
63.558073163120675
34.33437648918283
56.77301919630714
61.83279429236262
52.60283208875592
47.3131389747612
57.528175722548376
24.160751637131966
43.41393695801317
23.224526788460892
15.919790742281656
35.151891765124375
40.55920776828961
30.04292296382706
52.39892880631058
51.37389993026501
41.08822265768585
25.867535789104316
20.423560545097274
46.74531286051244
21.713095693658886
42.853738830647245
35.81604850905282
38.68461916054944
53.246763807268394
49.44502414579411
60.48131094089478
56.60134092065252
45.10078806198105
62.473599772570616
27.27118489110159
49.17987059129523
52.93702340421297
59.00809317779154
19.133062626533167
57.6786944589335
30.70943428635593
25.020730870195486
37.91664611603443
45.45255181198762
45.22459251833718
61.026274862046044
37.494025195401974
19.350328697754108
63.12586493368856
36.67487399132359
43.18189527626556
26.968867808231586
49.31836359245799
46.139968117815556
47.576438021514946
4.246446885800438
48.066643680591774
40.398688206987615
49.928568563908186
23.472515988651367
23.544564175758218
63.85933415533509
45.60626192639334
27.459411926157586
34.05853529903338
35.88115653287291
58.717342819017894
48.313904242522725
11.598425732926053
30.274780139390977
32.8780610151951
33.080762727940424
59.35686077297426
42.7053578473801
58.457105649918184
49.34160841297467
25.277155273486862
17.539665353974613
62.03514300435389
2.3891470365570484
53.146843050722765
42.08391650181032
59.43822276858396
40.96788057600034
19.07086677946051
24.1244067050675
63.036935341101454
62.81673132959421
48.32407501143108
33.30022889542441
37.418632455818454
43.14221398873167
41.70157351136173
52.98806940174583
57.43660040597117
62.97840744958111
25.234005754873507
15.942682984752416
45.0594139928491
59.79107067067203
51.67832147856314
19.112772874307034
60.78914286633037
19.481432324627846
44.46805292663586
0.44939349014957486
43.35844904503661
23.280835843145177
28.085863693101828
25.951556133756327
48.66464086537503
48.835325135822785
38.37572281737048
8.06579071054081
48.39941324850361
34.35501350125705
29.70687430751162
30.69436846893565
60.8141491790302
47.44073336366975
41.51652492246921
52.305115811262944
62.99557653081846
42.75823537239934
50.907875718588166
40.6591012787038
50.26575165308156
63.78540389876359
60.477450298563596
38.0417621405807
40.36900029100758
48.74952615197731
37.72807103476166
9.918067581116283
10.978089114847116
8.371260963649746
44.56698172786531
40.91465577125658
58.547637597978934
25.257316757576113
1.5859376538938932
55.612650014069594
37.32785468191044
45.36400291980797
39.11048764828261
0.07000412132577338
20.32417035010542
33.39169761849343
54.18678710425666
34.74697566163239
26.16737867810084
42.90924252598754
20.603443641092106
55.833788775114456
58.65118738467101
52.923848871955904
40.799292285387565
61.012838654077534
55.199491137418335
54.08987395614561
54.58083918580578
31.69293815643688
46.806212522081594
58.02835577223279
47.80538590241834
17.921535944892312
45.85595787274234
27.204483870138205
23.498810807303038
57.94274215537324
16.948525055709304
32.578323008472694
28.034861010959638
37.495885991901076
40.17619899552383
15.510403466390152
44.82435838647919
4.908925060261048
8.011664319766211
36.32212681611946
51.32488890243768
2.034757670804929
47.47013537186595
36.39341057782721
39.78035588404599
59.80700944051768
52.199577941271244
55.27313163401844
54.816226918859556
28.801005610434856
61.987232206426754
39.721413022221924
16.668350098920087
53.3408043989302
18.171210502593233
24.48734406797727
4.5885388699245055
58.91322552789083
44.29231024667381
55.921622108522755
12.554410623272979
40.621848543763505
44.0941520210456
29.97961862816488
24.038953729045048
59.26681300888437
33.40731042760268
29.79206537356295
56.5925872632905
28.974922065431002
48.891325564194155
35.54310530874425
52.71575865926437
59.940915392881166
50.042220902054346
5.334253820039123
60.53092823351501
44.226796708094895
33.39286246095109
44.79724455871005
38.69321592233331
43.85731805606109
43.61990113308476
50.615813472474755
49.2281818038188
31.47664036912262
51.003993639476775
43.33265092507969
28.875100656126968
12.153901826359402
43.90291068394563
45.97939269269402
25.36404084524999
20.583777538947935
46.90539602217007
63.49783394335644
42.52015499620816
50.32942528619074
43.87015246181894
39.62182453258141
45.77284133637815
42.272685511972696
44.72205009643787
60.69077063297831
62.692572658960934
28.63023837501433
53.32059699988274
52.52880870669745
5.128581652230679
58.53324808988968
48.520018432531636
11.692328183657182
40.52061641577589
20.172768864235678
63.90882926122476
58.17101288524134
61.340145613265264
55.97360311688851
0.310809920463484
24.239004115680956
37.66722439997645
40.56175454735832
51.15103114617488
50.74065821336971
36.789478808233824
14.178642346249639
20.18559244866202
56.85514069543466
37.043985421733055
11.394789369580614
50.31457707806534
60.73519811087879
14.627088181475955
60.77267859571546
55.60566845129257
43.62386935098917
30.915705674604354
34.641480204693195
36.20302443042641
27.000098476409093
37.960812388580194
17.882836062388982
56.52659709962287
57.857998078784824
43.05634744967039
26.028918542864282
20.63898871095268
59.033469253126746
50.98377115328239
60.401677800887114
32.244010078749675
56.553680874615615
24.351956266981382
39.45438828870758
37.23938282502827
51.20050771595059
44.34299431345005
45.718118889550475
41.212184884856185
31.043430363024505
34.152695744524706
45.111919986693216
57.39028910245384
37.0707426788001
39.445582611902196
10.574653128230779
56.91230080574378
58.84484802193568
58.41715265527401
37.60324747009389
24.30874317990606
52.12480961709174
4.834004934705327
30.265088275241787
7.499369877414473
25.230138424353875
55.47868562343798
54.416034496239554
47.09490661538432
54.47712958356638
17.21517454761409
55.45957512122052
58.17020237079259
60.02555712856927
44.258211807858515
36.70654870183519
48.08754624301962
55.36330511061829
41.680005508627715
62.34425845576352
36.69086993949476
39.56686510415818
56.10962549513152
42.33675294443944
35.67792900763078
40.874043551860936
59.089249561083705
42.155163129681036
46.543870878444125
59.198441743624485
13.86665015611198
27.42881303789477
59.56500293431197
55.316756203359866
59.06114527861335
56.05503421081936
37.888179071967386
32.52612991498988
31.57964415220728
23.11648019504097
50.00187534616748
4.873977601502922
28.707778483748328
20.941511185701422
46.12944378724832
62.093353871007885
21.464544407899048
29.443540196555
44.27150459815904
50.225234220496276
59.174848670045954
47.40531006357533
28.04045549297087
31.47330163019278
62.03623535304825
35.95744440772518
58.004829160062826
28.51801657701219
29.470280413483643
26.128144544637074
40.784205763102904
37.12772706187444
28.179912536796913
27.593227425793287
33.590047092484596
37.32609206578191
56.82953900286813
56.75154879128987
40.58771912439481
37.39527919017369
31.686014896786915
51.10732927641351
9.200199360640838
14.45309951158319
46.23947188898562
62.99574684863885
42.11885489323716
25.57985251565627
37.78705395998129
44.09252237314786
25.117181110036668
57.78527709994173
62.42665909133672
48.87224753159865
44.53560076507588
49.04659388851967
47.90063556870247
6.539000163207746
36.78193453204913
54.8480791189382
36.83279435117552
35.1219016856291
15.983304519093991
59.95548418453662
1.0728684456668063
14.726318377702697
20.16823386414064
41.2214723620464
36.49960688094771
4.751171557023476
41.4692044194368
48.72398142283335
46.09290391039125
34.02618883160115
35.19718779298428
61.25087273829945
10.39270865389883
37.105204841055034
11.356304628899395
60.22119299643161
44.74525295613242
54.28667383982274
55.34679467926682
39.7238381289861
36.24592077908651
27.21619568347431
50.17571338964896
33.38043916717909
52.66676502059937
50.7222466361436
58.492567770684495
30.246529734394883
0.6711068150482618
45.901498945597524
59.32363352787395
36.62321239945064
42.87613681370448
21.829511120808966
61.13277169736151
23.10326662469904
58.80259617281259
53.020689126041496
17.026655619715996
1.0591661157313155
49.49939666322009
51.60824637208423
29.910905378564735
28.180979429255906
54.712170099490216
42.87742346920959
48.35017644791719
29.53587495673277
43.99590113549946
58.47042213160815
48.02124077824942
62.53321764981651
62.29424011764778
51.22767047537188
44.129702591212435
12.300882286866042
27.00953906072857
61.78452954610243
53.74879274142308
56.2499803766392
5.292251450709571
39.48506483036987
57.318084553640674
58.25991984309184
34.07160518175751
51.665707999813115
51.67976225449037
41.269007764441014
43.91613894516253
10.983245284071181
17.028245053462506
32.7952681567546
49.815336683249626
35.521354974319316
52.25882935879027
43.42295647576249
51.443462648193545
40.82911339739064
45.38009122068993
63.20079405723751
29.14347773974876
53.698888079430944
46.406872335391
40.049609758278706
25.86227846808302
60.15548931446402
59.917270959551736
32.65707217915373
54.00011107727184
22.345045870322622
30.1379547640721
42.766615232222144
45.87714559015497
13.9529350542605
62.882099427405436
9.201038989912242
54.16807084764448
38.299039171551236
12.384435835279945
28.980428679035185
47.463747375523006
47.263424029775614
40.97326386040251
15.642014527110767
62.22934274809153
21.224679249923163
1.1316031362132009
62.04053766933198
46.88541258460356
42.04045779745803
61.92944585919177
60.30624134408098
61.20843722033076
29.9666622088642
42.8686283012247
47.6671029651079
50.6105443415933
52.82138345943745
23.005279949600265
43.51691608224613
27.13020794421984
56.59533104116262
8.244687110142209
54.77098677619958
15.0398363159793
39.50497132400989
14.719012013900048
60.66486958040211
62.02950793981533
46.30836007694882
31.887724604661095
28.53794495542592
34.3081760431819
12.338077217269081
22.17594323285308
2.1132802783139866
31.067007422740545
50.23841273882907
37.251123018314786
45.80293365895815
12.562081577339853
22.587302707423234
58.57102124337017
40.84812901786762
30.032685914010138
41.44606486818988
46.50420619900213
59.99886818020671
55.245669125292366
60.92467582653254
25.28348340469001
29.363754065111713
32.76952402074744
21.82024426912524
27.374463644941606
39.849533715572534
30.180443568835692
12.497791148110565
49.224471523987994
31.10835221407433
50.57535840821538
22.66354364093344
41.75004858022763
25.77180524220281
18.883159754483813
60.40989443758335
1.0711253009690438
56.22159154503917
59.81573060276872
42.62071844730039
39.487047468478394
11.006833784119003
49.528663721140646
51.281502565488736
44.05117869948886
53.84755059443198
11.726081976232052
6.73457325642714
50.77187337012136
59.20797795655476
36.96085407451957
32.354453165040226
49.108648499018095
61.82036541652681
46.37892517512821
55.88342930205253
4.897413707880332
36.446604529225546
22.079169843871597
38.10648198106378
35.702600312164975
37.60373781287254
55.346585703100615
63.636348634860845
63.25140790832691
55.017051347163445
35.38550302465357
37.34407835139689
40.400360714746284
39.30568167858944
56.41148001791909
9.812071457614792
53.587875896110326
30.830389351787858
41.28444563093601
53.46766091176468
46.550235860985296
3.558000725852324
53.23993466465581
54.65225814340836
49.16004867137622
32.184803466295776
11.062452628132185
25.950002562463283
62.131901677611125
62.25267113227593
61.22419657980388
59.757145957224175
1.4089103223700974
20.151549512988865
41.31513800910325
28.74469066694946
61.287001584803576
25.330216399932887
31.70928314685853
50.48207086176966
31.223387674910235
41.2272797648287
32.69581808312023
54.78999759454776
32.58023603698867
47.7521409031916
62.32568025915111
56.195246186511646
35.65675152640476
26.16988795743724
13.126177628474423
50.70929726549323
42.035669220445186
15.578479240040203
47.7984415308522
51.31284014534961
44.2106224028417
43.26459054538728
53.95950086140822
19.71857940677924
43.76053706939756
0.014975477779287871
36.61277693328974
32.35241438665881
42.72131382299428
12.75828536792934
59.745349329193786
18.562669203067664
56.63906131276328
47.567877400748266
38.07439893689373
59.15629071989482
33.25634627970575
16.096413154396586
42.453951739210765
39.64213404524193
37.353380505424994
57.6373253957901
28.36911060645746
18.164401532663632
33.320990844211295
41.61953628687339
24.437306066420028
50.4772160963604
27.527250578023448
44.22304174036051
48.73169487444979
60.48177096907071
49.43567030840806
61.98571756748243
47.0417399764827
33.51361174343977
46.99352683323222
61.02398644920044
29.619276385603932
58.665801343661656
18.267155800403323
30.27686613678148
37.2718026794952
40.127314099756546
31.854839894368602
44.64664963768458
31.340270797788506
63.34852952349284
50.88623876338528
57.853336258837736
23.840566237977868
32.99120804864387
10.761139788280836
33.78362068326388
13.606105304829043
49.44121627416049
20.594564956038248
48.0363467173496
49.67402399256394
50.03536421420134
63.29279808756563
42.74419292402787
59.11912944244088
57.68536323761825
9.993543696410185
44.98683582246237
46.98971186269246
63.88335452790064
35.293019293311346
10.199946644151822
36.24774306446383
57.65970495626931
61.43839065050361
62.90999777237451
39.52324762516959
57.3953696485953
41.52889034097002
56.27523876619239
7.4107246030237945
33.87922104475926
51.10243624845003
26.126280075948706
12.558225394893121
48.597940896300784
35.89654948961789
60.5209001224023
60.83668905554177
31.528853575636397
42.25418220826477
16.41717090579541
29.015074530421558
55.99704385170183
56.18863059323486
53.4759016312166
55.346178037022675
29.352849884002886
56.19092798172494
44.24769155351127
18.46814185690097
49.55877523830479
39.96449288711547
1.7722276662285736
52.85476388730424
15.780958263069415
33.09902226996392
49.42727482159698
8.155465520615621
13.857127819116997
46.108340085529164
6.115626581029119
49.42887293721945
48.430060997802194
17.908437234758892
28.09592979278731
54.755586683309275
32.56310817493727
3.4226427636329433
57.209289346328745
5.773945596312359
62.0521246642587
44.626860996929764
28.250117545213477
51.885399038565154
54.095670510975594
10.069847018520932
56.77124591335926
17.419328617862348
10.858193789144188
39.773411777724206
39.86406716313671
61.16301711472853
59.0761258367219
61.074802779151455
27.516147150102277
25.519233463482266
20.50840629803494
21.720651609428195
54.93133479333685
56.61146419791119
35.948035282542634
32.72000398455802
56.07928369681956
29.382596026817694
38.83131800489738
22.406037747773745
55.54513337253917
28.094071653827378
52.03532919860916
54.40472942712838
41.46743738777997
62.52627437528381
35.43735380096999
28.746736837413053
49.29444306484914
44.26935822937276
56.410309282260684
54.91588097071988
56.90952652004418
48.82276215766202
49.487310280711924
38.76458668876762
38.5055881680477
26.808854689242906
46.295506426664616
40.058087510309576
31.262639431653447
17.425906085390857
18.45814236927758
42.52448001105922
54.80624848629721
55.61150342569568
31.817206039183894
57.10875082294064
38.84237726656673
56.2155523266792
57.67793860970455
44.21417603567756
61.17828682220887
53.58327339749125
52.44858740793893
53.5673785080716
0.5488803414500865
54.8301362798124
57.803029036429166
0.6070067250565359
50.53512472204598
53.13032508523604
36.45979603487655
40.74495288480863
37.78936386329641
44.489242521598584
37.14040425597624
51.85499911741048
32.030580909139715
40.25937901082496
27.222798664439757
61.09035859075436
32.24229556368703
38.315140302837676
18.205117533547813
54.962252726249304
56.676701195224425
62.057810103563966
32.29035774503306
47.46087672966432
48.55300846654314
60.668841928012704
55.68248610674316
3.965878523445511
59.275587729311056
45.04155659165313
62.44720662261278
8.850544678998126
50.600997762541155
61.65241189231285
4.379170852660458
19.238173234028395
38.13682776087401
53.757286611222376
48.35770311020775
60.4734036865385
37.019569301998075
45.31473969936381
55.66433552178961
30.85999176778776
24.76028981787359
0.027004758632784842
25.969716374922925
51.262650176543275
15.009299935056703
9.446984956854315
61.00552716154355
29.918811247524744
25.096393793813988
56.278572202780964
42.297452970337616
33.932070325237376
28.737983653610122
19.561123713061768
27.581531170103624
7.7825561129812755
39.257404719486054
39.178434196261954
23.914645584062413
61.1993426603029
0.5591875476532593
34.7230104480642
55.295388853805115
7.725298414492734
43.95573787021938
58.35247391447027
43.437672496359085
51.871960720285834
21.18366000605517
15.573718622477351
51.15793350102136
34.104825786038106
8.046189737864353
28.966344704555212
63.89483200245345
63.59374769481645
62.36050140375368
43.12278548580356
3.426246367345719
59.6916964757975
9.590041599166042
46.578053747625965
