27.654734894130456
37.9801926369042
59.95904609068103
63.30067148164416
36.0246765477004
62.93716461766345
48.68307075080574
59.482852043058394
51.774757277876574
63.52655371840293
48.97051867428034
28.299939574898502
19.80296512644567
17.905489352070255
29.510493050944106
40.04305420059819
8.999819402026958
41.38860407641356
56.39424554235667
29.045805640617225
4.655950238149458
47.107849651603104
45.47831443645721
59.172218415912326
35.486109473163296
61.17854444166282
48.29727705868562
24.476456838767334
48.538777727268226
37.63824337803231
62.325765912901865
44.5822129426969
62.87975339654765
28.39548981037357
58.79711629556235
23.9033537837162
41.77491646584896
59.47069476455493
6.759836927933513
36.70292503114577
46.9755590682
19.837262467855723
61.65727258081266
28.689700820553597
26.54652476470129
34.83343430763031
37.06267712369717
31.127201291394684
19.460247344386218
50.77131275757035
39.19293815732122
28.45184118682586
28.27035260209601
58.756601634839576
29.858379562040447
20.649062059120347
33.15209217189456
5.255925799952628
13.09073226087132
43.62165337490431
29.19704017638378
56.18588079251758
24.473976326548502
46.72433967036048
29.924837063804645
40.917497216184316
54.3064649016182
57.43345520941258
42.759259607399144
55.236314868659086
54.33451762030312
29.03493109362355
33.67705847797879
14.218010353995737
61.83845009115832
32.09381267864484
31.4454014841153
45.766891741723754
21.707282268082764
34.82427158562241
50.12511389345855
43.998102338365484
34.08070794850417
52.03846558053655
54.47414686599349
10.846880657568889
59.35389637935038
57.48349634452971
3.1227786396018686
45.00665940384154
38.28653098863289
27.033653487295922
26.720977126882325
41.854543537890855
29.911930586080963
57.55348578191288
38.009379261600664
29.254120386204306
9.784585728208917
39.76978847772313
18.147258890977383
20.421560355715755
61.805808125118546
58.75385233228168
33.52143338203932
43.29389972909098
53.3358766032751
60.93888405424632
61.186132123099554
43.62262680003705
35.55379070874031
56.23329578191187
54.70908529788986
53.3935303892874
57.280333658078206
30.912631748336985
40.144400376505004
62.20807245109618
50.26367635607466
42.798782595896796
1.2484622321657
46.91473894948807
15.646232456137781
47.79878155742101
34.11933011522565
3.2528347240300732
28.89140685460236
60.32262735744875
53.76362217431519
31.90478853913082
17.1504998152341
57.943937936676406
55.802238162437625
54.4995507222736
38.062228655172675
61.17987873075437
5.214393809208325
49.805767330367416
30.862893639053354
44.14788437211644
61.8438901351355
54.32479692178981
52.54561649124574
57.517383642118595
62.098504432607285
49.08717772919626
28.158922617328855
20.33283779462655
30.517025502829014
35.711126713992876
35.71363962468175
34.96974790159219
15.159710076681748
40.228360755389375
48.81867669736741
5.500528764934295
38.947523689227715
63.521092181914035
28.43892909569567
63.79779015704149
59.80336180497538
52.24483538052005
41.82653943364173
44.273986895629974
57.79556080711319
55.46685461078038
14.076892840539507
38.74817096957585
39.60967054437387
43.2979854038877
49.81090140746937
31.997229303952054
30.3578195078277
58.49208112276452
50.699936533241456
23.612618971020503
57.33537044307004
59.14500773136793
39.83041042702045
24.370322350716734
49.75501791165689
51.1827662610485
48.19170031083036
7.809618479108785
34.75099859554921
23.23485329858471
61.25373737943061
8.844203682865327
54.74323837461887
53.63711959619825
60.404762870104314
62.18954894359905
37.64389623041484
54.0997504575256
32.63491208239503
46.38182151676807
11.343847167038852
49.90270188085393
20.008628639089935
22.666896229764667
4.523712429844949
40.559991364737115
54.467281735102425
45.78223035171311
60.892105176946195
55.56081360920521
49.92740380062326
27.4556476991471
53.21816348172257
22.43415778820153
59.48224768336203
62.443226906453965
30.41842235762877
44.221711831453604
52.35412692009457
57.3473269915642
34.423668439362004
31.651299973002423
11.840183819164722
17.514544812556075
38.58304323135099
62.3861496189379
49.46218588365606
50.922051950227456
45.272037442022366
26.58807148591795
32.04618243106076
35.06101025211997
46.73353902709444
59.805741278808
45.82845988003621
42.29980028240287
61.15950579716111
51.728665633716695
58.44353754269459
17.98284902200458
50.368686531482766
50.42872757728879
39.52658147380673
11.90863455804368
25.173783753954474
33.132180985437486
42.44322895115607
54.82608353254644
40.29267578599426
62.7177525276001
57.21373496654064
24.612566115474294
55.75474087740126
23.30296943176367
36.65612955474714
13.933961026839526
62.51603071561377
51.20439900053171
42.90222550779934
36.98129044621595
31.92179938035833
53.10318400655229
25.583254530724467
61.246917251882074
60.569925480115366
42.81300543896044
55.06655378469893
20.344415994657673
63.15790046986514
31.50154889913547
28.71762716233988
53.63888392967351
33.67776647698332
47.51455418126412
62.55333748777004
57.01057299784353
48.08241400062064
27.856580221610706
41.50268512394668
63.00521750380193
28.48799649533926
62.88283791096191
16.42035975451828
5.675330444808445
42.05990295384601
35.60085133415991
63.15106488510897
16.505079768951312
47.077962285381055
5.730635123193331
5.6444550067045185
57.03171761429796
27.633523293878632
47.59854338572093
58.49502462951995
22.20945711801818
62.39568514927056
41.0331041488611
39.09128826351234
47.28881349581991
33.77379795632271
40.667479244748144
43.117830693675984
61.08333322494757
33.489834540587125
37.180861885118105
60.081428787361226
54.711387376135676
12.519995704999914
32.881938202770854
31.467729909591775
42.019977004845856
53.470220467353684
53.456311983593274
13.392867342519352
57.10877451746732
43.574040831836086
15.805894834850037
56.508519514014345
55.56849257104743
48.44824785326491
40.21811963613197
27.134029938061175
31.928045692076452
38.38370067648599
9.520401217052871
50.01859748736025
33.70784692214862
30.191717221624202
25.503129059338804
50.40313398789085
45.14353133436653
45.93941864190343
49.90973600282958
44.49740943075366
53.83722410651016
38.16664248620481
47.97219863012285
63.72590938140321
60.90141063435802
60.22577354934968
63.55309156136328
49.483075221771216
60.67471461362144
18.736490568725195
33.41606610186206
36.08445124169809
30.614864459246988
62.63578451607572
51.50332115501738
22.363735954642593
9.111467779795
19.413838225423362
63.49424530430249
37.77803982346978
39.35767186078143
13.041475613238532
14.488638815357731
46.239128593434074
62.53292315604521
62.63963878758204
60.554235975034935
46.39815638048691
60.1856178055748
56.97603655446878
12.959998626919095
49.2109457870053
15.814536493259126
30.3119583978472
34.163442767729954
61.718791673156105
30.88225660172074
62.812391938188284
49.07543376447057
13.467187354910784
28.203741379816798
25.20044728568199
32.88053009175104
59.030537811451595
56.278839680558654
16.322929933660696
61.06088793124458
27.100024763324626
11.38790724945683
51.52938588445976
54.36686028599648
36.227209963883965
56.61844349217416
50.87598845422875
9.265695205601034
32.99595853345148
11.727229301352814
54.32107494515131
23.815796994707433
17.162993896299866
29.21791001889256
52.512805052634825
50.583577776537105
19.07228611331341
22.552854595157804
33.711623297986876
58.192859065290094
55.12215802796153
29.6567888106636
43.700178758627025
57.00921141650271
38.86653739677433
53.37319033773396
42.15419284048882
32.443578170316414
2.431167905462196
39.11465041334385
44.27438645894991
10.974101982254865
60.638027353012966
17.470252498673283
51.34131225210878
38.74860312868742
53.18900231522092
51.26572637472056
42.14012649737274
46.20841946557519
63.67628050481982
35.92646561970551
47.626635208041876
18.795048043341104
34.272967015390165
58.784074576070395
58.21513833678208
39.98419872629222
20.85947817069563
57.26011664630876
49.88862346810831
52.430376657747985
38.068538372085115
10.56123891463126
43.4630577359984
23.65971761103635
63.071544314437304
39.05018096360122
44.214432844220866
61.451814578607404
44.85721719224179
45.65887314851825
28.147576567982206
48.16989928684622
53.38901463544553
45.32945904186185
22.948184935731163
57.16522160828834
63.748084988536576
41.34077555239941
51.91761296728617
37.339876836326425
33.02016366494833
45.144914061951376
63.13435344241349
37.32080695499854
33.332248696586625
35.69899551546551
54.175531781761016
24.339719810144388
56.901162257811606
60.68248033624216
36.50392912746826
22.999837134967727
27.664601167528723
28.124289099083448
58.63347327791401
28.40569810857677
50.27155902436992
20.828543741476032
56.91298076236647
45.235240280699514
43.99947851793709
36.77966707828952
46.93286905245364
51.40362754317887
55.35797084720243
47.04591013031764
55.97527053919357
49.700045142094794
45.72112426511676
48.14911675131856
62.38136730560365
2.3110817044790224
47.427378731801895
55.548825105257706
41.59667805519706
33.45698644605541
57.1388251001397
20.730735364850226
52.51137377926103
63.310411904931335
38.94632007900536
7.694528853968151
51.701380780376084
38.865218825534654
60.64577214312677
49.359982285319184
55.569246803539805
52.116516430586934
48.319683388580785
45.89729042188243
49.1920117597107
61.32471957147714
46.04652814471271
48.822376264208685
39.25151218632803
59.292334111956
45.08134077478275
35.71464057612512
33.48891777409457
59.84357510379374
33.25939016632742
44.64726277941658
54.96297096840598
33.64019794812964
13.595791003238979
40.767738535594916
33.63457483413514
56.291047089190876
27.29891043299056
33.5618303864193
1.1692992221158605
59.70023529119094
41.45272173711278
39.45916981556089
48.997492842945434
6.465909460478819
55.22599118799599
52.152587578980125
9.971410137788403
14.019149245612702
39.70847574788081
55.56771549354163
7.53553911506031
40.48545978214177
35.90408130201379
32.28613698674729
55.18698502212567
56.75218113049591
33.51331711113227
10.299925015611421
7.799168701761552
40.374447080835125
39.278795137542275
6.395164003586885
9.455092431243692
61.64730111227906
10.73833675680089
49.626210525858596
23.14925902672072
26.50792915945162
52.514009036435965
62.87007558664185
37.59842986382414
55.97338136112142
58.39878808872548
33.70858154223713
55.53313586027428
50.843875260391115
42.886713773333014
31.668999816815976
63.02260861828535
3.663307887208333
51.533940689112995
53.240360023988345
55.3431124059978
60.03774689282
18.895748274545134
39.879081200010596
12.610227052556027
31.892081215955436
7.561208193742964
58.70718527609949
6.913860962086581
56.58118689374493
56.417870971464815
57.381676630203216
60.323687153909304
34.755370584117685
30.363862593312525
50.182998376964264
39.45760780975041
52.12203114830034
18.991905648601346
62.96187967256174
20.929430864906585
14.24415514722888
57.514295703962745
26.939542082445428
45.42240636866539
61.80460555669599
42.231821723192645
40.93259301316315
54.78746371919582
48.708284028823286
30.59300636952755
39.82262072574885
27.54414977274952
57.0780827961622
59.18196511096389
17.705808090775243
62.47248554716219
58.14522368128385
45.87626814879664
5.0790959149547845
20.23520329064452
39.57090366560472
38.75958967779131
12.560809321636903
53.77881462589755
49.71915695763374
50.405019348418165
55.39005296299
51.99485936955628
41.47219525906429
63.14006654259791
55.290082852903495
15.999207440675612
8.523940781085699
29.015474625675076
34.92188725802299
1.258599808967091
25.678919805193132
9.811763649688622
56.76277039223881
35.45279930897049
54.17602117901033
12.94995777869839
35.71972899450688
23.70054420144961
40.75746755037545
61.30123715268573
39.28867697598235
25.811568465267953
53.965705330776004
38.29664865372453
45.704984161487104
43.56074185548043
58.411407257044544
29.53953737075242
31.893861833125598
26.7520772756325
39.671943251775375
57.09737954194714
52.23970280748058
40.12188450035737
49.97427342108039
16.47663686104916
57.88430903654858
33.513199172603315
31.261491540835898
62.709727755814946
34.420584868153306
31.793157597642477
45.25834587958344
23.410304297820794
53.37523673029105
55.497410660202874
17.722314446953767
47.58112395007478
22.402336195722327
16.190777661148886
57.22709811615019
34.412626646750816
11.713665106344912
41.135306202533
49.72035296704878
56.80202300603919
41.93749919489805
29.14789941397067
47.13649749273422
37.58687584112754
62.88903390876095
40.79537283619998
58.507867012889946
62.283117448792574
7.654056956905372
48.17917188100508
17.08798121232377
0.9833047419577241
53.59662624635191
27.607658312839675
62.47754922712841
47.77570458580694
55.42202184194431
25.238309776330404
21.553519494581842
56.9400669218882
58.164108077033795
12.568480321865572
51.25789296747574
62.635577904009025
23.873929046312874
6.970963980888442
61.543838954077685
21.678127709721473
52.4373736843754
63.82456486592971
51.25910411364654
44.51910020343375
52.560430087577785
45.38879472664317
61.75803533555393
42.5585637470628
52.56845622332425
0.6546210239969383
13.416379010530633
59.204467131007725
42.429588274427445
46.072595060182735
29.752354103620092
62.12000786762576
20.212785112059365
61.37348003968359
53.929037669586606
3.716911030323864
37.744843494006226
32.357985978943034
38.838574014178334
17.10999970713911
14.700205713719598
43.617445009812045
61.67285534199561
30.558357589548308
60.31236952628035
41.69226196525224
56.755782977353356
59.099708048614275
63.38482143972012
44.358012093187924
21.344373703376995
28.743126799140818
25.887769878804257
61.12089434279688
49.10815816443025
56.13751183279287
50.66989386236007
58.99846862373536
61.64752609590604
62.28620887016255
30.391533855347426
50.74362737172141
37.070006900026755
47.05903299155915
29.87580436403328
1.6440078009049444
61.506037160605686
56.00762907359167
32.23661358495998
46.634962612407925
48.907175621036544
23.824354006261174
34.856660597690706
45.47091808739363
55.031598661864535
24.7260836678188
62.908517939723595
59.075270384740186
57.349605352139825
24.13028109171737
46.423306039406725
60.74373258324893
26.962961767183067
36.94922964915042
50.38152432167993
18.607287092563404
25.326059683372257
25.753018106706925
59.08449266456841
53.172247510719096
45.665816007432326
13.103211762024046
27.37472055119703
10.650314586168818
43.51399239778851
51.544551946385745
61.01521811174061
54.31810993610479
47.04995164555103
35.61854440214253
17.536966881819417
37.41786317155824
38.654277190837476
29.086927278302717
5.687070750634049
38.998735182228
40.775887521454486
15.164456622841406
35.60377823517913
50.41680645613921
14.382772542766084
57.6210566391877
36.738098001455334
35.21779084734534
21.32947554931544
46.72241256855099
50.31277889051433
46.37667714845662
48.26957441589876
34.484687491186534
27.05451364225773
40.908170848296706
44.189153546466144
16.226461374836177
31.364040542126347
53.30197837341009
46.12083468033617
53.636713231845135
27.438138437353572
57.45913403601303
24.662959831361448
37.746742691796115
43.82069893666247
60.98638951100448
18.853024307762276
54.6145095773408
55.47183577855297
27.519603576081742
51.126618614148484
25.134505353584252
13.125745694367708
56.966907441814435
19.848416052447384
61.74755696496384
58.32163199827873
46.534043894977394
45.17576513410087
49.6133110111036
57.457438056558566
60.84899090691656
12.176972528177437
62.8616408303435
23.391704614279398
43.23973494306541
33.660100052309225
34.34421043933844
63.30174884027294
60.52256271543903
29.452904649380145
38.58867304068593
41.478145697952655
42.33922448443383
59.11134407059377
58.750854026104555
62.54990637420581
46.22047885426931
26.26659185491537
11.221711763734241
13.69438024062287
42.19248991599541
21.327573410772395
41.36608779408131
36.662087272591386
41.570892746441075
52.504528364649005
52.07913440465553
39.86821312939213
52.08604795037214
41.3240628045271
56.869416120761954
40.39771988780214
50.849601089379384
37.89148912303826
45.83888537510611
15.677977117660276
40.41842564911924
45.017969047663044
42.84535194593077
48.72576976523966
49.00571125473526
44.25567909015625
54.681030741143246
56.89632940902884
45.422255518308056
60.73939387531146
22.241017078285566
48.93163796518074
23.00305557889542
7.350002193830733
52.384681262828884
36.516760781340395
20.72988770821327
40.15916388790407
59.9951112582482
25.761455666520902
37.90593824768081
58.250791146410585
56.4944377997552
52.63488279948661
36.44658787521186
48.57942607907155
38.76515458183782
54.1082898513721
20.16338270271722
0.15454151829938922
56.95156650548769
41.278148650105926
47.507859574511855
55.76897290394745
44.19984758168944
49.05886686628007
57.14282244294812
46.040528529355726
21.542994251730534
12.412496198455571
53.584240370543455
56.07327972677888
57.440231886428826
43.319327860219886
3.9687083990351866
39.96733604133589
17.996886141314036
52.03152405373424
54.69594792951203
50.35642101828843
39.367449569688276
60.34514497315007
46.28214830443838
29.787985593571463
60.903806050774854
16.58617278352189
60.95829434304607
44.942816996262266
60.58709912838124
61.432497375344475
54.92810606901869
62.521146919968984
52.694200669902514
17.97319363295616
51.09891491289441
34.881224514007
40.89270316383141
26.605810065042057
34.36977274208142
20.934213898679054
4.041186266837819
53.86026091870465
41.318007445149306
54.63370230666537
36.201965722184724
34.28953894121078
55.16533881494039
57.25604155208086
38.53286200472573
62.681509310911515
49.84684707420713
61.787950786661256
11.521095796634157
60.19744131152128
60.53707061869956
57.758587951178754
39.111187085004474
11.349320599276489
53.140972979603035
27.001737395135223
61.82583584602816
37.00926964751072
56.254207733009515
62.515268712005245
21.894215304506957
39.918011453044286
59.98662666460322
25.294680422826367
37.56810278995423
51.28781829474781
44.245654524204355
9.785807093472492
41.770518584907165
32.60711547307517
34.702680186555156
50.85032200119423
50.75488966126538
54.253714843183026
15.246119930827987
11.964496793936497
48.171774642553885
58.52071689902293
34.47294407782472
24.713006996070753
6.05022258441366
38.48025139236532
25.079651919460908
33.84335719676892
63.886213770353486
45.38987005981751
37.045209902186016
63.3448255017978
54.55548495831971
40.99448247258486
9.509461214554733
60.49652274061436
5.683188886436895
12.361513821945465
49.49832892597267
59.78144914805012
63.59844471911826
26.712444901827197
22.628747876338267
41.85838348956254
49.69377541182622
5.210499634169523
39.14025597469373
16.419559373877803
31.787165943570308
50.162197962466834
49.985835095092916
48.28809921572348
14.328879027209226
44.57065775456523
25.572380362075577
63.54131641891321
54.22001082366841
30.99696352002288
60.95113354818761
21.34238064834483
40.39611854722764
22.97922982278226
54.2100942491841
25.788115680770304
34.764426783187176
43.26311083444939
26.373909251408413
39.551711544037396
44.29279606459435
62.174036227382935
55.06626258589546
1.903285803433235
3.2997076677801402
42.424125595179376
56.35146828661031
43.30500493962056
51.87625249844501
58.02318526440396
0.6475094004759612
9.92589259937342
30.276562021670394
13.08673768635986
47.35314561217973
62.68219509120136
54.12108874370537
48.43090703416885
40.33634733429918
6.47331739709599
39.54545307522912
29.788398068238543
38.86823565681833
1.3357446453431265
43.449580010234754
43.55426795712302
48.94495023007954
62.85372052878047
56.7984109327057
46.900943696503276
26.570704004263867
30.613791966496947
32.00207656567072
44.335790860779
43.64074064994743
60.942036789165094
50.74667583236511
61.079636108541
26.4124771713319
63.75232337923239
45.69883793137812
55.877099654353195
30.377925152717502
46.086408320733085
54.28375674695422
44.24246300150645
45.944870023806885
48.1384330774729
45.713695576053695
9.91812519208463
19.53182291967486
34.96445116901413
32.00836299786602
51.74066698887684
56.232287053912565
12.768340970066966
62.112626036654916
33.5097941072688
50.61645934741915
41.94533335959106
43.87249469774747
34.63335937178064
54.61042607635611
62.30683936199076
23.93585223976526
47.61118546711283
18.195474332579614
57.30181352004418
33.006842922567195
17.552176050479275
19.207027928779397
33.40302636711192
7.621340414058793
60.52191118229277
39.311255723897524
47.29903222195124
38.384003657546444
39.42023358297801
33.03099060500659
37.84100578498527
61.92880090764073
23.092894609813435
33.982204778331564
49.37150152033662
45.98441398851217
6.471964307194291
31.073043356348435
20.206643907730978
25.133290288207697
16.36531504057139
38.648614546891764
42.16780215450885
56.84060628590465
31.12052816521887
10.040954536475368
53.39158144996039
29.544691142329008
17.699152439183187
38.022413281343546
56.825112584491116
38.90398838224863
32.93263836738305
63.7338339661053
18.855510572877435
40.9549793038516
49.87204242603261
22.528012519933732
28.08159268808116
22.832201641011814
34.72534384378642
39.34154427234252
34.99300641175546
17.213504138662813
47.72553834512742
41.744805867608704
59.42122887159467
43.44057725186879
40.22298390845398
23.796304936525956
34.428564984522765
55.012774834444386
35.77869478647601
43.34411334907203
27.90881490156122
63.435426209688636
19.753484946547324
14.19519360843963
45.14010170614888
51.71507297551152
26.74636078613635
53.54417458324275
58.78177252753629
33.7413514143972
20.262442398772407
29.243768920924282
48.49644040872219
53.63300818812584
50.52937490196312
53.07633817910505
59.529970523634596
45.77974445272207
47.87009722217569
52.57884096976032
61.5555351087478
27.20406102033931
60.53370171160839
57.573126829176495
7.179724975240305
59.17534228608343
62.32037384472881
23.65156681255226
23.68069403017121
49.57053539708619
9.533550203739097
43.3447274231581
4.200004589467682
39.883503801381586
37.000518722394574
50.5050611034663
9.577932448514147
52.779206976228394
24.940641755191926
26.334642906819028
58.28703172162202
2.619885675734075
24.500262435046572
30.20942402402339
30.306469249570718
37.09508944582177
53.41129518081663
63.58161323284471
4.1650354210865
14.450240995640186
18.803064317052744
27.267450386486402
18.37857579784061
10.99953297980106
10.016855637690057
20.132299724193224
61.333678473003815
48.7902789348926
47.44520290205571
40.974131499019705
36.88642924806821
58.17314317089852
25.720607685409625
27.465379266601822
58.799612286202546
49.357250828731
7.559877354165749
47.962016729495076
44.91598893405002
46.64064452884065
53.43506662207756
55.4305852750632
49.69486663860572
47.89104674019755
16.01638810430606
36.85018972097371
12.271437809420284
42.67971623485936
45.38634766321631
20.47156050112168
20.04795890024033
62.63568390125415
49.42921413713187
5.643684810105903
45.37231765216528
11.509143928527081
25.68176464247137
54.76333741785485
21.539989692803317
56.75042393712398
36.1604898346035
39.5638819549781
54.4301465077115
23.147272665222054
60.98901670657801
47.72607373219222
44.8817268704215
50.461282479727394
32.88764844168991
52.02782898304478
60.94374080589141
62.68064973938646
57.588359642527884
34.926547509466694
59.27907987454253
32.56160676874803
30.2021275595444
0.48525017775831003
58.75792576205406
47.83943314599519
30.6354164605972
56.430136250912454
12.41806310859311
26.006852223357562
42.29014209394562
47.21575369704542
52.091098888494066
25.579996469238175
47.912687080033415
49.86549268438757
40.62918296840098
33.52727288204892
10.880379233445666
18.726899717805104
22.889171541632372
49.478437905764956
61.997441171628275
40.726074312194115
19.57765812204123
53.675724508506605
0.46201211334945924
45.917857782347156
13.035644854286375
53.901366928902654
41.66817416670527
62.06215431104011
31.270358408546322
60.87243218877744
18.73231719776097
15.302395347855175
47.808493222608014
47.805431787560394
20.49939604559301
38.16857648789703
50.90729048994916
2.2391865252063354
62.05659103791884
24.136470840555162
56.88271384741773
4.18714825374331
39.16234080036516
6.569271230214767
52.20803734974914
40.0091558152676
47.07882456313793
63.46727735239962
63.96960928775447
48.279360859928694
38.05395207569942
61.8090989893622
41.446277292307556
58.59316412281603
32.06987546573178
53.27664162891396
35.02926247968289
54.58300894956683
41.26877993755039
56.284250532100145
30.50403998653818
45.30060372514956
36.329874101066274
58.098575871809935
16.646631328496746
5.539836772322943
32.90005156267691
18.498821493441355
52.1047425978329
3.6845575842973233
53.333652089317674
58.91286722369956
2.987998023648025
48.361507742249714
56.76987289200762
17.17471527900613
50.23419439507196
20.35613959120684
60.59416439332077
35.980157245312476
43.877356797866256
30.419212433804546
52.182510793871835
52.43029358873198
19.853482285929267
23.81451723650401
62.74678589643632
47.22907484299709
18.786617698615053
25.821457095610953
58.84890125955809
32.77446429862749
48.981357573728474
29.198126727401394
55.80103934249945
31.584210115215285
42.1513159044313
53.43036778028406
40.79727240669247
62.53964762286727
42.39485118955743
56.51265986339089
51.86012964740099
24.43382504419334
59.924106219414845
28.431472737016037
35.69427594969754
46.720192802922924
58.065736956124496
26.152303784685166
31.45385471555207
36.592444299514746
31.584343696934177
39.724575092338796
22.881836143512295
23.64602411273745
35.903379967208636
50.71252834536393
55.64344581326398
43.32547326774164
51.74171587113189
62.49822212061201
58.67373411746984
5.424584298152219
55.39748899686057
14.80667191985156
18.79156684377668
60.990687383342376
61.56065291328376
26.549815771684756
48.80361306582935
17.00970193082364
40.63249248664077
58.37280417342743
10.211742206298169
38.42724261745569
44.41677682118639
30.51317888595534
29.387109761083458
29.180067926729123
47.52176427072788
33.333659473333014
8.094049730349035
10.213560437459108
52.55624097862201
12.89386914291994
35.95453738515838
22.528705050818374
36.79927440081592
54.73723638871174
14.843613446013919
51.20266829469923
24.187052700629494
54.75092577418491
59.23653082377158
26.167294480471313
22.25873767175741
36.219632306738234
25.352542483556405
33.232968161668495
53.83096200491607
4.67546613524641
31.76776336392043
19.71932180740164
54.748035751646114
54.291921289842634
16.273483074817612
51.959730544212434
17.171978935946356
32.07282813558738
42.34090878204793
42.562093995767995
22.111757008177577
43.184839476158814
32.7954124999701
47.42157853828972
60.700554751753934
46.13424147527863
53.31694533012471
36.09777688007096
31.087775894963194
51.98972117706452
42.13004075266301
51.584477976366685
3.2417423047772544
29.251106721380808
11.69780494982642
31.042246037360606
22.5741934893898
38.80519391905417
59.17488852878565
37.23657836040135
39.11493755248536
8.925735192956772
17.231925406401082
49.037488593940346
49.01002905092335
54.879511797622904
42.64739654516596
38.488346753161736
10.363795868581086
24.46155409855683
59.2532542204917
55.53353071683878
49.21607490093447
44.801467037429504
56.75098530701288
18.825886938998003
19.448865763730232
49.20756724296888
44.56150983099925
20.590969097341883
21.350710431368398
18.721072701398697
49.630131516227635
54.47639052397231
7.3053702708514905
12.661079828481611
11.996294569852559
37.26667877339961
39.10490415633588
46.63411578312632
37.956353436345836
45.91847377014408
48.19276575222038
50.11942514661989
15.178651676680566
38.91211164692099
22.569008460808313
54.46721911016505
24.635043246794524
27.768505944788814
60.74482592324267
49.13621311768125
37.62690087078927
62.11800775227984
4.957876134010874
20.94395609294439
30.082724786982098
60.33575033801167
44.69056511287373
59.238807331229744
41.992673903163364
37.12879366576722
60.169159547903575
56.07254087422437
63.84673209895902
14.833167024984135
19.939906280128113
62.45076585386193
49.38149867522918
26.0143878878051
29.381612394013672
39.73920972185501
50.3305067427616
54.779490048419575
45.23749239044156
55.38102034854916
39.53081088918694
50.42710935621428
14.367597287482866
62.35355854956521
10.999016814763138
58.004320255917634
34.117811052920096
26.825785476985843
55.526490659578045
38.76127538584187
26.846668396162812
23.872661073157822
45.56137725648085
7.81925775305082
34.47766276921531
0.6796839184450079
22.10994034095679
38.24417101379713
29.283594318135727
43.896159326377834
49.948469090757115
61.41190938237693
24.569137894902845
24.709550213393157
49.33485358911319
50.7604320018855
9.547811122239416
25.451788599129515
19.668071951795092
44.75059487883915
22.547821938301873
53.01498638558613
41.803008341199195
25.86915185692598
49.951348793554686
42.303053472777876
48.69351730420734
39.38897232777525
34.72979926770159
5.987899742584808
26.450419559688974
60.79819413866136
32.54556209993666
31.377821633581313
37.49781889942647
61.86125359449186
63.719353214780355
25.56088967577152
50.13227324812604
53.89442011745357
38.83743047699307
9.775122900805009
63.68022165143626
46.68752528942784
46.36150831487646
8.035543431762328
4.156821803623693
25.723346118116346
40.974925397853994
51.826127284116495
51.258729110718065
24.73021190368246
45.2566124517865
51.82571230148812
56.04794093822418
28.97367461242861
46.43542831332956
45.620227792247775
48.494391389405344
33.20159846350627
60.7204812489458
7.116999682295017
2.542370625876636
63.938334676361706
27.988250952196104
26.556333535851792
56.072027271451134
63.80164651541872
48.913133370658514
44.66252356393404
42.55493770395586
39.804544525229325
8.221691700615864
37.228304250212915
63.28252141043617
23.07224631867085
59.85682090798042
40.83371235655045
57.229472576631586
14.520401753724322
24.82454244170627
39.099556832692556
16.3507888715582
1.5434510453942494
48.14939473433179
58.83499925220989
30.542853630545054
18.00403770856589
46.65385359355261
13.675143441609421
45.522641366402176
31.158553176952815
49.58279820997417
45.9112283232388
33.93547318493702
28.83399174698075
23.749563013323076
46.11714050242303
34.32898756617364
50.576652416422604
15.815320352036252
19.233338327335744
30.22533135806991
55.12777822140475
49.56820837147712
41.75174287347514
13.653097718980334
60.211740294956215
20.033964044022497
49.61616932253379
12.898750417977382
44.40714201044601
31.48947080790242
37.98199592331028
44.15891350684635
60.8963939511087
19.650886313354327
26.944518293630807
38.48876119271729
47.15848925818656
24.870444329952882
55.31361317927432
62.089783148818434
49.49189538079473
46.1302022939031
17.396687376425874
47.123047860298996
40.035293161722684
38.3444975903753
41.37974673805081
30.77111290734829
51.73186067010491
48.20963521155816
48.68699182818341
36.86233004564503
59.91772325461753
20.02109650382407
46.378965900866376
44.350125595091846
35.13528340886382
34.25455116069487
60.292559806508535
29.369079822882092
26.558791320584355
50.52701191495671
36.34160699731808
49.002169764299474
13.890844568797291
29.68516476786961
63.30083962151632
58.831210103635556
54.87494031326631
57.41141831348061
33.214395686630425
36.66291186029717
53.343756379158826
9.917798768747893
28.269794234657205
17.87249751177042
58.999238305669074
35.87297454514969
49.35111852110893
63.024324019642506
30.85678072543014
56.19998213475493
49.90513595278267
29.241411928886954
28.53335889462045
44.388978622939334
52.32893938294269
16.6209129891
28.008140900105275
58.52050772256544
60.74191081040601
46.989674130079884
45.92533146038622
3.09678327516842
15.139150230410017
26.412314848817708
54.10069173286772
6.01889210336013
20.889789911378685
44.77020958095923
34.32230052927204
63.64055524849866
10.344743614212106
36.89816873916098
56.058134100877865
23.387036259860437
46.60142788585195
48.56069204961532
35.29447464388768
29.809689124585574
29.432882831843756
42.47901240645996
58.467448877045946
54.473728804995716
44.32839278056974
26.03998921226887
30.237045579183338
54.52263952757217
60.392488210298126
55.41546281159369
47.40620014742498
61.184886353004224
63.51858639368796
53.047597418045754
57.72065656121913
21.29351403621917
60.11013793794754
11.043617564541307
60.39203898188201
60.44911553862982
57.39605567927545
43.427881448953016
45.010780074654264
26.682602935401043
31.12980788064047
49.38269685497437
41.22744253850858
6.1115586216894755
57.34819106045266
48.01373063498944
60.478436569899415
13.778185906280171
52.98125229986389
16.749646664560657
51.44883960509323
41.58230059678716
60.64004283068001
54.01711399194038
37.45526206988523
44.57703837875147
58.77885666276115
53.576765684077564
59.71471652305317
53.8978642880532
37.190069739704725
45.17135394014632
26.048064227279347
54.333422131770895
55.8572658090532
22.374340769428294
53.514487717426036
55.983332842657944
16.125812638761126
62.411138057060754
43.94882763188782
18.651011050576493
8.814448538601297
52.16330898534713
9.4052964814978
61.11890728162092
42.659802670204826
6.823059788119608
62.35364151938107
47.46672640904544
62.884923240756535
25.05736622210204
52.32342910521797
43.21460566204665
41.227651121338525
39.93890661566503
55.0951165187135
26.657159461342644
15.6303062204451
3.998417993009035
54.868669265587116
57.82513798350622
47.638892253465286
48.63770941405134
35.40422802830258
47.9594646957522
18.914638215490633
12.36808823631143
39.98549030544109
20.91323488231528
51.03079087372012
45.403534387615466
20.674345310446434
33.75382932119274
49.870223669317056
47.27895240402384
29.165510431679586
26.276870695694164
39.15357307458092
19.453457471551367
47.6472326335744
61.00668857995064
60.6039675857495
48.89134970567132
1.378372205463812
51.12546077649626
61.14768020555578
25.685686095457235
63.43094112148568
24.683269199181062
39.91298460078359
27.081589763228727
0.37614075459310214
55.41163693899851
8.46600279385703
27.54743291000208
42.27997690124194
48.1557021277158
58.12711186304071
29.910374616513963
30.01413872862546
57.295518988569576
6.726647679226012
57.16713965060775
34.16610215311405
16.791278975119425
28.5281052915605
44.88130835944199
14.523996928729282
57.015341788010815
36.35975623538579
46.791505740814365
55.466387288513985
21.669146416148045
6.2046798203124
62.841891706877426
50.202391048192766
20.945095791154024
35.986463044875144
29.12389590792644
1.8088698066953057
47.02423857260784
60.83217599486595
55.668478686026724
18.360523818914494
39.18589910971162
37.255216335382286
45.511843668013725
49.43322429562421
2.0009991074439384
62.74002852600292
42.42046649693851
29.127071822980483
39.51048934824408
15.416067159246545
47.94435427584516
28.146167090855123
45.52336159861082
5.171404114071343
45.22337193828676
42.60939491731321
43.593805287676574
26.290209835804575
53.580797652237266
55.45632127698197
11.129363460157684
35.54423075097429
27.869730414619085
63.138925524404826
13.257055385134926
54.25323012515271
62.09406632823419
58.57467221385685
59.048210552814865
59.71632101372559
38.13310671513018
45.028718457542354
54.61898380359874
51.83152948621926
47.55062639726866
63.948945093810515
40.09463460187466
63.072385205097
13.98555781990921
43.739840931937735
11.009921062370843
62.070167171828516
63.325874269304045
35.998238398012774
57.95145496493304
45.30629099470773
63.117806745490746
39.812502251435674
43.6224221287553
11.52217439145631
24.666916708075682
42.50061089594796
60.193302054629555
57.53935306181718
60.236927060037
27.76372074761251
44.26486868461697
58.925545869049316
42.44845193702406
63.275443482831754
43.47600421479613
35.60599596784215
11.661146202804666
54.01571730459484
44.27939293491865
62.82649987026704
49.7244099441284
35.37071587499325
50.125191455504776
32.51128566289465
56.03783433735176
31.138101179479087
43.49536758373743
52.99131465965614
27.92258539007544
38.44791443542549
47.967201504111145
33.85436012601982
27.635265205921087
56.200110258533115
48.63592338123782
9.623610654116014
57.69472648615739
50.81924092695425
62.96377357557178
47.38416999249711
25.535564971727148
50.261241147354475
16.955298441663274
40.423576306498305
37.97182751453758
53.296532980819876
23.43904972684937
42.902236978207625
25.082412651777418
41.53465228769794
47.20487250608274
53.20620173671068
37.16442670295992
51.56258557772634
33.17915881747999
61.21205672012376
62.09049963621347
60.44496421096473
62.74992987170514
54.29608350623886
48.257336305047204
33.378666588515564
56.442249593952184
31.036710622791624
63.567438359753474
60.361078622931736
59.82432499238473
13.491613283603492
41.30941337148755
52.11244997704216
24.150138028883703
24.296453821435904
54.17237893919849
26.137675955242933
22.37761430967683
26.582021185773293
28.201181857330276
54.00988119521656
25.8574115767059
35.32101966751779
26.955800427831925
6.688924931996567
24.112031011289865
51.304907043637094
59.7597852400872
45.28886986108182
57.871787259650695
37.15547729958176
40.08036727934826
34.72883334477583
61.975017468828334
47.52539593647983
20.237931892731602
44.931819037610595
55.764778388968374
47.37218815226704
61.697206931966114
22.811718754617957
48.87328493285015
25.798948058468042
54.64340134129023
35.49999421684481
41.61263057362508
61.20334854390769
23.20408627920513
28.231082697618987
49.60070481276568
61.294699889514575
44.48547064872881
53.32899428473185
17.22490745356192
50.481982720273095
37.494887771117995
31.00920670694694
30.118241590244743
12.848574656931632
52.525687590834174
29.17536786587975
25.585533583502873
54.04355221681897
61.20362409026673
33.7772118135707
29.457692439409122
24.069913764659944
28.93901071222892
43.138293720522064
56.98502484189292
44.85761557887287
3.930994173449669
59.96443834174628
62.57153095581879
26.85282361173828
32.09352441616875
35.20108193817117
58.4474292476483
37.75318091156231
63.506508203031
60.69445310010364
12.486931829876752
48.452514956944064
31.596195638784174
51.09556321117133
12.602501233415431
10.135050194151944
34.0061381302325
52.85221025625923
53.38532610654886
35.71587797305469
31.808452993296
31.955068186401036
60.85695596880961
56.106492852743926
28.216554651309806
51.823439076729905
29.755397160501758
24.62639104333534
63.978609334113486
16.669849303865966
36.85134037773712
32.85005125759426
20.61017874370124
21.968846838264113
61.584041700025885
19.713372821646175
33.651971203729474
52.37022632197667
30.647883184142422
0.7236179971527079
42.18326605754217
49.34415855875817
38.979994639457786
44.271591763024205
0.6073143191800696
31.83865456884117
29.68035738476086
50.61405113523283
52.12524061396882
11.1351081276798
26.319497208712846
21.107071071634323
52.05325410491315
56.707209219277665
32.22128535113712
49.36065471809607
37.672563209066304
23.85143955297648
2.8158949690664556
57.80378271875381
63.61124222988739
59.51673796341494
22.95674385191154
41.538999713012046
62.973074711772924
43.49410526672503
61.886413235476375
51.75170782047995
57.86931827557318
7.098028157838584
52.83528553035764
58.76355406061039
55.46902999879333
60.32310038111235
1.2557759450094395
40.22942015471436
40.04885879569885
23.788977425609133
41.23137026478637
46.620801308902486
48.48994035586009
49.06938360644394
58.196550093968824
35.62626359988705
14.438162040145293
37.644141867248635
55.20386907550383
52.643376269790224
30.594212127114723
51.114365687189675
38.82777263831677
43.42556743308822
57.1806036375723
63.85944759604913
52.654190637227245
59.529237428498156
10.658838587298725
17.251562026217783
30.595497537651276
35.86949475873274
51.25778967582973
61.7956878345299
19.566848171655266
63.65089071796611
32.758410387491395
52.132266004483554
13.56022644038304
26.223781469673334
43.60758188210222
6.885519787248356
26.74925854099108
18.608272536933093
19.412290583639013
39.79773148708264
56.18135934726909
45.32967733218715
19.90586501966412
20.259564803714355
9.18552984609719
37.517118254975884
56.398052715683264
27.35937173525017
42.31866632618098
38.293581461623404
52.79253819087404
56.18950030395535
36.90739376136345
55.811738321952774
43.490983641168114
26.96023947145011
41.27431619221653
47.20965760606857
19.43327451894858
