108.54183656431124
107.20561444985692
107.58251771086375
108.26242416607009
107.06648496259447
106.3868283375618
108.0307282922561
109.247792815776
108.03714503310533
108.10816321610879
107.99346096472246
109.70762952568155
108.54296776803271
108.47046757832759
108.01624712049743
109.53929628671347
107.29377983626503
108.80867086159971
106.43714529547469
107.12624419305935
107.65580147528206
107.32751388946677
107.3508019782065
107.03631239241726
107.8474190278754
108.39259682885887
108.87723667386393
107.77417989554814
109.4905269416436
109.54490385699226
109.05837147755057
107.92737334436336
108.20940802131369
109.45746421438254
109.09454566175215
107.63390524723783
108.77668678440834
106.26726863078942
108.01080052497133
107.99042379394675
108.0458152716333
109.31300974194522
108.50414031292524
107.28628570614715
109.45066398446406
107.97304804086781
107.85324879418484
107.76889242834484
108.0137880701526
106.83386488788732
108.33606815960495
107.29239893154153
107.29009389106454
108.83293039514027
108.03460103654307
108.03838283696734
107.67467636196312
108.60629142660498
106.84522267292078
108.00083328501621
109.7579082050536
108.2601015425534
107.69757758418791
107.64495758626697
107.12554178079166
107.75643056156974
108.34156350859492
108.07376995007493
108.98460648567297
109.0538187274018
108.79949932052133
108.06309067606405
108.18940824649994
109.22003013258522
107.1411108919826
108.5020298801527
107.16689700685394
107.76572316133725
107.5305646642725
108.23923195134687
107.5876998695958
106.31919683791524
107.86388964746449
108.59111006421436
107.56707206200464
109.46314505110321
107.88191172521742
108.67573011733474
109.53257455918815
108.02445705785428
108.14609213762223
109.35847830679509
107.50472762008027
106.45611636054473
107.24765439082846
108.84434439218683
107.31457593944116
108.91080078045809
106.59906552774548
107.20022185521314
110.42654441547191
108.87201315031479
109.54501035822241
108.71701822371536
108.88048771619286
109.03690348599635
109.17528748596513
109.04651264659492
108.82137598245572
107.9415276231592
107.07509794251692
107.2047281767008
108.13415311726902
107.48078193638767
106.90893193694757
107.1762787923528
108.08593998613536
108.27086672096401
107.43072936112655
107.42476730103213
108.08656553070239
108.99922830651313
106.58436823239467
107.22442003370608
107.23629502041265
107.1070795432536
105.4805028196148
108.58388605078545
108.06732712769644
107.86112830604146
107.84588552765874
107.53682838339384
107.19281589214269
107.26706106814433
107.23770297317267
108.90052929079582
106.45538938294574
107.16382193530455
109.5455647513308
107.78263962988278
108.37351749249491
108.26068884744792
107.26004349394202
107.33572538487223
107.93299843242147
109.97213647911413
110.14570538346148
107.6085752044555
109.0204204110769
106.71156530357096
108.98136787457271
109.47225281648396
107.99399086627785
106.07997451895567
106.58897456295632
107.97365026025507
109.01197776550678
107.70538054431196
108.3911116267417
108.73434614178208
108.49428414932265
108.59724700924205
109.19719619811072
107.593728475696
108.84580304101792
108.81559540648017
107.48579213044127
107.93741971489642
108.38458533313651
108.32245704311515
106.32518124231513
109.03202748625316
109.87542672173562
108.51270428716553
108.1115178134322
109.32008356583016
107.68467899393443
108.83654919913947
107.86079339933444
108.43688413932416
110.25334747079695
108.4123787643513
110.68951071491699
109.04803402515056
108.75394942624457
108.15866969969066
108.46519137154164
108.17940050943984
109.02851876931965
109.09740217869991
106.85568582392719
107.90592918535769
107.11199528961984
108.92683406383529
106.77879048230903
108.48443241691461
109.4801245733148
108.036765045937
108.28926065860861
108.07967082218903
108.59571377616373
107.06010023978376
108.27129552243983
107.61797909582172
108.59564443633057
108.64459172401637
108.83111189910001
106.67844376063846
110.04721389675095
108.04373743036227
107.15691841607327
108.2759063819125
107.83278272366876
106.68905788697225
108.05507816026363
107.6820510540141
107.92512439731401
109.0412592230701
107.53998301480605
108.57475237191018
108.51317332387137
108.62687559122867
108.3611805049363
109.06101698486411
108.1016954243793
107.93212582973818
107.29709622147053
109.0374722705117
109.10289336866049
108.72507228461392
106.97855677106745
107.48903910770007
108.85561757241165
107.16199578125345
108.8950996167337
107.63366969508778
109.12425409196933
107.22976995313876
108.55757496258036
108.97375327156159
107.5349710209479
109.1727092107319
107.80822741410341
107.04075491233901
106.21874871359094
108.56706957892237
109.607188723405
107.21597093890283
108.23719081008419
107.20683155907682
107.82697146367592
109.25261739469025
108.25990390590768
108.1985549420074
109.04674620835308
108.82933936868363
107.35984943093189
109.38635420447619
107.46390839433302
108.64716583193679
107.50346932769628
106.8661572659315
110.30119808735634
107.69457936119997
107.49761045966099
108.19586379717548
108.75173410274797
107.98810920412669
104.85087336296164
108.23343125736022
109.91074459291809
107.44503121549509
108.31216645757851
107.07893846722236
108.93385884961754
108.28215336710225
107.56485042877937
107.8477580962053
108.96934624911634
108.00866059601773
107.0867393714241
107.64654512653132
106.74878731039671
107.08067383581798
106.74503784367334
107.0250561469217
107.08461293662418
108.2314005009212
106.7487599768957
107.71978402208185
109.06181776168083
108.54347196002733
107.19635415547359
108.01640794594738
109.36127612848144
107.43262311339694
108.08823001342373
107.81576453100058
107.9107951040783
107.79141179598695
108.05271077234052
109.8438944005404
108.71175766536204
109.43948590548219
108.01887976943925
109.09799141974939
108.81403874203109
107.52905622593556
109.78316063684845
107.47268012285804
107.68650110142104
108.38779344251199
108.82285550981376
108.14232902907763
107.85197255120562
108.75896156303918
108.794998733417
108.24604214365124
106.96437862140846
106.62978061357384
108.44556889032685
108.65476399038006
107.28895139973434
108.40981848437227
107.97311445670039
108.15785215440359
109.35927931202944
107.71567048924076
108.75642204697924
108.25794866790103
108.69162978934607
107.84327579279913
107.2158067567469
108.18048048927933
107.13068586151557
109.03396004901693
109.10595499430691
108.26388581939935
107.31216612091919
107.56375321410314
107.88136828312352
106.9627079521735
107.03377594092404
107.96323141278735
107.68662907528686
109.48301988879301
108.66535837473637
108.10187574436306
108.86932216301483
108.78057075698534
107.30442354656925
107.89931701886496
107.91854302865445
107.36596306059619
108.68181316697107
107.3973938147576
108.34770386083743
108.16971047302906
108.7652583763968
107.76324806733804
