108.44738133950939
105.80139067174696
107.5363524526577
107.79970353357893
107.78766235197052
108.12681246605896
107.71719186122907
109.42605655710453
108.5861518569383
108.35909756002832
106.93204877554213
108.8930208058994
107.21126807562852
109.97264440186113
108.50874417499536
108.44122715052288
107.9333960475743
107.49575446682718
108.48618239331688
107.568199947906
105.63045259238821
109.22369773325141
108.99163977685431
108.1328324605742
107.61359544638195
109.06148346699487
106.54721808963028
107.89652281587321
108.04859429093867
108.42262188900314
106.94916831432694
108.1610736676856
106.79142027925924
108.34390724835501
107.30998576502522
107.39981445853941
108.97876653317778
107.25735023965461
107.68936235013892
109.64139971923748
107.8387473346055
106.88233443701611
108.52195437634266
107.78561232018012
108.07393296432595
107.74933754802817
108.47589949025614
109.70243188295254
108.41316323437086
109.27381656294982
107.92739277746352
106.95082296374972
107.00223723748547
107.5248378945572
108.18787375778616
108.53069335527421
108.37288732129348
108.18605691572952
108.92048431115816
107.32980841313442
107.5582108768766
107.72409774017854
107.60575664346335
109.16288377980828
108.82273809704009
108.13575284487091
110.1139641870684
109.52559134937303
106.92029500011074
108.2948815468634
108.00757631477981
108.22232720178862
108.54534290251894
109.2927477249625
107.89162770123531
107.87197316844033
108.47921348097663
108.25703641585235
108.31467988652172
109.64523221921097
107.10221923716564
107.76227072032016
107.760709527787
108.57800928618963
106.71481139535364
108.71548097662381
110.3864755817879
109.15546995527275
108.99414677836917
107.38036368497298
107.7293905412728
107.71301711499285
106.70860463376576
109.03933844069611
108.12647242239487
107.67231574144733
108.04190121504492
108.73645353957339
108.18168114168748
109.60722459770693
108.45155205063541
107.93293763856731
106.53656206779651
106.68734665073819
108.96234299740198
107.88932741968087
109.2435563866048
109.17507595731537
108.67574697108282
108.3031072543168
108.38873637666127
107.85253750243231
108.36175148089896
107.91719468177796
106.32443401956972
108.41664106700804
106.28128740640808
109.26215764490955
108.33237654358811
107.50762719229299
109.02396276536825
107.40483885229676
108.95675858162913
106.7752613290271
107.54281365276695
105.1913765071552
108.94620406327496
106.64779806554277
107.53336533928243
107.46825813572116
107.40911332357372
106.91919358694658
107.50869252674687
108.29814919116065
107.90729274121685
106.72100699056472
108.56881072952206
106.8059101637761
109.58603212796272
107.71530290754318
108.14129092282805
107.49565543850643
108.92356540670393
108.64931988772402
107.76616611390081
108.31387296670565
108.24769248731656
108.6477859017296
107.85048280346545
108.86240068201472
109.7319718878012
108.72785446808452
106.9820865638555
108.0972744075787
108.07315397550084
109.71327895368445
108.09563376897674
107.94244329840096
109.0093379619212
108.81011779650464
108.33371000047191
107.84405833484544
109.42121454427266
108.29765883100885
107.86926282842809
107.68276857257474
109.00098643462833
107.93419793862704
108.57815197033241
108.79907525378972
108.45267575660665
107.1575788077657
106.75261647129525
108.61469938546196
107.51691129634365
108.72789193026465
108.27625440565957
108.2577034576718
107.57897043166581
108.02524280913836
108.10522812822676
108.05471500636332
109.34720585262961
107.34193317004457
108.67948881070005
106.74300602922382
107.63712954612444
108.65666297216995
108.368381364388
107.51272434718737
109.22293078601099
108.37032065152785
108.72427628568717
106.52392749493106
108.88062612946504
107.25902034552509
107.302537827033
107.0526740349368
109.5354763953118
107.45893857657026
106.98364532733889
108.74352211706433
106.95750703332908
107.41608041513078
109.86527735475582
109.15307769706533
108.20903113575127
108.83489330486202
108.32783722621836
108.22648357647823
107.3632071010389
108.91996327888457
107.74405870071656
107.67306805187143
108.86713412237758
109.78833484464033
108.00484300548318
106.28443324566481
108.54277337935972
107.7014368306624
107.5426393057677
108.67493638649341
108.21603838383258
106.92371666198866
107.47411118222297
108.25619567933049
108.37767640962102
109.3980016317693
108.31430463564526
108.29392637779566
108.27487363572278
108.39049625803571
109.68371541875487
107.57014446429578
107.40118560107359
108.23927290788583
107.8406423009277
106.8253221242367
108.60666378281117
107.97770811491044
107.59786950007556
107.53606449949008
108.35792947447948
107.97862415101305
107.1576051503922
108.18946098610361
109.1483459238155
108.86466872440245
108.4836903725351
107.23522923469672
107.4430696159846
109.41256396979932
109.29065591667192
108.14654826115377
109.45862471959688
108.62570272066695
108.96732552960299
108.20320766235999
108.16505745240322
108.01363475709223
107.32766563167161
108.39565317788748
108.95033087203761
109.34550225442506
107.11293059554878
107.54955293388024
107.9651289362992
108.24502861531421
107.87301374891348
107.24566060408071
107.91670848075923
107.71304992305184
108.28424222020358
108.45719644858652
107.01205717057444
110.48533792697432
108.01600442163723
107.14805099222853
108.37945263338895
108.28989682090528
107.29091784716196
108.05833931627127
109.54064616005837
107.64574065977139
109.13329096777652
107.45487921733759
107.54927988873197
108.38691445696404
107.75940650224884
107.12371143849359
108.34495093512923
107.97962594942842
108.96401467249552
110.65042603243118
108.33280671760224
107.90824834896644
109.38377271812456
108.39055405877852
106.91419567367973
109.58851519615737
107.34233898123748
107.11560409281964
108.57178303896401
108.18804481030067
105.98054292942845
107.46019430182636
108.12178316011403
109.27718092850708
108.23717325900546
106.4127551853401
107.25443146518916
108.3730675433145
109.54871290830286
108.091885451836
107.75838607397394
108.03941878126894
108.20722261228389
108.45236647966878
108.00888285723919
107.59859515158661
108.79256586460521
108.47415864622404
108.89400354628316
107.55900551487171
108.08037325754927
109.87330682865507
108.1015094395671
108.47718309801485
107.31066824993508
108.18000794169006
108.6013845739231
109.28217763403018
108.16118826630664
109.46000775058646
107.47830327529813
109.41075243349134
108.51349298590604
107.31033747088185
108.38639296158769
108.9252375714181
108.20277624407241
108.0831614939701
110.1455401523659
107.47432254165561
107.75742320014498
107.79690358718724
107.73955322660336
106.16264874408463
109.64473144666711
107.99272338895028
109.23769795643099
107.63781248820347
108.70083691586612
109.57931164624381
107.53436614671816
108.91477178345849
107.9113877432793
109.01466519414527
108.49180847455733
108.75053762827984
