108.4389547706256
107.4130328638952
107.25656190883426
107.949320461519
108.1439471509255
108.16738311452853
105.66760560627459
108.56810173232272
106.52572125655692
108.75133937548328
107.84990406349218
108.62601589457505
108.12761262331105
107.3760800838289
108.18811563552916
108.56185099485494
107.09594736719983
109.318235982791
108.92888077998607
106.79421277181636
107.83177547953643
108.21379206945096
107.07280961941218
109.49637112943003
107.98276371718087
107.35105659519897
108.32056989799871
106.89634188699779
108.79214035484661
107.4307622863723
108.11843246314638
108.37150332436585
108.59087686320802
109.06727626154621
107.54358655264888
108.78192823813512
108.4925311772951
107.10640783174641
108.0793865272825
108.6151093918264
108.61562104527268
108.27247829221895
107.52452886820844
107.8726560144024
107.19420443430214
106.99032236908418
107.46353375166278
109.12705603297123
108.24825496325388
107.06923884933808
108.80642903433359
108.3143842127305
107.82872376984511
107.97701708777377
108.64304644939372
107.58516796001572
108.86116478474793
106.61463279276003
107.60381390235877
108.65409756244651
108.74253250624449
107.2385265377852
107.86145853768755
108.34246525742718
108.56466325329686
107.36636486232796
108.33370126690808
108.53313601304643
108.85181486548774
108.81582234222049
106.49249086301698
109.55672830057766
108.03483116186861
108.71807192865761
108.11301159173703
107.11341284250702
107.79048509728082
107.56652878755396
107.42688419919334
108.99240676667299
107.8706745043191
109.3844116495387
107.49214810049864
106.12824465503408
108.44617583102827
107.71843189809154
106.89507499837586
108.6229059163861
108.70355291839876
107.0724447508906
108.41465091028596
107.82414481260838
109.33840571228187
108.78677219393155
106.26908002626024
107.49334683516895
108.47207199070242
109.09974966392316
108.22984754697056
106.84097646979787
108.80630650534972
108.47745885947758
108.19243331733652
108.4074548318132
108.0149086740774
107.39293394381293
106.37914202427976
107.99334362034413
106.41773071391817
106.70052933471736
107.51014803342395
109.3046031298636
110.02550519545619
107.46195749106326
106.61775742546752
107.45011179975852
108.09676266805585
106.22708602918274
108.82003939793515
107.90698721308279
108.06017445108279
108.71647519164486
108.36767249445946
109.17620070068689
108.70709613090955
109.57180856862499
107.97109137617936
106.8368877394784
108.8597047406232
107.3319455679263
108.30116128488258
106.76258729581994
107.30280889336231
108.55647328431736
108.38288981975992
109.52257504012049
107.81051232661886
106.6781940271815
108.76552054679998
108.07067863189117
106.10295139053952
107.8738272379162
107.62070983602153
108.6070501201119
110.83257142410086
108.63193879028547
108.6983284143416
107.70852688417447
108.7936025692588
106.66796898514156
108.93616734980371
106.60175727693496
109.49587715170223
106.7345873273718
109.90058492768158
108.54858943215558
107.3535321059146
109.35463629716845
108.28384289329564
109.52662680810391
107.72377786478607
105.53136257551652
109.20094689891147
108.91178112595303
108.8812419700972
107.8329763574518
107.06712732050217
107.45633529737097
108.46379007076426
110.38559238506922
107.9613605593853
107.78113586633762
108.31821479939589
108.50293363349935
108.44669675102533
107.44654073803203
108.86874270624496
108.73722407917204
107.9078440634659
107.98905389750185
108.48500790898146
108.40271331359222
107.20108318273817
109.20346252597933
108.5798846124567
108.17791632494549
108.21142064456956
107.17669908910705
108.92501806506726
107.96093784133467
108.33163314566711
107.5120776068522
107.49584119665613
108.43554030557513
108.93105331660202
109.7069558694273
108.54922961662173
107.02599203215392
109.09758486446297
107.11705069291108
108.69772436186827
107.83721107401875
107.63458043345928
109.92648473090676
107.70753306363325
108.72053724844051
108.40755509695263
108.42134637946835
108.7531493485775
108.59211803856088
107.58660297236977
107.75013305213697
110.07162783848396
108.74860715472832
107.1685283776083
108.14991956224077
107.76735650780468
107.74492204371745
107.53775876251781
107.05624586296749
107.68488812887507
107.94879202628036
106.99080358833774
107.7272173875837
108.52619295655883
108.15861675930692
108.1976482235849
108.32161247774224
109.04383261326072
107.89073499534022
108.57500136650174
108.03410916287969
107.83982286879716
107.98967354572648
107.34053105157113
108.79096795156386
108.19297704254338
107.02191378458492
108.7489898220128
107.37274448086953
107.39228456675303
107.3162877833909
106.73761540807429
108.53447691885026
109.78408435569229
108.72591455464372
108.71211715314423
107.93755759684652
108.32483419363437
107.03995205421977
108.26514202746988
109.32359698148855
109.63675311525766
109.24881641369166
109.21898678608156
108.5546888530231
109.84582367920159
110.4203368529817
108.9637479269651
110.20873413004567
108.57251217388604
107.67336739695935
108.54251692600461
109.07506436839029
108.53487300972576
107.75574349058797
108.62747981414147
108.66563934073265
108.14592441343386
107.14064825124596
108.16413902023722
108.42379687282494
109.43166202431853
107.0922407529392
107.92268211819984
106.2210396437258
107.70062601665302
109.91419915014977
107.69497729301705
108.2594281042808
108.89907783020688
107.92298482234104
107.29502633317092
107.76259962339256
107.14603118560497
109.53156180086802
109.37135934209874
108.29544695841203
107.73920205178875
108.24126730460569
108.05718750535712
108.27920281183131
108.09952837719611
108.65873682793081
108.05614400976086
108.54572027041392
107.86158636695768
108.03630487758696
108.46522313096278
107.11156910492855
108.99123042180203
106.68989524691725
109.88307733677186
107.80362203949868
107.266539746233
106.73196690250931
107.35960494389364
107.08357142960305
107.77483585549518
107.75145885622231
108.28403972361164
108.58330664828205
106.85534285159272
108.17654751442244
107.98478966017059
107.41348097244483
109.8343490917762
108.88738327025936
107.88522972333635
107.17256313923303
107.67261938329928
107.21893986300697
108.21231025572975
108.67311760938398
107.73462951458052
109.01556868632929
107.52010081098594
107.31445446646211
107.58442030626843
108.74678049878432
108.84506678340249
109.14145364597591
108.42993136462404
106.7437942118997
108.37179399444014
107.21957330147038
108.71063570058276
107.98164808910407
107.21907378672489
109.87424053641693
108.19126139313599
109.31748879889729
106.60400128133399
107.87167957842742
110.16406503602408
107.60897241971823
108.70834255846894
106.83751236433163
108.5293272031951
108.79861202195116
107.66238960304936
106.81509828207717
107.52724024290737
106.95399530794285
108.51976317263124
109.03595294438783
107.60097934739638
107.72758513374247
107.98903802353955
108.71566168149909
