107.53762947675551
106.30827937371262
105.86097255339583
107.80519369449732
107.85564176522128
108.8835912414777
107.53458780378106
108.51401936978388
109.05623867945225
107.31283934649812
108.30455156035733
107.81415973427653
108.44341202446228
108.78183916085945
108.57295305134373
107.00122778815273
107.45131501160152
107.59209152082408
108.33504341322258
107.0374903305158
107.0563645225042
108.47286135832938
107.81590948662365
107.88533200995113
107.59399414021902
108.9662955944056
108.50675478770742
107.3840741107052
108.07527468112076
108.10586082056336
108.4619886008882
107.50649447874565
109.00706146651152
107.85143931035654
108.08805270461085
107.65517120565985
108.38871588801402
109.09580502239716
109.35541354359738
108.17757935990889
109.44038868581765
106.72912722533236
107.77077843970906
107.68497293867905
109.19761366530602
107.9491538044575
106.9157181198618
105.94752805368739
106.80074652136847
106.06252711276778
107.3867649900431
107.6890170573149
107.02550637093009
107.57259912093564
107.42937058983829
107.17610536944999
107.69474860295786
110.08662939067128
107.62221993243125
108.03039996727571
107.8338898469953
109.20865627587128
107.84784740755717
108.74528998151388
108.2716861770349
108.70056593779964
107.09063391692092
107.40942876818919
106.97581155020299
107.76219151814567
108.93530395112548
108.12230561350283
108.79327416698314
107.1572030942317
108.47681700726258
106.82189386739446
106.14015093977343
108.96736077981424
106.42122885241287
107.32400601083793
108.55134341393207
106.78434955718657
107.56181370731136
108.13450991290068
108.9108738323532
107.45780839857012
107.20366239016623
108.2929032351412
108.03319165608538
109.12998948833653
107.57629809170713
108.87307462513972
106.29807295854177
107.88754702865786
109.3599454393461
109.66913969409579
107.16326061077547
109.03978233723709
108.39637928346015
107.12174853228737
109.26765912480522
107.60089461206915
107.92628221583881
108.08248120638626
108.32268414305206
107.69805853875741
108.70373611079755
108.31661878149269
106.32600272104918
108.31337574158577
108.16262444037628
107.72824815535706
108.64150462661603
107.56100273720807
105.9757088725968
107.59476208277188
107.24106441188533
107.63787943810779
108.29348219964943
109.67686299455863
109.0097913287003
107.89707013024113
107.31450597162923
108.87371712886498
108.57344236298485
108.80160427483092
108.26673539803123
107.65880883537534
107.33356156248568
108.84919964353759
106.57463175545134
105.7630311992062
107.31740403923617
108.88173015407244
108.4498962864509
107.76731513901949
107.73171185383957
107.02642398263282
109.31124098778388
108.8436269983561
108.31009607809717
109.82850198683981
107.60450398794396
109.6424182949191
107.31707211658579
108.51366725457194
107.16333699748819
108.47763372106793
107.38412808692296
106.33715001392369
106.02980127938883
108.00084703610315
106.40015599798504
108.03325535450195
108.67291784244635
107.2814697994465
108.34863104869558
107.90535792832124
106.07847562772989
106.46164927680015
107.09873636922975
107.81686989308301
109.25341823379364
108.44134561336644
109.95027521284248
107.07659057091504
109.28678637372597
109.3504050076026
107.23242298329745
109.10964316123142
109.03668863463325
107.92709517084573
105.94727329405794
108.31505930244107
107.27321136039308
107.0110133966655
107.39652411350716
107.45965594012864
108.68248173940057
107.5255087428907
107.65653482579665
108.14844912565155
109.01997002157297
109.0151751423036
108.05261044562839
109.94114800137851
107.79604329638128
107.07849055572288
108.68740856054403
109.22093035162406
108.9492807438897
109.76712890539808
108.91110105538223
107.66336704552408
107.32620987964096
107.73839512644845
107.97836939763559
108.71786458602217
109.63929159260964
107.60160658103105
107.75755126690164
108.3799700472882
108.52986960429064
107.81876233627018
108.31480722901051
107.76382465455703
108.71153958889799
106.84432783897114
107.6531510294232
108.79352237620579
107.79565951602567
107.36948807899176
108.98276595592291
109.52661741020552
108.19222223315812
108.02081858874678
108.85246826060494
108.89384143915703
107.76061099150138
106.8240476394043
109.87764537063241
108.71408903288449
108.73120639349021
107.41183245517703
108.48618120036184
108.0041156423256
109.34013555169808
107.9464488889544
107.89877801593488
108.68343249823782
107.51077673951319
108.5289914417395
107.17496711956383
106.92803495166174
108.3635125739178
107.74339186200761
108.66006796271263
108.0521170241621
108.02773285404444
107.53354236381551
107.43749802439878
107.56235875825999
108.55295181604224
107.22552956192433
107.60435128172918
108.82142125164864
107.46013207718568
107.95395867877092
108.09202152620341
107.60804302580624
109.0249148864812
109.70787849893249
106.70403364531529
109.18227749541849
107.19776041859089
107.59312801776404
107.90300458674905
106.55970269512355
109.88800295618259
108.03820957332279
108.45704383508331
108.7572401314548
107.64707865401877
107.39181019069548
106.16688424760572
108.78405324258635
107.35958336798112
108.29276469254063
107.33883375249394
107.92372038142175
107.1734502517119
108.93424838574349
108.21756558703201
108.30179346033214
108.67254600236508
108.47614563693297
108.3473673576292
109.16019802694134
106.63382610412059
107.97821485597886
108.32250582088716
108.57407539386165
108.37294484428392
108.6156628389029
106.3631485250346
107.48661445724339
108.1914820430495
105.58091874415423
108.03294033347449
107.74464592464237
107.54226415857293
109.19455482521852
109.04909218380985
108.20065901446081
107.4051923852833
107.6704776579607
109.120978063748
107.7342787350374
108.87428658209332
107.62454678686754
109.33206734759733
108.64313313781707
106.6928640856066
108.45304485171539
106.92786807930086
109.38514881464604
107.61797859571698
109.25575376349677
108.87152130078594
108.76194096186207
106.94284479947743
107.63366392975217
108.43974089678416
107.46428196240936
105.46526187125443
107.95520088464473
107.66636637370075
108.18865610891604
108.66974728754667
107.70191355992212
108.27016430009624
108.64714724267351
110.08101891366367
108.52091580089596
108.66825432083618
107.41571959806978
107.8749399467002
107.40382203845505
108.48977162800352
109.58573173174622
109.12234419938214
108.27599315553185
108.03253250111648
108.44990497790565
105.50548802947122
107.44322948351999
107.83604101059794
106.84788698208011
108.05298961843748
108.80793847776735
108.36363945149789
109.61510662813897
107.82165603537253
108.23392529726084
107.39593306558814
108.54459255065196
108.31128492952826
108.40682788464663
107.26380164344096
108.88992046123123
108.80473841686832
108.18644329817536
108.02041397869868
106.69133410576923
107.6459993737405
109.36176284045757
108.73053258080938
108.5035605955921
107.7519874953364
108.17575536814734
