106.5542167845461
107.16691002959121
107.58414466946627
108.98564689437428
108.02347460008646
109.64541807207068
109.5719115765053
107.41855281732576
107.35400918252492
108.67479693773909
109.62496566876715
108.80560163380217
107.40666518946584
108.29335155189916
108.75593840058445
108.62891574974893
108.36654912429816
107.74443909692467
107.65693438449712
109.00545761826832
107.30421420027301
108.54910304616615
108.22555569332525
108.11802535689064
108.41017953524644
109.39235876993297
108.50694589447168
106.67120103613314
108.11440841153012
108.79584662311046
108.19584790684192
107.84357317192513
107.77999024749639
107.94074700543872
108.08699542167386
108.9229572791097
107.99223711411749
107.9011851361316
107.00877798030771
107.7548615483695
106.25262308951895
106.67389554828365
107.12938484128085
106.45825031512959
108.2629305383514
107.08597122400641
107.2175376972046
107.8235785883455
108.25004544112868
108.52505324447378
107.35840502828306
108.6060129027487
107.19425382856106
107.8093480796966
108.75808655008044
107.44247612826094
107.8523537641393
108.4357886634079
109.09788261663934
107.6769890740054
108.77335867775288
108.37435811129424
107.5421106087101
107.72651630504676
108.34139126556238
108.17624835892371
109.35466407280497
108.51281208234091
110.00012028597598
107.43057660462084
108.097593899658
106.32023919064865
106.54461846866745
108.82566048835042
109.29406603044072
107.42048643642826
108.58368577845707
106.86508631404527
107.88282608706025
107.17412415181983
109.00726896499911
105.36491676455658
107.47748053405036
106.29278018019981
108.17639146817496
107.08799237550261
108.99178442618604
106.55413459610178
108.84662398669742
109.24979910625255
108.4669277360469
106.26226838146165
107.11003074494535
109.17805206202
106.7580125073206
108.39479063452035
107.82234121974294
107.5525107826542
108.75286023031111
108.73061451994184
107.71736626108897
107.63066904356111
109.5818661284963
109.7069864054604
108.06951119053953
108.22659128400979
109.10199356317702
108.39159364679524
108.17748389551147
109.26710945041224
108.24545888859106
108.84883198141164
109.00534333690504
107.32862190567621
108.52085639355921
107.78759343235483
108.97910737618393
109.09737747063735
108.03736602412607
108.47790463753661
109.28594859717482
108.22595625070808
108.50465518443208
108.83163572119142
110.00308323696729
107.25159570495421
107.64020486289091
106.98206614014669
109.03524681335311
107.51786787471507
107.53030936429408
107.46100112515535
108.19675585324929
107.63953529569473
108.55346675516185
108.68456584291859
108.99445793643572
108.3112362253338
106.0793170796688
108.18101269939069
106.87567867029341
107.17001487753484
109.96162520827728
109.09914627293361
108.8808008136927
108.68266250951744
107.86194343458033
106.31047513363492
107.20719737181425
107.57786788241293
106.00177297069386
107.4375174196808
106.50464785115662
107.86833420401723
107.36340689673342
105.89026383757913
107.34026900261759
107.61536994206807
107.21046025733881
107.85418724954877
107.90704397366977
108.08294276219439
107.34985256124963
108.13016425373905
107.661895882508
109.53716808159035
109.27812437424635
107.58337544630167
108.06446966606033
107.61995726298292
109.24759518943732
108.4213933723583
108.00057973450454
107.87905695663657
107.38038394398389
108.9539876563597
107.66290088015964
109.03287435201088
106.4443383889584
109.87314081563005
107.5421715128703
107.39109777281743
107.88931478726822
108.14468517436717
107.69632616393893
108.35929382363499
107.37128128664791
107.82601888945617
108.23404908270231
108.20671720497302
107.71119771520027
108.44611064486334
107.91137324567022
107.5339591926527
108.70344590592182
108.24780479871949
107.57299936105619
108.16727893430779
108.5096771798798
108.36618824925462
108.65475840051232
107.95477983636286
108.74435273853747
107.59981607300867
108.17439380804011
106.67583347519994
108.17171354018744
109.41799261864733
108.65927300690547
107.75958104398086
108.38008017540203
108.53393856072994
107.9327407996361
108.00666522137196
108.07976848201501
107.20069510577733
108.20919668302412
108.96693530357454
109.03085964180117
107.75760098794116
109.65288874722759
108.6476963067208
108.5394800445714
108.74111561778017
106.78459838392234
108.6370364319502
108.17585238835298
108.63958310037225
108.48386796867024
108.2397026326396
108.26419942085536
107.42225867331373
108.53062582192972
108.13031702776085
108.53525452209148
108.58434909278661
108.96083083374614
109.30574719754627
108.96549562168268
107.95419949944974
107.94904584914131
107.6127390864535
109.11949472707232
107.64514805048293
109.20543572163143
109.05461085289595
106.88579339027008
108.08880937085713
107.87310798748227
109.3794349020645
108.80978612299016
108.38439786104209
109.27184899369968
107.89055754416096
107.26643342934221
107.72765501189856
107.7460561741929
109.27259196206576
109.04741521513857
107.30240091285992
107.82732733684841
107.1301869871015
106.49481147103639
105.33379205654154
108.31785305651897
106.93637202866213
109.77336318374668
106.85227512267323
108.31573076385014
108.38141807174387
106.66336559003628
107.38695217048054
108.31284136136624
106.70665973860709
107.20594459838914
108.01142547448944
109.08198707059687
108.220666751803
109.22034354301103
107.08984194397442
107.5065605941875
109.11123549323585
108.29823993199048
108.6379537510433
109.46901412391739
107.46907729111736
108.58129825910932
108.74009504950003
108.11512743186061
107.62967532204841
107.58320255525373
106.14836567998123
108.92354843918152
108.58575429712485
106.90101882032606
107.82776180439079
107.32477039467547
109.87193310589467
107.95612514431303
107.12755841486633
106.78673999631923
108.42909694208592
108.14007187496226
107.16690414876722
107.34532227435822
107.57669815454982
108.06533851691923
107.69930244129216
109.79632307162917
108.14051574694102
107.37688997069489
107.86642308334454
108.61231860815609
108.15694950529934
108.46593188910558
107.96866654777263
107.93758049422634
106.72386023410978
108.84713120307467
107.83762632053191
109.42521306702443
109.82052170564825
107.59129471494525
106.87738544592021
107.4420290594944
109.35074760057392
108.55065366467433
106.59116141537825
106.71093383425247
108.2419909773191
109.54477769747122
108.55797079442712
107.66913797392239
107.8853041257935
107.2532482528341
107.7501960448792
108.92617232638892
109.01212161831505
109.06874359081321
105.9607151737278
108.47896920400937
107.8641110498352
107.41194233874359
106.3625644945494
107.85456174046492
107.1225931771983
108.62859584927382
108.56756451066764
108.04164780956991
108.09211090019662
107.34962486771849
107.75142483501551
108.73966881583267
108.41647597543661
107.97040467434795
108.99107005833979
108.73437587916676
107.91148426896872
106.43538445333269
107.55203720120471
