108.54384159369395
108.54769039774325
109.01593727749446
107.34882527628635
108.40304046489089
108.94662476595818
106.95891585722697
109.12047525505292
108.41857069446253
108.62817605389915
108.48433269493452
109.410817730914
106.95519719759848
108.26194095695706
109.44638955803966
108.1801618595376
107.47203030582082
108.06653161838709
106.73713335011404
108.05023461051208
106.27202216353854
107.51900271618624
107.81666944799585
108.0622073655473
107.13874275124817
107.53723521135979
107.40931337329208
106.99212742518232
107.89561312235917
106.41239004694694
108.56247978603845
108.11306870661797
107.73826046288848
107.83217246468283
108.26817065965719
108.30905999616724
110.13664166064264
108.59345772400212
108.16121519694943
108.57542603346603
108.27860824959814
107.5704879515038
109.93149096058859
107.39085935985996
107.8549355189573
108.99193302507697
108.0106387111522
108.94483729972227
108.56646306176384
107.87375852358662
108.04133484690693
107.01002105268964
107.63896804868058
107.61828326010647
108.59910693856342
107.79326651005408
108.24255496123989
107.57622780599472
108.78617581138568
106.63861210760678
107.67857417872528
107.77599755294257
108.51927880038181
108.4838528026263
107.47363480245987
108.15250943932242
106.73798990367233
108.82534040638554
108.78193848477737
107.32318982616707
108.04877582868917
106.59275477259948
107.54528788125248
106.82731365389199
106.7064214002853
107.63070439902322
106.73162997097401
109.06138610951017
107.310018986207
106.78200727988877
108.36497549166623
109.20449117860204
107.07908472177864
108.63229479999242
108.01040885909266
107.79525779529888
108.92594177993799
107.4719137499477
107.95469050315113
107.08578190693031
109.34857050219188
107.28984099829596
108.18814197301297
108.82170341483094
107.95410399280003
106.7010721429702
107.89726162897755
109.26222650001512
109.10448197566446
107.83993064005116
108.00915802020315
108.90518375168135
106.57526518472908
106.86021992776769
108.12159619497034
108.14538920504275
109.1374705445171
108.22529911719346
107.39189722085224
109.24150157157656
108.67399192253959
106.72391231325437
109.11468080373808
108.33774308174316
106.21200849858383
108.453189823995
108.24847040865332
106.8637099887565
109.2742865980323
108.6247196823872
107.92626875947899
108.04531692676827
108.47807314203405
108.28721663731156
106.96251444936452
107.76605293425543
109.47610540625135
106.71163037302524
108.8690064169722
107.3538876995964
106.85872185506227
107.35579931058558
107.66538855331171
108.07095576388454
108.24493434268169
108.28367410428176
108.15380769715082
108.63633318545553
107.18682417574898
107.52584518448398
108.09714616014583
108.91307227895595
108.33378755940403
108.94154752158329
106.79548043432729
107.58527937956741
107.56624715565378
108.23584739646498
108.04618613117455
106.83048891883436
107.56168193416624
109.32803803962058
108.54258493332993
107.49778306220462
106.70336850046104
108.0540503181385
106.15015305235713
107.54570595849431
108.72581721371922
107.48159019710083
107.35947887325406
106.14029895339225
108.88416410191515
107.45651092398492
108.15788406590298
108.86405180114568
108.97857942106593
107.84546021062692
107.82056619285832
107.97328422926968
106.95089875260862
107.56833735967982
108.92839891740229
107.48032536587141
107.79322623244057
108.23431813451076
107.8318630718792
109.34974063949117
107.6337773555801
107.95313854797286
107.44828544688505
108.65783430832478
107.93005206856856
108.76271666650015
107.18285301335597
109.16205386151785
108.39081073409001
108.31083096055931
108.94059760078159
110.46983390992965
108.16534507236862
108.97990156788333
106.33550899828151
109.63347072141654
107.88638466387276
107.21157544736815
107.47796333775278
107.89884898358501
107.34459113893631
107.95595019385829
107.62816524555662
109.03763468405928
107.55199729732492
108.18381213640903
109.45876231940326
107.91493521165317
109.09656717818366
108.47587481205674
108.9704386897824
108.77844671751076
108.63873972719105
107.78335812892558
108.94275153708844
106.86685244872477
107.82934920107091
106.67812877069287
106.99674913296774
107.26875008449393
109.46859239345109
107.60055359541239
108.11911417962463
107.71307516211529
107.48343014115618
107.0149533584146
108.22851262267292
109.38405243479667
109.00077609678944
109.06967497769159
108.09973665358693
107.76618683677877
109.60936359938725
108.65110513989804
108.15853610763465
107.41348394285596
107.84878801815168
109.50305700818966
108.2358598314709
108.53865651844356
107.65440446085304
108.6958371621606
107.97350513967272
107.07505025843656
107.78321580187371
107.36983172218267
107.8681263334325
107.32029092163329
107.69647857924481
110.13363336462972
106.04742134547085
107.54371338161391
107.46460425899306
108.3086988116557
109.08640189518556
108.63930511115484
106.73485393905892
108.49001896536137
109.61568116317179
108.63815412793262
107.64504001427689
108.8575548088496
107.60040180159994
107.99084282677342
108.21302489084692
108.75096477863183
110.44988358285008
107.75856501624476
107.64321905800242
108.21156747927878
109.11365030990967
109.47459428417415
108.1529350707385
106.53584719235002
106.60231886987356
107.21836238032229
109.28606473911061
108.30026482668983
108.26555557142984
108.9795423235199
109.04475790573741
109.18747488012636
107.64794658829638
109.0270488095416
107.3781217290242
107.17410750573357
108.59991882139921
108.15545074630684
107.22456759673467
108.99103969883002
109.64695490022476
107.85593566710901
108.71889051774545
108.12839700066029
106.99255022802964
107.96588302675421
108.60545483596427
108.80070785304198
109.0209012592909
108.1778834239058
108.63579683019101
106.76150935833506
108.75861686158771
109.94807410395852
107.76189071119983
107.12605797618387
108.52673122712841
108.3828010851398
109.36533456899119
107.7540872170734
107.60039389094402
108.2573779559401
109.21028381021716
108.19782511361413
108.18339536953269
106.37993812082986
107.54616545766835
107.24437039024957
107.84627338831704
107.49862611512911
108.56758263321623
107.96475815235084
108.29173067756386
108.3112431506287
109.18297354958509
108.46889695934063
108.77578795369503
109.10655523286255
108.45119521372045
108.90593928927416
108.87810227157226
107.79882450931228
109.5834101897669
108.0797366674982
108.56772022314685
108.59727954895003
107.91585652967343
107.10115910595042
107.2182805840671
109.3894714478985
109.56127196996962
108.30759930731398
109.50028725671488
107.22268231125577
110.66786202261187
107.27073086115658
108.91141506192513
109.51410525459144
107.52022227647507
109.0910277850548
108.91864708376227
107.07188350907894
108.83482929016078
109.67383299329181
107.64904996752601
108.4860454169315
108.02077715002586
107.53628153446594
107.23624112481328
106.81714587558083
109.57137253126706
107.6169210718853
