108.04785503302108
107.95032916505222
109.36787340723934
108.32767046141014
108.63822945418386
108.00334282799021
107.55926264942883
107.44596436177297
107.57936203261609
107.0825903823
108.36813490157404
107.26274229339832
107.47186210418656
108.52810800703396
107.61408319598964
108.3101999191696
108.219811003946
107.17319006327357
108.151093271318
109.03325768425117
108.20937001524881
107.92159702862077
108.74188571429359
108.90617704351124
109.24453573076131
107.27511735556705
108.97841098531333
108.71083613417252
108.34123207213007
108.49498898508548
107.16498219574687
107.60232107656962
107.28983525406343
107.68781180090187
107.14608743578582
107.61797183471461
108.62780538185284
109.24199970751225
107.62837100290487
107.40724218464533
108.58412143349993
108.72647435280308
108.78934183551675
109.08237155972755
108.31795490459935
106.82368698267881
107.54625666807063
107.01371055403538
107.19608708004355
107.08673876376902
107.92702784345954
108.38222431405158
107.24994216657966
108.13558019426067
107.80500265729385
107.57020069727798
109.60042021736388
107.63236568674905
107.13348564819849
108.26482681095464
108.44687102865778
109.90612562134942
108.38864884635763
109.04931454108153
107.11926945076364
107.9141624130323
108.00037423996902
108.78803422946278
105.5319198412289
108.97957288651183
108.3762633480565
108.99283470842711
106.82016759457812
107.44632637179735
108.30585132288321
107.06091358793607
106.65468574571925
108.15237120259513
108.06389353311121
108.97295451429603
106.73438202553729
108.59827269835195
108.67252613625925
106.36310678404334
107.88570065647318
108.10297887618717
109.30719640420229
106.64366389816774
108.71206999053108
108.31356983563158
107.49367478938686
108.32479841440698
108.43820891194837
107.50763001979196
108.14468789288522
107.28124370541501
106.71898395689767
109.42798433383118
108.50189763903762
107.69413315783233
108.44224125906175
107.51761334530339
107.04914708257016
107.48931779436398
107.70415869065175
109.91890950427981
108.2769504225566
107.59807675714616
108.18002348141445
108.02367699180307
108.07780679471918
107.87694611076722
107.92533888695759
110.03885668912791
107.43862292390217
107.41305393387911
108.3819850767479
107.56011416112811
106.7015715691992
108.20681701233663
107.36345424198889
107.14490689555826
108.63514640380693
109.68255648142677
108.26842152608565
108.27870650583431
108.49114945502697
107.8394682218474
108.52017898239183
107.92518749543056
107.26510268229241
106.32606474802587
107.36316607281785
107.3692627761219
107.0116223792397
107.02185190713676
107.15467693068187
107.51224743727894
109.19784026477572
109.68065910074829
108.88201991665257
107.63295800198614
107.87681243733931
108.63195096933445
109.43964699581852
106.5283306286224
109.28217140583175
108.19982040465139
108.6160474681532
108.08051670900382
107.55566095564727
107.83641576220762
108.36976422303744
107.92946234475247
109.10795508282513
107.30616958147127
107.49087530117845
107.13980013382064
107.12011808205128
109.25082153797591
108.54079065441613
107.1318568921389
108.68873994813777
108.98762820989056
106.66634679722496
108.54344850453197
109.43719819141576
106.95277458470458
108.68287959072532
107.68870230027098
108.83593181047004
107.25778451055889
107.1846999888783
107.04360585391098
108.05616849196764
108.03405498880494
108.91727803882102
107.65234420240587
108.8074961316732
107.35993458180523
106.89549605982857
108.69560079985996
108.12578858773779
106.86496756868183
108.40226387298435
107.71590659485423
107.97855142927725
107.7380683759129
108.49847165259034
106.82797056957745
108.80171801285536
107.93826154230099
107.78301254202185
109.51854604530097
108.77445905210921
109.56257212746452
108.74980923084568
107.18538143737604
107.71671306451927
107.7435468836737
105.58310406833598
108.2325188402558
106.97498902921801
107.20534406455481
108.24003040505625
107.87298685929206
108.87119198670284
109.12920173655218
109.0987409121419
107.25351943511353
107.91653188949337
107.72248613160188
106.45741472866476
106.92755294263557
108.75595703704928
106.3062396520526
107.05652169873258
107.651235646189
108.58226729870984
108.25899552631276
107.12511191051779
109.0129617375424
108.79033226914235
107.04812891594658
106.46450574992588
108.43667488262665
108.15664354011315
107.15582614597696
108.40671698549414
106.54017949013934
108.21211400118911
106.81533442075452
107.74179041197831
108.07979120856491
106.72491082796994
106.29322464096474
108.21882503155064
106.82141215474584
108.99036292971456
109.0827884748656
108.19632818599878
107.73178684542651
108.90284889887228
108.88128632521588
107.33188839215987
108.36263000731985
108.56780887751938
107.55419880816928
107.96342098165117
108.68780480745514
107.53440238162767
107.6570766982989
109.70274145980545
107.6132831590593
107.56328949666714
107.29131211850338
109.70544142219617
105.91301317245346
108.54343075054915
108.6801317319832
107.90567988456444
107.51310500030125
107.8416064251443
108.54749358841835
108.54420630777766
108.14946530276728
108.18957816843943
108.75803465873248
106.00271186981364
108.37224744663492
108.2447710345705
106.72130233653343
108.39260365793683
108.64720304945638
109.01918100533014
108.3279336565147
107.89533575002969
109.75981693905129
107.06685810008068
108.4646036825561
107.77206614329366
110.08747998056042
108.9571457209591
108.4955735198593
106.66806984780689
108.17624646020181
108.74553392798214
107.53207575524605
108.94353779604384
108.33967969892217
108.031930000421
107.46580112242626
107.26090358764785
107.8956035081604
109.1765867308883
108.19521464919161
107.47820339204551
109.05175321920241
109.13573903908289
107.6524790537621
107.67118313935684
107.63683635006782
107.26101991937469
108.70558060413943
106.69566371857172
108.70554805936675
107.46400490889064
106.49937863684762
106.75865017325293
108.51156289918345
110.45872696099975
109.12225265788865
109.40834148756524
107.9793643113647
108.0100410934125
109.21038853573434
109.02140752054996
107.1999731917665
108.03639027626278
107.74914161033148
107.73602620662639
108.36880091006503
108.75752090418862
108.00164396571186
108.33113938744033
106.6260696683193
106.37099454515923
108.09180178890973
108.76821873227681
106.58181018546358
108.76149432630325
108.73764220716626
108.69505991833385
107.99010601553344
107.16611242294114
108.18320506149833
108.78224593593006
107.052890218215
108.05546666952726
107.72748286062611
106.9687453855837
108.96779603607537
108.6892328637167
107.20027116967482
107.12829941051282
108.64469517933088
109.05201349268076
106.8321056836677
108.16827120284674
106.99644079547156
106.19248261299091
108.17320031232853
106.80416835904748
108.07303174644852
108.79701892314876
107.09860270094887
107.80912391275248
107.28660190962248
108.21271716337235
109.11464233695061
