108.96095234931751
106.95353938683934
107.91731517066101
107.62242681225314
108.9542551514676
107.67937744961176
109.2352667095603
107.5380074868897
107.45973458844432
108.45812107080837
107.41322793229598
109.58946179105158
107.75309745473574
109.32053955700516
108.55626576893829
108.00432008307827
106.57258215573192
106.24237323206165
108.89832339945349
109.59679000780635
109.69975941040555
108.21049905156565
108.1671059272913
109.23747904936431
107.19079650946477
107.99176691494941
108.28683226685285
107.89903395423951
107.99596839214266
108.2268448286558
108.8650552249282
108.68949850390418
107.60242664160262
108.59510879938063
108.27167453293488
108.96713284163413
106.10104444231595
107.28058259240522
107.01441976378894
107.35493880634908
108.3840528689898
108.82033866781504
107.05380673782535
108.69661528952534
108.4064780814311
107.34354063571847
108.68597476495525
109.55332980122823
108.40620936722259
106.5413522895725
107.69747379397889
108.07106769945987
108.07177440941358
107.34285779617107
107.97933262953555
108.73912986890116
109.18601846897816
107.29338705394613
109.50502973673451
106.49929332678647
108.1510358197027
107.19887707388773
106.43579896960262
108.5625190336226
109.7463506368034
107.96738083138435
108.61331214174119
109.28790642451537
107.80957941041943
109.08650501054925
109.56738155287808
108.97355126682156
107.12007087208721
107.12912764817479
108.25177152770546
107.93771233274828
108.1645342413343
109.77880826539288
108.78809558178912
107.97286893347943
107.80864859769027
108.47373471316493
108.80979359930453
109.19189282167324
110.14843350017607
108.35537218259782
108.87353292350154
108.65001875961744
108.3947497117954
108.87081370089578
107.76523581244618
106.49463085565154
108.31487386157788
108.29397807496304
108.12551614424837
107.18894787266566
107.26467269723337
107.78502464466254
108.61436370392722
107.81380735876324
107.3447211065104
108.6638837547407
108.47938534522021
107.96185891719645
108.67081967005487
107.58687650130206
108.06342996530444
105.03693345906856
108.70212503067503
108.46399314090581
108.76132866829357
108.27460611027813
105.79390310062203
108.37035209312914
107.61495710421151
106.81920672529021
109.02716019874168
108.7366268072021
108.32875133127155
107.9777389984432
110.55566834868642
107.45289629687367
109.78218534472359
109.05967512044516
106.73937910829746
108.07049088753737
107.32367834662851
109.41050557824623
108.76672067641626
108.81518628534269
107.21988661896702
108.18847246882322
109.29081871353267
106.71568396629274
106.63015143422041
108.77528622123774
109.70382002101103
108.63090630139924
109.64648320697471
108.0067112910239
107.71435636521167
108.77425946750638
107.09849054490792
107.8102511532182
108.16381432326799
109.38649707544717
107.75394771715
108.27370348567591
107.16453544287111
107.40445097074388
107.63793991341362
107.67260939139838
107.77872240707151
108.7024050429618
108.52072608660471
106.97638973588305
107.82055702111273
109.23000848976339
107.81388412109864
109.28319502180166
109.2700173583281
108.99940983551726
106.73756549549039
107.48079371900806
107.4842927208522
109.2104259040685
106.9287220085839
108.07750911048232
108.55527822050506
106.4950571812288
108.66075958963886
107.39167692331804
106.54154316172912
108.8496695132513
109.03222881399032
109.91801317443611
108.89424945652831
107.92256953017095
106.86022810085089
107.756654162117
108.03769741338544
107.1727750816031
107.56044176573255
107.27774277208042
108.4226067433726
108.10800798929756
108.78272966763646
109.82421165701388
108.44897687084602
109.27257416923487
108.25887663693494
107.10698015924247
107.56353733060618
108.23183563243646
107.39773624657481
108.76948800795381
107.21870163061654
108.27837484187701
107.45726307493057
106.60501436294462
106.8913316841692
108.46296664083782
108.56824318770124
107.52462387272035
108.67744945504462
107.06197174230016
109.32078217590525
107.18264147349153
106.37075213066335
106.67699935367624
108.61823766409051
108.36323505841348
107.61623847461831
108.40495366798218
108.70944151329876
108.00762887018121
108.74731371462059
108.7884774731109
108.9894612728497
108.06052088849691
107.65467346613664
107.05968544436082
107.14209804847542
107.92729183751051
107.47015306645102
108.54780337336874
108.4682945865193
108.81050476095992
109.4650378248355
108.57475861230307
107.73129737480821
108.24374802792721
106.68844442084979
108.76469014224685
107.82283646440924
106.26482977686666
108.04505100798194
107.7113735717692
108.82186261709096
108.22479778273946
107.74284430672657
107.77591156503412
108.09012719293703
109.04991035137671
107.97598831139656
107.90686856020777
108.49278284590743
109.72334278002926
107.94452249893001
107.61646268707645
107.04201366699255
107.27544750190717
105.91428594941642
109.02525920131033
107.5996537210681
108.64643772916993
108.52842270036736
108.51997055204733
108.92260697787555
107.25733282998928
108.8436066884503
108.68767725738255
108.05695848273703
108.11725299338782
108.67272238503703
107.34984033917739
107.15806386650884
108.42449299839345
109.09867979182339
108.66093677192319
108.02976392862715
108.19468129249478
109.0905126913145
108.65499453066721
108.40842332040388
107.9978685858478
109.02199112456555
108.00403675238469
108.07324037269987
108.96035426356578
106.73972855289924
108.50876875032247
109.90629212914304
107.48514021854622
107.71048402161391
107.96392773447774
108.36568274583122
106.43731770901219
108.80425739709602
107.77579367264569
106.20932295949395
108.41988743568433
106.7293852386486
107.65021155011398
107.21436159317929
108.4489321620863
107.33018228863256
106.48403629212926
107.9470455211197
109.49303423382263
106.9817556961477
108.4946040966125
108.84995139676671
109.92058776482195
108.41417971216025
108.43553608256184
107.79552558946325
108.98834556916165
109.07207776321059
107.71906487706096
108.36082987459038
107.07758655858815
107.70956504092068
108.66579123273767
107.48868205509768
107.53019672468378
107.64691061401375
106.46958435517001
108.8262637921111
108.90443850725583
108.22263528616458
109.27004128953789
106.56976546654636
108.83272632982258
108.6443699341302
108.80118123888234
108.1628109292724
109.6485846689541
109.48065307627608
109.29366586465333
108.25336870723909
108.45940244670189
107.85670552091806
109.08026718092071
109.7354133496103
109.4585349080134
108.1060261927556
107.43482409249924
107.87366662296161
109.1733161095235
108.79040371894723
107.18488199282714
108.05073422938742
107.7347785713578
108.28895984280409
106.12916460301231
108.47138782509649
107.55709316637974
107.60541572484894
109.25915264504164
108.4033064214965
108.60520510660339
108.01964959977032
108.42845808227995
108.94508162665666
107.2719131395292
108.72602899838104
108.55735949024525
109.62010076569915
109.13623708256355
