61.674222758910254
41.25150391604724
59.86965598662121
34.702325106759154
29.290112241250306
47.90833218867216
49.73153534353458
29.16685682210764
45.46669780965381
39.87910938646128
17.242909614590502
47.20460747127775
22.083837725913412
39.0169686629952
62.94755348506619
35.72576860875129
60.54072600478224
57.98298474596611
61.45123807031709
27.817875910515674
35.62258913615112
57.754945064810215
37.176361594110844
38.899347100439485
37.10225433060514
9.28677205977852
52.07595249892106
44.96507125100098
33.09749709709731
39.30724178309119
32.46438852244313
57.504252013565136
21.859966308732808
56.25051715935848
59.71485752608799
11.774907742427203
40.853147056753095
12.391782229728548
61.74559080926253
6.597119701893199
26.319264740197404
31.16847426878261
51.020181954402155
36.758760725326916
21.15743208840137
59.486613594170734
39.59117873864329
30.047822515193104
35.18301293169933
60.97190657096689
12.44216274173045
50.54894703718626
53.63403726072663
22.445665268466705
21.006258738194532
29.529384771598764
2.6566261554981097
63.25939149404979
52.13521535084995
35.43294216747928
52.215490748814695
35.68247279434376
48.51677025923801
62.478497503851976
56.81538353766188
12.455864049074485
46.042297609383866
38.008288321109035
59.12451686139378
39.674519716888916
54.62299265748203
35.184122637450756
19.292755983153064
44.71746345120748
58.52805629558369
36.920514662024246
46.71650701639906
20.045377485366856
61.47483182310389
50.79560591902631
1.418611327484463
49.9804902300049
11.185387617793943
29.156188786410254
25.54225345132182
26.86599401478091
34.983860394668554
55.24470835838586
62.29712067346913
1.0481469860236672
62.66312929790684
60.3307585781871
45.405338755735
57.26603359826413
3.5855009207535744
23.260138406681264
27.324314296253462
57.59649386462532
35.015356759382925
36.019801516554494
56.10983625870415
62.101078080352295
49.75619388562591
38.272216917773775
63.27037705355848
47.504731828790355
32.051414178735214
59.261093052185345
6.545092533313344
42.26983833653513
33.073857352972816
48.97405563945651
57.562869141688
28.143705177551524
54.6027943900479
47.92280152210449
56.7993705912459
61.62570720229844
45.342403165257366
45.27045911490001
47.59417340628471
47.12697576400954
59.82222257556655
56.619090411513156
63.60744099295969
60.23014651997283
31.386698076425347
33.08916690241718
30.000800055696445
25.02807825435498
56.427300237375654
51.53370367173653
49.55885996233151
8.699873800237555
24.762957118422484
30.415561490641267
33.401013151623914
51.06501975671324
30.33011735782481
29.490118320193673
28.547748803875365
36.37756289397109
47.688147753191004
26.924102181493446
59.657154286110824
57.08769523576617
20.089294820061234
43.766060502649665
63.86580788270397
52.50111820035996
62.719731884337676
22.470313562210514
61.02054066653666
47.98541659023653
50.15037818129936
48.85928304306932
22.35232509320894
24.882873804082948
53.90062757981603
42.55711991949715
59.348380995846455
32.52496496640525
61.383813297952
48.09296147635011
14.67214221455901
46.770823129113516
49.599086162789604
30.37369174531198
42.60675866428515
41.18607015352288
44.89985637992399
27.75779186879773
54.10061274466675
56.54451732961453
57.05975341008728
15.280609530970949
57.75042125026247
62.35113639707253
59.78532029905098
43.49522762057286
42.96291961208514
62.35814113831412
44.66874432134091
19.742813730047985
61.35706803471251
63.672476317211775
52.41370731526264
2.8093097629646024
53.225939230076285
41.85977077986743
63.15028195422699
52.39817047317925
37.80444053495729
11.675228114317349
61.47921904756711
39.64340907802072
61.025558068260416
40.60318783871914
24.86259821735225
31.458226955743584
46.07367150951548
50.791196627284734
51.75833952222885
6.466977372203026
23.159868256703362
29.57035238868324
38.88026671354217
62.928495441305444
51.61454862937484
41.067276212545615
60.7476681498924
56.934095509567506
45.87097413643872
41.237061316987436
23.358645183509047
59.59967749517828
41.644187114315365
47.83168132778124
33.526729649534374
45.24040306264344
61.86244604147105
51.334524810951606
23.03232251741057
40.69790780322441
60.785249561252854
4.0578739025824575
17.559933418771138
53.26855877013795
51.737011581133764
44.66453147828733
46.25469792805369
38.165580010757424
30.881863991357626
38.80426238895351
54.614038979227956
20.922216746422187
19.155203206934054
25.331344402353402
40.66575543413899
59.8336908646494
38.60036906696131
51.058991152164694
25.37645995412643
62.176100602941546
63.1218678946737
44.10911106424976
32.66283410807312
34.74246880488227
53.70231569884717
35.17377356114375
8.251060667795123
21.90537636129519
49.074168142601486
53.682343279012585
32.59601586688385
51.58352755136688
62.20892005895175
51.54565875563803
23.714467437751097
50.002108145201575
33.118002033732026
22.55411105828741
44.54860374357612
15.064947820727532
27.00013393778245
16.04901883902943
5.942711748876739
24.49230887512362
54.094077867854054
55.235679617846046
23.994410385181652
56.52362849693411
53.39773056775137
32.11388308345648
47.80874978713863
34.2483705213967
30.527890169301855
43.2514389768101
63.9837681088268
29.484244001775494
58.683935057237264
9.544206742922853
20.573133309595832
29.87524257700735
11.184046686837519
15.500405629099575
60.74091641168373
28.692223016173315
16.926092407341983
23.685551175722082
28.022157223694073
55.34069094815564
33.170342371466674
43.821951226872244
49.98433270217559
55.21684518283848
43.86039818205518
28.20250284210868
39.040448088374916
49.70938975803658
37.25830246607143
41.64597872707208
57.279619654384305
18.52130539126879
35.47711720672579
21.72377181891852
60.49130788259404
50.19497534860615
57.80854407053069
36.54495917526805
45.09468597925977
56.338290592604444
49.63015814614165
63.17276529394069
46.51110061712745
41.81439984555786
47.39764747628117
2.412337229385045
43.810435326305694
44.55732845547063
57.93120241610255
50.322159363366495
42.846045102934525
20.166926688975096
47.074607480436285
63.93210514975899
61.86141412457694
23.568749792862178
30.116479846499722
50.986306455810904
38.262015079286584
33.61998244362316
36.156120793684764
53.198315072186894
57.681531808828204
12.373562490128855
59.984590721872095
63.52149575451043
52.03097180309923
58.01118791888377
51.79987917973152
56.685008935565534
30.274202906496825
8.669094931223619
39.455319634280414
54.45207344025225
33.99343490699242
2.8611119675825947
10.893675719275514
29.33246211538666
27.224029518202734
48.22958361479907
56.42296300569535
37.48864731096249
47.92646552352089
11.088131650790004
39.43315666936495
55.928351569458556
21.272344004814066
44.54008883709322
27.648463522143658
7.873100017474172
42.92020462993351
38.41918499154248
10.153791889483713
50.1565372918877
52.41985930140035
41.58546496773016
33.8937053662504
20.160572557444645
57.53607556835707
23.069648393800726
20.739509850358502
11.260970504379415
45.521614341309586
36.181742690807894
42.983430924271694
60.528822260582565
34.01162185424557
27.233261657761986
7.056754776786903
59.36949192224116
50.213984651067925
47.34730079009961
18.958596481839734
52.91409984301302
46.33646151302637
45.88608375535796
12.928866096201851
55.85627459631762
12.14755717086642
26.675964934672514
31.879260664143338
28.259716821123497
48.02118462569682
7.988068263520283
30.536650194615397
44.34961973213902
1.4225442647321316
25.91088136312002
47.07371101662237
27.292651843987947
37.117696030959266
45.81025713984542
41.25018174322648
27.54027849182328
18.461023434436704
61.194374863185665
38.759130909323495
51.6402478486023
54.532687154242865
36.31985300980445
44.796719395586
24.58374048726003
42.83377865755843
29.56459228446655
55.31804105078295
46.23474636180323
62.274396012180844
36.69626283419605
28.181391750643435
42.523706038540254
17.937022871955364
51.36449205473081
46.78525875420813
3.4845330752803036
55.20520860395093
38.47029457719147
37.09626262887288
36.51545140715646
45.221835219044706
44.07216908607695
30.168350888030126
24.11920952504154
40.07644180795432
46.23553193226206
16.169668629406367
38.497813363972426
60.23564390181414
55.71505285882869
18.532401925931424
10.824095491383112
48.25767138315192
35.53972102726256
52.08251924043489
38.3835026615571
6.170246450855558
51.21980475135466
61.51897129249442
47.77743044147396
48.05886033479736
59.08421512723896
44.786929987789804
37.328664756982484
40.17038950873378
32.285068719603245
12.08235390303495
36.106451944219074
7.168407133051083
20.725347124140875
12.694569309172806
55.978291917772864
31.638493701039238
50.317211973841815
19.040314505429507
31.099602067347533
49.597511511274455
46.74614636741316
22.860250712924397
19.89079497780365
61.39645257679339
19.34556370468274
52.502275497819
44.00833468018615
50.127620168548255
55.69231303256316
55.0680482073986
46.028368914019936
41.38180801676571
5.53491948025605
57.66098381456604
40.14059893009917
44.40885812650652
35.38612369490654
22.27429806468465
2.3303231154308506
40.638423235918836
50.35554764209257
7.155941398363872
27.019245864365573
40.85798309430366
18.806945002249364
37.02240243746587
22.932257004331213
29.27891661530979
51.02041094890837
48.64039555040252
35.05646784709284
29.068746250297444
17.453183945572654
62.24464501785543
24.8618517097636
40.21496714561349
52.36508886846761
29.619878375662772
27.961286345276797
45.2165005058948
11.137941974397414
27.631325841793192
59.8254981750899
62.03743022197213
53.340595038461736
9.673273332099015
15.06354637646941
1.5782968758036446
27.64839273814789
47.46421472313243
49.010995647747336
44.390278051618694
33.60811130978815
44.49881306580157
46.155767818009686
39.97433422359167
57.28720915902716
24.95576425682382
55.43348340098386
41.77968430240814
49.55566252199638
52.380729357436465
57.29283044305472
60.664191097267754
48.2143287135387
34.7587010651596
55.31303736218699
58.70993779204547
53.45548714896037
47.18326785470298
61.92324085859964
38.1067375273895
44.2357473922941
3.9385000843712206
50.81194821490297
27.992647657820363
35.5401291299053
32.32405250626101
11.30569079698818
45.34836235809434
21.8865978881284
46.517454708884316
58.96345481101128
44.823129479422704
36.24683700016017
28.128534210343382
48.92307864018822
15.849551924189207
48.91344029594506
61.04849068318517
52.550781032598984
60.31043500333703
50.993796583958286
26.966925994081592
59.31828301909828
58.154057659774494
40.574510920469265
56.427414199855036
11.804787096312566
41.59668083267702
51.36381746145763
40.105254338856135
28.535496220576356
41.15856664129652
50.955773238914674
39.19347998184848
25.646715911819754
27.257928040725673
60.81081524551878
30.056199980260523
39.69110884193701
3.996122882096138
59.076570004825506
61.917287962629736
47.96165687343243
30.954968892047575
33.75516045795401
37.241418790475635
54.263069267490934
48.49956189034812
20.606032113916335
11.264623242831718
28.634781700873432
19.981975312333198
54.14381563822532
29.18583808353901
58.786898708637395
50.26044247271152
51.89128034497419
61.95885666279085
56.563271432816826
1.6125752102707622
25.498053112479916
39.987313192212596
48.51510757362942
31.447502248713988
10.948398865159518
57.10545746100652
54.241922029123046
45.43479317194969
19.671144852163643
44.90301098809236
37.62731716177255
52.808830363013186
58.709298125830124
55.09966969352993
34.70138578857223
36.68811556710378
13.119870984603644
62.96240345138282
59.652503837258244
48.526736481725926
54.81932897449582
50.60879750519571
5.970850300709536
45.5272455947328
36.436646186853004
61.92355178280899
19.321513488298365
39.65663434866255
17.245664123038587
14.413949303929506
5.342201151779683
54.529974586414994
62.51604868296865
59.0394862240927
56.515606295460735
58.64412950135861
50.60033670400685
60.66911970584346
22.306573812525848
55.49668264427973
32.11743223906143
58.65792276270493
50.67951455065566
40.989972518346306
61.064861034137046
16.41573348119995
60.7574355716771
15.545683370431213
56.32617234766198
49.98345311417044
17.06108261803152
33.29611701868268
58.41980650281136
11.028048149126832
43.72600066791209
53.470107829228155
43.93529940017645
62.653680862750235
14.277906258143311
5.027243960720895
40.978497446877256
43.96987561646314
59.17076729927279
34.981913822879946
21.19589085380192
12.598260190714718
45.2161490700584
17.300040840707844
44.123914524906965
21.559466365923264
54.20241836297914
62.281621605412475
0.9586481064512427
47.832251430037836
56.41371488947225
40.05874874665828
62.90994540355788
55.91778600769957
24.890233111584323
37.04169563060168
14.293355617513264
60.6965738785164
56.41497122281389
62.71710718666509
21.001531396003152
57.31852996781532
50.110479935254574
56.40350549215579
8.799403464910561
59.0513397899427
25.306268569530026
5.57452593710466
27.393233188927738
55.6304279345257
62.71915265614031
3.861140853886724
40.208863160059465
56.20901576992706
59.66776878585506
25.217958666732855
49.398633450075536
31.799774269751055
34.81147832090046
30.73709100835854
30.568182495351344
58.92403996575675
39.70574575110711
26.272007462703428
56.99951179150586
55.61063216883832
47.106732881059415
19.757268965901424
20.124048944661517
31.476439937950857
59.083436103764114
17.095136419082436
58.653644395718395
51.89186698156162
58.012297294517
60.27110951296617
30.90474280736879
8.546786646290741
49.073042653914484
40.14328728796882
54.27326035951272
54.32284083225142
7.215835542836764
14.658929327850139
34.571575810753686
44.30829773612376
47.751134533633376
53.95456285246694
18.758167690369554
22.024354459003654
58.71851696309283
11.175162434632085
33.3998261751341
56.40473024011976
23.096394262605877
46.10406834279419
18.33099961579768
63.112347696571696
63.666963488077684
44.4278209460778
23.358684582477196
48.87829190964926
50.97943985133639
40.83778023644535
40.572451417583075
61.585987665242705
58.16115566753573
46.47506925117922
44.76763069781404
20.799014735368864
57.34236817394058
54.15433184633531
61.201353864952004
46.783748441901196
36.50389067169989
52.12459920988715
60.3125270930979
12.105367924582346
36.54150443233656
46.936929076861276
60.65468887896684
42.46921850725789
58.240999403194074
34.71840477726846
30.711107064459142
52.12344157205497
26.33063129985881
34.983557457121236
39.0015023387011
42.159762171921855
43.64739555695907
25.96701266758977
51.65759468106042
54.591080937517
44.86031993831622
34.743606079024985
31.219579339308098
48.30441327537165
61.811435108080815
52.66295578151998
42.0092160182417
22.24000974875988
41.25654344384268
35.987776767318834
57.77649316601892
18.996003830549824
40.50768459243098
23.814067851716068
53.30853184106592
18.521755038881203
29.240670005176426
58.35682819689339
24.409264309690627
63.05652236914594
17.198182801443785
58.56028752421773
46.47172617979297
42.079710629537075
50.76475721361402
43.26002286885217
21.021085244912932
44.776733518463885
32.87860855064865
38.043600852842154
49.68874462203114
47.855736647557656
25.349033437538004
36.239516082808564
54.22513697196156
56.51528831693676
4.114004632426429
40.83434903121312
51.62651271142241
48.60707545907741
61.084979321817826
53.70015694591466
44.65979598418045
41.80116613818193
35.9274441436053
54.34219235927808
55.76630102881483
50.72463580851006
49.70474219604212
58.62911893013572
41.69411220487274
35.17004563706493
58.198860050581686
42.851681843255264
25.268562019293654
53.89010241475174
16.762454102256967
52.36767304726267
35.75179764092684
2.3293176173900605
2.004780844651627
58.12426086158625
24.12229398885904
61.243150926090514
14.167560204938425
33.068986190005134
51.2376774002778
7.920312191402573
13.197426436060859
40.93853803240409
52.22066233917341
58.87341825477894
44.63898952319359
35.155219348587494
39.62243184409629
14.408081335191966
52.380108804404784
35.97654496997674
38.59710300972106
34.82191495152304
38.474104013505546
55.1552513504584
39.8085511496201
38.98000845290406
7.421673256950321
63.88917586691407
20.928403957824948
56.70367961148058
37.0831169361917
41.97716925420441
19.24850589308548
24.152188983580444
47.49096466838886
51.01766725804627
48.02829275937475
52.40551595893585
34.908163918939735
52.48710787985807
20.093150401918287
60.78308259512335
9.643712343084331
3.09314254234544
26.09726555519056
37.15221812468961
3.1164111721810883
10.959642387259095
54.527966120571875
12.781130651015502
46.079157967759436
63.71189548350077
57.55099290732141
61.60173742817208
19.297317859137777
49.62097119413359
59.57256600798377
52.1781842271796
11.947000716737165
53.81347025699832
21.527293907594725
53.201640270508584
50.737295357473755
16.028375626039775
35.523121975027976
58.51899640018374
56.046895261068194
27.78730277185067
21.8726440881386
60.65908078406952
4.6129959436804455
17.112638607918917
28.273555329881518
46.27416726786308
44.48339196794749
35.76605767736452
45.96667320295226
53.27708931932721
40.702042867747664
52.6003833578704
45.45720888649566
24.402764382148575
37.918981731090994
32.38379957552057
8.316933255998897
43.75952395351456
16.431922784665275
51.58457571794605
5.3451348360297715
17.36437584073272
26.833686264790373
19.060572600167816
29.405185289901326
36.81702307736667
20.229827636461273
28.676927645186133
38.210627564211045
25.960661845676128
50.113719835334926
45.4539036945674
63.39812778345071
51.87600788300692
55.7093354064043
52.637789605751784
42.74354763741273
9.797097818127597
20.541652417727143
53.75821481888086
52.14059120297139
45.132247289959594
40.878479210932454
53.44354462123608
61.83832895809003
56.647431774892546
49.26109488685813
39.15678478924252
5.700736318658372
43.571444192495086
33.796053914434935
15.880093662918732
41.29882518325882
37.724439327586026
49.2234734629327
20.839104039812483
36.063597418786514
61.04048455158803
49.38873957566847
45.98810067018816
10.782021393186852
51.78832556485827
49.61805461625608
39.93057493988658
33.17796252346032
30.798385500690046
3.2427590518591245
61.013406262238
23.733723012283136
33.81609416524556
63.066976239530035
1.7618816039886553
45.2073691503422
41.614546554339796
51.352392581169326
36.01399358278033
26.404745701930374
21.778491696006185
47.39341627145541
42.61643288999554
35.429570241934684
6.303198648641306
62.06032389204824
49.304293611530575
27.53188609802261
52.21973232327655
56.91078561302824
55.130903436664894
42.56662622230108
56.83399013233381
30.78224459413424
45.6465697217521
57.70084958309745
45.10253397911946
62.547769909187494
12.73268359398564
55.82787429099911
53.51991963379804
61.347581383376856
60.4292889218597
27.8611415331698
17.925233621417235
55.278801252470345
41.8296212928121
12.273883205446161
58.38475085852207
22.25461392780418
34.71998483047789
49.50641671657191
28.32215470373329
32.69587363798693
37.16904065521499
40.08774611997381
42.079477423566416
9.620053097354472
37.82482018289307
11.839245029403543
42.08855134864708
47.568512502287604
52.41011377279085
60.241605528174645
35.80087144267071
13.805287392668525
29.774960109996762
33.57384905162259
44.03005705120056
27.367851542639656
57.471382827744534
63.76251293489957
51.47156891317558
18.596229392343716
40.96683367432691
63.6831847694235
51.3533301273435
28.069230291221253
59.294596565792375
59.08912862133331
57.72187917964867
29.89399762586453
32.58359442629911
36.323951883660555
59.75554472735147
52.94375536361896
57.03242205664927
47.89852268607912
15.294377035930154
22.768478420247675
24.587829158085178
61.86175919512698
36.67248869184813
50.83002621077517
20.224794913301167
62.42724901797164
24.90584068816475
29.836337194388612
35.725520532149446
46.04045525601229
26.78159458645964
47.09096190744822
5.621725184616892
22.245323771127907
50.478156824182285
4.596998654310816
32.76974958200918
21.917305681508672
25.950763702250406
61.17222950403854
38.416148441267936
24.028266059847304
58.35910154020552
22.905779433345792
9.172041020267159
29.30504224239064
63.279500877555826
51.99196972386302
34.39250379216516
61.103312654060396
40.305900713359804
41.02629824315922
46.74619817234972
12.917018395958046
14.948192473494217
47.87376579239975
39.175389804949916
61.26571780786817
27.959294922350445
60.99025802735068
22.39945512617885
26.40202215032707
32.08366520355035
56.87657614750634
51.44010704604272
50.703142208889254
18.038992824406556
44.21921274788588
50.86076515756969
52.669366313513166
43.861752164677604
54.80101029433443
55.065239946974586
18.662209872648596
61.81580949842713
2.027291978431073
19.049803243811077
25.133143435158445
11.223540673344147
39.17800671786431
17.042551865533483
44.45011791991066
35.274579367939054
61.75009924867387
40.573387642901324
21.512057636553806
60.655408176226345
61.265134806954634
61.58907597634852
59.29894967612863
32.673331879260644
42.014663286822625
59.96036401808314
13.83315823447031
36.411553966595505
58.0819579813373
34.215536197023454
52.73212427029892
13.082379573113194
50.56139810567951
59.44794727745803
46.38348367048148
60.881969768965966
11.034187097516195
7.200658729810506
5.972743798400835
19.694284469206544
3.624422068183428
21.62533717322451
35.51758115928922
40.396388740329655
52.7990030406147
22.567084414569983
28.17530943196764
23.54362196583137
16.5419791655383
49.900005109835455
38.049698249633664
63.758832898606954
40.73696284667089
29.99833948640707
58.878272164664864
36.060855516779526
10.789140778848406
29.500240530276415
51.09249095352955
36.715859161017626
24.58600001292387
16.529396133706435
48.555540243805005
33.955197194829964
61.56530187895239
59.41661880821077
53.24577793945057
51.239566644818616
47.55314964614867
40.27505720852273
43.10383699000127
43.18668500625521
42.98786118504707
30.46201550169509
63.777389439880125
45.74177076341344
32.58129551645335
55.9744069827182
31.432870600829695
56.03683006213626
41.90048359317925
52.363199064373575
49.31357959641331
39.94280345883486
54.37780848450587
59.61564878599308
61.42797226743963
42.78706779427811
38.38962078861482
62.73050857956001
18.087435243369278
54.99198110674111
51.85048503190009
39.11815830497106
50.3908667239774
12.63786113564337
39.76549259026538
48.6126122897748
22.780531520303832
49.28224935923909
61.280917918480625
18.009010142180436
1.1613656063431108
28.11907192378301
19.38194506149553
57.70313424734253
49.73364426687514
37.423392830961006
36.02538643372454
13.260343646574796
40.42622260921506
24.317468053690874
37.48254487501161
24.443472477965948
57.1252204878763
3.3404193225021714
29.61368317342321
40.32667033880085
59.11802697768866
52.88857678090668
55.55326637590666
28.273797183461127
62.518743591313566
46.00790510560759
35.66730509598458
33.187665107163
36.36981163363599
49.67135429315584
47.90453045690211
33.08112366074838
9.476109202519595
58.071237312255306
19.41160846316634
48.76856064541921
33.6467196441041
12.893179168279943
58.55476030024388
47.980914713343
61.24161911581279
25.488946724924425
56.34175217781055
31.42675541814466
18.941663338981705
50.95349676097139
34.13445063355905
59.95674596240196
33.79196122659518
54.70352570987672
50.74626977373759
17.952639989718563
61.24317756335036
41.76104704100127
3.601794291556189
20.209939006072936
34.826498788338924
61.9075896712894
10.19918110087189
13.928002645540765
55.1666865253243
31.488628439479413
38.05250090957076
59.632964983761624
44.41096452567179
42.965602681467644
22.018201789029725
48.853976987515
20.85393373029499
52.95777951728865
46.36571676722623
6.04486885214709
10.451815791504373
12.735093453735871
17.568044552798277
32.07687193588778
33.51387497729708
6.781447275998595
42.076286873907875
22.12051208854119
18.079516316183977
58.38493839061923
24.1589654831509
43.088585098017866
63.51778022208026
53.78808844837204
26.841356691508864
15.484821262941153
18.696595367284345
52.716112627171455
27.111015902620224
46.31758330377379
15.691398353965205
60.17339309766745
14.373762007622219
50.5030617289611
54.14928616029016
28.42664491644654
39.36528504501449
32.27417475233703
61.265015355388655
33.21880800362981
19.388339578037836
43.89895158667686
2.593325727247894
56.19008981380875
7.076112938542366
39.50266811345864
47.076248424604756
41.494633480578756
28.650014533537714
23.919095292649473
43.51337081600503
23.68483590824237
24.527586753528958
31.576175156604215
37.110505929644404
58.57648856513754
58.25743996725467
36.97786502588396
54.099991987086774
46.524130723479196
14.983789323878348
57.341784809066205
36.547530560594325
41.8662874154781
4.330968176844905
28.82161140023993
58.84177678626275
50.63526419379522
17.128422655205092
63.915724667612984
25.710988598443166
37.4130456953251
40.442301492417556
20.763292664349194
29.764890713051173
36.2724334507967
12.314588614350335
27.46991442305351
56.27263319556397
34.206221239429766
45.575416416431594
34.62769590613724
21.03696579363273
34.93655215371804
54.040563662258066
34.77950463987535
0.23370828664901921
5.376072202049571
45.529213076395656
62.297985649233745
23.597839198391142
23.328460537242037
59.23797613655831
53.58764396873351
24.586213154701
62.31241132917229
35.56883983521044
62.36735341661992
28.686024408443515
29.679322122987536
54.182302467094225
43.047455806450685
38.82807866829661
52.06150350527178
36.377815291871286
57.32162091413357
47.92174070205276
63.32553334674653
63.25635665407876
14.688547169279545
55.80584558379925
35.284678980962674
10.791458205877461
34.199700094838654
62.277654550794345
50.5200958222664
49.551186685427005
52.42018309344398
44.90615218110656
32.762949770221454
47.73429212701869
57.49737658395922
40.201564602594544
55.392898555838784
5.103469662605782
16.818967752432307
37.82707470491037
15.871084219351076
55.00317102903539
55.46945007773185
40.028334280941294
63.02371641098496
36.19976048747575
29.008378117710002
33.15016065521306
34.75002356809985
56.9231722874718
43.54534913067994
31.707930022305852
34.65287264893172
3.2573796325722952
48.426656757822954
63.76787146391756
21.972985978312323
11.106162080898038
9.352539782718559
59.55905683951785
44.283234783905435
45.4429932561844
53.71265791314582
26.03786985857805
54.96573217527242
18.80032931677811
62.13464789342266
21.426742071285233
39.18189725246852
47.72604949019279
2.4421667982466886
60.454342408814675
25.19699850869729
52.69545026344836
20.063282321329723
23.204617521036923
55.835856334120706
54.402451726931474
28.363465347503436
51.946926081391965
18.04482231850116
63.463119685865145
50.16296418556095
63.90541183558835
47.28169580708171
40.556947583890135
31.068886019823644
50.558197126098264
55.0769042715972
49.6970854858977
47.648867120348676
24.224579256143507
51.43207910780381
27.744333792860928
38.34013187329505
53.02874193715752
57.91654187789134
34.754391722858415
35.954147204687885
25.18980153630295
34.96594110455899
47.81707814034546
24.64493714330392
1.7248559388269058
35.32141096171203
61.60193205114732
28.86043746949806
57.30534725480829
31.23764485310597
38.42429589931068
62.52641339832306
45.95735125663835
32.53947643178923
48.52454261032568
20.486190596711282
48.72828986331427
8.278606311901115
47.8115359422567
62.26945745000242
30.355451506495406
28.23446631273294
63.56919127511279
47.04913719143835
18.175711865960544
20.166534229766597
63.4098717273152
28.77470498946488
51.590895456342835
28.135551059547566
57.96376656246593
41.01628421615753
55.59289405703418
53.62382503422936
49.20111033740628
52.78428972599114
48.95242539166538
26.587298428656368
45.56690014123076
48.72716288998707
15.782767768877747
52.45356177305443
48.14985999007104
52.300557524396844
31.80197886528994
16.69772167608047
30.54438622770676
38.00158152887088
17.69870632183337
46.49468273096802
39.79608525274867
59.696000892919734
36.49876318989723
33.21689323463744
25.540474423155885
37.137107943639606
43.10648783186895
60.597470228226335
44.30555188352218
58.59246430500005
5.921912125773694
36.59052445896097
61.41489284553759
40.5436978323489
59.55478881479656
58.534787848344806
44.86812649110198
47.931340374904025
52.68891632635548
12.87211403507689
45.641294750826304
48.1315357887858
18.786838807975393
61.31755199287257
25.66983921697863
11.496004095278217
48.632348148846944
58.7719786049186
43.059183010246926
20.600580154318358
40.515344546613846
25.88360166774345
36.28626876827403
62.692336921810934
35.94505248658266
55.844141120796465
60.70452725038346
41.83755755838938
20.712543594903913
51.66608331416158
45.7390818150701
19.93122675952958
58.17696501559413
44.86527632124543
41.92336903637913
18.321863886417653
19.803036523755758
51.25781940551188
46.62367721791564
54.64910363387712
50.16235412343819
23.987320318548853
61.03356147192741
56.400751023590004
32.27541214405321
61.296216486797164
28.71874982393257
60.92278220232289
54.5484379084865
53.12727372066044
35.56371271129044
31.221152707596126
10.492517627807274
44.01835978161227
36.2957840830837
15.11556026385928
57.699181596751195
25.361313023873684
41.33716209109318
26.196295638603807
63.4808681616742
38.497018959795255
40.026289977772194
48.30758852111162
18.718582432061346
61.30729856779696
17.739947402673494
12.624044063142371
16.189895054329952
59.622737330730956
9.222784192862214
50.15714654416474
39.630629662654435
55.1663487845776
43.27323199198334
61.47564465479276
36.51904254988989
60.96883045328558
60.509584969087264
60.6933495137844
49.03554615778226
50.083178182525614
54.57691220459459
7.121958175825611
31.11072704081863
2.268844399655464
21.717958447160285
55.27175240817187
9.215324890852557
28.95192179868586
38.51128278878576
31.530098375138984
26.5706837019395
61.08150512293441
28.99877709161865
27.98329298276009
36.0515144837652
33.123602076788
59.8002920545947
56.4435433069966
48.51688111321607
28.591131916857023
53.6782537070158
11.286311524857886
7.903641419353448
59.00510622631225
20.107135084897294
59.49002020639673
63.93321676851184
26.18069134945393
41.663848131874616
53.5518726125701
42.355523802803035
40.356048653805686
33.94276723385017
51.02882530524989
10.799501782930001
56.60298715776093
41.577145594593176
39.73619868635957
16.30580490610634
55.991895992571834
57.94206146766244
31.076058482246026
9.47093511363532
38.26036519196526
3.7809117210806136
32.07845010705947
55.40162277542271
10.263046777939834
63.61874255867607
22.275784228918127
26.11093029798169
53.67640667379107
59.32023129949083
30.423056911201613
0.3008867539874345
55.202702282773245
21.347011927089582
6.6783266536936665
17.32308998095312
43.121029856586674
62.703987708088796
39.5841384377696
49.24157285964787
48.125934147616604
39.73426478080441
47.394826895659186
43.854237718433666
36.81032541820608
60.893482859998656
53.249717457166746
63.57763162798058
55.482939822277714
51.58691085782354
19.693642324715995
36.78870310842041
25.054535461243745
42.53444144975039
41.638403249129226
37.317415857843635
37.798930297235856
31.566686214978887
28.737463991673515
25.967040573282546
61.96881089422719
32.13660590866437
29.977375033798275
59.282121131078426
55.87202473068518
33.61344321576445
59.84524889425197
62.95785717871376
50.227141311994785
32.29941395759184
32.98053112616132
59.84236882726423
38.65602235458191
14.013633624165834
39.1570058647939
45.563597964845385
18.24672940973575
30.97047464605029
48.23217892523505
42.1592738086502
19.28481126718234
14.517550361846872
29.424948317109425
59.04690878602116
40.19799991036702
5.2156510213830245
49.02686192965368
35.22321845363339
52.25989416178621
31.220150474512657
57.03285693757541
46.373184997782474
20.842620661816312
22.833156274055412
21.25178273583881
50.85928277822722
62.54366298929043
59.046506127763
41.36960322626307
58.7879195241879
47.52329137200542
62.98577820419235
46.78999797437535
53.60035333527438
42.075859053221556
57.27159125531444
34.283938174079964
40.9632254233601
38.36064933634246
4.926726871309583
14.365066876308603
57.33089085472734
14.517370372848568
6.870881852240778
4.373201910643317
28.36105684442976
52.15438391734142
11.378998304042888
49.47388711104668
27.025962028909028
16.006456681373322
43.88196882150557
58.859782815620804
56.5992994084875
43.84003372742306
12.378606066019522
59.96417087541132
47.65568406119601
38.168646842442755
35.59390199788183
41.39630472244611
42.70906385678254
20.91536417464512
60.58722095046495
27.307169804821626
43.67144977632506
56.524013235883146
15.608807043940828
58.087709235906104
32.156318483841716
53.83800060107671
62.77290079981423
43.82015087401384
40.270856981495456
40.56377511241256
16.581498596366863
33.5210582964276
20.275084751338085
32.72158131290142
31.69086678315763
47.66464481705496
4.936229455253709
13.641906384489118
40.86332997884905
56.43548780920168
32.99714564974439
25.447415169282543
30.22239787581359
42.87555682560672
58.50366333855694
35.54245826771481
42.20190009619692
53.54783640616245
37.92195482567284
39.0465987407117
40.65196664830928
61.63399086448044
50.00367720524013
56.47949374732185
59.171260798581834
29.004467146901412
29.09405896546091
57.320886035667385
49.20367905308929
48.18283346281095
43.63040029729125
28.06331319175255
40.41016032370487
37.51972202828932
16.76483103992131
48.335753023535894
24.472742484718665
59.468729595443236
11.779837816018123
48.33347793780866
32.10358676278858
55.28098134821981
32.2662286643197
32.76729201852757
31.275344202692203
20.115361394154895
46.55853834711031
19.924414740873083
33.93477278153188
60.57059251996313
32.07363693767458
60.99293942491813
52.721918131894014
17.72462808079336
40.90984140200635
45.73805277209189
48.79177881547311
40.751846587151846
29.415838358548918
41.82659266202072
19.595544213671104
56.95437137843968
46.116512416749686
57.21547491867643
11.686654382433638
24.268849316121567
43.30733133965309
38.79008783079479
47.73837586903324
51.47810254660121
57.24290637754747
39.909611961683616
40.174259372456945
48.78366250405068
20.81055535377248
33.22263414755521
37.05629215245517
27.329644181714173
55.66893300875253
40.39310244370944
40.48045689353775
3.0119105201784464
53.753028788564514
50.93081650306668
42.261820869768215
42.43939269345494
34.63662917449915
41.75919007468762
29.356538192560066
9.8979214057507
43.446789726297695
61.701051005575614
40.92453200664124
39.64857141945953
28.748300321972174
49.67295840451996
50.97958033621366
39.099609350207494
6.818239962924885
52.02228710101482
61.44667458556391
23.611773050709807
49.65414498270035
28.413436847788653
54.70379394832254
47.93669157083718
47.591251923082595
63.59742719101266
44.124599616729526
46.61679437774121
43.5028913630055
25.039007707193704
4.122374865177186
52.564603205249995
7.708660177793234
52.36818396249315
57.94246727502461
36.55755022127428
61.2848440141981
51.373823464338905
28.192880176631803
62.14176509017554
59.39098811382948
19.284042703744987
46.12647741618355
37.158279179271894
45.71322612393536
26.539965273959574
40.616436754391316
47.618875594301
55.070238339427135
31.698221689076384
63.90337097848068
26.53361207726683
45.30507546124275
19.504161236857392
51.7488978146248
31.196980240142445
40.740232686453666
5.789366069771681
32.78646666833521
31.640545407290276
59.41682530491164
53.47987108352309
52.44161785353964
41.90047705033599
50.05361702822537
60.15838540820949
8.107066408639952
41.39502728426912
40.578438366506234
33.00874356658069
16.114430078961647
52.598795415601714
2.958824539546626
38.88522790641754
23.42114002384075
38.4422121837191
37.43643203531994
30.34872231181206
35.42912361397954
24.59312627583912
38.52515907441554
20.99535646851588
6.694635590734364
30.18773997513526
34.463413964133196
51.318653038210336
17.60778776857068
49.823776907498
48.315604661375616
18.423672579279028
36.854297070360076
61.830117542883166
22.16275449651753
32.60832881872781
34.87362590421579
31.76683393573971
60.51992486466925
56.96512181938687
36.04022619983428
28.593992422647453
9.15598762125655
55.84834745533012
53.78463790344202
39.61731845612682
61.16361590097072
28.624101783177117
33.35889443446145
12.18055098186619
56.56975014820574
28.486851472260135
59.06160901368594
56.76500112908893
28.70251412116535
31.957822534335016
61.31182070203512
22.049117101489443
56.49604304631785
61.533169814137
41.92239789258352
30.083129533739324
46.97543189017068
43.89233106058846
11.287917503567414
42.29776228291129
40.05127111529706
41.167491168519234
49.98224596793407
38.372563048900474
40.33197924810972
28.014773724945968
43.43267567187185
42.75677196756245
11.072820194259528
25.289044901117933
55.21860189773871
45.2212602574817
36.59807967361809
9.310296703515135
53.7025173450287
34.781236961166
56.378382928000526
24.74891106859525
35.81216183883082
63.65029190414192
49.08588779492652
5.153036787378895
42.95823547492317
51.30123370353646
53.81031759420104
46.63912738788103
5.852741980276072
49.030623436766355
63.90125612799431
23.52441495609763
7.607568511808076
42.14436865564056
23.381187756826314
37.17951106809247
55.74847491167576
60.11304219562729
21.69218739716353
41.4919732120852
55.098558629956194
25.206913494911568
55.818401359857035
24.984530829782173
46.70488340953243
61.92483289055931
32.95644876796533
42.48663087668933
32.51922325979996
24.343907507115404
48.84300889519643
52.457034341559
34.70130096433188
2.740378483278519
63.67941873446875
51.33523911822835
31.356493476894627
58.788296298066385
46.71762699567746
36.81759021748006
14.732227100844376
21.1044194340381
56.144117381600495
22.27284314457477
56.537346083425184
21.908848808285846
54.91531587041111
60.91851613559399
54.615284689105906
23.545578476841612
14.383805894295648
8.141086702272581
13.40865159117866
54.04313032901087
21.309274273332996
27.789661617607443
51.1440214658508
29.794267390672424
27.61503906134203
54.07873154383204
5.939666795165515
30.364625298095156
25.152647553769405
36.9938125028892
57.214770818624615
20.098011190847636
44.31136014845468
57.98845133467227
22.52307039589561
29.69456561215955
56.73425792752214
30.09163783200679
34.60097415449981
37.15302165446197
58.57723775416471
60.798340216580385
55.45337730683552
6.905727577919933
20.475068828836505
54.23733835294699
40.61600495614482
41.492000955627745
43.86496871767524
58.328829316447234
56.107094554571496
38.68631858996684
5.445009572148656
52.40150568833573
44.212546984606696
55.37803920374796
44.649640600994616
41.233131955598594
30.26042033182039
63.6313528018385
27.550993531704307
62.223252018713644
49.92604027160585
55.586645077577046
54.749174317119426
22.98035676238193
43.35461219243972
31.368098115375133
18.75822273073362
36.73048754972312
33.66934459419534
31.739491642237056
34.056533815419314
31.795904557214484
7.626156489443325
37.84838725274827
58.41528217980625
49.6894758878769
49.00133530320197
62.61436904783921
50.225995666040774
8.430753885999081
32.35528009759884
62.74596909647063
46.520767817141966
35.834636811770864
54.34788802784637
39.24946188504468
24.19140089612396
33.216440713869986
24.81644571505599
55.645085190760625
53.662750852306644
58.19029011648101
38.63925636051343
35.694079614713175
36.01842861460512
4.672895294777035
55.707158134602736
61.88128336286358
46.024088923381484
45.85188057364546
30.08958693345732
8.259113962023484
54.14298534183315
8.646310626570873
2.6272389980038895
54.84415716266983
54.3563533069083
28.48605326619918
42.674789949019
6.648491488902501
56.02882598921232
63.130999738159154
62.63106568694086
5.565898455752418
32.32027964402735
35.359506124286575
5.523878259105089
40.75658882432397
56.775655364245026
56.99544082977127
62.203611576815476
61.31491611369233
35.66907231008439
38.91763164141243
34.85358931988308
18.026395232762596
48.093940056211935
42.601114067402875
13.345937484122103
62.97612332689938
61.151990032747555
48.4095489246035
19.19509947968224
41.13407690101181
42.706890765421406
45.61073393741499
47.842403109760866
58.57598943731127
41.80224871382261
40.12479512308381
51.76068134356058
32.825533244949035
59.06396824630671
56.982733220470124
37.65972496439389
21.83528648064587
58.91834307918805
