46.63920158279251
18.11822636742889
54.394808926114024
48.84478130514213
46.74550669553298
48.76110623947967
25.55160682005188
54.87025269397813
6.474706668867022
45.971373816147356
26.775542439657187
60.792368877683394
46.1057653611994
63.27920718499794
59.386788602486874
41.989099502543816
59.819445755416055
29.271676045526227
0.0807711845594099
60.94586347832636
39.604467224045365
42.661865975947535
32.06586093819287
34.852237069142774
47.95577417106628
39.84084824306561
47.31162440919931
47.23154384003351
60.800662274046935
43.69728905672348
54.12833563110434
31.595671056399006
60.237680380388554
17.44528740750323
53.235949996898356
43.718388163314145
42.98678147230757
54.761624841651894
53.79132631389966
34.91521789955283
58.1025012163624
25.777116718473934
42.23152844532864
39.700006615159424
10.580778820087033
56.87736907023043
47.82914757004251
43.999404338492795
30.987773511236178
47.63747988870632
53.78133947195229
45.23264906168045
23.613811489384958
45.190867233297524
53.403508978451526
56.050058337600525
38.32898318792928
51.085630070629605
36.81922135085084
7.74561955331324
54.45595137617521
62.03628045469462
56.45800036683522
58.64893158981988
48.236709703583166
51.014319138271574
57.904312016105145
40.832416233557936
55.738768611058134
48.108178129272495
44.42574975291602
18.726869253856265
37.767494788950806
39.14675145282396
63.76724660952295
36.32365096118574
39.23361719481039
40.32709722426698
54.77841422231674
38.91598717199283
56.53151577085495
59.692406988047864
49.63039767574935
30.114774257899562
8.087336429147307
20.297996916674172
60.442504619435454
48.501930503541175
29.33217093366924
34.596705784930435
29.53538557934381
57.66894645774098
27.345486542425228
20.216514360204826
10.041334202205228
56.23009283081993
10.821923909277473
48.744146216059086
0.6893371582879979
61.271586963238285
44.577987479883774
42.73418112114729
59.24115752181536
25.77673330574693
42.53234247866416
18.09713006352814
6.895620742538618
61.57725088490904
25.25120439340057
56.08246725629516
51.02080376873403
61.453231782650434
43.44240811071831
55.69322320874401
56.304632654355984
56.64115872846717
18.27254329680349
61.92938102154113
56.31996355067919
48.56459429168148
16.41630533951222
53.042110412334466
58.56382469633408
50.03539390649833
53.51257993565411
18.43177616983128
46.36430565635223
48.913533805466514
60.026584124821795
44.31768204496086
29.28203029796658
49.50651181232334
49.92867067616674
26.85620080801717
34.099566684010355
41.97345229569882
34.47347247592931
57.30368052925948
26.905078018517187
45.07667156253144
25.3450973680901
25.093451199748372
18.463142976759855
56.188587519304136
60.432796976184505
28.02619028129071
42.11271158948924
19.374203093999512
36.4858841014445
48.55674836641372
48.259957468814775
52.01919375014327
22.042942510787526
57.323185828122355
5.078454225119728
8.955310541545174
47.315787317998954
61.25096954666947
63.50302506014249
13.3244267104238
29.60269410654557
12.23419052027969
31.4072128894879
59.23154602046795
33.41180748920962
38.01483642422518
30.655348912953635
7.478851871725098
52.899291933131884
48.148016502671055
53.64872548938609
48.78013064229807
10.428509195135504
19.400354205476212
11.025667716520303
42.86609768048723
47.519475782304156
56.06417961784389
41.68420484018252
19.25355534745738
59.26674300515709
25.067923732797787
43.29477397567884
8.066850094177816
23.11795993458196
35.729899798449594
23.755123031285095
52.69876593546526
22.192967586736486
41.93825507920283
41.56362714737921
22.5872632640324
57.63734309975072
16.77436843420758
63.664238531755274
41.124169815511436
62.98855336446601
45.22440382054856
26.529758083451675
26.32947009520386
6.959012472155891
22.391811020192108
59.102980311933194
40.80796952057903
51.08141356968636
41.20575958960301
57.424446942182584
49.79051309911503
51.30867798434767
34.3587294936969
50.60707005741712
45.736049262261076
29.938365618279633
28.501411847292488
56.128066045312046
53.30522657947425
53.27781931289674
45.917246567013976
35.29088733146138
48.36199071105463
35.79513301314241
27.16445852128181
29.265435918103186
61.70345219894735
16.83628514760435
39.92608698410683
45.64083246133297
59.478824679532
22.342329149067574
26.53679255720632
6.479789509341224
48.72987856077927
56.634960358712256
58.483157941745084
40.2620873291246
53.6794397233419
35.46493113091167
20.413770650392088
57.32674595342862
14.690332329191847
43.11649237711235
47.60213461118386
29.403082211171437
33.26292483206851
44.38990187426392
42.00247211079461
56.45596196091042
17.56150403734685
61.91535669161299
59.022540970726865
60.44049439490925
41.6011638811793
30.230436115566008
50.89161820200385
33.988630556695
42.25470744726568
55.7025520340155
18.89747553357592
36.8885788942638
11.742116879809139
60.43275914253888
56.09379133572944
50.988729666895864
13.828374946642704
52.86229621057349
60.922549353793066
20.591142781297336
62.76222196807744
58.21554646079437
56.78607517255745
39.17625626114042
17.630458022305277
41.51933235847824
16.898602651342507
22.77841701690933
24.664789776448934
33.910188108287755
62.05084379347007
45.29132032752139
11.89478629991482
52.922392896584824
50.00942538529654
55.04794684089194
56.84032028453494
2.3490803178110156
19.541670663493136
50.28638344667394
39.07920962965163
17.270029174950935
45.24599064417459
43.78506129710602
7.050933788076797
14.29320093193617
4.9045690370692725
7.318442089661573
29.35925150668472
51.627190520582005
62.21048916610999
6.203437858561259
63.237128036844126
45.84050527497603
51.192335097044534
58.596673202013264
51.406036171667104
63.80246730755669
27.171200291100824
28.36243058963391
57.550674295043734
14.963934970979423
58.200061239742126
37.6488061257411
58.09169528288249
58.99330315820686
43.201568361903576
54.64357342793043
53.39919287642314
55.404893461417316
54.192967073926766
49.25374570885557
62.75818722492006
22.138041267518894
52.26982632820921
24.35720145127287
29.972318566979546
40.877986534529356
20.928904536139243
60.23455508311079
38.50794193897592
13.288984694195406
9.255196233077022
23.904489039206943
48.82143253387541
6.135074169488014
18.01540503805198
9.907905333551142
33.92626787621546
2.6694866932933365
45.057576671711836
39.2916029405928
45.911331552337174
27.696124136410504
43.65226149327863
34.207803746371276
36.926559403449495
24.693474115097665
23.155156666989214
55.049555517079604
58.108542884749454
35.9833438482295
48.80479142682815
14.31666671529998
63.31294378838107
40.31309789034992
36.76230551984155
56.44274702901714
62.55217805077022
38.79305802977005
57.61029321365843
53.49714786268813
33.632370409140776
35.698738994625984
22.93267527596729
23.391553430854977
55.443476085044935
48.021882155383146
4.9465053364427405
44.12417274124182
41.17763025878306
40.791561232785156
18.432154338257625
28.304483678268497
54.174066783492556
56.12529531674389
41.94746497763825
9.389498239204926
12.696620020513556
35.595402215517225
57.515551938336465
35.34202980046668
33.385508642704295
62.477339703893755
45.79135499164511
2.1872869561829376
59.46853032181505
8.12957475322333
9.196899439397058
44.01235558187888
29.65425810807234
57.91797443469477
51.10689155748561
55.49004294491577
0.42302936669547364
40.74100640791442
54.304267463721814
28.20610712577576
63.45341347610381
26.248016576827
43.63975770252392
56.853498813097296
37.062513237746444
58.294666427992276
23.16848435773131
62.81189012821891
33.054597383059374
62.15885594984991
60.70099399202237
45.826643777317216
27.7228772961722
28.258564970659677
51.789270822913984
38.9609134158462
20.325699360299787
55.949462333063444
39.85623552816753
17.293337208858468
20.814865054949074
50.43023561881308
58.43263400132105
55.90960131642504
33.68558007696403
55.830592886309205
61.13484803019655
48.14570012171749
30.927514627277816
37.811562976751986
32.34739040069328
59.3727108383727
38.80325682281044
4.433960281767682
40.5391946240555
2.046361350521863
30.73194904547629
46.78642357594052
46.74343587657826
48.633121105392604
9.150905935375604
26.404799737032427
57.97098994691916
61.58001762258672
47.71611229320963
58.628737311681
61.576308255742035
16.79477400460423
60.15618186653705
29.204757333434642
42.53462202141431
53.56976292433124
54.21705893957524
52.72457954276931
37.60428207727954
22.225034918536352
58.879712968383984
62.680916837435895
57.349304084710056
51.82245169298724
51.333706988218864
48.235364130682605
55.547049130718435
10.552999129527265
55.72603149426563
61.73955285098838
56.49107427690687
29.48546122637537
52.37823293658364
61.16809355585413
13.261217013573443
55.676846966873654
25.84139018441188
31.79355132132575
29.146686567636003
17.06568572927432
40.5104621994513
36.410085051029895
7.741425100305584
55.88684570099583
52.138770258794004
15.423095185146956
53.66424877180697
63.4706888065944
29.273640694421033
14.307350898398937
50.61632527204529
45.35977438373657
54.695670876778415
63.48783251238451
17.381375488511765
49.4663075486346
49.21901635415828
35.981977921600915
43.72202070423482
47.44916339868203
23.692131526945808
51.87879310593106
26.37254265442553
26.235664941821767
17.568960485108477
24.5941941670866
15.486414116506353
45.900776933173105
29.216437845805885
59.65357251188434
39.96815095424364
53.14567313081908
47.50951471739724
18.58604851201251
41.60560723867236
47.50218467414345
44.0186617396359
34.624491820632684
62.39298237736948
18.098348575129727
59.377287918707445
47.55845340440805
31.139636895556656
8.054561450977545
47.08509815292008
61.11352909617057
43.23325056117595
46.20184630860078
60.16156755434028
10.309861658851652
42.63670414312935
41.36701139248801
21.10049999503645
5.842951467901585
61.43565717754748
35.80573262349763
39.874648641911634
57.54545952987943
50.073978823621985
62.12245122969632
55.92466747170393
56.12286612224044
19.21581870457309
44.48377063227137
56.70036545946209
52.88444949539688
58.65174876260776
38.42149330549354
55.99839150370455
47.08439607555056
49.27027802116064
9.350118086830008
40.73780295529427
33.629545930729904
29.331612047910795
44.134160114049706
47.21090898362795
2.553495505659896
33.790780980742426
57.86954159209182
50.48828642458493
44.97186976977001
55.36460355044723
58.94345911588858
21.09537464991689
23.53457790122949
46.5010702944554
60.796965389802835
43.21381842905708
30.191521781136835
38.88535974529811
43.2416913029558
56.554626844948764
20.861238134641823
47.135899108549296
28.47985296621338
21.787430911994036
39.64332580936605
38.82956686083406
54.327516157702
41.2368512638978
48.506832707781
36.71224613449202
49.46197837463918
39.17911024512647
17.3968046417176
25.965166109140284
44.49700059906513
27.29817996707836
60.76744967029064
19.644527551571926
50.806605481080815
24.555721388123473
63.23234574054592
62.17261438246865
32.78748417966046
35.34061175047134
56.617614019262994
36.80050127165145
51.87765506677317
55.74824510770975
59.84085639971452
25.789147972347514
52.68706500149703
29.67620092412227
38.39379692334231
37.635014842476956
41.338044034417834
19.686297371910378
60.24774224864588
51.53218164302761
34.34807873312714
18.25812947883587
52.49052564735185
0.2362828418932068
60.674138106133626
22.19510779426195
62.6548599898455
30.907567696894873
63.39552527811366
27.464855258031555
54.62713183523194
29.239256859176464
20.780222720270068
15.134955833507789
50.5833124652468
36.44637506181535
61.923308271184695
62.63348216388208
33.21184566669844
42.861076219457935
59.1263973655335
51.3244759087966
35.10739815647472
17.255680220855673
57.84339241248217
50.35126136328785
37.6215825270838
40.694918027750916
14.059917745716362
56.80757666213032
62.96369874328273
51.23984766818309
56.54861729063309
44.63131159796715
43.18052368376996
55.53537684231328
41.32932851111967
57.322735934559915
34.827204560947905
33.06532585705533
44.10278315855909
61.097258133414215
44.68086088671697
62.8560448111303
37.819175334308696
12.968521682481018
14.140706946687708
40.69555799693114
50.53771956386102
56.479569035072586
27.365538037091213
59.11702315427688
40.66917279004136
38.72351058169852
34.50908938144563
49.150754831656506
45.58409171409881
43.35001606146615
51.84235473377517
16.330011852605438
63.48850036610827
29.34173467912612
38.70638909153472
63.17358691557634
51.92491604740087
3.2247901266017394
0.4696732840832354
3.1960740161642605
55.30417227047015
49.143196475724714
6.070465238468216
58.54366444786825
44.80523656783769
54.00718246825369
52.959870289135246
27.428937631904446
57.20600288501097
32.272044808992504
51.30834882604456
31.80652625225772
33.63069469610954
1.1140871128257075
23.581470953365063
57.75631307065243
36.81146026697385
31.83612259328048
35.38402463336554
36.27123857934376
14.639303822310566
42.54462093333014
38.49812642322454
18.503114950034224
60.606625333123546
61.454702972770086
58.75125217519808
15.938332256632094
25.208488894047953
32.826703663600966
59.56822947647404
28.167013925717093
61.241310172003736
63.73549856517106
42.76378986090185
27.761573048445207
59.003528712224075
37.49922829508982
31.08931026116226
51.902664634627335
8.469381524028314
60.39363704182087
63.438455534382875
52.29773821701775
29.447233250305636
54.13171067773171
51.29149060177609
55.21562810708818
37.8312411625309
55.84695692490573
57.79046522328106
28.730440842999748
51.44899655537651
6.734307181875849
30.30886050628056
61.093054337232104
45.7077498564754
11.981536982382487
8.882997643729205
47.01540146071065
23.645498749001156
44.80177518262272
12.218077339158285
48.35604379476955
13.943826722896262
16.927200857275984
52.57280723668295
45.930411397589396
61.36945265785531
42.95444703908113
35.775931725852445
25.36972745181712
2.124184640473274
36.63652305959641
52.1782286168293
42.7966984253037
0.398097507125037
46.86197210444517
54.85187810082709
51.35509512533785
24.19163278442403
62.95368632768545
63.072930927113525
42.42144345819294
7.917877189782466
27.720938540516215
46.13837567438095
52.81806385831737
27.196735789798034
5.64469770223171
38.80097098182536
11.55058753739285
37.20890190237124
39.65744829097818
51.415747780420375
25.559655264311033
19.613192083058173
62.86516738762015
38.45055237841571
51.35412775189306
32.640819014606
44.585787848797
49.42027410425321
42.718407011403784
35.58179591018371
37.817919180932584
3.1957415736663393
40.099785918476
39.384523028611426
34.148210644749845
18.768727206679507
47.19128025331227
53.17132898261926
9.162858871290219
49.61946036653146
53.88805528275715
63.639778431295944
23.163612666333854
48.575531443951874
3.21763347154819
58.90160619955672
26.133064852712984
35.26233314444918
23.192119869271906
6.2236350536336005
63.824053213188265
29.11135199109878
52.73879299297163
29.114207297368857
43.74935583948324
3.309002430505352
29.73581430114674
16.36783631340792
28.166269035751817
33.563117500335636
42.69767060442306
19.864653514591744
41.35772607795798
13.157231891584203
28.04521431215256
45.19951424611547
12.503251931765512
60.20302064213896
22.479268829544772
63.04729088749458
49.43267060734145
34.89616770744291
59.57446388708996
62.40813259826831
55.9282841564046
54.29156129832317
42.932892693590105
21.436434976444026
10.86236726287025
15.895354176417037
62.90109103282391
60.239067523831885
28.456569655639882
21.126920061985132
26.33399687288503
55.51786381468968
62.11057424928546
45.97524665412388
42.02809609003819
49.523779660042536
11.360876561463243
43.248385466647775
42.196810201253825
48.36875925113714
42.04257015910704
60.21419425534101
19.745208059577713
61.680153694679746
58.707738964313016
39.701210933138555
20.39719632834705
57.26200285925218
25.224666368723213
61.35089789415847
30.47668823540505
40.19694728808539
48.86013752609793
50.89380924236692
1.940215406745601
57.16128533799721
30.010265800388538
30.646856913315744
46.48498808530808
46.61106943108089
59.974045389612165
41.29852123379669
17.051111987024328
52.946812510928154
33.635171332922496
33.85867742039376
14.107652153938133
63.30576744375971
41.9965813114481
58.544617847712594
43.86517504681345
8.80495443722949
45.462355280368655
59.22537630509282
52.83662567946912
15.36896660072027
13.649478692332949
23.600132766618145
61.080758210936374
48.60364830459735
56.994978666195934
61.59883596348835
8.880250765826105
59.66929792557631
63.297687695908586
54.531968502897676
21.29582276866107
27.652266013725622
43.240413395945296
49.77824237655844
53.16726659710878
51.21486873288159
25.1616336398639
63.51866030490464
41.11777846066249
60.11827753559409
48.55275075471103
58.35023746739645
25.484659124982592
50.48335766238769
54.769133302374144
50.743305637405236
56.842190030116804
7.770671516302841
26.933557443533907
39.5091160972198
58.649908969343194
50.49594206248712
3.90370012084351
56.15070646003378
56.13681719448469
62.25812840472615
30.819581188173657
44.28730408998771
46.08108010450449
24.800435489142195
11.094358525454403
40.32582729024258
52.653792731024936
61.10035110005034
57.484294496444114
13.412261304732056
32.616256859960714
21.342997657845807
25.180053633769127
37.8456858934821
39.68296169061054
62.857131172376484
51.24578519358343
46.32795780697926
44.03255976447882
0.8945531644213247
51.5855080185703
33.860984403969745
59.21632738964369
1.3524314612197372
36.10709990700434
26.57689783788875
44.12102787770823
38.37389665653049
48.738643923649846
54.29663059754155
54.09221756137082
59.57793492082487
44.14556863449134
49.227598806165155
26.740906774378274
49.861927967820634
32.74483130472974
60.44009764968497
42.18678488426875
61.36176111920082
6.967694442399051
52.96464180675527
60.533799053749426
49.88807932433245
30.909879606007955
39.380961502298916
51.444173295705816
38.05483808514056
12.964717166929965
3.1461519163651133
63.57777744563358
62.3048471882722
8.926587894151226
32.41020545872114
59.06517160015483
57.57617026235569
51.37397181602137
52.10203415483943
34.076588809530755
57.103830978190054
52.35419787478547
28.47887392728952
37.8584576463863
33.19765840047569
15.153775817567755
58.57520079739255
60.300402387997735
51.47330819191084
7.169077734758112
41.38527827864205
62.99070699523254
32.64189462352128
17.361280579113583
26.05573662052001
11.021210296639005
22.381805327185482
43.77553931536815
36.88736497223725
36.76715064299721
35.17486523867517
28.74220850486931
59.962581856117595
58.33208520142397
47.008251896595425
58.87745033945248
48.10491027098966
49.04152258600983
50.44102960320697
45.41120787386963
59.168914884288384
53.460585977849966
46.550829012561735
33.37793856669404
49.565911476166676
41.69391704977943
53.37540306267622
52.59904355992694
49.73932876329018
41.27016199185938
54.97808725226437
37.5187432303214
31.239877552936164
51.41289837777125
51.0141514614678
39.232285547477545
15.538782420370431
62.51740945033085
54.767879222382305
24.959189745273527
45.24658898557079
63.5573364095778
39.29626038267223
2.780826420143761
58.227707259533716
15.860939197642743
51.901691217308795
51.17369131948756
20.67997405814937
45.40084399545073
48.30411585366721
0.4266996347049741
46.591419777388225
19.646243308646262
34.354899172220996
7.758699798309877
54.88602061804657
19.666415130821278
61.088460430990224
44.515827719667854
48.821725153961324
38.04397481950337
59.24905468882733
27.310423252966707
59.51176026847382
31.16414733769603
41.09233428364413
46.66487112797263
21.23915621584569
23.591546534180345
56.66000408154207
42.08665923247014
43.83229153828806
40.741428481856985
44.95643440364
31.555623594488118
57.032765586490065
5.428875582644807
40.74362036828368
38.297194429200886
63.09268211655267
54.43403732775248
13.567026879389168
48.9069102140104
26.799866594457953
53.32051743584424
31.53848849535816
40.062468674262306
50.55495586936537
57.54366192608194
51.346757127745605
19.292715968021852
13.600401155927116
53.767722398898854
59.21913218412806
27.906881351309096
32.560149021642516
48.17036755749528
26.6190797406381
55.12582999901218
18.00755598044954
56.009491351456184
52.02181042367493
20.587201529542092
60.9816079719395
61.42112549909426
14.926670757113776
55.05253009123843
31.07717285914277
53.663528941972324
61.08038879624614
40.19762319798705
36.16578093026388
56.0520544202415
1.736862666522704
32.14062294409216
33.311298469303466
57.112793957608496
5.3055256447219605
63.81263478988303
60.29260491030667
51.88344381550837
25.212638142745938
52.3743075941058
33.05378047609103
44.71591780208728
24.78887440136932
31.10354608976334
21.651417854366557
30.710581835034418
57.81490692055581
59.33312546816017
47.0508793768758
20.652672629875305
37.81955538052581
5.732567960920534
57.695541232650356
20.13303959281638
55.0710872803313
25.20807314989554
46.76035659362157
43.51031943090001
31.086733612607766
46.33379030554697
0.9493412259709331
37.91850304257416
42.92789807170392
17.95840733258231
37.306973582379186
32.538812457921786
15.708099068477111
37.6380767003983
63.46412911955928
22.64881341943255
27.571804238783606
27.291120597484003
37.523638580682444
54.891702404465136
60.62500455126224
36.559733827121235
45.23423795133908
51.44238071731412
56.455419141485066
57.687994461614394
54.29646875505411
57.63749305567153
52.92950787653581
38.209835519579244
32.938108023254074
37.071414305529416
34.718943648003034
57.28070348905737
33.890390374482976
52.44916989861478
28.672676991407386
61.575558128737924
14.950877265617486
55.41286863584291
26.978711426056506
49.89598259677165
30.016633867759694
61.1944164561721
48.58485171897728
48.404661149082
21.278440593918177
48.067586513810085
9.854552033514537
34.764505084238245
55.480595990152565
62.3598948872599
38.8154307689348
40.921134151304514
28.41584414772003
31.0593024733705
54.73534810551581
11.465674743272096
1.556730933638768
45.204516125651644
32.81309141891276
39.036333911082394
46.452574855235184
37.32112090149337
43.5215692046736
47.5506156915228
30.44397062091533
22.16696274584463
63.34349725994136
34.965142629317114
39.0038410528536
17.68659961953864
62.30379811023758
18.623425798860723
33.76757558878458
57.181702072946294
13.88080988403641
46.45233877147463
7.684345867770922
3.186423632135437
54.30816792129673
60.735780485082245
47.2071173867687
60.46462741179677
35.16563916066612
30.783374254113937
45.54991286928198
28.348927435745154
9.930196490536481
47.957016262543064
28.810388326301464
23.61855471972155
21.267866497168896
21.647458691930062
60.60941690487414
56.905432314067156
18.4291452487386
27.634268942565782
43.48789961872277
62.82025451930735
44.046338506953376
34.21943994597478
36.407558385087526
27.018295555543176
50.02519735420299
32.884848831271086
41.61282981072394
40.700300778181195
59.85238949675718
35.66975004208388
38.053806094960166
58.85335467360684
22.8172032896562
49.31456466732861
38.06555809658292
47.38572268732037
44.052059971140466
58.14951254948364
25.667437731244647
21.484265359828875
40.010715554175434
45.16443735657995
3.379000034118029
26.56631972357792
61.75426265888234
55.874733010307644
1.562621850602902
50.52856740449586
29.077106266973672
7.962245451802261
6.853831275987488
11.986767918225304
43.41779479282536
19.54947339094325
62.34101088765264
49.59488067815596
28.479456917115613
26.502924389174225
32.055529404702895
28.29288692256548
38.0204473964413
39.42307262990639
40.777404696032924
49.85311294404838
32.9133227760732
60.58306184649918
31.30468718827523
40.041746523254055
60.998037384154216
53.952268060096635
34.25777395993203
16.55635428189104
50.971008467564175
43.07784007353278
60.894194366754085
38.46603958977184
52.18251082110692
33.60559024284195
27.953243399562943
25.863323246163176
63.736301443978476
8.02016096072012
44.40350230741415
32.90043215262308
52.64305976979828
23.109758619227726
62.644920460783574
46.33397450304216
63.3738691136302
61.38505625420956
50.15562917750032
34.09870325955414
29.910035341766672
17.581405451484244
47.1186010646494
53.410896768613235
45.23746191603828
39.475640672039276
16.91369315326353
14.972874486618338
31.685344236458803
19.731726550919582
38.81801648753317
45.87213765895331
63.01535454877387
40.11895424152205
18.97366990750851
51.44647200702102
49.23497080468434
32.80039686554087
40.24772670985885
31.94523013642793
20.001296309504205
45.43940090378148
44.46970501446222
44.089141699079185
9.903527523476974
62.747299094550776
20.536065912820852
53.78523689494586
23.98891014596292
46.601712809372714
45.888838648208036
51.608332793160365
19.850457318834664
41.64532023853983
53.21101459577455
54.75132566972688
39.0955746891205
58.85202052931856
25.172499262612156
24.417206997687472
40.08489345571441
50.224313888749734
54.91100853393528
35.36555276960629
15.599573493838868
14.257060757701787
18.11892494051233
32.29392742444013
12.688028392426695
44.698143277595136
58.42070350712638
46.297545891437025
53.29299924774385
39.28538841180372
57.80832652558535
48.78350843399056
56.38681572527389
43.9066538517372
14.039255298880256
45.54392403659513
62.91288070714508
61.60656029955221
54.802423717978826
44.453960398250324
41.2485371991848
51.86948129954672
41.43059124003939
33.360438731776256
37.83865986371026
45.83845692971076
52.44441763433802
38.46210189786039
20.399050424658682
45.8495878565394
56.24752534147557
60.41557659064123
43.36820111297221
62.48401979192284
25.66330644141108
57.52344944382874
38.95732053240416
32.91430165147388
59.555098311932625
24.38172223696779
46.59914792235145
48.06449742887115
37.08932630530278
34.76663178573816
47.25612721824626
41.484869893829156
15.259469869818275
56.69073174023248
44.08996065256318
40.59564776864756
45.69777400823635
18.246770219836286
42.230580564916465
19.987736382952868
52.76254155687272
45.22625260053499
61.06797048480181
54.34778986013971
59.140322552599315
48.6679775974551
58.88180030691574
34.519681693353846
50.29528901995437
37.33514707835728
62.85064127296097
0.007853637233161237
42.720051385943066
54.05599015588304
52.0001446356447
26.46474256853645
62.029099096396564
59.19459522594671
9.565698315848486
37.90806242936346
41.84680283353826
27.251734435446743
48.034921183460014
31.733164210289445
50.84553647562773
55.50165314506138
30.05024459858806
59.82625008857471
31.317036455604423
20.72231646076289
48.3867454606155
63.5335432703506
14.710381202075745
17.03617869125315
24.51601781974935
44.00153756212607
44.402810722807985
55.32356544911324
63.10002228044092
32.49310031687477
55.807517221752526
60.62996932225834
55.80972373506718
36.86686946021799
7.7757054134745545
58.8048543206593
62.98758548347192
2.4330781247571664
47.08071954559064
44.297209614363155
15.034311899718539
32.96915263088154
4.034385049234778
59.97566635445781
49.563649449891514
43.49671150569945
15.615220375082842
29.555001652636484
26.50967349384343
29.142170887655553
29.45741959780638
47.48341908600285
52.47564428618428
44.41779154678548
28.164666460384325
30.137091818244215
57.93248696343485
43.19647878480863
60.73868427763727
43.47430144110636
53.327817086613756
2.735603471987041
28.74386395402471
22.17910513975979
20.5663730710302
50.76650825883529
42.42643088898012
50.9661424747073
16.320593962982876
27.3406698554317
37.93689225026115
62.99569641644931
33.23050582095062
34.29677431618403
51.62549520636493
62.021449001144276
34.60839234838721
48.80318428208748
61.08008419744463
40.60459279371368
25.62741289217572
19.97261545896842
7.382817453711397
43.51622308133058
47.838309444591204
3.925610564403293
37.289587300224284
41.34067877516907
47.99047335366107
46.27477975080307
54.76309936335539
20.199157857318532
60.76997360592611
49.72242423172196
39.021030365922286
56.32354450327102
46.84597979146946
18.1911658386924
39.90643938881276
2.251899713979327
58.55622239616624
42.04356644552942
31.30402840016437
35.914998268305055
61.73356369797756
42.162479028835435
49.17488087585705
18.713715032641176
28.333083428523544
59.316036607399255
27.00651787728419
10.885009965156435
7.214192714737507
55.62212929375231
63.561593042173136
47.338422813674974
9.09861935065824
11.962412295607258
23.444375294599595
17.70783328615127
30.570085738799385
3.5880999379667813
13.350404929089542
40.28688038950147
43.1219314897757
13.497705592152037
56.037438157097405
43.61481813391369
4.362903290182473
28.24128826655261
16.875668566076904
33.96308979458661
28.993974636327074
52.44479533426076
63.378450997488876
52.87121134370449
35.994314319625005
57.04597058604755
63.86334623483718
5.587313443918035
62.13727092607502
58.89379642728068
36.4281592259471
47.22557375047458
15.072399487037607
27.047874500564255
23.390170161524182
14.098067713721733
60.02874208663668
1.3079101189695024
47.771389138393005
58.616583409138215
20.28746738120484
57.77556155922491
21.885247048454893
59.105490470723005
39.63238075842583
61.001206125184666
58.09590331670725
1.8149607019172223
43.283257379474236
3.5361991982015297
58.58906605938963
41.86663217425839
31.973597169662376
59.414795453030735
12.4143305168475
3.8453024754867897
57.06944898379227
28.517513322864588
34.726771442628745
46.86278265359521
60.70770763828453
60.65735629577013
62.940405273239584
56.7651836165504
57.92035790151973
38.42407557205907
53.25852037937497
50.391537557427675
57.50416423746709
50.47565088345988
8.101794201284868
36.959125821060354
55.24331620728315
36.37054557677976
16.147551393596764
53.35949544960043
40.1794774961498
29.73873494018065
11.949372212933163
49.24373599623112
41.184060848187876
63.97334548625173
57.67620046498185
1.2863114026839355
5.562270278342929
39.081140579750134
10.449254123440781
48.06027529492699
53.95707348545151
24.7874156445422
55.870013415965246
44.86929849891381
54.16415305390473
39.54446096856501
41.33611757434441
24.95400792233079
43.42395466694278
49.31359277272239
46.15138661583816
27.212264285588702
36.340192068915755
25.82188766748841
43.91468698490806
54.82671991826115
11.729456085817901
43.72088295265863
48.60665472442845
45.379625446394925
60.91001259104506
19.221633265527046
21.352410933421517
39.93163972274152
41.343738154627204
63.55109748578011
56.9429702180626
33.58858187263306
24.653909826184425
35.2041567761504
42.540976133253835
20.908881946875383
26.215547727335263
44.63275604067281
39.34759352628841
33.93216159175072
57.83420652107321
1.3970747507929744
4.8836310781168635
51.40900048369144
62.0179387870483
23.039503288070854
36.10096448327418
60.33394649320271
4.015021976464311
57.6229119066618
49.076207463495194
38.274232546997446
15.818670153252782
13.237006878714226
63.72085666834108
11.023610287940258
37.09701668195038
34.83052686420941
2.228971064858463
14.090551589910014
52.73548976802975
55.0382109657883
12.105612380036682
43.427701292156804
45.49279726965062
50.21140821071208
44.021538092233925
58.750189330959635
53.399355928056636
48.42376528838986
27.544184311839757
22.622385865947116
51.68611948752279
31.20259236401143
5.874361271235593
25.465053189551774
24.412873953049306
41.6761305633223
37.06263921682664
19.116653077995544
6.71155796660922
59.840104143441174
61.19033522897285
51.7256181974611
39.1448487151895
42.72490630709375
52.164404270146896
36.356449061899546
16.792930797099537
25.176228626995652
39.70475861311279
49.56652415529632
31.703637039872056
13.472231551419654
13.783856275871806
47.08073638881771
19.84010682796341
47.80179073696523
31.113710691148277
48.18542502962293
28.746020309582917
62.39004024676544
13.044335533418526
22.79711456639201
23.643948708685727
47.61728676453118
46.59321085822637
10.591023673470843
39.82596972901612
56.757977900899704
47.879334395938365
63.04155263394404
46.6338215485184
28.148031193535203
50.494359675637696
61.930468740124965
17.92535559895166
62.51237289455331
52.11039565786328
4.420146010442259
42.86185506628631
28.896434488171458
55.74307314553018
63.12914811153569
53.09184385109512
61.18504173649238
47.879353706291894
48.89438924182476
63.81682757290596
35.047305141977475
59.702429430107756
43.190893716825066
6.918132929659642
34.18225863804943
26.949422676920868
32.27029670867155
41.59597036148046
26.45009818687118
50.87780405431444
52.63415993471458
44.80882590992429
57.10757878210267
59.013387167971196
61.04257294682844
59.67399113741646
48.87471744889121
52.27381157626944
46.73481832077556
43.2961360883217
34.26959404208033
61.22011709376585
53.74739055605731
33.73867913078708
41.23377919753197
34.43540791567671
53.21016413137106
54.999785771280926
62.846379969505385
32.79655926052705
36.99646950727818
43.205535250947065
31.040854858430905
41.69355562126718
48.47525498477194
58.26865268227265
18.571993904338832
47.534799913171504
31.59069102541006
51.96652374652217
44.04740666302196
60.7448326762587
55.66205987931365
22.463662597781017
10.091586707918871
59.38107493413954
37.97281795224318
59.12145708110364
55.41371802193791
34.66685505975157
36.512096537967565
28.905271692620893
21.195580153082545
42.32383475816612
61.44236524430083
45.970403984373796
56.920135210012184
58.453316645542394
58.0672295048428
12.344147024521092
58.02378750537795
35.093124189854706
53.12303747201691
0.7335573861867175
48.35028682681495
62.42221023402746
34.05638815326044
52.046968906040206
29.022303446143304
61.30065695732623
45.544633071044956
59.49683737946037
45.70729955507666
19.255541859616763
10.65582331977786
44.960593395184965
62.5017232434154
31.463616344539403
42.99852684921886
16.83346381575624
42.69186160965829
61.49986431431508
45.79900714400351
43.0908582348898
42.97075775047006
17.32475369845104
44.18024878141083
32.99890745675461
62.74611822484873
38.35937213298881
62.88539156576275
54.60102511687843
35.33920203439765
30.159939357552133
35.85780356446651
25.91782858565633
46.759085428721406
35.16076464624081
18.45627021391327
31.161060274204694
48.80708072247419
33.5775332594796
63.168231456488726
24.932958536094496
34.9450574297972
9.554303884185252
13.130095395066547
34.2472479936484
26.83054439233709
25.045566034697046
40.69363383773185
61.54087575926202
43.82510788570322
25.22740284329648
49.84997712170295
62.12433575411398
16.286072973891628
52.51556674243599
57.336943183426484
31.179534632471437
54.73731450995007
52.371521485630915
21.4636526970678
11.88785698607147
58.711875567015525
24.900556117280225
37.055353885393956
1.0070963103689863
21.72815769152504
9.11754343444801
24.13637480931994
26.726686774080513
1.3581688656074178
45.276903601770044
49.93882594044925
51.90075887404085
44.229001378681104
9.43836011258496
26.23871283807228
11.440990087645794
12.940050994755836
58.5395018185239
6.496691379865034
12.841638788335203
26.716506824799055
32.77236875653165
9.320743314945524
9.948370859766165
55.57016608646913
46.693848624796814
58.2167919859595
61.56035785213711
58.41020162469751
53.95172633211445
54.880165332974435
63.40642104058889
50.014119605985954
61.60395277901988
37.04660622302273
41.51694108636934
41.45535975697669
60.22134417143253
25.895363975120567
39.15496247199745
11.480704129571066
59.46009470662747
61.883449241013594
0.577343930264
40.34260978897899
36.57835939402279
63.57345980658379
38.29629440531146
28.371765859323375
45.41687869447781
42.71912255373681
35.99722084032919
46.77503127560564
45.46492726791114
58.70299756944646
57.235140667344396
35.11027606841454
35.87120675398389
18.296612886583553
32.886069313367386
44.19961594050744
37.910106997880874
53.82154806499058
54.358796628835
25.2120715556305
8.605303767442024
11.965719639720078
54.93775186720576
54.61092669229863
30.159911544743046
62.084447942605806
23.925287597880867
38.550962767254894
30.562152285509057
52.31186899034539
39.626533795031605
57.24620644019001
54.02840307642694
60.91091252816982
52.07238644918913
59.87133009928964
34.88114913821943
14.029086025322904
49.10178703048422
26.891498260570117
17.226165237716515
41.51754496421833
39.01471269790715
17.763336007137738
19.983715756896295
40.01299386295518
4.503229241377419
45.766685732496256
45.98143118363302
33.51820650730895
47.33993992750331
46.053059292517176
0.5743735291531138
28.245098043565363
45.198163010905425
16.13139185049512
50.218887802066185
0.8387006739112906
26.210493942024158
45.053720496443646
52.81442962679587
30.347985920750176
53.33867789661788
38.73145683510438
55.13601046318254
13.645048172145685
33.4034481621038
2.140670396400985
42.20201161571093
5.492007351444315
11.488231832268703
42.261867388211485
18.3843917113142
62.80412217074904
15.415501028834825
53.06908126611556
60.98096141484652
8.454015418072416
54.96908169583182
34.07831928710295
38.101395593381284
33.95793248930305
37.26533179300442
20.81897347487368
49.18548179498905
48.45065817754672
52.153607815413615
44.014417983494496
57.94317573271173
44.70983970876294
52.4496885595187
53.72878472026948
51.13248836413381
43.282816890374036
33.984782560574516
22.10286499072697
60.19095676877555
27.021728065963977
45.24995612776957
37.106618058147944
62.18430565894998
48.925852834775675
22.023654858917418
27.226867261324124
38.27277635762326
43.103133486172325
4.57785103520137
17.027337183050797
29.05993273933165
15.173634796333161
60.51672214593567
43.555425066753436
7.892106251992423
41.31699104585063
16.801322663020755
22.49613533008081
31.407709324596127
23.760032266527787
52.795205211459525
37.878693453020716
23.146228978414015
53.58915127748829
60.397255707380815
44.96338860393472
52.46158824191682
22.373615322607556
40.77032934994213
45.103938425595146
49.1526928251557
48.783291823363726
39.89055643346847
35.954475858323434
11.20549379810359
29.463745268796124
52.13919521944139
35.87132942544453
39.80862293236787
39.13602891546033
10.46768850203894
39.5194846357508
0.13376710266975067
54.55210152009947
53.45642806111863
39.66674503234779
50.62010417683665
39.64046354567502
13.235377847485843
58.46759916995916
57.450745897621616
35.39732715125196
28.20134391927818
15.945582431359064
36.95706971435402
29.869926751572642
46.71641882886029
59.02458196481016
15.274440487045233
9.167058544771699
56.54077600653833
21.94266051840883
51.541800516443985
24.988096436356045
5.897196265373665
63.65427438712968
31.61817500712955
17.070252335562323
55.11263364137398
56.118989949892395
7.014188487813591
8.864177197274678
51.040929488835786
10.340768566530663
13.952551392933977
60.54852728730775
48.676163338051396
36.61700670035274
27.699242585488044
54.75902020044839
42.519453323553265
19.09024444426484
34.552067795698065
36.250870750438835
42.08400707605068
47.85895140199624
18.504258545624182
20.14284610641174
35.490996877785385
43.42340102935453
30.77147031904377
39.03849752880847
24.459706203085815
50.42978585359965
44.20888907172632
40.71013196662024
23.456152630277536
34.418549683590086
62.02088668589319
53.09909983671616
0.1960017877557263
33.96061620945905
60.29409689498854
22.716651279625253
33.086128625727696
42.78919561026646
57.92989403820036
49.5765485183623
0.9723600257313976
32.21290148510717
54.52545309050022
57.57381953230682
43.00915812444911
62.85606576334148
28.39950530855232
45.98351457178988
13.167815737841636
10.582860732494396
54.79178005484598
22.24815833037401
54.03976193644735
50.03581561679316
22.74629219520599
2.054726422704448
9.358965806438121
27.100351972123853
34.41134020587851
51.552494467066964
27.85713835279506
31.089889886572585
13.050049839134964
41.57238068729319
36.38180222504604
10.103353895532948
1.4743391719743713
56.558371234953725
47.891232716701886
55.00023767648969
37.348839406991914
51.5381433973841
51.25977210939557
43.21044455402961
2.476363214520525
44.96737810844249
28.73611450438353
61.74633139413083
50.73654645761981
41.437933518391915
48.86806016788275
6.976693575109252
59.97811004347488
59.90658768010851
15.771058272335388
60.285722232583225
22.420278587347184
15.556853597364153
63.21643938676402
34.35687478438105
38.77931652327163
52.2665651592125
45.90990107365231
46.229815495006335
21.205476825346324
63.569239954569355
63.37066587864481
25.346039021668282
20.487395815453418
21.65678681668517
43.82903280744566
35.84462219021144
