58.23168623376867
43.71401401719301
42.86945060808601
46.2771035244034
36.23182503085985
41.07192541244932
63.03336100876051
16.784020934716416
42.970518838821974
36.84669147469049
41.720623256554035
28.796474633424957
61.3571134048749
17.644066234004285
28.552291919697517
57.8056741318134
17.566720741420447
53.99726321646531
46.34573155938068
63.61684437036425
27.495376992998814
32.07835840131007
38.534318888079994
38.508591367079866
29.14241280133991
26.55839781261296
40.795679365105485
12.354453395258822
62.0944671463562
37.67376350578371
46.89258024506124
52.04875931457218
58.31318867776642
24.27016189470003
8.077368582814373
39.904296779168874
27.32723440446754
6.412919720407345
60.886275910243086
60.76828898967274
34.20446592071919
62.420676402229475
14.440501347173644
30.74419330240243
50.92186596782742
33.6995692099884
34.01327402911724
29.098821771880132
37.88858240243677
49.388269307315625
55.958264790690855
22.470763687608553
60.048814754762375
34.24406231875534
24.668959353176476
48.78878342585671
41.49019095971519
25.0987004769501
35.99242798797595
23.790120062757794
53.92891828364667
28.234087193494915
62.02287192496276
51.53564193878995
63.59671157126245
62.57947348596332
45.76603425616649
17.704617387858065
34.73444396557505
15.313853552309276
16.022041227641914
60.42438506546128
44.20743522213422
28.10738999139513
36.69585639281445
58.644872637967175
44.875678247279254
20.93280938951883
10.593131987012036
54.87184034013658
56.101395654458194
51.10530428459835
47.64630290990024
37.17271866984437
36.67300212936081
28.242400401291704
60.44320020815903
42.140023488505996
44.290741344981
48.45862737841238
51.74590989646044
51.2234461969125
50.69280659150631
59.0788171276095
25.102867367581865
5.8865037831660345
36.80828610862356
37.256102624184
56.410824441186804
56.87437411524999
8.20303008251031
49.67784539831818
20.801746710401403
10.200196910351544
60.29771115740823
26.25710408433531
48.11406082606877
33.72159219749267
49.676951793216375
59.51369621607755
47.01359712963654
43.614442058231866
28.131408747086745
3.663850157160226
5.73219032473574
59.40622478139355
1.3799363948901089
44.50698970667462
11.353864298236076
17.65413908452954
58.44741413105158
39.42293241350311
44.764240363650764
42.42289742937898
13.94430396666121
22.60082290313182
23.73141330701275
46.041892766533756
45.40575805678668
29.36331853519345
16.13823407697862
60.712595959400296
30.560700540664968
52.080427102979954
56.098454116858974
22.45788086717193
26.58618426011607
56.236429653320805
58.69080724046291
53.40050749947925
41.46031387411482
48.9568807847605
47.13881605971265
38.74945712006762
51.82721090721653
63.94993173030981
62.03976468815783
62.46419723015396
54.07441982119655
29.479949749785845
35.699093847337444
29.425159537661017
20.96101341244737
52.37301272937298
17.96174373271016
54.36724611113003
58.820816323156954
42.38611282287701
61.60363337127505
31.95231501083709
48.14268935762992
32.07464599442531
60.07863059729069
12.314859552842577
38.005279592695814
28.425743660204034
19.091533508459833
12.336858980371645
39.39136250490972
24.327876571246385
26.1752842874051
37.888800983548435
32.07415763177656
57.72794064770608
30.988131612757464
15.180005519577733
34.90774107746954
39.160682354354265
45.908863786569
55.92042344354685
48.90429678208403
62.19949950852887
58.179866457935724
19.2340179158549
58.67850679965267
22.52056042476952
14.619878507310077
16.259422930195164
53.6505512178503
41.028818310993174
21.66452260711324
34.109046124483186
60.15793469319214
55.6375737377239
62.92141075390115
3.9469557294477013
38.382788747788155
46.39321270957686
42.578274811216076
1.2148362764356477
26.731701342126996
41.63044317346376
61.53451546717758
47.31628397387854
39.90921922007253
18.02030247504178
50.42457487851664
49.11442876679994
56.243276486581195
17.50693129536046
31.608538722163253
55.537790573722425
42.31060826610716
29.274769049547807
38.16323912594266
36.686561119112525
42.75853176601097
13.428471030148863
48.69007635821909
47.36876059415164
33.58326430773552
36.55768893858985
15.388571790394458
51.12093211160087
43.40646998996927
58.42135194507274
61.26058660605993
45.748650478138615
57.838873515671594
32.70475604737947
41.95283726873414
59.98403461689516
35.77195783030556
53.06689135797152
34.11316322355299
32.39273956847645
46.82403866169019
45.64836191660018
28.6745057576084
12.307871255447282
5.4919382599116275
12.128150672931625
49.327919229627625
6.076612203979678
59.73655322533482
57.49817288326589
4.6277210459069025
42.580526266645776
39.83283570178221
43.092177054403635
47.92913013958902
7.894854290366553
21.209277746924407
62.74382553985122
44.212044454697406
20.73861316470731
24.58070213792164
55.206053586562916
55.33678165089682
36.891800475777956
34.88632249190563
17.483382001316215
46.47573358416097
45.64391386183508
32.76577996098854
25.844789062409987
63.95187495980559
62.05993708932855
59.68451018430437
39.975420543673955
29.808386422340632
63.92867459282595
10.974519233130366
58.13168695062915
58.84165474624282
48.090938481705635
34.241962309566844
55.19783187434197
31.025464778531813
41.82957783926657
63.103813133591906
58.5338284308081
40.107287940782534
49.367472717338465
14.865812911558521
11.34742566139412
58.44739575137702
30.054644705919394
16.543422405678882
34.59696231259156
41.94406977316672
57.03897669252405
40.052821858578255
37.26529096422685
42.47755806277104
31.389463470396834
15.95710195100429
36.53436085927112
27.21845260044755
23.323411740655175
28.595054888854897
61.05179789916336
46.228666882074855
57.746784823830495
57.57727934260635
44.4236597584284
57.08015462901282
13.642006308573613
56.28450915384833
59.66202577741917
30.883570604672116
49.34307460576397
61.98021640523887
62.898256954885554
58.48377126064735
61.575540447203416
44.92601322181298
36.63327470103962
37.33803702786157
50.60736998110467
43.4157098271841
57.937648439962665
23.943175180043788
19.6452597634745
41.66430269683394
57.32609922704812
51.58325238472331
28.23001635956708
39.79170438050804
57.62606560715985
60.961625735435234
57.833696775022425
33.28856247113794
52.79664860287141
27.60465172334918
34.42775823085255
26.412382392596534
42.81280539878938
41.91970524132502
51.688472147068744
53.577895133136664
41.34710128179263
60.3315128879597
63.08508658927537
31.77174011001823
39.17626157313549
58.975031108740666
59.97127677029458
50.2929337532337
37.798341094028956
29.52875208279348
38.165735424564915
48.754279466641506
56.834723081788454
53.272577692007175
38.460845344369886
19.495112674708672
12.16161426159487
55.564720572718194
37.49295597576319
27.126652119613446
62.29348655741252
4.572967717242555
35.54103396535868
59.15360963846028
55.983543011577844
43.335799049658064
46.98011619936088
54.1264152854435
59.0805223365248
52.96115372286293
58.64365851147741
45.1811336084244
13.540494934271997
60.56260359395284
48.331886558133384
59.59944146288058
40.32039933582676
60.31579906241097
34.23991802981848
32.91749484000561
51.92062260306747
56.69644304773367
58.97847818215448
46.084101961759146
46.402678286764214
38.753344521137976
38.58377763272813
51.317151691615884
53.88789528680253
33.07206176395505
9.21136332257069
11.252169563351735
5.220191674073199
43.88578763352947
22.916968395595717
40.940427992505704
36.74707296374062
26.20791080953562
5.796393863690774
25.0695963532035
54.136693574138924
38.62701664240411
39.37450502297359
54.611555145011906
45.1780985243216
59.81333484954886
49.05457939983316
35.86126975704598
48.62578988641082
9.344495593195958
50.54933149424337
54.208326919565266
52.02550379973102
28.32511279579112
24.766431010012212
63.13532250089827
49.14744435365152
42.21904320224701
42.283491898883725
18.87817150166513
34.606164884992296
47.230740397780764
62.75877215276242
20.694729485624073
48.82952321527601
45.735217297023
34.43658237483128
50.90532940384548
46.11887865132694
39.53676017458887
63.158763592942705
50.009077667099774
2.400671341924813
32.579830430584686
46.47694490986504
35.27387946223915
42.56264390743598
38.026580531893075
60.665476060390965
23.827744559085616
15.628476132382893
14.167421143947458
3.086551523847014
58.50407569208746
58.85494282231776
61.8370626959184
62.095633905741884
18.83855132565217
28.51019503442449
51.05935368577788
43.52463614721442
2.802833317177047
63.0085221810617
24.681371897041863
60.94357832455707
41.33686533417486
38.33454453933982
11.167884423166349
62.30346562563707
54.952440892245164
16.60772966217253
55.56121084074119
34.72757568350669
8.797048074311306
8.500998578847003
55.42989924305358
48.68678254725113
35.06088962492024
63.36375597310546
32.92976881673456
53.890605492646884
15.703984762724033
48.67779438347542
19.063925464161684
29.600357209911607
9.357019387446165
29.24806833596631
27.088945616824617
31.42963977490107
20.120921863525368
55.76711470449709
27.39643463531548
47.818373770814546
5.08105031459349
51.84581054336965
46.33425027840844
50.04579715059368
8.569855952302184
43.844138512316675
6.3417027767266205
61.010711959272804
44.334797257110566
29.22476942099786
60.94077151435895
56.34278779001415
31.345850855847814
21.04507832950594
15.652033925366808
57.60988922409712
61.790982333055275
41.057028687376445
48.30952949471986
3.0592933817391454
11.433601848955398
27.087678925746317
58.101184956085774
56.83521157334821
50.019166947596666
47.842025671451026
35.90053450516042
40.9066741538948
61.37799848063251
5.751365840323928
26.65051943874314
45.177169811866385
34.64129465577669
20.6929450864941
62.08125480907652
27.683980727286972
38.42451687693101
50.61361544940068
50.710979511797056
21.68437890149066
24.809687433076007
42.26072141459723
40.114561051613855
43.87065677234056
62.0522207426147
54.5128365818905
37.016989180485204
41.99129059548473
44.79995198754156
50.76511144917545
57.95068817570662
17.616509232600784
57.86087824670041
45.129040013288524
52.18402493817847
53.468050124379644
34.62363869903623
63.90749425045586
23.588409136295823
34.42907663608503
21.191774289850578
29.533380101791614
54.02024787038674
54.48715972046339
46.98726314913803
32.84452090507236
57.536694092422934
45.30805529510156
55.275364599852175
51.40139053494465
57.52071243983242
31.983571412466752
60.67252285629408
29.389018878787056
22.09068672990869
28.780890846185457
20.610561675569265
30.30115505243966
47.98757595230275
45.0972490916907
17.38026524028752
60.891413519898734
49.84664643281919
15.946122110771547
20.23285849248412
57.122055235977356
39.87650771174276
44.06570954558454
43.4051185520792
54.760880691394505
62.681143346956205
46.10122824732907
35.00033732557882
49.65958603954638
54.12937077888918
36.128749815078265
35.32920963487213
56.16909271823129
7.468255218874532
45.18299060104597
37.25738198343154
41.471446969395046
58.24683145679383
62.79931613375153
40.15905675816333
44.97653642866769
33.59997975114243
54.871957003808426
57.285783530565965
49.798778033072466
6.960452833049416
39.61832532963671
29.008107652532566
33.626117867925274
48.594322677946906
61.40406908901761
0.19346032403785784
34.633292321531506
12.958860977502518
33.36513981162315
8.055861656744156
41.98706921817838
40.54666800796196
7.253049546740456
35.164267073681195
31.05086855593582
33.438268403776206
10.071824334522795
62.252205126138826
43.2622108246389
16.516910622268632
44.630276456259494
60.610653401578084
52.853308436161996
58.088314513608054
48.637250804483195
62.30820354106313
38.253287729793016
34.1024721723395
63.63094064280407
6.135990961667453
9.236600191914441
27.849989498264698
25.84937998777228
16.64117755412613
62.62190920213913
19.243486998187805
55.1384221013667
6.387664144805399
58.54625442666616
50.46390969951302
47.72743621491128
37.79164737395935
60.405796136779145
47.655507899164505
27.523669992079157
35.69599191083691
39.231607433580464
60.46226316067418
44.14576551486634
15.732107919516302
40.23062018479193
24.39007244964324
7.654793924298872
35.45790593708976
62.73111262489885
40.35550787607852
57.51772594144613
63.68965511414509
47.77059233847487
52.89946111100239
7.4410762369593755
11.936007728734658
41.8546811474696
62.43036918599185
43.860255271933056
58.20393743921501
21.382393351936578
59.80193449400385
33.51011930452128
55.849923604976084
47.555428258751135
53.844904341489894
49.06066835213933
38.79047468605545
44.632152765024955
53.068525694821524
49.31918101531353
43.58021946081291
43.427166100655086
48.86205409506202
63.169277498322444
47.98752549738043
21.437098075878694
30.552837062967413
45.09342653233108
47.51965658376568
15.576401739217076
54.52599443605301
57.097390798865476
51.90806267334519
41.15658010330532
28.765107409483882
62.014357596176744
45.11043325393366
36.903171202180005
34.1249510600333
63.965424822007584
53.980818250144125
27.679381192546217
58.069279392662295
53.661891195142786
25.20055388748885
49.9234944638323
44.56133657510085
26.955892303998674
26.750248271885013
52.354636684352
50.344796932676545
43.44423511830438
19.722284958264908
22.812181505624878
38.984910873989605
57.00053648818483
38.60276254010674
46.980883191335224
61.0040141572829
56.39380510563943
57.29484210991995
53.46827427400681
59.787737490031105
50.06889844835039
46.10019045993626
50.616691534899424
23.834456878733825
19.550289518462336
28.504990440909772
46.99529370830616
25.17400599239044
3.684167853602837
49.70245171634063
32.7726218014211
3.2044421464275814
11.65483140691812
39.39175755241479
39.77449078691237
43.91713839288056
52.55422861130871
33.61197021027718
35.79241861224949
58.79998427121053
63.71392101557463
54.386423113045
25.820751057707206
60.3929057843966
31.249552270069053
60.45042274219258
23.05441834670325
32.437101643503425
58.09632923806188
37.720188988929436
41.02896933951777
38.923547741469044
45.124539738302374
39.89943792966738
60.154993406509035
54.93811328029655
39.7253403260905
21.121549380084716
51.38271044750612
56.571868666855565
57.838648207811985
22.5175526154553
21.89738238752095
45.66940116322758
31.555320574144588
63.15146328710721
31.321667170621048
30.786778320184617
60.76895880397299
39.856195056555485
62.45244889883564
54.708645937784546
41.61367176521418
41.629529120554146
19.345632925859256
37.7956466681871
49.61781277415557
49.37341245023263
60.87552484747502
45.463911923752704
15.70179658314342
46.312099895453414
57.29110549593533
52.225910809324276
14.961470298020075
56.32213523646311
53.451202202199326
46.8500942999635
41.08279938820024
49.30684221494591
37.746781054544584
35.87472558042824
2.385377579969692
34.91905688645327
48.374815634771
12.653838258096926
26.551055374132268
19.129662241914488
49.62630227278455
37.56585050731823
60.38054392080536
43.10304847675003
14.52465935068986
53.44942704076753
17.421611381183453
5.622537677252296
43.009848635855874
10.02378920808659
54.70344206973872
56.22375680578709
24.21143266594769
53.10324321396923
57.39513531517502
39.480060812833486
28.583803342502932
62.45983849581037
60.908834158981264
58.13423609223221
46.90708035192803
43.27891249541504
58.440795652538995
30.052407220112727
41.73112262707254
54.187157547231706
44.55719787667367
52.797995250748585
45.96697514871063
34.88988569723915
30.93487094472662
16.923614608326673
40.59568503965092
62.64693848966577
49.74645884550108
55.70948348213231
57.18508176461918
26.062783442255935
55.1636903174468
22.708056379661613
57.65389041244848
34.19869722905945
14.685811372487578
53.98323869334407
20.27588169552981
41.12786981400412
33.037871249204784
11.012320364296578
37.046962354151475
49.12889948683894
20.413242893455404
1.4333912356919996
55.08501979780885
60.13888649731746
46.50602555024075
51.11296256785332
22.660603105992948
62.41039390816412
53.3238707343822
20.99074859952401
50.039462155289016
12.378749703325177
62.40332147740828
41.87074136501522
57.73910423813292
48.514177896292445
47.07845067814575
51.12582109096921
59.216469922142224
48.05361911721822
61.08581354605568
10.027620089786865
40.97285325817601
10.008157420811628
48.09455451740321
49.50468102656754
49.0802500666298
29.382148951613352
52.07451144403668
18.3991565399174
60.72773012126303
32.58899807606946
62.12759208866956
42.13789154738908
38.17674895721096
33.403588113889924
51.32299853915681
56.14720866165854
59.883431214408404
54.9653388133663
57.96454838602884
4.16580207175776
38.65877760091581
55.06886696241986
19.914590646570787
26.200305636640707
24.97584330715256
30.04286215906079
34.65828192638146
11.97386011675924
46.88683413262119
50.13830463132772
39.61427611031327
9.81849343595104
57.21853183019966
34.79315359297685
21.018153067357105
35.65197235587296
32.18513390646573
45.68588412351092
53.254045026099384
45.21480686462672
40.21450242712235
22.54277804109624
56.1407358796817
57.081546505541795
35.182928095420024
50.06099247180205
62.45237994438395
54.9374067755903
51.9950310940752
15.126456184090216
47.925527474789455
62.86057014546213
22.454696716836203
13.436587577181264
57.726685926655634
18.676493085022315
50.800920976233925
42.93012880070326
43.647182128441855
6.5991637088407415
63.92987431025609
25.804660973658855
27.057565913553333
23.38830380974781
14.012787072853762
41.9826324952576
37.96265906261699
29.031809679114183
27.945923325651172
8.080605075939417
57.33739851646165
58.384073912668875
28.95864586440588
33.30280814453282
6.589775466981244
62.852089222417696
34.30095781019733
57.50254634877215
37.65840691881133
45.88208994682783
55.26005142587686
50.5046731038549
20.522875541908988
53.12745411569556
28.046944329331126
19.125363603185605
48.772653780181535
31.683752421655917
47.5350092099557
28.709411394300346
54.25587360928603
14.046073956449256
10.851351444508872
18.730228441918918
31.023556676433046
44.68410528746462
58.19349276103529
31.04159948478968
13.736662491094165
63.97303399914543
54.013798192541685
33.67262768239726
63.25720163739213
61.30951311832773
33.34413358972437
17.01264979252651
38.08179636183738
48.25655067379662
52.288131866144575
63.08920047085479
30.802904253570652
44.60895615872728
44.49444846383182
63.937024908558854
57.4001597056699
32.11621305183556
24.02549002129473
47.923454010566616
42.71853583546998
61.37399582883459
49.2717512827451
14.217489778405259
57.86199712362491
53.956689885752795
24.990301736138385
59.071995886540314
55.90289987408383
55.04491645621248
56.68868152410944
44.860253076748315
25.386877866683477
41.83858832467946
24.7796512265718
51.09992406720362
39.19631615736995
57.91906472008311
44.37087257590355
43.3227358502592
47.05669507905267
52.96684038326943
61.10864457308982
53.438307510939794
57.59157460563179
34.4231017611022
55.01887924946699
62.860728885032266
19.099765980507364
11.21818208269552
49.5511115105072
45.53591274959051
53.77229094028064
61.70034727078895
5.26974045776376
55.145829530810516
49.276295018043385
38.75009028145389
51.96536466429505
19.953380695225796
36.5024164225932
52.64804613911639
14.92205630793542
41.780480423982006
10.221923702654777
61.767730336545405
43.095234416462084
34.23801246755042
39.54008067509572
47.991162236552114
13.743466208609156
45.50445081048329
51.67170094821854
7.781104615524043
28.15975323356203
54.830382899987
47.343583386040464
40.44163785243414
9.300710523318912
13.738810950204694
43.08075267121422
60.116179740050406
9.888737700447948
28.740793682611972
53.8849520787476
37.91524573129976
59.24551494876492
38.380757833031225
63.017888110847146
49.74068459264767
63.91481371068702
26.58857590958668
20.23850642753426
40.38307315712616
33.378451821400276
21.546156951131437
54.11035946702823
60.579716528439526
62.436776170219794
44.1440255212259
11.688048681072722
62.07006293991616
50.371563598759145
52.618028919991254
57.85899356562368
31.018840098156666
46.80198073110651
51.17196488204343
61.13853608946458
46.26596438635471
34.93484022583601
36.085666476680366
30.982223405174544
13.931232887549221
63.75822613835155
62.225900104546874
59.94690166625846
63.6723116170044
12.218634232803112
29.071883055444097
40.589432397720586
52.558448474780846
25.408376747120847
51.51109958801832
29.188828739980416
51.00904343085361
25.684922800382836
53.29802281853452
21.6831875177352
46.036132050261344
46.613568108228364
56.27106358792621
22.400490079638843
28.03116934641062
38.597022416607444
46.69787105610128
57.01629930068198
15.467479915088276
59.67348121569183
16.89340750355386
52.56513386391132
38.14777756273645
51.9879627124208
8.949464165724876
21.046716427347576
5.100343580836174
50.328785036428194
47.56481757430216
60.132388093382914
8.733659284754395
27.481786245735165
53.006130923689305
20.107652698322134
61.265659825263775
43.54374794762157
27.408832591454804
56.12301536403027
60.70005418938301
58.52751105486975
45.915103893537925
22.798502102538166
34.1473912216056
35.859204761117944
39.88920119907796
32.43003056708767
61.58206683833087
13.45350631677396
53.048455546119584
51.597947347980025
46.44513088080982
56.33363552779667
49.98336712636024
39.48855284042219
36.38491069992365
23.725427938588332
63.951525668712925
40.48216159616125
30.701699597942984
49.981120549209585
62.32391313813825
21.401956680759533
38.63849798315117
44.759987939302285
57.44283437478591
49.62408322598868
2.742521843177663
25.03936031780104
48.38912932079705
48.53423840150271
45.47150747105661
16.487074544393764
47.97666005682815
51.20536779560796
13.37278455524936
37.74755880850606
59.37047964520588
57.42617214219723
58.68660984078097
62.67054039786483
61.47054557987058
2.881291847854108
33.41515379012585
60.79078443898303
5.6930823188296955
58.82396535967911
41.814887673581
0.1799846808233596
45.93928377621491
50.90635045795413
55.23063844573614
16.86541959032916
47.96203195044093
62.50138582609156
20.548553946073113
41.21617094070773
49.13921096417803
46.07145658564484
60.416820634834906
62.6321436395263
61.00768935641399
11.332332259810507
53.64860077533896
41.39060715824717
44.97419115408111
6.957036283959127
63.12025895387494
56.748929590497156
57.05549340745612
23.12859659236758
57.75502262073789
54.298978434262985
62.640149592820364
30.90888961616122
44.30835408820157
31.950577405239635
18.79466660567354
55.91826207240187
43.15203539502877
58.49854616383352
53.398116650222704
9.388038395930337
59.847836979881066
53.27686021620531
8.680025262815832
37.478208585821136
35.3857612290255
31.000923852422602
33.96182356251016
42.687641237876626
21.87388747194469
40.2154941246542
13.774896345090525
61.658629572619866
61.765342323134746
49.78079925296332
43.31036199723595
56.11135640882371
52.13077572905744
58.029034065033166
61.924474462317185
37.989975679970556
3.451248497252294
31.46630333193493
55.45607408859551
20.87619659344505
38.07417690833715
12.492820344297783
50.75032573548441
41.16224907053367
63.22636076702025
40.572356159827216
44.67562262069718
55.83271315430347
61.745918631180956
22.09451480861984
54.298240392621715
30.049471626928515
51.95718645732349
59.05233851299501
47.15466846780675
28.33066002564309
51.882622793732246
61.45854805055682
56.766239760574145
17.056641375426743
58.938130425986984
56.61138501111522
58.84011542626385
37.45802437455282
43.910373237199735
63.78006744293041
60.734352337627776
51.8236275845613
48.07481845013058
16.47855506751295
58.820721365281756
63.62966219231044
37.261519688915655
63.10767474593753
63.49445159143855
55.98771703078181
53.16066794271587
44.96650575226573
24.892255193202153
31.356040306141452
42.00228837994352
44.24695586087584
46.920077631137325
19.57867737531963
7.520519016018582
51.49830036195387
45.22867213135471
18.825610707575322
49.42963221724672
21.184264500029947
54.1060159883325
25.327907503728703
34.98091273066443
28.581027823426908
50.99755513036408
43.63226737180487
12.549841648090435
44.038717348571254
19.223973966427216
36.14728309812951
4.211855617326684
60.005326330306396
50.10621476636884
45.97652290787439
4.327111443252768
51.43939679785487
60.08572213033911
58.53236149109244
16.365581002136032
53.77660521358193
37.726920139279926
42.12521296788765
59.188866953005316
56.485509585345696
61.56794959029674
28.91701499506597
53.46943373638653
52.24039222750262
56.09396173785272
26.57605535626915
48.943817200617545
41.370449395943055
18.04805682901683
50.52456522978329
55.20767394053383
9.872649838492435
54.768798471612726
55.46904096573218
21.12345046661585
48.145874225188244
20.214818303943638
62.91247861152453
5.081098492808678
48.89251916824698
40.679594301023606
37.15974493995833
60.00956773178498
15.377107031645828
47.25313261368212
49.798700926556926
6.763522766435067
8.09995334398338
26.709805066891832
60.59832641629628
39.890861708967115
54.57742591527153
33.772485378814046
51.78990087485463
51.77838394759221
40.060532196380166
38.54634251617763
31.369299606342786
50.20595865677254
39.29865890360715
56.13479637042129
30.718783527393086
34.04619528286252
28.368219294791537
50.621611431027496
52.23984775498257
56.27898335911103
17.640467988243934
54.850930038145336
30.293435878393986
50.41997601139782
30.148331481128324
51.63138664606454
26.96798912873456
56.765605419042615
26.69703832172045
16.55311079562567
51.68623287638949
19.470991424115667
36.79639727149417
51.80620058467295
46.34507344286404
41.33453659967769
31.567904821951906
55.84125561114356
44.120611957501055
53.65653612708732
13.270348164440357
48.35602286584691
4.3455057226692375
42.70625136182246
27.550920835501636
58.48713428664494
48.084920911441415
33.70098549065371
17.080903402643806
20.94405419493799
20.503930393229105
58.22904565630967
62.72468411684119
9.009394486164716
25.42055411872532
59.60888961598423
54.820415107172266
9.6603191504326
46.09925516347755
42.57213820017341
8.992115461305765
49.82948285455908
62.172933136769934
44.56612612836598
49.51419162618483
48.08770979829824
55.578783213612354
30.71829465494121
26.589430918846155
38.15569468586478
39.05051621789003
14.973491933739368
48.30798319313281
49.29574175734169
33.205973710460306
40.11159702875713
61.397747186588376
32.31948501810088
63.42404702534035
40.28225547425298
36.92602602779972
29.339258898700677
53.68511482936468
46.64111173888283
42.30303404603306
56.75078527764427
47.257753449706044
35.35991097648697
40.30466563441164
23.37040295601799
21.638424073970086
27.485012598294297
40.32693460693645
55.235230474523405
40.07154827070772
40.396601388769994
49.94679904654468
48.77821475560836
51.66187565644925
15.61830569351185
59.496898545375885
43.862197432928454
61.5014589175164
20.697415822359204
63.54593463780329
35.15525260115213
39.79037085506647
43.017644276799516
50.33632376800045
16.344260074475002
49.1042878442082
45.677371993462074
23.610047158816926
42.60037012322927
13.615290425252283
3.1334432732302346
54.195094978380865
21.128828561247914
59.05278353994785
47.39702613218246
56.88144078371094
53.849010175191545
41.09624103484464
10.506847813268642
63.36313477830566
48.203460684129276
26.544150779374043
60.136619411490855
0.510760889844903
54.09239892429701
38.13319583428046
37.07876890520609
38.848589711300505
11.42238101319532
33.50270959310413
19.244944107919963
57.88142266874453
38.22482896320254
58.984374374234804
38.052999117900775
23.36488101028238
56.72538742198078
40.19689705279447
35.90613765041819
33.2481717067608
51.237139599982555
23.207825398690808
49.44045597016664
44.45284827513615
50.54501915302043
30.08609727805262
41.037299416459604
4.90967323406236
9.177319179482154
45.09428012395017
36.760880624409495
56.0061632314504
44.938496522302415
41.36646964739464
6.644770055025781
54.35086305793108
56.17717149559844
63.11006771394254
40.836589819021185
23.305395932189647
56.16371061969047
20.65213799902577
23.642737663472545
62.579635488169004
24.562898673024684
7.01097139182189
10.487752675979607
49.256296478426144
46.144978968071484
36.140309274934815
56.80420153627122
48.22598057482938
32.272077877865925
17.521982973583114
38.69260989510795
24.76056635314567
24.243745305768805
25.41674043060388
47.17017225471014
60.28074882876433
20.28095240716204
36.81087303223306
57.02703071620353
49.36986351471663
39.316620757336764
43.17464763352194
17.58750261570011
7.889902080443591
60.00072626919378
56.41967486794514
26.47653124441279
33.88889008657447
20.58387071593858
57.22900099982356
19.330657025452687
44.85592958960828
46.805005888052875
40.127569694986164
15.045760730197031
58.33709339727577
59.51450522325595
7.015159633992631
52.08878230889917
20.136624461303875
59.36522624448675
50.67497936882489
46.89646904516434
44.115116376171315
10.036224553949758
33.6690433088862
44.85696943445318
49.29266587299182
50.730560484745155
56.207570553892516
48.86497629262095
47.39890505077368
27.518729889279555
44.59577582031435
13.528482715294409
41.04729846589747
35.042981095813445
29.975010410045286
56.86251053544047
40.15263648082275
33.526167089975644
18.110993582645726
44.997532723175404
62.59693197345769
21.454258478603307
14.758097102085145
61.21973308661088
58.99395682516712
62.40587109843469
60.56141644108683
40.157472865514706
48.017901931529565
19.45697914668792
41.1809241508908
18.097413964679234
17.115995386668594
41.52580017690062
21.757323565443002
42.668647203743916
21.17436605935749
58.63034433256563
28.37292344366997
56.72083106553873
27.571296706324368
28.05860990775726
47.11936774725264
11.576532926833721
21.742129802670817
54.340598524460376
59.81950638877515
33.69597135686482
63.176183901929505
31.000701945442607
46.48452692800764
36.27344658586342
46.695806284762256
54.66244747039923
29.18656434067561
54.482611048674066
54.520539628669624
52.74126319245245
50.58225454496374
58.27948040041851
54.265393684645524
53.88457537203643
24.91082389716982
28.42842325730887
58.291574183284204
46.72608459946878
56.85664734567427
40.50848734709892
25.842902533671612
37.2080462884608
7.391523341436844
30.52647598887544
37.25173371534031
39.10974619135185
56.539569918129715
56.31913098235958
61.81296524731223
16.749939788165854
34.80740177508889
41.673450057085645
35.06733681798046
1.6477996209726342
23.900221473928
49.82897431465823
60.2529265919584
60.103209483612055
0.7462943833673776
23.667422024186727
60.079923773223484
29.560243295858733
43.58342270503327
59.61656955974521
63.773710006197774
31.214554241864057
27.93329550217193
56.25855730005059
40.02689951837665
58.98170379203307
21.04616170300946
62.56087367660539
40.99124769267351
1.9035723986815043
13.304676692330645
59.11034404264055
30.612300145784353
60.4281254707519
25.00181935959894
3.5690213642551356
40.58020680171997
56.779922331297826
14.72854244102686
48.190979789942155
59.90151916104931
31.533795306055097
52.97667295636954
28.82605767141562
50.61260657645906
22.751096476554757
37.001544018489525
52.91392804258865
33.59121956109898
52.29566338687628
4.340156498493563
58.27628843330713
49.31778870938393
63.2639425229372
60.69092351904042
34.556845900807595
13.411697205063199
13.283305480575287
9.260775712505392
49.172160256504114
44.79321906736075
18.22049015578458
54.75847099769841
38.31235403008954
18.414189547661962
29.65555816449909
63.35670459992827
48.611805888086934
36.43526188995061
33.05936608434409
6.9883669212314246
46.47504360978816
52.419393603345995
58.38267895714437
38.982081697286574
33.60739406295339
52.15292991170787
45.79944044764331
55.52018760471779
34.059108160517596
46.179925353594356
42.6536348176541
20.735782040534637
42.20512809980678
35.966109990535344
63.08016282034042
9.738293242957369
10.92359353380099
26.97752085587984
22.71759088195354
29.252928524555315
62.85759874672449
59.078890845685365
30.28131299672627
62.36136293140877
44.57971329139323
45.291006486352956
26.36702971343258
53.88554978018317
10.775372905154548
37.27598357383192
39.85729244677895
34.15430359374654
60.747168414605504
30.6992407546537
14.627662083054616
30.704319139641576
33.246506149601316
48.244415453976124
62.58629011240973
54.511989658294134
24.89983749440463
27.45881820277696
53.19204194062192
14.559592431347347
48.14458652539453
20.80527269186267
62.149110234344164
44.954216531411795
38.545698376933736
27.376835535463243
46.87651454416252
48.94085722878768
53.048475225639855
31.49542507522937
43.43018836013973
30.530765505719756
53.82452004693101
59.79659592429264
1.3879465865305747
18.832347707556615
34.02131948225461
33.50926132668258
30.125487438419427
3.744958882191554
54.867581348365576
34.06220462054502
21.667257736306446
0.12553665919006818
14.970461156600201
14.01232980051887
49.71950955755199
26.662015891046195
59.309578671844704
58.7585862699618
9.66355578495773
63.247488347131856
47.58841106357109
19.72829007329704
24.25488404155432
27.774952175231697
29.908358510107732
37.892978898521164
34.25215540098041
49.78913472353947
14.664278202568553
58.67030688759779
52.449947744155
49.195044838678086
52.41824015061558
27.193501012953426
46.01677313830989
38.25100249562226
21.508114860599548
59.38533341582807
63.94577091237927
50.767934625221244
58.4628701837329
52.628458332466586
47.70840555869161
28.644975558188108
61.97815617068289
43.93427469320294
14.231438017798709
47.46237184957343
38.03633058735787
47.58162675373637
56.63011387479107
24.85261232359929
24.286765316410133
23.930872017705568
36.55393808460869
40.121552318315615
46.513960188106694
62.14060547564427
42.54904305351697
19.70357264168303
43.561616793096405
2.21035887328096
54.84048667021591
33.43202456805576
15.757492625590977
48.46387113445014
58.63778879803737
31.455867852887145
5.3394789234506845
25.269066900074932
52.01325863641025
55.42140963152608
35.55696001531165
35.32319491689081
50.68339263227473
42.40955781122341
22.512952745050917
49.545294423540795
12.72297398971677
44.179062173392126
31.46113795108169
42.59134551328994
34.0152076893009
60.947269975679774
56.30272364037164
52.05703700267529
4.516152083530045
53.39584692635053
55.72748394523163
25.920934489328978
32.84943560588647
25.16612659563436
32.404281388146146
19.79525307285664
6.346364294444598
25.143317781928154
48.52857475971607
45.35167096339971
62.19512880504385
14.876445017393799
38.76001706480004
8.713407710748996
17.306293660295175
38.496598517832794
5.538420476691989
43.96777283321083
53.37616947981098
8.125752719867954
45.43171275179337
57.06246818465903
26.40877150045816
62.61172389782559
33.54247573839128
62.8604105394832
40.132978348136234
61.82436324457463
52.46581040466813
53.53841772510859
36.68470136976017
48.36136699161798
63.07801107257462
38.55473268889663
55.60104915107068
30.032046774289377
53.58441186765451
41.704837153933184
41.50557970899855
27.0537854210247
43.94147257364495
48.58947104125491
40.69347771063768
6.5206253317446325
18.651439928966802
58.53291769946121
59.987569928125495
14.863342485022478
47.30946791611708
28.386485917523245
36.84361463639428
46.565691362453975
34.55152245897292
50.097808700966624
10.898454545667462
46.44849223329345
25.332405857729817
60.28604412348649
40.401301152522464
54.26210089909442
35.25312552162712
57.455824170983625
24.578280619375327
42.9334576867518
61.332782418932226
15.900906970940895
9.633768512840597
57.65226030678377
11.78632691788117
61.11264695292473
43.74254949556337
47.403506206623575
57.173185975033675
60.17783796051323
54.219675725727704
37.95155424895266
37.74133270155204
18.004638343204405
28.275041512284986
29.39497112165622
26.082355251775013
2.042133334185472
32.36215056436798
63.22408798130942
55.56191372471445
41.692565652583966
24.73240228463142
44.8337031374374
24.053180438320332
50.21811811267816
52.027680575832655
43.12429078772402
26.8818267871888
22.99616100886511
30.965027546796094
53.16129187983118
47.82404166044477
39.15112526883908
44.646547892380646
38.46875022385502
42.41280023822347
12.408405426838435
25.44090106502015
31.082081027763387
32.66569432230263
40.91866419287486
50.700853612522636
22.285646577899783
8.393175585136945
19.900568005153687
38.50236445166867
23.944412370633998
13.531634466391907
3.933808184165599
58.91871414904177
1.8674464890858786
44.0055559981473
19.317826998181182
16.708485672497176
30.13013773593628
12.036487574814515
27.270054214758524
14.015602665221522
25.514057518854905
6.221801119471046
51.578327967701156
24.90438002810003
14.855858143711984
42.01235756671498
51.222338733540894
29.065913429444997
40.894970499950645
56.56065190444343
40.880712101978105
0.904680485355911
49.85494173407372
17.3593586440441
60.17350251409426
59.683399532920205
37.240485362502056
22.124550854550314
13.087215397896642
51.74579861941075
22.91807705103968
24.12166573981881
58.400139310275776
49.02541582463663
38.558451241584166
3.4478348386399063
40.06995429943473
35.323224867723184
30.059831431547195
48.25292125884501
25.69468503679181
57.992397984873875
15.582001222966667
48.89611731664804
37.33633489065775
23.345678647739355
11.347980281647132
43.29858524781278
31.971813952518843
13.125511471581675
5.633539249245253
14.217712786749892
58.65245419795541
18.57643462512364
57.92808621033471
54.26726087500145
45.59576787122096
43.210550377621686
19.33831163382989
52.675294815661346
42.89776017334336
24.547649837283352
7.436259682331588
8.59872974972864
28.805788753089324
21.23731889276241
10.371628969740023
30.18355885374354
37.03804121337404
3.636554950669023
44.02751714252802
57.07966858115518
22.61629682231773
2.854539842710281
35.08993039386124
20.836545307700682
16.858912949239823
41.22433633213488
51.86885913191653
26.91504649601731
60.96512387863526
5.078226344257423
59.150646237199396
57.82927029084016
35.554931750653815
54.77025587522559
31.873436987145702
50.231338788952876
24.850505762769238
24.1404458674038
3.4451736610960637
34.50673240769772
39.40420530184261
51.619231090490274
43.175772212913934
45.295855766914215
34.02252232859509
50.4637486744445
59.48980161058131
58.279846535158
57.0766394616054
57.19446768727754
32.715387517116625
44.55566154962952
63.711895813612514
63.88898942330692
60.767874001462175
14.884678854742852
48.6087261042331
8.250144139234571
56.372595333320334
16.39587784758917
11.283447055146517
46.59913358070364
26.824083539366107
20.635616622317542
47.54499435805961
43.95300361489174
33.77823543770976
62.79751494932748
12.657041450394608
42.12233324094608
25.86742218655869
4.84429527610785
21.360315340114845
63.489830789940996
61.42613229871269
30.426184104607827
50.813053780137466
27.54556916992027
55.27894352364973
55.993401183685144
12.096934304871084
23.127264344626383
50.62565834242307
56.73880182534446
23.047072206661326
28.67106854919279
25.235247180143737
38.32978010767958
34.1624838707134
27.750779920154365
61.42874450842943
17.198578938174293
4.120874741761519
54.64070385893221
39.49356713755802
52.41609733315196
45.0021005953594
17.419444659679634
19.8769690187747
45.37546081848324
42.98191855978674
10.834024687542147
24.93547810604405
38.77453181335227
29.594811736400658
25.02871619067264
62.20171240423149
10.486288149948898
53.646048910802484
55.40975622515372
63.73673788493153
59.90621864745079
22.712647077825487
61.46240451455801
57.63611381411611
24.552770366419935
35.57803839725784
37.8232904923369
18.07206987000535
56.8257002640659
46.92622868113959
47.06087285049369
22.94200163810212
32.87607040454202
15.571054781577146
60.250615393205315
49.592431832334896
10.322403881881492
21.170158300824177
62.880132327939066
63.208869992042644
9.929056459077955
28.88454808716969
57.93486164967469
60.360991007265675
26.396752814294317
43.81841567813535
32.96478230303989
6.1302212192064545
62.81295176240006
36.90820241907139
57.148216500497135
21.98543445884456
17.82535265838981
53.599224174658744
57.05175948019606
43.79878477017327
51.427824735536824
49.909323734850936
59.33411412357045
23.428873745418045
48.35265285291515
59.94845687040015
41.296642761819854
45.480930811922775
42.657461663823476
25.473542060675058
55.62579086185906
58.92508945682153
15.992977353623708
29.404115283051247
53.84614717365591
15.023567251445023
44.32180030683634
6.838614627456032
56.28904729652089
52.87381719069526
