31.631578114604984
28.828082912462357
26.268595528886443
40.96221140107262
45.71005219081978
23.241643001706947
58.79527672600073
52.69768876163465
29.598024829700478
50.79820641177032
60.850510885360116
24.463309583604882
34.85744028009066
9.968898555469941
30.230814490046853
62.47336014034772
34.186383709673365
54.46628114282951
34.86315012434429
5.134064783116642
34.9702786782442
24.091785551483675
42.2059930967211
44.33291283434231
44.142150673905505
47.9947753705753
31.22202593158844
63.57297751417958
54.105166779145854
49.10616965633448
58.87602901897791
61.00599923576658
27.185027733722087
18.553686071791788
41.01566904012312
49.5183319617058
5.50953194330485
61.99643856466761
33.70544430915925
1.1632122763599853
51.40979602866148
1.5689272469951376
5.357426504701891
57.07273260187117
16.407256158295404
47.168757185430835
61.669615724273385
48.90620601875493
56.33453580597596
54.16979628474028
39.32371042514222
17.464528795425807
38.29554453384512
45.14810445097946
27.136914473628636
53.59216027572954
46.43785819155224
5.563504781025998
31.936598036274688
62.72550091420342
29.341082759635967
45.837779823228644
60.43847155908025
57.48496810517985
29.01109466816125
42.48507056710137
51.14042897565923
15.71119263171154
33.14139564608172
41.09877924977054
58.874434315557075
57.19403461641689
40.63242494686522
47.178246501867335
43.20519265768988
51.146628250766305
50.73087685426238
55.33217919379159
47.77101482667764
55.65128955714555
41.66236612218324
48.08568796166793
33.77044983550519
24.595559707508777
42.799187335630236
39.49940662026191
42.47197339883925
26.991471914512402
52.60084750843028
57.10264204885058
12.45150026773726
22.95479546339238
61.964530946007024
44.77574819458398
26.482218883657247
47.73267222414546
62.20569282155719
17.923299807729535
60.72751826617345
30.394606950333085
27.13415284603444
61.39690734022513
55.5510626979578
38.00721315571881
43.67521552002964
38.442265292441554
59.921489724753975
17.523065601445268
37.850295816972285
36.56296115917513
48.720261850382855
23.871784003307162
58.40529750224517
63.297446165398526
58.73023253705688
39.52851807389129
20.497561071206405
51.43604813416401
59.83698590540216
41.80043118860247
49.41428313213572
31.663915844223183
57.79427514642684
39.48967873062227
63.33722928131383
56.24389091268209
19.884388169608606
18.009457064636578
28.535814694452377
27.980093648608552
35.575468843346094
57.023588486598044
56.68919515501449
55.13405979489825
40.83421842805534
7.137333274795424
54.46043746367674
35.288677338073846
47.60696030295579
21.756746990932868
57.18753143336893
42.17952100762068
31.162004713079284
48.23756516893701
61.6812058383707
40.12582465800302
1.9625478846660158
54.862988862691815
19.709860468352588
21.568605149365382
57.219909897351044
26.081788550438546
61.08149725383522
49.03533678230516
3.2573694450205792
59.62023624086265
24.43595715286267
15.860446528384394
49.55242794581222
23.890490725989025
52.31894676651142
56.50118541092964
54.93239644644643
58.89326509475508
42.77193119294621
26.25527189138571
14.120546506100183
30.61510309588263
48.739659632453936
24.246752346009664
30.605297429788372
29.848291993855284
43.83740471344605
46.77152024700625
13.666552881511322
33.04984949412484
59.66196037423706
34.206737204817614
63.44221837526719
53.21159168711077
11.892448070712433
53.3850016309144
52.646676431300534
58.25208787888823
29.217066370277074
42.364327682398056
35.622815072020074
54.55955539722279
20.80701649780628
51.091556810531706
48.59126729963255
57.64464917851775
5.007634066340948
17.529345180079574
18.83625394941572
58.872200043978495
43.73734996765373
37.35785812536271
58.00294035910033
46.260795012731634
50.82261969272946
37.76789647842941
63.53513215112097
21.445064611709235
28.352450680468074
49.73184955951241
41.64124873937506
44.95153580516117
54.71803053459141
48.34130336882183
34.50380176260187
49.91566478990934
51.340282113178844
19.803498078037933
10.422840180621115
40.62301981788839
21.471124584993824
30.706667717048376
50.22068030450748
2.731157615219786
53.125176921105336
12.489675501460319
51.342153415990886
52.024999305234545
50.4734410210286
45.3851913928331
24.596631205690713
37.40129589107583
42.295667949318286
25.22389967167689
0.29429993568547985
60.78803177216167
57.71432599478167
51.62826645848116
29.81293952276033
4.888923777413268
59.36197161564379
36.812499408543644
9.876680736551307
41.43075209026391
38.39969787449385
56.20837049255587
33.61548233011652
50.409577461886336
24.172586907499024
29.193141922723804
53.23177445273558
43.08466465812104
45.96137263184458
51.15954319223592
60.17438091242518
6.802482848204846
53.713756655374965
60.05033209321739
49.48911545453456
36.75744613656471
26.52337787957049
29.507823775910857
9.254443196268383
38.256997587828636
51.38728511910833
61.022845830940724
17.49968353531647
36.21108082758718
22.9774904939335
37.52519510816102
52.89426417556382
42.89304334402752
14.196716342457385
62.6117715998891
50.46851159261797
48.25516697372281
58.682774644749166
40.096507130221596
39.22271639942234
53.77495653943282
11.386669719438018
51.65070784825106
55.57183812468204
33.576230507687384
63.3843123401164
47.95976022817575
52.009598535264644
44.5326889937391
45.240367023780465
60.73575727639718
38.86596916899818
37.89081057973329
2.9108378676322886
59.11813354050246
26.39810088625663
55.506764704644695
27.34934299156148
8.835099740939626
3.7617056458186795
9.90506421154793
37.89683989986332
59.74249742329494
60.236426350788314
43.72327910770234
61.71695609167211
47.18874101646582
30.82771993434534
21.750486984159643
16.676655516435787
52.49171579522806
39.03772573667737
33.06371591911024
28.443327586638844
35.04873581455714
14.397350572821985
36.269569175448765
42.42298489609853
16.62193479567528
26.46899854222515
50.34982523709509
21.107842370097494
36.144445151051656
18.205907713198535
56.12322050181522
31.154359681594023
31.877642946902363
49.93590933068191
21.0363217410519
18.580051616906538
32.047792526698075
57.033457973442644
44.2520990366672
52.2811444138199
58.34120347868497
35.732444470668355
35.4453319952607
54.930657304178894
49.85272946066887
54.7001391934119
29.775704734296447
23.345099855269467
54.57475432480484
47.413311543600884
7.214862418800571
62.466165302713875
18.08906710303316
46.35070929459103
14.46699384595776
57.839606277190775
36.31500757147499
9.456699379452253
63.815786526887585
33.30298120648858
61.249371734082935
56.31606155499773
51.98467541369439
51.85246812131337
34.64431430927801
12.673601178210454
21.02716048364394
7.540283061742564
38.713923432820195
57.60960362153147
56.152349582268734
51.484826119791855
60.10902734051348
36.766185152684
59.880997020197576
27.37624692781364
17.358434347375372
39.99045220437158
27.371886163560653
44.72092864035876
43.737237241892906
62.685761059317514
55.85748381373457
27.858605396985418
59.582630306182175
7.296036982933984
45.068171399344806
40.600796353505984
40.49567621208942
27.745720761759856
59.765889961715764
59.45359397998151
28.699906479498324
60.80932444799559
29.63068848807832
9.523257940042114
1.790788544497481
40.14899701339807
32.75705916116924
51.86914201992782
23.219365586098036
42.098676918987685
60.989790384993185
56.24374416232713
56.64380185505749
56.67606414087469
62.705854691581656
25.851671790273784
42.29931631055133
18.039714813235953
61.375672697642976
24.30774444940574
5.301479570470484
14.584363778466141
20.72776890236009
53.05966277930597
30.42469475743021
32.14494410040891
6.364182995821494
21.172898151427354
32.733088627575
26.99130032651759
4.991870777086795
45.93818779476834
43.226442677616674
24.936137777814473
4.54263481829301
52.319050518331636
34.806290672168444
45.53981503260165
58.005092404834755
40.03274676172217
61.23207225293477
8.005680691085828
55.64641453877689
17.08050327905135
55.400024980866505
58.01952560464056
36.65109284117452
5.887296010287955
48.39436287561392
37.10092621610961
21.54270761387314
43.601618987396776
39.50447615584796
18.411409273363944
60.51955677793127
54.276703714769134
62.307154701003135
41.49698817790156
47.53662138297479
15.107174761463845
15.308328682915743
41.3145368719084
27.598589356561305
53.87724619269754
53.233938400958955
49.630126470975526
45.56811144788735
34.2327025365102
63.98123135382782
35.79675744579651
53.19076949395559
34.08743761685187
46.23050864569281
31.860295936807937
38.393733699755515
52.88069173618971
63.32737328619823
48.168729903771556
32.54646732468878
61.02036916040193
44.784356939846006
5.802099170185684
37.795848387248476
44.8013137412009
16.492159541594617
36.68992928621012
46.434284422757244
14.787032612467065
26.157009685816796
41.341222150320874
11.762782270420786
47.1419886731872
53.08754443950095
36.11274156101268
23.641075837804586
9.757659273354768
52.307895566740946
23.273535883331213
51.02888544180056
6.81603442425758
22.17953203146351
7.715545046599736
0.06900385914283191
55.43953553743927
34.13430875043225
63.6540436146318
51.95219580706386
19.75256621994484
28.71434876424442
49.72503363078865
60.051973448368194
17.832178005536583
11.536539414716884
30.844390923953767
31.693609660436174
22.898675743902444
23.113523719356046
46.534595339453986
57.309278607964806
59.778046707570574
58.57767859296326
13.908941436422268
39.89032444255321
57.41742478445226
23.804073771230968
30.37006068268687
32.85750908728134
57.63134810755664
40.70591389031117
25.662732981591063
23.90058135162819
49.26629742544627
45.081583145407826
2.6067014351040214
38.578183245497186
9.568842419470407
59.08487820376051
52.56048140464203
24.61802194215364
62.079808383706194
40.80764939893545
59.33632739422099
2.667037371121097
35.57158805217343
5.270297628470459
22.079617586374617
19.577786194658593
14.549405591347558
46.63973217324043
26.225636976900468
54.05994910014368
1.4074499700744596
49.367342121600316
19.51676305528646
33.04422299557157
18.45453002479374
46.665482220445526
18.296162066738574
32.570078616813845
34.49396621347877
29.875302364182396
60.604488939278546
63.554045852878936
63.9326453901448
20.96050860875274
41.50514678885041
35.63607449468445
51.77971459458837
25.392468191907675
48.47344769030203
25.236395028971614
56.43759730724869
13.991178487113253
31.052971557787444
54.056938047264076
17.176327078305434
32.27558628260474
49.249113859376685
43.55901480602918
30.164206572397042
59.41382011639794
60.794915219610054
36.22676914564694
36.949308841205735
57.314105170764414
54.60978070876841
13.984108655010473
17.288154829495234
59.671625669420614
24.95683607079362
35.6789103920439
60.14740040223514
54.952682253421486
44.181973000067
53.81191359939685
51.31282853520218
33.96064280819641
63.41589633130289
53.77153942946522
26.117425637586976
58.13844108763453
58.53215926095494
36.56903044587786
61.6482781768507
22.3238160628542
30.700482225491818
22.411855699441766
62.97649914336659
62.634350472108025
39.342567724384615
8.652989594283866
38.81726985450932
56.78127874147907
6.5331885083273775
32.51416135658586
44.43595831157296
32.91360772130466
48.29070592333363
60.956128537388715
29.22052727012042
49.27313452392636
44.41068067324781
47.42015941746355
30.47234757881248
63.030540470604045
53.09849472941701
40.15986673109943
56.265070493804366
24.36145927672731
62.49617832291266
31.5590569662139
38.86295346303655
29.572587114272935
62.67185757464375
53.97654282360956
15.496450723885665
52.83884019918777
55.716420373642855
53.901687881711894
13.307166455032728
32.80195159537982
51.5459300670701
57.54500376000981
58.65322143832646
49.63816284818496
41.89811998581161
55.18115849538156
52.0091309910955
60.933572038504465
10.324887840653979
46.742497404888255
24.273848742314357
1.430405946241173
27.23197036876082
43.97821599191816
28.574497017385006
34.291902716204206
47.47283716817556
24.425486309713214
44.577034616497514
54.63807132851849
53.985828180317924
53.51764900045145
33.47099861783414
22.12544739028648
44.25429297477413
13.084557701762776
47.2639315723129
47.10552907936029
45.07680973347101
41.39268283841847
57.21854546538002
50.38182932604491
62.22624768074398
43.7317745020662
3.6691003297449356
61.42932853322481
6.938242852089083
50.98721209126458
42.46239693953643
41.73272581060162
44.52893461043657
41.9599458662979
28.18864969021879
44.45419014955879
53.094575059809756
56.03573135219431
55.13717591053603
52.410983114093
1.9455490471977086
56.19244945540801
48.429189973656236
10.585267901205498
36.506768303308604
32.36973087411336
54.69563617581758
55.98951098755568
43.38205274138184
39.30478781339819
48.73956447808769
57.462885644464464
32.635896566494495
54.31506641982115
40.83693757363706
52.245990538139516
46.55523974888028
15.936032388846883
54.11900877704949
63.284124180454526
31.108227260506794
23.41100753360142
47.938783383839464
55.19194682413188
57.498130190011565
45.10775068880861
45.13282244023689
39.278204926073684
49.069509030717185
22.721871318755532
48.8065505061638
36.2331108779764
35.847227830572834
48.8836349474291
37.34931259694912
60.28482945267932
13.95322674008542
49.76559289217736
51.048465603969305
30.087677545380558
50.99090395081994
56.6383689560731
10.354948861446623
56.8266234151343
23.580793615688982
55.40899856604783
57.726377122385614
53.29769582025108
47.064018074558135
2.503159482191947
45.35250125947044
53.92913285305418
30.248860345358253
31.850630620689238
7.723876285678507
20.689399173955657
32.64523988447199
35.74305698664179
21.508451250398203
43.99648111266302
51.67668248253839
58.88861495898444
59.029817404991206
37.129730317000174
49.8455834414418
38.21837927771298
52.662674331087516
40.501547783637605
18.04224663112698
23.412309527956445
17.356111141813066
45.5556378252072
46.0349292241349
12.906954893492255
56.76519742502691
54.95891430531826
49.891940949985866
51.81142586284539
34.799588347402675
32.4823711103229
49.33497246004948
57.643393523891895
37.59419383954553
34.968706567645555
37.47010698114918
32.79241698513421
13.710377525662608
43.55110436522378
43.0273211052997
14.052430545330225
62.48536709535227
27.70563091321096
48.247539427064794
49.196244438607096
60.62034399089241
61.552636342037985
35.915028757957415
40.17677664000803
59.58644023267146
52.61367966182614
60.22020856555442
23.08220438483535
59.438355671716835
48.641921652667364
61.99645755609398
54.656646011315736
56.26501650014532
30.037818760350447
54.624912958797154
59.95226050809607
56.056669093573014
48.031585329313856
8.338040778033069
16.74021285289639
57.156680706574214
32.5309482418258
3.38719188056281
56.49928736266791
63.490211190606544
26.082172442593198
48.17510952723592
48.508777834877726
39.55760680456445
63.58116655311428
21.437756180108224
21.371092015766692
5.309393566104767
33.45831098902836
56.38783785360026
26.675552911889
46.58689867733693
30.437114849820013
54.71432113870764
50.44506263680888
54.15373130500956
51.03758171649801
45.5108958760416
14.88305955365795
36.11721002960004
8.082611739349105
40.583033801147096
4.04965919209473
11.078176454282008
59.61188949959767
19.31910585416663
41.165674457223886
29.12973007989804
35.16832473439433
48.61237425674422
47.42094966980271
26.541881171502737
40.69217562666273
45.29883644683556
31.562361174972857
54.50150502524981
47.4610636070105
37.594964153699785
59.39194770836434
63.473928320002344
14.765119539904347
47.93853939549802
45.87612799584251
11.80382227633968
33.05503847173123
38.17193737144875
0.7119306064218449
49.59523091431441
42.40130519374123
48.58514588692662
59.80482905776694
57.663625868113385
34.992736077164125
57.16575567684251
58.20537084660808
61.126508879924664
39.5669742505898
28.70101511946755
46.195244336814646
49.738180727926824
28.454152976766068
60.349244963724466
46.42808441863414
59.02903563539154
20.627067001737935
31.303003599751037
52.31666456885125
30.06671242559547
2.7956464676372406
42.988787204561966
62.25758766546133
45.56404277582547
38.86319832991475
37.555726688842974
24.501357054784116
46.31981708940761
60.8026649515938
34.803214712570586
50.81281084984581
42.0947949215147
53.5350261935745
45.54014002578722
29.89256384333462
54.11108344108894
30.81346145873593
27.27091596488841
59.338497064749916
18.814115907017268
52.811665578582804
50.56066771414486
31.877631014270136
54.841995602178656
57.899367055293396
42.453535101347896
42.85680493595291
58.4566707679188
23.190302728161477
28.86188871103281
27.952905864686763
60.80739862820963
61.25185719897944
12.684857736929374
8.284839396854345
35.81712952833756
51.332956848527104
28.669152891520383
42.29805673443285
33.66198712226969
39.86095189359288
42.13321008008637
62.38025626037025
9.380864515977379
49.94635882204476
16.840701278441607
31.272478614711304
59.91862644731289
47.213897677340526
36.63080481852727
49.77754602620776
47.43187478386261
45.36413965823388
16.271390986412207
23.130955182129462
25.657570420440344
56.894072198411735
41.38484110415702
9.720813834600072
57.260104486327684
61.013525840238785
16.194166865036124
48.307994760336555
45.0647251444388
62.8977516936984
29.130431986067627
20.532718560622797
20.40012269037348
24.34495705136454
9.208352969286835
56.53988146248366
20.893526941555464
60.18010669882612
23.09448167309983
42.15529308913021
60.80233742642978
25.725048887171056
59.570669895023
55.957642835077245
57.2378206703158
50.6523587840149
55.4701235232113
50.14527941812448
23.16528728025692
30.108947770161073
21.73978598514762
30.58624292677768
59.958488988540545
19.447414601505983
58.714588231138556
59.551959613375104
56.36281098979798
63.626913561507536
51.04131539650532
61.11259644874244
41.557719532286214
36.63289549602793
40.61248198409086
61.04492492018918
50.79745838323285
59.12414893828033
5.582441856090355
49.72139693757347
56.67335229383093
33.96118323889937
28.05868296394422
50.4683417074889
42.78073084019921
54.245610527067186
57.00588835669339
53.919761907241124
50.07301628099103
44.61072360055546
43.19981767230847
37.2991962724288
53.02716823750569
32.11288992350991
52.01373959681496
24.44742483294978
45.07742937516683
19.701945483309963
61.63820882922368
62.69334053432472
38.92635816692804
30.067667042935533
48.991938352762446
18.149444905074844
49.66595393498298
34.71093163372499
32.45454276144626
35.398534803283184
40.6055004304349
28.06736501653561
60.63214580076844
55.07033838002127
50.8035232455006
31.525011769712044
54.788313933097186
62.87234500880001
61.75509634861617
16.35066416456187
11.010861951624783
38.18219798503006
47.18204208562434
42.535318504422754
60.145224023553446
18.079739013915145
23.265376827494983
27.823637225830964
56.580069912493606
40.59700988515415
61.94408437453703
61.88850570124585
20.029519552403116
60.829987265706464
13.49897879116611
28.593153026691056
31.724774925739553
48.85950215748265
5.429945971494909
61.173292946959535
55.47000062737206
7.937840724020269
37.19724902450069
49.11829324816749
38.32283398825245
37.387768876009346
24.85437962781807
26.894309113848486
32.26292080899751
27.779586781800788
45.9806633378946
44.0788209116826
58.82322128875463
50.057157584238894
52.976841579612454
43.56888708635315
35.04365481083825
53.879851801415896
52.29914343125728
45.475296169589825
39.12740539285039
33.98170992853064
38.516724975043125
50.9896493408047
39.49461678452647
41.56590774594618
25.8969866442921
50.378995449218074
50.18331422820066
55.85753397497449
35.421325717820736
56.6947530895939
47.645483259254576
52.7499049427375
52.529887383433774
49.30575490803823
52.1544458693839
47.27834694298903
63.92502486517266
56.34345906198131
48.6307164619564
3.9114558741733063
42.45883465251198
49.222806496575984
39.712254410842675
54.34014847045954
41.08680895870546
51.79801822702999
28.31185380677777
51.499372858646694
35.14223198799182
31.407541144665032
59.800691950861726
63.35739869883198
53.56461540527448
31.350178030791653
21.341463683522576
17.563305089105384
61.3961307864937
36.44537794502709
56.54000355235014
15.772222460309642
62.26875312311128
60.32482890304115
28.674769992693832
46.5005142073651
43.82847358429561
59.090711085580935
27.462558244313804
52.753924729771285
49.79726184692636
54.65244918816437
2.943867961384967
43.54041343238488
48.673717561511694
6.123697235017062
61.529458745396724
45.32434239793067
42.77497162865342
16.732755386846314
46.693691968592134
63.35385696573071
39.23738171791573
34.32275392343714
52.10665667396693
45.984363906331296
10.110155671963383
29.865809226096367
36.353400221157784
31.904955384732432
28.640114850682714
57.40589134858459
40.30825132636642
45.6276151036545
53.51861957540488
38.342945227268885
6.843468366548173
30.09737468159605
55.45205132494834
35.85436796582127
1.9244953988833657
51.84068993270294
34.52296007736632
42.84562161990489
38.795640332314264
24.430333423395133
22.455382149333204
30.30682976833794
48.03323924223609
11.662287307776175
53.59700160491364
38.53831251279813
55.57475471760326
18.89142085855992
56.306073713394554
50.86991212385019
4.206339856825004
30.858479274730485
49.64458757083234
48.958280415820326
37.864930600877514
48.16431547508959
52.137738665464695
20.56932414071236
33.12707736716056
49.22165373875132
62.3659403783261
56.71677783408941
37.50987810581595
32.9026522207183
30.015315123097807
16.30318975129878
25.346417774366337
41.362851059499064
43.049616672603406
35.88160910909194
57.3311334777618
13.631429941063999
59.43196985794025
39.57418174185353
55.18249777192371
58.5352196894728
57.41273638563806
22.912168744846838
11.166048355447842
26.70912843671008
49.35461610267589
9.221589691332746
14.962235060144117
33.018732226584724
38.87021698723268
37.73935474529562
11.344305959880536
55.352020258694196
47.1942202892817
61.49645409665847
28.390745449914213
20.581220126577918
40.35687664131052
15.823353383279958
24.85792977692168
38.54073502902388
59.03768469850024
41.691295081035875
33.9982990326574
54.381998728039385
56.225606433794965
8.664553880740428
17.565038186480116
59.79046592281572
42.95942246866247
39.795308002253925
63.62954614521978
24.272002613997486
58.85240550452499
36.30304087917442
35.81712157236289
51.81058338384179
42.32435481201824
63.802042211645386
51.00646295397528
53.31772174437597
54.86104955155646
41.0761250619572
43.348869777595155
52.68379810107917
50.238401802135684
14.462167972584567
28.308122240434933
38.84597767920131
59.880889335638145
22.883717580076578
33.50664505190177
42.5926471678449
59.72493490245484
5.909291896596827
45.06643146524388
40.9402548048922
45.51007961141111
15.408214632074326
30.396053502066877
55.36671867697155
46.851346811600784
63.496264985901526
58.76580879145827
3.517462459433233
38.592133131145275
17.62454584661942
9.039936677820258
40.94203711144715
14.498733753933664
9.561731102716259
25.675937640549556
36.47635618221764
58.31272811571453
62.980408932858445
52.49738916821059
43.20844656959393
17.959740752576394
54.260073101067604
63.09292373573222
5.550709369613429
7.55508337102259
26.11506132327193
49.68143793849489
23.832375770547934
42.47399989319211
31.229137882766715
60.24979594892484
50.39796592911023
28.575268614923544
55.2798730517481
50.63882917826866
20.329618928981596
61.8636425009432
11.887175876490353
60.79568205924143
23.594488204173672
4.730801729379436
49.86878813932927
57.87302724943117
63.36364792440438
22.15166522543886
56.989732632705994
36.96905696854942
19.223912628045213
5.244485195375525
16.025753642684855
38.68575098709428
18.415714897143474
41.67270739902672
41.14578163268433
58.42066978848114
40.22953086098892
49.80881382728883
40.463543020211766
34.638349937700404
53.05338172585719
7.043141449068223
33.19934715109997
26.006063453221294
62.39765532910212
38.567984001255525
22.158412711277975
62.4942382769422
39.22226280044674
46.35899394707851
18.583459042962353
53.788815762381574
41.07155930499879
41.292314141768415
40.26923994144327
49.16018881485295
40.555466687758994
52.05486184687962
60.756811884028345
62.35989342016792
53.69095102161916
59.16782565811364
35.52344793618607
41.05228006061917
40.44539178885205
51.457686029970176
32.23509129377254
23.21222780749045
39.63060714622026
36.10742254169145
52.8391275769068
23.26552076528543
32.730217636854746
47.45895690302123
54.657482428624235
59.3423311114768
62.90177797751932
25.568170666459487
62.43478090684227
55.04507966321229
57.462631091650856
59.84229739519034
52.1149637949272
47.76526868207523
33.438405619699196
39.93548388537243
56.31204057411517
28.703572871612806
55.826107839541066
57.265670658681145
50.08651826713983
34.78910287973507
47.31468796252224
58.304133036626794
48.879762433324395
26.662314054918035
22.06601342697182
26.15607843481724
36.724355288503716
19.630886793668857
24.65382660362991
35.98781293582289
54.98257464303966
3.564858483601114
43.523503880615664
36.74532107733985
31.191367173268105
55.62653372216404
10.77308635026013
37.20066075123661
30.313308275251273
27.112084035818135
30.348850603404664
42.33469693093209
40.86610705419553
2.8039942446785773
59.92061980419817
46.65888837328525
50.62122219777642
30.098241758575043
59.883786806741035
62.97290849999794
60.660361555998264
53.16296719793583
36.93011182342558
22.755779800934263
10.092354539051797
32.80296912140001
24.043049177227466
40.7555342897427
2.592516453611424
42.29461585166426
63.96151053885947
13.64387133509016
35.28489056580705
53.24844269995954
21.386105675337284
46.09419462571172
30.275171259090705
37.870367398742374
45.65585569186695
55.68382057546146
63.419004019439264
59.34587430292613
3.7789648719069007
20.534320096889836
49.07547173810762
58.77670101930988
63.632362906091515
26.69585429181408
18.149764740058664
62.88006947937589
62.214377113348554
17.92454339747355
36.11754468379807
57.09167917106887
60.243202433517055
36.86196395909559
41.71886817533667
41.04321166009597
57.66116887479536
12.689789169906014
52.53886092844242
7.173839226908306
38.71128817932405
62.91199514416368
36.663173857540734
29.8674586579343
37.41757042366811
62.29768827729485
37.34874974988017
38.07101196955022
53.204206614554174
23.926540335338395
50.18301947526096
56.43970544816277
21.165992222712667
60.204376520907545
3.6622036209282456
3.7565568083639036
39.32964392321156
41.25893943720422
32.51134792359962
29.14068988854035
36.92522116230634
48.467853210254844
43.21582801169288
34.30594078868411
19.113838286488132
60.537951279395735
62.27778303490788
45.31619435124239
37.915690639959614
28.794821158872068
62.12878194346529
58.697397735071206
30.70569299077301
30.24065909201726
43.220345201814695
20.2362562050687
45.04332958132504
37.603766186815946
57.91540436113837
63.12757092895818
62.13460343747361
36.59998158889258
47.88445399343616
57.92596233803882
24.269888241178414
55.4171851508972
55.49103088941945
14.929970928098854
43.991765460976296
35.906847665348764
59.71855755784504
36.43581293837188
55.363665639636366
55.321396350033716
24.738605286534032
23.27361312672955
22.52822426690502
42.58688229742754
32.53927421225626
41.66533681570827
46.23005184179928
28.824881528183802
49.53470860448624
62.88537330876533
51.82220036471283
60.869418687207286
32.31332136716983
36.6218996454065
33.34885942935074
48.542492760393884
43.62897813605565
50.648133462879
34.992954758402234
33.9620321409074
55.36337702806255
46.111721374537886
49.65937623519448
51.777957340096066
53.96521865673216
5.35699113529185
58.34398494850457
62.8819848942829
18.490147780208858
49.53439331072447
31.640309738345024
41.47317466092561
26.941601808184018
32.226916973042975
42.35964441545701
46.02512970470169
39.0073559750097
55.79703103178627
58.75746488792167
63.10150037620619
59.347637328388295
14.702737690998973
2.8342855914464096
41.86284397016787
37.787085799622346
51.98013561469081
19.590744879949995
21.482388909836637
59.70354699477589
63.50050954146449
63.84839057173552
37.13708133651022
55.43361791895119
44.17139177919094
45.0731612739787
44.70253168436403
43.68694959759613
44.34153204891819
34.48569026283857
32.5026613612399
59.942353213256936
62.15532647583672
41.35298654152196
4.191890797459621
59.676253089699685
43.957378098146336
63.31568325695987
3.8840265548433024
63.06355940837194
49.11245534818249
11.159060221152124
62.4577663346233
18.720786874551898
24.25267889345099
25.845129624587813
48.21019685495625
32.33249170624023
47.92673257834963
15.54414429894112
63.01196788716438
15.622878641740655
37.95168053112678
39.8498120871634
42.62836076963082
51.88799919594472
46.47731383336904
33.23118123972143
41.549600783519736
46.063724561780525
40.637581522926176
53.52558996713488
50.61093953597616
62.245886610186176
52.025338014326294
59.47251448772731
5.5589310858403636
21.221534970926903
41.02226838813828
16.769034160333142
62.581464217100496
20.883290157935704
50.51280416038799
40.12752245373527
53.835477687409195
33.87044592111544
50.56641683824571
42.63353645057069
47.744505669654366
46.94226580346451
35.910668004446094
48.02779697295117
9.561959714657085
56.45888132163215
14.55222840328166
45.47756241024153
50.89518753612391
61.509996100409836
44.8631218822355
41.84867214948487
7.678196155856156
60.057070592599985
51.882419320571785
40.3979317991418
63.285162588035945
49.24989183269687
38.72214857685416
27.723642676864074
10.23297506053023
21.442098596280033
58.623505574075885
0.7807176630918704
34.008315886924166
33.254635430340294
27.83512714620565
60.58005342518292
32.194433247738175
24.849181984336177
26.868106523789017
36.8587112873362
36.44903375768757
31.79328069748231
50.65142095481743
11.714525403184915
58.83376947743401
53.366705747328865
63.16751702014217
49.382282449872314
44.280805622555356
50.47045385957911
49.60122338284489
12.713346833739365
63.722205200793105
47.41021376224959
24.448519862153418
17.70958959624945
50.14163892679272
55.58203152004508
62.05034620067953
55.27466988572569
7.067304796705791
54.38895207806339
54.60529481474494
40.67842565505178
38.133006286372606
50.326539647382056
29.258964828560416
42.41140001314014
45.03802094178971
47.61899590549081
52.65184605770292
49.13856622110167
54.06574873991134
53.81060480011631
26.63363761044971
38.98932951091737
56.61426751840532
3.886958646660702
50.58579204463303
5.461806995469303
22.918617873583877
29.71170951766372
46.93454613523659
40.84138852208714
45.59394177040781
61.53752603116306
61.73052620436391
27.77296353357989
49.11615804786674
40.90618967552126
40.08051219305318
61.48099828864083
57.01541029379556
43.677602361112285
19.118780980111538
47.9047850135874
35.655377592232576
56.28807767863356
15.580288265604004
60.96744798289748
53.4760867051149
57.93155080822052
42.34278595305095
48.48582293584476
49.28866475925534
51.679592419902335
43.52544261541727
63.299167521538614
60.0566237242353
36.36935226981974
57.98935779183924
30.42407911819734
25.498177944589692
7.652472896518191
37.5392449984041
48.99116383746464
29.866909610316128
22.955024531797058
5.422698890481023
58.8246634016879
43.33128547388692
41.224749955111236
6.369142204678802
37.63659379655385
61.67139087764677
18.707186438669133
20.266388351789764
37.7837593597756
51.97406022161506
48.07751816632157
37.65362630247844
47.71271378571233
19.821066291540873
58.060550050552024
23.974856167531293
46.96764413619736
25.040847289895623
58.409935166021896
26.669072713797583
37.59028257064121
42.68104605471956
19.04059706166443
6.505208855787842
50.45886416390361
51.740552091359206
39.71085238958872
20.954841370180105
49.99607587880889
59.98236530698695
50.36181001512407
30.35613214976098
33.15924781071432
63.76050397242872
61.149148349224525
61.82027087398498
22.708315213979475
58.92339515746066
57.17856349938499
53.36849186397581
25.31861312061146
6.378421385910983
30.0059562491423
36.674868458111895
38.40777099302522
33.552499472739434
46.381069043145814
34.537733013552916
62.974613255975456
43.2100590347719
18.82429658667541
26.51109524057908
46.26782308392811
56.957167363726256
19.883531254901783
27.18278896608369
49.585670954637024
31.46780998075456
49.928014565823915
35.99625255131594
46.38002541590356
54.18560038727608
22.70993625575229
47.87787369174768
13.44529041103089
47.25161869787614
28.964741238321288
43.3387039660157
61.8135850655105
63.36191047067852
54.31815064275409
62.20380508038551
55.01338311294839
36.62497939203652
55.62336952019282
2.2557318173175602
33.1520166443701
26.80130961306309
24.311574719917793
10.452970791239174
39.996914743511084
63.63440930150101
33.37011612741448
53.8221923909387
39.10597081043168
30.603184019137018
42.28452684423169
61.611845954788954
50.60559321141217
46.184972662389065
54.91679383844441
58.78217315738132
51.73759919717948
26.35878472494543
30.275973000264017
37.08258121146861
45.50067568871154
12.787667892283274
44.09409229648901
53.17971479130467
57.85364149238274
39.80890301521049
61.42227645866525
33.0993051435798
17.93449094202755
52.6650801404777
60.70309378425162
9.597115411813128
50.242380842088544
39.64095125377089
21.80298669238207
21.12077632148526
6.102978604113545
9.28440923172316
44.138996889608606
36.205268452315586
28.868290698100537
35.3245537385002
39.06933300023602
41.60493584494975
28.799962310556218
27.621319533131327
37.02879695699936
11.836283969624432
55.50431846903216
59.85772035507796
22.12836159078249
9.162828764168296
17.925986760122747
39.00659773040642
63.37353987434011
7.234902135614462
58.71175597860665
58.8626772317594
49.39549161531178
61.14446243165367
54.44691663194779
27.3014461258651
33.99306060776946
35.74136015546408
53.5097917346009
44.503093885756996
11.902835223834444
36.67679557525569
57.63350785455063
38.88869695531967
38.44992091494052
19.509698777129927
61.51087844762022
18.549174519631556
12.82605925059326
56.19056058132716
43.89086769271698
43.867707809277576
46.383029691389154
57.32595912910624
33.90939242835229
32.95891629630731
60.26115231104696
61.90893684057628
50.30420516926797
42.45191133679092
4.842701261455602
60.75098047723237
49.80184689708995
47.76033114885884
63.522580702315516
10.769322889741034
37.96292559599628
50.439511197197035
56.7668270908254
58.28846307505665
52.55911727849937
43.45487822129034
36.84504658606011
15.62711929099222
24.675719278685456
47.551438647034445
47.25047325667971
45.97369414679771
46.55646429697401
63.780745879314686
52.5897346378642
37.569399901946795
63.84714801124548
20.41778229099244
20.974368605217173
53.93090281422878
36.85978779942036
30.998733867115256
18.21883389486849
43.9745968587727
48.62108068396482
59.240641800055855
43.97935126308725
25.847192789625446
24.28974347290957
61.53501253181304
63.553991591767755
55.82778627506575
46.02432130993374
26.594082638248636
27.33144320269225
36.323776259501955
47.37068345482338
3.064944956896049
26.35172586742378
3.206483539538816
38.70570227197514
15.589322455570027
51.47150879012802
57.069247074802604
45.79473658009053
56.79961957056558
12.052045947173312
31.926182741322336
40.55449621847336
11.927266713937932
28.00506083722769
57.850611086023925
21.60751071446049
22.493783048576205
62.982439727412626
22.571943645626177
55.92941094627014
16.328081003767366
62.10682716000481
29.272394529616342
28.27957445824024
20.568092543720375
2.7214078349931654
47.434676266948216
58.951476448992494
28.22314720597867
20.740895696821212
25.243369241640877
38.39308107263594
37.44720284223173
18.12471545206565
55.752353390600994
51.76398530577051
9.201851755777298
63.024397991306564
56.85838930089439
49.654210755736834
0.36367811434624286
23.165690265024914
28.449111403791328
40.07838656859559
37.76038044749903
42.116269049630034
49.37248822458561
59.89733349886736
28.102258938608202
62.72919548599011
35.71817046952582
24.054911895568402
40.23112114031927
48.496380433027895
47.79104690505535
22.142828365280657
25.616079460584622
13.896442149509724
22.410832236120548
22.529685922264
3.1159357530546643
40.534990750312
24.818326817604508
10.589976129191541
45.204460287778446
48.03262510017204
35.27282245171301
60.87899269937739
33.947317063441616
44.8662803960127
53.98931848468918
18.624660867486064
30.21395153670749
35.23879955687197
47.42284273599857
63.06107267192174
43.63548577610639
49.699725095940295
41.66279333650216
4.2472441495675
58.10530095515686
57.25747212810911
23.114071304055727
60.35328663516358
33.649369836995575
45.55321561038196
31.36149538263367
50.43531867515745
55.95319900317335
44.25483956282243
62.54274958056389
35.43762352262492
63.23149281526222
21.189073503525492
45.50637428009112
50.94694371047001
56.19526991544373
27.529951109085644
61.39658650823531
58.721880816475945
34.47480351867473
60.13940222133038
16.154415175212847
58.46585355798093
43.42862630395359
38.32926884677549
2.3628374055289143
56.4403398995498
55.959679535472006
49.44744311882353
52.91071445434291
53.8098064071822
38.21275944810694
29.75499217358457
9.64806451466508
53.4039745408127
34.345780017220065
53.053125065353726
20.214293293683433
28.26028890966061
40.20487433220555
56.5312537663353
41.629939154858334
49.58072075433614
39.98612506036403
38.216588199655554
48.0738775863509
62.261730971369836
58.12010480938116
49.24544952719506
47.24941244527619
62.34922345330406
41.16023167873584
62.98857056904231
42.86207014464637
48.69390545642181
8.319144012460725
19.701502864897925
52.19930664910497
7.374534252143427
58.68170641062843
21.558991586498735
25.71769960013397
42.49016600976569
53.78854961739191
25.346658287691042
33.663789674179704
21.88342385447872
0.6837737609776511
52.315132094825415
23.480053605085224
50.665908523946044
59.586519877041496
41.60030789927086
61.835603716532525
43.081262767197394
51.661493533026096
54.74908515367892
15.890945778703845
63.92847806410382
58.99420863151378
59.45496121522004
57.39307698462106
26.132261187125373
46.23809314822206
60.44540838030192
21.52319525054873
51.113396298324545
26.617167723976912
53.44374471417092
16.708664156354217
50.497703489071384
13.966855666769483
53.913655339133605
43.63728982604552
25.52878220065226
18.927971712309706
26.03783610916286
32.48494608228286
9.44404698016156
25.047569904446057
45.2066836596676
43.54304953875
56.5038940377543
23.41930795167069
62.129896478132736
11.435198920667538
3.694941393830682
56.624682365497875
45.08232776262535
60.439765148194056
24.640491508492737
49.92135767306812
34.719999133257744
60.38088221791964
55.017974198383456
34.2163901576093
44.467286937129785
16.42873778478033
42.43391005987624
25.836783221453977
2.0706032237484067
45.35229157138014
63.22482066632219
35.878581970861504
38.68481790514326
60.27689161569328
51.79477483662192
43.1569916824763
62.179263274705626
59.179474837639276
12.660438024465563
40.45586265844954
63.06168059191248
60.760861799583914
2.6734148461250555
45.081922496266984
26.722201610171496
47.637485748101234
36.21709671661456
53.354161544200785
51.36155180832563
44.82262876470216
6.496385397194459
45.42242190021199
62.29663356880766
45.197174865279905
60.58155356721394
43.5695847556578
35.41804130124997
38.62420519412451
63.510624316382675
34.35290993106298
61.20038562180242
50.20310303251084
20.379067601561175
7.22208439806397
12.36751608810279
52.30043698969223
39.96743728606245
31.92499420511423
10.645842479469337
13.82981449652221
40.04131860164112
22.164601671603144
42.44293358241275
23.722063425017588
47.18934432811851
42.91155072906203
29.918880668307644
24.7317808402577
21.426559064281136
27.963872803989695
54.18247293528388
34.21562663586058
24.15444902897935
50.35392935210783
45.22146783903695
30.58787026741109
39.30507785626696
54.347618418129414
41.04849680302935
40.4072526080985
53.509391815461036
41.8237275848594
39.07909640108826
19.508735345023013
27.474299157266678
43.99641481916939
55.02991508049013
2.424945564746409
35.22683170021193
50.429222425097535
22.150334222266267
35.65706104585068
26.893915281313987
53.70605920878673
12.633696086548348
57.507515083304746
61.14740026267529
50.465411540555934
9.603675680237117
42.43055054358359
28.965904477372575
