57.20591271500695
41.78309519770424
38.41615844567687
42.19012272484487
28.292849727930445
51.058709554960416
9.510993780978474
60.65858057688187
59.659994126230735
45.76019503213586
33.10127154880253
49.39500674755638
54.25174780382412
41.88030715387456
26.934495510474626
55.8589977349864
12.983797686924461
56.829565436976075
13.858281236242263
18.12407096074478
18.10123707823159
44.94609593929904
54.10390201799096
62.537968382502996
31.44560178368414
32.291060368367226
63.81615487314179
18.80248965202263
17.944598295098544
60.82259634207313
35.39639297101373
57.45289129350425
47.38980978139884
63.33243843716583
53.1055001229434
22.85183838966659
27.157996287010725
49.51495912472191
30.623255392774183
34.53593510840706
53.30750382075105
50.11772201573994
23.374052011152777
36.18025273981138
59.05209614901623
39.71162463727915
33.286821126763655
61.546863118312544
50.495148801409364
2.440607954218386
37.22767939261801
38.8337478451353
35.425918588136774
26.1861778823937
30.2235712283915
61.60759075386075
53.638459585365666
32.82517000910694
30.398381802829746
62.68791295699916
38.262988352707886
57.781184067662956
46.094026597722234
37.23428734146925
32.32404690145972
23.41525901269275
13.985528945360777
21.179976570609632
15.54580496095236
31.22134473649399
33.627567261716635
27.617127581682233
12.096834993867823
54.104075249114054
27.54471857604627
61.98594038681442
58.58752865868125
55.17102139444731
9.864463472481859
45.106128630918164
27.895184687567422
42.29330090632607
41.114415568002975
9.117080806597066
63.67554929650807
49.351250370263074
34.282751150263536
22.587993133037173
15.492853338337802
19.08440188308588
61.895961552453386
20.41048977978899
54.50811787901526
57.927799229084044
58.253069056815946
52.66894790920849
43.1922568409408
54.90067899930463
53.63338759386433
62.65425213126922
56.33606174128691
52.95897630886636
48.881434137819674
44.58211331753816
28.63962979027776
17.59724997692055
39.68690633364736
35.03092693381369
42.826011479481835
21.424772226769576
21.8268555812501
52.933036161715194
61.77660563225759
40.452977208572264
52.54438169434512
24.04179179142649
2.937085381459738
47.69861312259335
6.578169923350984
45.52578570377857
44.05537905272965
57.60748398155812
43.70435345399747
1.556427938705916
33.16270735059559
35.61124082344466
53.81865770754938
51.574265967746285
54.78238166270752
31.564784816148418
61.85763742562717
55.484896785609855
27.323913049562492
53.95121318786231
54.87215447139307
31.91351164180295
46.988330314603125
41.53575072101851
20.377707683818436
41.947489025167926
62.398439748046485
32.43289066383625
54.048214632500816
27.404205663201445
23.72605979040449
35.485339735490626
47.66959153439019
62.89116527039818
47.42876706359138
39.739228631681854
50.22116780546659
15.48397313024153
9.505093153206502
25.34518351996706
60.82484918878133
61.31723487305344
42.824975015189786
46.587115244643485
1.830375114128394
49.976500259897655
17.637998203095073
53.85033853878559
39.95070733198703
60.25967675726297
0.02499491524672237
5.961810456355352
47.92041119269571
51.144231665335106
56.63521938098764
18.513511087635138
39.83208904746958
19.79950919258949
26.636160947190717
38.52433955553166
4.188094322359014
18.85880958529041
28.280878762187008
17.015905091742624
23.594283907346338
4.170717292046341
30.85001827276536
61.762931118842296
41.303669428248234
32.20910475838349
15.25220974680866
32.32928286448248
25.346817367729372
42.001367604405814
47.92182807786528
24.504030915205767
27.38459098512579
44.11904451713876
5.54340060243635
26.284654414316186
60.28214534993763
7.382217800909409
45.205589512134964
60.11578755234495
23.07500453252606
27.113071077493032
23.357128100126673
25.86990249822935
38.06595407554212
3.6311155520695806
38.05483821435804
14.721582080280712
18.905594452225223
11.247114188665321
52.08785896175924
41.54155353936831
59.089589697520395
33.38818168427022
40.2790568301163
41.680815433993786
30.87383180717587
27.993200598846833
1.379701066642049
35.41753212455723
38.5973761370626
18.556615885346993
51.17390063885465
20.348187324432317
31.583341687333252
40.616672459838775
47.56403404460086
63.91258352667964
55.06556745266452
58.371280969979836
46.11122269810552
54.038931211726194
25.480825018484552
47.63108795724441
59.33542576575543
18.169006919398818
55.53548438002968
17.48809612783044
41.901159900611034
46.60256589170636
40.33570781914755
45.870136248127025
38.178843307043124
37.91968984896046
57.45380153045041
63.45051631059649
33.91430725065108
38.045534266104625
3.3371959111646916
25.266574095084394
0.5702259260404006
58.12080237366969
54.63488053670808
48.12192406077324
23.399955966282853
15.627613674777429
60.704385901204084
60.2088938230832
25.403875451930467
17.24922675529836
40.78816926989451
45.138557659514156
59.75032533343722
36.65884369732592
10.202636762767042
42.99467133763264
39.623309827679826
44.690650415605674
50.51692683827729
57.27367026269383
30.350776732580975
42.04950184397499
44.486976561771414
40.242205221756635
37.38652619744704
37.24766087465312
22.7306962653005
44.58959069510185
28.88326535097343
55.11229322805226
41.15884905779275
15.54266578062483
48.224413242503786
53.80851686813112
35.58434599360133
49.239712043476075
44.742175301848874
61.668862351700945
26.211413126825548
47.135033103159216
22.03001354456105
41.12677456750684
13.761264013367892
26.360645200713897
57.53365175826923
60.129890921056145
34.85721678570356
3.7290575039246434
56.35306550709157
6.627604496861217
5.281275269058071
15.282078269654917
32.468741587883805
35.500432767844174
62.73937030781326
50.358809079444605
8.758109430541282
60.469936854214254
30.790977634783395
17.594004979803195
58.851496073654005
43.458135985167544
6.474749203391937
26.005218030639732
39.3201046441184
31.50386248126265
36.27736516188257
59.601647138655785
41.80460427522506
49.03978443432606
32.912140579607794
15.038793660380335
50.000159499748236
8.481184026334788
51.4848186911277
47.580733213663336
31.633390579048267
23.35771755899154
42.6184435900816
34.611660752612
55.26546132453721
50.705771635607
23.93689290836553
60.74194689999602
42.15666034182631
43.33088663269305
37.684983673354125
29.98857565265994
60.27516034278586
59.70088076043746
37.89299916234308
55.822667329293154
42.16451603560305
33.001399583890084
49.10124973733373
34.7768727752123
37.50280494204155
53.444354828201256
25.81692548906817
13.300325988100901
51.38921330072487
24.741717867383244
36.29982680394589
15.722506419963779
31.362017301924112
45.409621986769025
57.085200013173825
33.60620979728793
51.288602822231425
48.65748215643074
50.49136089434482
13.619594370945372
47.99760501359027
61.360484215312816
5.941782922538017
60.84386652407209
39.08632320368636
51.16506583558154
48.9355450389016
59.71640109405995
21.554725405820903
41.53070056197999
19.08657564613759
33.497001254098976
27.277474538093728
42.364450617752084
42.59959532243158
56.627804797794724
58.373130363036395
58.227895660773676
49.48707042893623
56.992692417332314
52.81381435923577
51.396010448704274
42.66616817387712
34.629200379449586
31.16001538739028
63.1958959979964
62.10642924951864
8.843005262380267
60.75857078477185
40.23354906344209
56.0177426567778
7.427863561648124
26.157365876314685
11.372939259736022
10.16911945196071
35.24836090419929
25.120461624106454
18.878036134759483
6.6391884494726625
31.741953468233156
22.35556485590392
51.93138681829059
50.58993425156046
55.57670393406189
21.99442997837579
14.985006771593696
15.445298481419613
38.149735156539556
27.57712061565603
54.99355090160918
33.178518488343755
31.915922999965332
34.65689211668203
53.34572335722153
39.89889372878021
59.214275566082584
23.50753235213761
22.904490486984898
51.178253264382434
3.709326872843519
26.69571398623048
62.228585010594784
53.184695806871545
41.537048430003
62.09090572423026
49.42222555985416
49.44800977998692
49.456835124803746
34.69752571514081
58.25550841164572
36.505084795997405
45.129368822562554
17.589535978197823
46.23234754989206
46.32464392876278
21.684173063891265
55.2085461863518
55.03747396907862
49.45012943732647
0.6182922651128209
56.33260622675843
15.512804709528723
61.492207525387336
38.302564833414095
39.226967993441406
47.67812907566582
61.910129060944186
49.68335407889364
12.399606436833693
36.87787799621597
48.07339102825948
40.98010090301429
26.255513222528478
46.94361525162252
39.9452401787766
26.07702024917453
39.16856982246261
23.6141115590843
60.390216367001514
55.62931576417558
33.75691191755957
26.830539020098612
41.699484170500966
41.37442415151682
1.8192081564417393
34.713506019297284
46.89234122037608
44.92383619598101
16.443309693203148
21.471351840482043
57.55378233752138
22.269936423476928
45.77917951168929
44.64581381300785
55.850580087901406
56.17760634997684
62.43710337088739
57.364987098552135
59.09621748643669
55.41746013850895
35.251752231098884
40.297696873160646
36.525971561879544
60.56498099581699
51.1607832361084
52.47029345206019
45.32952452371693
57.61071738419683
15.796557436808705
16.736415062773624
46.256482184419184
26.5700922011088
4.655950872413612
45.60579529374177
47.99895489420318
3.345641099492923
30.36986553368608
20.222441947300204
19.884115438124937
49.237526312808825
40.71568115715878
26.49633462363923
21.689326411750848
52.329763627546896
39.945690831786045
60.41069202038584
22.966398178192556
19.137511760566703
52.55401433600128
49.16390682810044
14.239246462249149
54.41755904488606
33.40320932086381
4.092736045222608
59.19946860847
56.8990036216574
31.03726386378792
39.908883078418896
40.1436636873295
63.7823054196869
56.45370181491954
22.100471308614466
44.29325460368847
38.36535563711467
41.29293758945343
35.648708936863265
12.77203041488459
42.997274767142926
13.156972009598668
42.498958031778514
25.172172174267132
61.41382705498423
44.856816304382946
44.01543368607015
63.65277347151116
23.51366397772057
53.251925304953915
41.04289159029703
48.8840922886139
61.5440359542582
32.30426481056424
30.17663154278508
57.151076259901316
36.34324763025444
46.30955412157399
19.83781595378243
59.50301038427621
53.61212643057121
42.76980681805891
45.53793730335707
30.713903116001156
63.40930791896717
21.44153618374837
52.2126269218353
15.008684399288192
0.9086885903322894
16.495161333397007
34.139385166767916
17.99901941251384
22.26884232518355
19.287465180644666
53.91359028117241
37.806333645803434
21.55384022254367
43.3395397655466
43.96050266324128
0.2895046809240256
44.22235580115812
55.449122643286756
21.36446302817086
62.401182688538626
62.33376634878581
27.432586681345555
63.82651342205578
46.63558493566288
58.59494349013563
4.717570208048876
53.05583953889598
5.917245672718309
30.61067627695239
8.803641268026631
37.556963856629224
37.91572215684505
44.69693332506151
59.57504671510891
8.735444160865804
26.487288949577874
60.134428546364965
54.475371288114566
5.518283266615292
55.92530978130502
53.745897258600394
18.673990624222903
29.010188412105514
13.643192384883989
61.08242968627358
60.80284625909652
55.110150310143744
63.04979686359277
42.01886333945065
55.766785343494625
30.150171904212087
58.47393303343439
21.983955253179623
61.01303086650435
36.01467192844865
43.15381069043473
33.77126134274762
18.275531003103403
28.2752772171866
32.82577124960616
53.55375811216797
52.96177982993014
21.59161093739533
53.27251962820024
19.54829350804866
63.208060044306926
56.933954208649844
58.137171067838416
53.27142567251953
26.850104612105646
46.76694733708243
42.899099835388526
54.15933298249368
7.826530918251088
59.79814958802128
26.523826151753852
38.213799705099206
28.60772209182643
34.543488387852626
56.87134586989644
23.63840034054926
56.01144225079157
20.39985333322673
43.57950790636811
48.8938372447887
30.192770962551315
38.702398704137295
6.1731006570343325
51.39577345078924
37.83857198250955
23.147646840108443
49.245343809771825
25.676725846161325
11.974288284726889
45.48114132935531
62.875736569440825
16.437812340898823
50.07715903343368
41.61989646121218
4.921594848095509
63.00150999995549
49.58487273931705
49.469610190046815
3.683451487705895
32.22775068012006
44.18473249893424
46.546410044045615
50.02058051220898
29.396644357609972
63.648776475613005
42.55690953637742
47.083396544968224
26.00841359667332
44.53177796676654
18.730077307587884
34.54048231521773
25.93371175846297
56.331903131020546
16.926673715468425
56.507828530012134
48.560186994026196
27.77593598799983
24.67285456456547
47.18097530902773
63.7667487623112
35.60110776205454
19.37775790845089
55.16636882579151
31.207897309775113
31.710036595081093
63.407242021836176
42.59257526353316
38.57639320435251
33.97409273019203
12.301822505154682
18.72899976522973
27.79975523033187
38.39515090844671
37.84643266652641
63.41586148162968
29.427897751816907
52.36242091582479
22.729258800856996
62.55316208476681
36.84142076541877
59.87884588340389
32.38480668898279
12.978436648948751
44.43797383217509
37.94850260766219
50.34508043432871
48.76092403535615
53.90472288538045
16.914372286743152
51.31214569840859
63.954832197958936
30.76463144901195
59.757433285619086
11.990037455191654
32.65843488374264
58.319002061565705
16.130280684529467
31.619356974467813
41.94674534323762
35.32063155244721
46.260920708455686
22.879659142744764
23.561673651040287
30.727155956464934
50.888568607496794
57.60318928131227
36.643499320622354
46.80529979002106
31.61184746001601
44.76453709058141
59.50136159922458
62.295475116733684
59.305234810223595
7.17755807271034
52.40513163925787
59.68404025284883
17.84921152707527
52.583459007835984
51.29248827241036
39.02311372085645
40.1705559244549
62.582396959976585
57.945798501819915
39.88293357202848
52.88266521510691
63.68754544646147
47.690802794114006
28.343024466957353
52.23129926165959
16.140380302734805
42.95065815972528
45.774514920883306
40.56410521870373
34.952207614453826
37.250517971964356
8.507747558908406
21.00871294667317
47.05650038538316
60.05744676736173
43.62189208766826
17.507994324221045
62.2904047021947
34.937178550976355
62.09078744787195
44.16266675070612
18.91856395977942
35.23418626791543
14.286978059874954
15.796489140727282
57.83410719623978
59.641297542296776
26.086678589521412
19.534270055437624
42.6810885985866
27.679570708102375
49.14325684034397
12.039513381699301
45.23837992616079
49.445634204498866
49.034325221436426
41.15119116052774
55.10333472780296
59.58682719038436
56.00987746267152
35.853082278543695
43.32791883012264
58.09033687908256
44.93035963793076
55.90200554658634
38.62507761097639
60.901410070906635
42.236830560342284
37.27937079739148
50.45757687347214
61.24187008068893
49.554882970049476
34.02791979552235
6.876050003321701
53.094366398265365
49.42864999672783
60.25270139098007
15.402446462718956
58.231013183085885
28.276512396414063
44.0766083995275
54.98834268079466
45.2133918208991
19.34016969305049
32.33388580330231
60.69246439039428
20.085059188184665
43.758026737191216
51.72013123704976
23.904575943541474
1.417470602870651
22.482894003844187
20.760572032218754
1.185794102970064
56.4226188570098
48.82462964806656
20.66991924280407
50.75305457394357
29.14533314394106
36.11693787829353
51.939474982042114
23.207921094715616
33.813980329624684
32.7902123311311
38.632471920737856
20.406614874418807
46.366450027645506
17.18869777520281
55.75678783133984
25.091585670097395
26.38753462906176
50.35508752322603
63.66351347256744
46.41532234214654
41.03620584969313
52.566175820180504
35.16414186939714
48.9870925658179
23.86240050178352
56.36648072783961
44.62308004510926
20.639460494800822
6.934893750348344
51.13727703528072
59.809054233923135
42.20141726721046
17.83123509270235
33.34435167643451
14.797507815005503
31.913464571843534
29.298724015036292
52.01742021633352
62.1892089231451
61.859365229044734
38.78075680455336
44.23846493807893
39.981394032117834
38.1043883997834
54.2816250131387
55.2134962699111
59.76189290057356
54.01902658065791
34.19806124735738
36.516671811251996
26.887528567725802
56.60591488518038
59.410091896307186
37.55109225532229
45.61906964764913
14.96767846476542
52.548767410912674
50.98266936326532
19.35337312134284
57.722922513245294
44.27305763965728
53.11012479264647
19.7599142055672
32.312543940027346
56.10349647299505
61.45190315564152
46.84066667205957
11.308927232843253
50.300051205577226
25.16755205129691
37.93116392210119
15.069547430978176
51.69636670375128
61.98417873726527
22.79495620170662
27.857081056649577
23.7907647269883
28.897279529800805
16.989127882523356
57.833509944656356
33.279779945831166
3.5140206419491165
6.449137359243267
28.589866175621268
55.703872163395374
16.765202398456438
51.957512516246496
47.78138432939855
61.036083692540316
41.37332056854794
34.92988899578087
63.493904763172644
8.719072977730939
26.154555347687122
58.579325314612575
54.897509443957084
20.93490894668372
43.78178513744906
29.141420274143762
55.10165698347366
42.56529475063439
37.90728705399863
9.628957195348676
28.57766983705637
15.767809592793263
52.45568466603753
22.36342382046398
63.078707509458525
46.101446834235404
44.596710347170585
2.5307975173557864
43.20480928892973
40.54659647126367
27.048574573485425
60.765800214033455
45.27775173433736
41.50245276951583
53.44842719405988
52.05979805686203
32.94774495775488
63.44066973603772
27.371528816812955
59.190622747881676
45.78740203286039
56.964551824996235
41.762931322862684
52.37373326772516
52.89085336967744
59.8677635191091
48.06804067694378
58.81000775181826
46.53504655647012
39.06891464196104
44.937545826743786
46.27629644763074
55.19350800759521
23.669900445554873
52.754511914509
63.960678091083444
57.92034987896794
63.146389727033245
28.130810564836864
50.339961486579384
15.884732583992282
24.451000801742275
49.39584244891206
48.67661152166221
63.71234814129753
44.07606134325654
35.18533746648077
29.06736304257724
49.062238591045514
47.18956048187183
57.362561598581514
44.71605686627716
30.241937691029456
61.08101694969458
43.436094885615354
61.6729101572203
6.426461807048248
40.3523042136331
36.571279533692305
29.98612360910451
1.1115676510568449
55.038806590742475
12.110503663609137
24.699276244576126
59.30400622883032
53.99775569568368
63.423840682064935
41.93148927302518
48.17062462917943
58.625187990077926
52.8972078223309
57.29665108878978
35.1821662076692
61.10328222320434
15.424632829508866
51.34601199898495
59.73718035212788
20.220577569969144
20.670183940716747
31.794962520078435
47.281126867950405
40.74757203663111
30.60852421072228
52.486935538522445
33.17226162247997
37.8835971740184
29.86341354774681
59.19486346438342
21.979650395240583
59.724689386365455
34.009602235443275
53.94680464878545
48.904776347684546
63.05670549507252
55.92665754224722
57.712035751878155
57.13210653972287
32.95857865708956
62.841822303898795
58.28003294945568
57.58373253589038
53.98828992132512
35.6342981363027
27.578192647016188
62.81843360185887
21.750128055140124
54.38236013294529
25.37846701441927
42.0469191750787
52.349739617960346
52.65832885819769
31.395424703833996
52.73722562175868
19.811331134257486
52.30119573540077
39.35297010015202
57.72084675870405
59.06359921428253
41.81623986119825
34.362786713272186
23.15290982914803
53.77698236755417
63.051056741125706
57.87872314625366
39.835477639799166
19.67419821987859
51.41944433375825
55.989824129746566
29.09450306157332
31.237487235254086
8.139095234853777
61.283176675668194
62.933337143557715
23.04809850651276
56.1010976611831
57.519260707064234
21.405770514376428
38.647195508270016
22.259996058740008
30.733804822968104
25.461010633824905
46.88123018654778
37.347442350536284
31.59303347175947
27.976900905743925
52.0873812592577
50.57634119444557
32.83341442254006
9.99692464942094
56.88973195899821
38.812617441135394
60.743234012633366
52.483479984394776
57.43029250305873
42.75802993020734
16.55452891340299
0.43814532119663596
57.21352975883883
48.34078386777853
46.77964759624898
59.21216298139506
16.370422891010584
28.581007679145515
13.616990880805915
62.428535930738434
52.61597940431744
48.886237125257814
54.23692488188664
39.487896847112935
51.31604350530424
34.151026039730255
6.138369679758696
63.13996432919353
59.35820786334752
40.079797416374134
62.307960630133884
21.1337764180072
54.81189682925481
40.77776121094087
15.193939236372607
3.951932008178211
24.4686702601918
59.572291528940674
62.26089466203095
19.13014043189014
57.45620496473159
50.36917434774479
47.16023934601837
49.54934656285519
22.083279562208304
54.92909649964628
9.680633769525599
60.771912360148086
46.392224313477186
3.656726921875446
42.06728738119941
43.21153091876351
52.00248957868854
19.67776348377231
51.23094228569899
62.753785126663885
42.18808180321284
0.8382478380747642
10.302214912816012
11.419909053142447
11.966015104584983
30.146254698597595
58.96442421173367
9.055883988084155
51.76950004809843
40.45979577589024
32.49738345964926
41.32957929045571
60.3129928256486
52.84984767993761
22.000863589431752
55.17258010016063
35.4209372616028
56.00566868389743
47.755282514741445
63.605196436623224
47.802718134511565
41.480006759863684
51.62937232915147
58.62635740807589
41.00678245267822
42.13605342210401
17.845586697338213
22.404572976934844
54.31566084970138
16.60420883045979
14.927968186569956
43.03158380022228
52.044229166366485
13.578163946517641
44.47267973051808
53.21345112489327
39.79174758229802
56.40504764071037
40.476945055043785
34.55855510388841
22.092404722536266
63.038151867463064
44.489922617059804
55.86699699811348
43.32958728453913
38.94796161780634
22.600162539150524
43.13942103026993
61.877653149552145
63.09114466148347
3.03974818201106
37.67433810236554
27.987165507581125
28.978606949547384
13.10577417840259
63.20306385521267
35.1649392750212
44.022332266210924
15.578055629032917
37.94566285598188
18.941293623921368
54.29356541800454
25.792510391831648
19.672432108273973
46.24863830445716
47.569001122897646
47.2309790407738
48.238145698283176
54.00971269055184
54.147713483793176
10.013583639553204
43.23826531329432
23.708524073947416
22.885685021169316
62.794658241897395
53.51530512811519
54.68219091459126
52.81993144844989
57.68784427334343
51.23709174083023
63.70841218311533
21.34834029525721
35.1344586778578
19.123555937403722
4.933564481066199
21.653467028941186
19.93349552964048
36.39965142991309
44.387991170211876
32.8374778284309
41.62131848482328
63.645219144374245
15.94519832646214
36.732204397495934
51.01790752671257
36.248506170222704
33.04477694885235
42.43958730811693
29.21269576119243
51.85325215017559
6.529289736204724
15.937309342810707
9.616708421671468
19.07142918473867
60.50446623985349
34.259189313036906
57.04720526083836
3.0299009083474786
53.14374341176817
49.96371382710935
32.785794706360136
11.426399848472691
49.113976400475295
23.763453416436462
59.209688867112234
47.512925173621674
58.92043282493675
39.829751442934814
49.0429069109736
31.444730127214527
2.6619272710126722
50.4124876352284
36.810047838179116
48.37419599151137
28.120586889353056
47.1320660223723
12.494338965686552
60.822044496360775
49.820754372164636
39.16477314066385
18.674181843803225
11.813986569060816
19.951686625435705
36.05677306914676
28.115611953793056
26.711301542719596
59.76449630746157
53.70306584213098
40.40861878234338
46.03457808667237
59.28660678259079
24.368126293801843
34.578441868275576
33.0469614167433
50.8251887194873
44.31123531833765
45.594135176166716
28.093316526181844
46.18588582661572
18.434270140464832
27.301952868952938
62.37022664530046
39.11529223471928
38.904500321355286
55.827080132672975
49.88933316826321
61.173941691759225
12.904705013124321
59.4255737376746
29.20233158659091
57.42623849431768
54.45064568374616
61.400476861529064
44.31181432671164
60.71368187871411
44.634967027447814
11.385736042829876
22.745380938254705
60.28768298040954
26.435406660866484
52.09227497399569
9.468081906668665
13.568982146474966
21.43773781258877
32.88262001017061
60.59785678430257
52.53871694888617
52.826138540533904
29.44380456825091
27.928904335109173
45.01803340041986
42.38502345985427
59.00907163272708
56.07680582820566
52.77397633871359
52.6369674149421
44.198772045790705
15.404160558447153
29.683737652587276
52.17541697763794
49.83806921166038
45.9928611596684
43.73669417523406
59.914232323641386
48.73136834659863
49.85194203645107
61.879661862635494
28.3434947793509
43.58358919305639
31.87837890489753
58.45693151554566
3.5242910338099875
41.47729978573922
11.426139007258676
42.00776527386374
42.22616290471561
59.75082689540353
33.856766997374876
36.161996896981975
31.76283047329943
40.037495727887745
39.98917606854603
30.131085827005393
13.75176143805794
51.218714083913895
44.30837039670333
60.78201573890482
41.568739331154646
49.14549991313061
63.202397538750844
44.57843911506869
43.851402645341096
3.1746392143113624
49.2844644353815
50.535061688298484
41.328560976366646
40.737448464618964
47.14240449571638
47.943431201349476
59.611869198265566
48.00453344273774
29.042502605462253
4.5501974072144264
55.83164098364898
30.735789268842048
5.905011381734333
41.85927961788794
16.045995985324538
61.302376312773674
24.605044838932102
41.45106821316101
13.6799035155614
19.148868429162462
15.600162652518087
27.105648804297438
45.238295857282495
62.247678107929985
60.56046826772786
49.42608509183383
28.97633400484621
60.87376058658656
31.249748943769127
52.33741132066985
39.258222111441285
30.331222525172358
58.868270372026124
48.78119176856575
25.89771254233527
29.46411685755656
39.90691039136439
29.3352131151397
17.599771238001992
9.905037298442046
58.32310496313989
26.005555883567546
15.68740608103326
29.70017142802184
13.376568326349712
43.62738354468888
25.923644578086844
33.78841097293838
50.22178945307021
6.330612692366209
61.476792543864654
31.97271177100155
31.186267829121874
50.97121467306885
21.60621689290783
30.419054376763974
51.38668039703232
59.05640376938757
60.69817397515604
30.987438153356706
17.364759268499043
59.687987368546786
29.75062634678776
16.38868426829562
47.50228292904096
57.004485958244025
35.18458525581205
42.38414544989436
52.34740330380142
63.90309640545658
45.38999831483544
59.08388060653419
46.80859162789008
11.437582191388763
39.56315624144197
63.52749791804648
56.15246005240228
32.87504849025199
58.9131930577563
13.52064958860187
58.17247929052373
18.773898015004796
16.057134889982898
17.437831980302235
57.97141381951075
50.73747376674428
36.49066759967683
34.052877042682844
51.14732855843674
41.65247152700466
63.30082161958871
28.2420964535468
62.81455722035181
14.688633887514314
11.776585755354319
20.799582487599082
41.531850107659594
25.394474858036872
59.77989673091779
42.91077778042896
53.89237706648778
23.476039365340675
30.655682284360843
46.31924789153022
5.9871810409848365
42.16981889210055
22.634163637068617
42.33865385546011
32.76879084748791
20.612992517992772
24.227443455170956
25.70142046381016
55.31466670883221
54.72257981034919
32.459313947995966
28.22090794447685
39.00174869828056
57.76186276299085
38.05940152914836
40.581296553665595
36.810150667521256
42.99275258674218
8.592889158674033
48.35939417767007
45.1376879696883
58.04129154006197
17.17549463589277
46.581062528569774
3.4788558838061547
31.75899943467305
59.544714005869714
62.163988457858245
23.570595491669415
47.360083910986006
44.01311684902859
39.42337902639821
42.81016493404857
44.780339436974664
26.289732225307688
28.358344387923204
52.473465365544
63.63866262548952
19.86262825075486
52.85733935471411
55.83566138548963
27.739760594253873
34.48676455630506
44.43317405445568
61.28664924947217
17.44497519767009
59.42577556309519
54.37972577326548
25.05930003985886
57.814223878968555
52.70075347705991
55.54802187848634
52.60175510359062
32.86227186310618
56.96251124670098
35.441073684849236
61.59826644280642
57.30040404961616
51.85149431243779
59.40451296382529
61.8753046658992
33.61070914785206
57.73287452162542
39.22105163861854
63.83239282810839
33.77907678642896
59.49039503713861
54.466386927554666
53.506992822189076
22.051566316655624
54.00959352347293
37.405301693384615
58.28919298165857
56.29470687629531
31.211069087730593
39.6828710869525
52.62669617612764
54.7270820882606
58.734604802627544
17.34403974795142
38.46011232279552
59.104793076399304
8.63331960146487
21.388372384918668
22.05075020953484
57.64683870519115
14.267518440615135
46.42185101982868
45.4700983322012
15.456848570457225
60.20298771444442
58.9668831771464
7.865486502263565
57.0567754420705
44.89581925128735
10.379122674769
51.077937383965256
60.31367909245492
49.47938482039065
56.362573386092855
6.494032211640963
50.32767769028948
39.63202945832306
39.49062498152915
12.136473744962899
41.863480468126
30.140832922813743
30.487420234444123
31.219006645173636
48.87996244612538
47.78316559601623
25.480068357744074
59.699443795002225
38.54929227601973
20.967934653207067
44.24196947475896
26.618687299156164
43.15795512213096
55.04774107174347
38.65024304944796
54.36361073543752
37.75526803418525
63.42977451741522
60.683459357186344
39.592386859917454
19.997702582134416
54.908162703704285
47.53508930291926
38.14112511736005
55.2676147122924
61.78679511827449
47.645499034981015
43.362560290983524
45.806923899646094
29.08408516448268
43.62176454768842
55.57685080222597
55.720852383073705
48.565684472836395
27.33965418425136
39.00068686094551
58.45998284097465
30.831248479084373
29.54723971121566
50.5454907733629
43.081072117605146
2.5041756156041686
51.7724769650431
60.743448231785074
60.29251887894953
18.54692659586034
30.6537539506307
44.649780644231356
6.353688175521484
62.102510863599136
45.4352005244416
18.66407310306753
38.04922189289302
25.717810924903638
13.539212378083747
21.684645677074442
2.1372157924001485
46.662869023859216
58.442161424460615
30.51866925066534
7.282911451763809
44.5608454551614
14.030488892167739
35.41110897134532
59.38966006437824
41.15829804848157
33.02061756319617
20.717508748758114
14.923312382946698
9.184782327436707
43.18894378875986
53.21822240520966
25.255122689704308
45.15649794880284
25.868701716033712
5.836828029395683
6.313367324898422
26.220152121102615
36.890265002794
42.381198842998394
53.59377399284824
46.27267088772659
49.241937912112434
58.39415206813596
50.51921026941585
52.828217739824005
51.46840687028063
41.05110264595061
51.34893373132003
31.14971319372264
49.950913403905524
31.912863080586767
41.143714638852245
44.92989674295646
60.23984765203296
56.204780928776486
54.352152914106384
42.762993333120846
55.295141080945186
19.875428411682456
41.489026724711586
31.50067066461437
22.88783824508718
8.515392044539261
40.91767723279757
18.020515741957766
12.14687829157235
33.2683450360999
53.02111007905037
25.81255941682027
57.99596858314732
39.116002483239676
47.26602455753564
57.47623731096052
34.2430083845515
45.62354281223435
1.6565678531930388
61.17437582185181
26.004162497363104
19.18214250956865
63.90083126103041
41.58124880411448
46.26854547184513
58.340195854051316
13.629990179039545
54.649571590700994
35.02604391316942
45.78430909806189
10.315014967413013
51.058445378809836
19.5475638112586
28.95602847248783
52.53664651879532
51.82875275977249
38.93875784595831
51.214631075292296
62.527624943906616
18.200575268179712
23.305240483434986
58.01289014812603
11.440090851506874
46.99374244751863
49.923601130646176
30.002406303075013
62.557585244777684
52.11691334911219
23.203746959962366
51.69446156095483
59.763137150461716
43.12406257398952
54.321156238232014
51.95772456787623
23.064740518031336
52.85266472053502
60.25418734554924
44.54185433107051
14.189192110345658
26.561565312049808
56.3593918244557
51.491664227021715
9.849240468189784
12.964781272672738
62.49707669884482
23.640291688495886
55.22121209682662
44.94975909191511
31.95293593153952
38.19705304832714
12.634749909971049
48.439664680404164
19.965064748636216
38.29302910307664
47.25945752263481
12.2607354152221
44.73180520876993
49.8732263492052
28.838051256661103
25.331405474829985
60.807698380364826
39.83199364825687
36.07056031953499
59.98040702000017
57.122288379783036
63.82276328441025
21.365592472143476
43.050904801954495
22.66737676697224
52.71191725516688
43.923923048301006
33.3642241343282
41.73788668611254
36.354944168682266
38.3507897062062
37.09569183887057
62.35125676660663
11.89451146128016
38.79404054057571
52.344377369385086
36.32927900421919
0.6979226661967886
29.31946344537873
61.49994712030525
5.0773899466875605
50.27686133387369
22.38905077123505
58.83263523584702
38.65544854119549
22.183688006696848
50.48695406705404
43.01747610480693
57.32413264378283
62.994780966665765
59.37096468191047
29.579665184585934
33.60986006534752
2.0211261097347446
62.330687587706635
36.95554842874371
49.223337311359614
54.40635866779329
56.890249003148845
3.8134059497242774
54.297290133801695
20.7662774778819
63.64840480392315
29.899637706479957
63.957260056281285
11.620008295621531
10.6134697931627
37.91016871002728
33.03780735589466
46.45499212149174
22.823638142305022
9.720263184547711
23.842073355909776
41.48615682586393
53.375964955278555
36.61968069043819
29.964890717222445
61.57801012652599
63.29413544939216
46.359668231401734
43.152824655218
9.342571700769831
52.8093290949697
45.701231861684136
27.37600060458282
44.007971310658604
60.08461082893166
48.986234780327315
48.10614902026493
62.457804655039865
6.362037349708821
47.89132918263646
55.98931547431624
33.68978190813509
7.9097335940746305
45.91644542570221
47.78528323260184
45.86728072093652
49.10738892220173
36.63285495251225
53.13369873621585
48.37167140495265
52.30458491393685
34.984044946405
21.833982359077325
57.25367483871027
55.1495417018722
36.075136315885615
22.53547787898995
42.20764952459047
61.65281031465744
41.946541776989235
46.710380254433254
38.22462653738167
48.993636900240176
24.77978315423158
39.40078243037388
33.457600087218495
60.73027109311387
47.24224465499192
39.00439764000122
18.835835987725424
20.486917471542796
44.59107134949356
37.250650269565064
6.71277913981443
52.54177043072215
51.576902624379834
58.64117415550394
9.567589102933141
38.12592673111463
60.75187168838139
15.16875992978271
56.97042074354337
47.222577722286736
35.85003022886987
25.080863156695507
28.69327704154773
40.51187012701939
56.08638069362527
58.75122699417019
59.102308228250486
58.65363516648365
52.46417079332131
36.276404759061116
44.94549410638018
55.34971684756662
25.950034567954646
32.48364587522798
29.78422416333465
57.32249959599224
22.397020515677134
45.1351094151697
50.620582073056326
53.69391282693026
59.35361738730617
37.687287253081564
31.960663884478173
48.25988850069905
61.11730989746086
48.46801140492939
24.208928570275745
46.29448449799763
40.93371009230904
19.859507953737086
36.91363335021245
45.83958997457818
38.88678926358663
30.346667181435016
16.989430298135048
20.805570499820554
38.32452503952986
26.529212918756045
63.03456525293543
56.48030553517266
53.50439699678547
31.789821863023995
52.95076683364987
32.07575288911261
3.669970687645602
47.79749885313922
53.91622458877741
61.034650066021555
2.105074408458961
21.37052821455803
1.4088745327349557
27.071672403798978
54.61697809804742
42.10966500739538
50.58277907566902
62.82435644124021
43.1647291635184
24.768979473156733
47.9930681889302
12.737886591421777
7.928778562343155
60.70329637779968
55.96085499428733
8.987190921949178
30.0925184415063
42.79570284998306
38.37414586405244
50.693415828028485
40.337318576299666
1.0711413893974395
46.960658174415215
48.47440039893158
57.48042899177987
9.259066171796661
57.312409060016726
13.261790389826338
61.21798568359015
44.46773439472351
36.43005242297221
10.01855427313643
37.85288598975277
38.08184462024034
58.27515123686321
37.61313167976944
62.37385578193462
43.15222323535943
20.95712634222278
53.55197964677098
53.64548742477594
40.30743068046759
47.30720576863053
41.53044472321882
59.79649858855423
12.953886083603805
3.243193915605609
45.56594857728354
48.5889246947104
30.65434075414303
45.98235641766257
44.80703735712716
59.46635248549378
8.05591166797074
59.92233519966711
39.529164387902
42.94457581969533
54.36165595623211
50.902162217532464
56.42889893020495
55.68161541087399
22.94502425550875
62.87897086626075
48.79770147024951
56.34885784018692
54.80537550152329
58.82575205225507
5.2134650077816005
43.2280414643964
41.99398715484786
56.8679851055339
54.987367742121876
29.18381629018667
19.32524511435745
26.132227321218878
42.59452608017324
13.071019178455053
44.218142104664494
16.94603170681365
32.68394834023512
40.21578486421625
16.834722508061603
55.1352289523934
48.13958979078522
62.39805059594709
35.821914043896776
48.02231531210374
54.52969941585141
29.317603174526894
49.66834836544423
55.1049217897902
59.95045781292532
55.98563238234939
19.356497625237935
49.153168094398836
60.264677954173834
61.91448059118183
50.86960688498024
47.76563951700773
62.38375272439268
13.877774579416815
34.297378050347156
23.568229878111808
44.88358682219345
46.06781994224316
47.84001329497087
19.80648400042604
11.221868777458496
46.87703881956516
58.033136588987645
44.64035107931602
2.9196941239540166
50.30605390856458
38.82274382325642
43.14842661291015
24.415747946176545
45.160768901075784
47.63933445706489
46.0832568289194
35.73787576759847
55.35226869679599
26.63485258356954
27.497509281523556
19.71672154082909
45.23477473130483
31.263989649725502
56.13412056302507
61.54295177611462
53.60530093561145
45.40831022463496
43.73014914212166
37.16614569152644
48.444200907253354
31.751130013531444
53.7846255266644
28.242259677551267
18.511682437365046
47.02038297425283
60.75437116683248
28.34677510233061
52.77988520290421
36.62936082249317
49.03413128502417
35.75383750232044
40.4789341844082
30.251002424845836
8.929037374836334
49.05695216546561
5.208941383119658
54.692701241696035
17.154891687827934
48.4548159780067
57.4403485334061
31.327089360857066
24.676878737390012
3.513780317961256
43.24492935877764
39.03349186035564
44.08320940902611
46.88848330963869
47.53343515869115
45.52251342984111
57.27706154011492
57.754573778690805
4.373779824564608
11.133926227300663
31.22736240976304
54.53214690896996
53.23355397472153
43.703934805729816
31.409146858798344
29.633524795050526
46.144530609975554
7.149252928157715
13.881814697835765
47.51314870913248
61.04029510592797
26.459909995324622
22.884567803138786
44.038103550079896
47.155100242031864
45.52154275057006
27.453170349099167
49.495293174525635
41.918983879791895
44.0956003871414
37.408878493854615
13.942007258744084
48.61281070164971
41.884538166697595
16.612322582346323
25.827083073799578
7.180725325026231
31.087978289759768
35.31796534667701
50.05385656277296
43.55770735075466
54.83962665688006
21.769544873995912
21.293046414776775
57.63769725488602
60.75541437234712
47.583279816837134
62.545929695534085
58.32676206114722
28.465751407800596
24.183441237176446
63.124305265753875
29.374103840334662
51.744704621250406
24.583616109530922
38.11675271541624
36.49608230005242
8.10015832191089
55.6316903136626
0.4512536914989198
55.5829083001396
30.783912287459884
26.36636458017137
61.82130662554905
5.829870730346833
60.59648323917612
21.619648186142506
63.53172774768649
33.08106735364803
54.6506019884913
40.732692104953934
58.06348767310131
43.650514203008896
52.11079461031644
55.591963123822396
57.51421175807956
11.000777576228984
61.85043583231857
54.72416706765635
34.587138834856106
34.82489885786535
58.67368417096267
54.89814608965961
63.88501114285211
39.74692094144303
30.310370540379097
47.6540194704475
63.37433983926805
55.39167530951392
53.92731288000341
54.52841850931875
55.53160751541103
30.435257008199365
55.98608484019732
28.44339282401213
49.54505761347068
43.14975270642239
38.023792219553386
36.06409816750743
14.685783530130543
7.63522796331582
36.937407811443606
23.030503497984725
32.44365295818321
40.87762620272845
62.91559239732224
22.66812847811211
48.2367856082308
52.59254079856469
