39.81954378303756
51.28751690299708
32.94661657146898
44.64767284472824
39.586152691312606
61.6289843438373
23.04909394601072
59.14438597035257
20.764986050135242
52.02975896772486
14.97777085435191
33.408188711292695
55.86164134683434
25.51056383819502
57.56155155676177
22.620292266827562
42.466572394195445
22.541372132164895
50.82290238032654
35.52340386650805
24.606171756725836
31.19185251312865
42.28356653411464
50.71341726550016
41.92482076027365
5.24945524818046
15.909323177806385
28.06906024092713
46.26499352852868
10.303382839817829
52.35213239645803
21.450559825813002
32.48237207899008
33.9388317328667
23.302634633839396
33.37933105415931
25.00192064810976
51.582368326586234
50.158202873236824
63.0580366062978
53.814178784644554
20.384832779377277
44.70528148816358
54.02201058272066
36.31641657755793
4.723136100922069
47.41627030393183
11.117029174372426
14.949366009271216
41.71108876027088
54.5740507030152
51.33562252705954
25.749332162509106
49.44048158842487
58.55698209555981
27.879421298669165
31.373112868920174
26.194725242292428
60.889079321832924
63.89392611647214
51.49344030799006
38.20476617166531
9.465274662471877
34.935640032557686
14.457026418766674
27.965216482133357
59.298043487801046
28.938619090919467
28.72567828689109
38.22643988646621
9.270857063054258
18.19211039952065
35.74069178106975
29.63669936770149
47.7362738230524
11.89453696596717
24.214050319549756
47.19915423752809
40.56970448418207
45.54368013694158
51.0457207745678
38.071792552830104
48.21887911320906
25.921890147099454
47.16206510810066
59.00676392947413
23.552522450367263
21.45402933535395
5.693902026388649
54.08187416535629
15.487633248317287
50.49197345365634
30.749730586600734
52.618236670484336
4.384288297044677
46.29969398523069
60.06559076483201
26.560202753891822
54.55834569336034
52.11408526487832
26.95335692856934
26.642862387492862
42.65564144851423
61.51404793508027
42.76679309602396
54.76405439116577
63.906796466021596
51.33549436469348
50.407687939028406
38.366159604484594
52.739396387324554
48.117551384231646
46.51989773421972
33.65644371810858
60.936838828245435
36.289755619803614
47.069383202391556
28.798367063714466
50.99757641681349
26.04236122354032
56.35753618703275
55.119112445203704
34.56457524716979
62.34788515627316
48.29221235744326
58.827513561459455
34.59188781012564
62.621688494633666
52.00408492438511
26.117864147181024
61.157096182031644
61.60169130412501
46.26948210722217
38.600765566049134
10.287959192664935
55.875448581153016
19.80697368422893
19.264867097107754
26.01741505250571
39.04676854765704
48.39166712342744
59.972303628653634
56.39879395738863
10.125839071101346
54.65105494638772
51.74582624817104
42.59005103892541
43.28800218498018
59.09780063704656
13.544364163966272
31.2083699644839
50.331070251708084
12.683924156571663
40.45397425924755
41.144641481580074
30.461633041364166
47.672609259515106
60.878431046030386
54.0069379188951
16.3341831226738
49.76987977320947
40.11967904936324
29.212915216791536
42.49050748788464
19.087345321070657
44.462150666961094
8.751746171415824
63.10520025135943
33.99151691127039
57.07744149345836
42.05209289607194
60.05405230878829
61.444712457270036
51.25977724227239
13.77861080482353
61.768212032377036
22.13624686823416
43.04499444557734
56.97871516340281
38.16843262554214
55.11461353996978
61.05597079296708
14.810191754649324
53.833470651927954
21.353392780975547
61.62851811589253
54.86772578366633
59.344557483733
18.81250259580529
44.595651781356466
27.757347167724703
63.32250340820316
49.17372339243518
34.24340885618693
62.046908394792034
39.655728703235525
29.440082876557284
61.28809617402076
43.15910173225947
32.17851666288965
56.406081432632696
59.573124581768674
62.203560468666375
41.40876676764646
50.45840450316783
18.84625304029258
29.365938864289525
41.27271001072329
43.66924954766023
35.907965895051355
41.08143012455754
62.69369594242444
7.389544522392143
35.413495900272025
27.07118927455933
46.646833170222195
25.020569104604107
60.848163661978724
63.3773604135834
47.163904902552545
44.94163804567509
40.71147316879427
61.14239295755791
14.244821047375886
2.5520307798317816
10.29236972028881
9.244237534533042
39.172290815717844
43.34754206838961
44.15839509823988
36.78990810075261
45.519034573842006
44.91395612854829
62.72896309509148
49.294129014018004
56.220594295978344
46.75969470352037
62.156587161029414
40.7404434883985
55.726348675073645
29.587849061648733
27.541969709269956
45.52810100170717
56.8017763750086
39.88344493855865
59.220256319949804
41.21164502085938
62.36072116718836
40.66885578529776
15.198526861616145
10.003457398191316
44.75578108769628
55.47886310148815
34.22461581943709
37.03201340745622
55.38199534134138
53.04154001256667
47.64848365715139
59.97525466586378
18.3285686859058
51.72615617189773
37.593722163330206
32.71250425212913
51.71001066086513
33.89897141275386
42.81991777801164
54.65055631584089
5.49154888245144
60.45748637038367
60.33669058881159
14.009313959840277
44.333354276359884
61.145551018356926
55.892305243099834
52.95538832886339
54.7323788371685
52.22123262671298
33.46337862139402
62.147242067783345
55.000031449755554
63.03189105993032
29.05711199451582
39.93173212095724
6.806398020773244
33.11798856893084
55.94895622667481
59.55004678856754
28.55357242231775
62.724121617067894
56.200586904567814
2.7405652256267885
60.91556273255919
48.715015937404814
16.515859788902766
51.4954399489618
19.608966158254788
7.286398724727768
7.4440102929985414
27.40781417387459
20.182275135922268
63.74313686493862
42.36425604511507
56.113190617686044
34.094761812537186
49.074429492807994
58.93121426972843
53.27744415135566
53.34795255103087
50.398499217202776
58.304318298198865
61.679876884481786
50.793460853185046
61.66065794658545
44.38118198132358
62.50496110954914
21.706208882759995
58.926277179286146
10.942007550224382
9.84680157542114
23.55419829007799
57.187406559914685
59.384753903859334
15.853890007651643
48.766604092407896
42.88103445204317
43.17639410278461
63.016097580279414
32.97385267628394
50.01679658660354
54.98994369641606
45.02274480146338
18.748941118379335
60.76074490004759
45.44697115319846
52.11640740042741
14.63786853659655
54.55410172395625
32.8006022296841
42.92042482359318
53.21892080869853
56.43807510384395
46.505384998685074
42.76379130859921
29.40166005509745
5.4808716942672575
27.581751692866895
24.005492291658825
48.31466020029531
14.404536465785498
22.331973646719867
22.872788029783003
49.336353467297954
21.76106669596612
8.288244597577247
47.56086967560928
4.517011351152156
50.26665196193415
54.320422346088236
4.451234487555865
49.52730556683862
36.097561671753375
52.34609316194551
30.97853967965061
3.2454660140898923
53.72836934521236
24.629231403047406
43.50615896268582
30.8075166316468
63.567327366412485
24.540129521904696
63.75302923216031
46.55230009581983
47.51978011548215
38.20864469919093
63.047068582518364
15.031661917506206
33.102630276975546
43.63027803990298
17.02385108038922
22.24162499519295
7.701542171951374
24.584807050619204
35.76901707236567
33.998938057727536
42.88559887465246
13.481493096873344
16.54335627918848
38.14889173568652
52.52747429937121
2.62985960317706
51.12883284055006
11.340352750192686
57.31814701772768
60.799968005827196
53.467461648347644
63.18631290716226
44.423344423340424
25.141533606682053
37.220396741978405
36.107125471108645
56.45537510624518
55.571755833282
7.29911964366385
61.7607942986208
33.091815995383214
54.00555791236302
10.110114793705016
50.559871693467926
40.915716561974705
38.79702749677587
42.153893097704966
21.637716537636095
55.1398674082335
31.747930582075867
52.31335377764111
56.18486101763969
58.182310600692844
25.600492144376005
32.705657597000595
27.49125199934769
53.070233240232916
39.952903568129116
13.74787402907004
53.60702000698225
35.225158636467135
26.974577667418473
56.71631440989453
56.16115050367295
47.627240208350884
48.81605610870722
21.712602748462245
46.11998411208545
41.42090226467444
57.47695653411257
41.92644395188516
47.4129347649879
55.22568606160091
58.937249183781816
49.206609754739446
45.87684341666568
34.851891293887526
56.329416879748685
26.985349878652215
11.988295252763464
29.73719251671593
24.831796165886956
11.31767266431315
33.6681496310224
29.998544386329357
51.91594207846614
2.407259425513246
28.233924590281084
18.321831415374284
6.302312929093603
49.10738304547482
61.85044382371837
33.0186946270972
55.34864241719958
63.22385703613615
60.840550777503466
56.74951839257027
11.058597682458256
59.61992114886623
63.76539613797916
19.32548250373958
57.712165887492496
16.639019719011408
38.027612365925116
43.78276205626619
22.942127053971696
12.012619775993976
44.794745742953594
7.973226287527474
37.731887522350966
9.738256970671209
42.46669121111805
56.206431747355914
34.47032594088063
2.031019404416014
17.106327814441634
61.574103862256656
27.623538262290488
21.3160404464222
12.278725104678351
14.643203522109012
47.03896639379781
11.405846654709215
32.44352790895674
27.919745489740066
8.892230500337945
9.967492253019572
49.64678792653281
23.590657330782015
30.259871045735082
41.66541866405744
60.97126440893292
32.10117410325749
45.22596483934241
52.18481772226417
38.108778028539575
53.32108256192413
0.48338196711828374
46.90222084520316
18.579729059473657
62.95417213523135
56.99798706729226
18.005958665032573
51.10931517964589
39.70101861995553
46.76107445186115
38.6104217094404
23.620202576387193
44.51215800328092
59.75503105405743
58.87531131795921
44.12261605344182
17.73501196567468
49.694572618540604
48.20996947685049
43.8174418134675
41.87517058816505
9.962178222853538
63.54067145542832
1.8026459056541029
33.2220691375387
42.779444226884905
57.06052929660575
53.720951590343475
11.736848984721163
34.06153491128691
21.103495801423193
63.23993281206909
33.88519934173956
57.59443931753279
18.934169418543675
39.09553437339096
41.200672726738674
48.634468116932254
44.464576995381194
12.216224943296233
46.06702986720221
32.71935544064519
26.02358647157436
31.011924470881304
49.529935378916484
10.513991445397707
19.26337932676889
49.41878099359215
37.8145384180789
41.13851803996009
41.24287942634261
34.18748645802385
13.49738374402746
9.382962282126734
46.8376914449629
63.588115268368114
47.728141008118115
15.848467934404802
40.252644827508405
25.23534511717827
59.56259313271498
30.040175989919135
55.60637282384148
44.26076318244151
52.79464888300959
9.802806019287019
47.84430517735733
59.502152113425296
31.369688795031685
52.39207332847429
49.44338788719219
63.368768136213525
40.273749587487956
46.02368615511533
56.40568850373324
14.549098647567313
48.34250628459862
31.88577903630123
53.60952438308864
48.3928355079193
22.5619956844917
58.842621773297594
40.47386113847946
47.02655813634154
31.542945760089538
24.63825136324627
49.81545392192527
28.936977021785218
56.90227262830807
53.182612504879145
61.3398973459055
32.222774812479685
59.42296463605224
24.729752181460846
30.834638520926603
41.34122449147212
33.41471392486791
43.32447056304568
26.587110126610447
61.602487148944995
40.6384047848389
42.416088061144116
38.160910259276775
16.65989888096592
44.789538270634864
31.48115995200306
40.77021549761764
47.78189348811296
47.63808724660254
42.42182193670108
34.14779807592255
52.28265830890842
21.515934824207946
48.464673382092855
51.116476890302955
36.57113958376861
62.92162348330377
63.557426514439825
58.05480951906496
32.34883779734824
63.60272119113645
49.86866411863639
44.230074112030735
54.706120701309246
28.23337390221503
40.35132171971316
26.877166856654974
52.97698195562443
36.64045054307799
42.43808723200942
58.3056713389135
33.81241758372374
43.38403193718963
57.67235536561662
59.065945471059536
39.74575410519939
60.56694467842109
58.059413297897336
61.81913939208118
47.30213559220705
43.6524483845332
59.74918140494088
32.85445349540997
53.36302546659387
23.802306127831173
14.929996871474835
47.11162291109476
54.08332163089077
31.132967237178256
35.10599425897682
62.98904458518943
28.73107912929978
63.376989657281996
57.98524234937607
8.13708538089633
54.236950227416585
30.63878848959051
53.20061378491965
36.65846123986397
51.53683523340463
41.18164702610862
40.825946872993676
12.599830573341151
45.960350371417164
25.170612328985243
1.3738298772578759
44.80643012844139
20.783335634957425
36.53950354399582
61.93593891693788
20.44555815944034
59.99714489947254
26.712124659599887
58.48887463072074
56.55483697941209
13.155171576373753
57.16144129399499
20.378249844211922
17.60380028748832
50.51013887598616
38.45033720355693
34.44080667554351
26.282920309522474
63.44908704680836
54.4766167081369
54.95971868111337
16.23493834257058
16.45745254509221
42.66642467125331
44.28145200429404
19.01085362266361
55.56679133559287
28.601734020546296
51.52512189630493
18.010093313396418
49.766503153411165
18.08092492549015
19.615885549835546
28.57098695744834
43.850687627198454
61.275907946305175
46.145532766787426
51.628151649715775
9.80274763499942
12.494018698756761
32.66717336006553
56.461451801590236
39.346670865417295
19.437878320955612
31.962802765041282
34.34826735644057
55.62321092358973
61.87895801871787
24.10075526647384
62.80495320050237
9.154987843642509
61.78149922377012
20.354973954151653
27.665212682932378
33.210626856571125
61.72621126955176
7.6956765172529416
43.67511013202092
54.2270275940072
46.05221350643063
56.40413039506383
26.65429146954672
0.6744847168337458
43.63204397200767
34.602704636441175
54.45439618199987
53.66032466389082
21.368992603225557
33.314501631594695
39.46988655451199
31.6240988696238
53.60682391992708
39.17377757499443
58.069655749907604
48.67521840012387
38.453487213122
47.46470734029734
62.68716667108049
37.253590300925964
40.837154806326765
46.69915065224952
59.222364753098816
30.4183750657961
59.75371050303976
62.33119059507059
31.95156505384049
20.38077290321411
60.68867893642761
33.80918527390864
37.59186276160072
21.603679915346326
54.018912553210285
40.67065530975766
17.57488998699801
57.32572951663038
18.543367720244618
50.0016198465198
46.66719111917061
2.9175653325624182
35.070369281115745
21.594194683870946
50.57740746149397
58.213618816365326
18.328011244636798
58.82211636112146
49.202354583736835
53.24911342293122
27.029841035400054
18.46060781680883
3.651455640184892
42.422086267676846
48.18448600751117
60.464128639303276
49.94823731359775
37.1599898468729
41.06134840692968
58.735835465457875
3.267165313376843
28.664379881497986
21.995736811220276
48.70428096625214
41.26759733303799
3.45852456293062
61.68056485278671
48.34910063240004
54.415680939244574
35.17870702533568
61.70061259399519
28.395347867666615
49.24678840839914
32.84851929979888
58.76509771430947
26.041110573876658
62.90192741255285
46.50092226251759
0.1637225357178167
27.42560826533989
48.32589634042981
61.96797189413453
46.354578965576536
52.52208236675298
51.96930539779454
32.9909864133671
58.444128593161196
52.31294733856405
10.502934003794145
57.590496178327896
12.000613729177374
59.159164998491356
22.17877783581355
28.1404734981166
62.87995580726301
41.424784863525495
37.66370755133357
46.21754238996207
41.335438135956785
63.99053822554656
33.15981300488603
38.583928594777966
58.79462884669414
55.855856499064984
55.473235325872665
44.16902104948968
61.65195559215165
52.85426295304894
7.0148809526879035
40.01976490772604
6.151602574260046
13.678842559975052
57.790351999006795
38.54871092240192
12.774831455128208
1.8085387091747833
42.10435859569461
40.480563991059086
41.61301747111273
32.195825142860315
44.82025890096513
51.826706972615156
37.821385066664874
30.350893475754404
51.09228035915252
57.19831556543189
32.01877675378995
20.50932226285822
27.853946548534353
51.674962463799794
22.544977867387516
53.131540607182295
33.368959534727
10.679464184212293
9.507751364656244
15.375531775982473
62.7116956320965
40.76353383868678
26.323263576780008
53.90192827313676
4.83971274177668
50.363492589346095
63.69718956489845
35.04378419297922
38.806113626744974
35.92849792341658
38.088000644588305
58.97860658853144
24.723803878827262
29.36910148263061
48.0621267687189
55.49787543475627
56.98944635131303
42.47946882416124
18.688355701586758
53.58792068932537
21.476031751945918
12.307506704822515
11.244519034251745
24.975264408718253
20.268985259364875
30.946236793949986
15.941720048009842
11.146392246997998
37.28446799504474
63.97420393465497
18.677477611716952
15.156273767200105
45.919523206714985
63.007829205907605
31.19819812124252
46.6582688175365
6.252523243650437
50.65813466548363
38.34933315875268
42.738969753336136
8.773396928409753
19.941916350118625
54.76525540212279
51.43624616627115
13.14899121299726
63.11064280266271
56.92586094888992
62.09878758704374
50.76068537541979
40.30750442428196
3.4482172378883433
51.58955202584687
42.53611639060193
46.44729057446853
53.513586865978866
57.13264423848201
49.115028918443215
52.04887091862912
62.8172539045415
28.003196630020746
41.504219660866596
52.88248041276019
31.353441821559763
49.716720068772595
58.922665530893205
49.60265055476425
19.71899907448038
50.16853855515301
41.16047223109021
44.06648502035809
57.604376216249555
45.45768527934073
32.75364161091457
62.91466238848943
50.28325259600423
37.95929941267981
60.78901682994719
39.73652235088569
9.931609193039954
35.589146005971934
63.553073846775
45.41278843970965
53.55885506376864
21.5729804558761
40.66540222555659
29.7629970285496
20.59482724200398
53.239102600336174
53.89886387012646
20.766783211421732
46.3949293635371
63.29889832130994
55.750872593344404
59.55369888749217
41.14931877671597
44.59451132822887
7.840026237458531
34.801040820206424
59.30922541290737
56.906064844617866
49.2356873860608
14.60647855219085
45.9845780590623
39.98310061922845
5.469535839638155
53.885489562899764
49.92884261429377
19.36319158921294
43.398478126370165
31.428055286645545
50.89313878116292
42.8204302896924
22.22834923604953
3.286056093191384
16.449008333048205
31.203603038972027
59.89859662065412
42.82789561258757
47.711496900412115
53.5820525522972
32.4877101517435
4.4332385362978215
60.4629375378962
47.914546065415415
59.42568117769727
42.71172161256026
56.633910751465564
32.45011679217424
29.08188208232545
54.51242574039417
6.513770748513409
34.4278146447901
57.718234471812046
42.18364365201922
62.911004867860534
27.131492191753516
52.90371631517577
48.1208815798167
40.714953629318046
39.50868489264138
54.343500508404844
53.69293441616353
50.882706037757515
50.27880713562453
17.312803926139523
50.83786637307214
35.11278702416361
30.103606652859533
58.35210363400495
47.36711995201037
35.94371661371829
15.323542245743774
55.41623772474419
20.159532040507408
59.48386901867363
33.59429877979208
10.130638784624892
33.427416165286175
46.561262587753035
27.509631448908266
13.249999596899862
40.275263118278254
28.93013781630524
53.81576117798251
32.053339469044204
17.201584263013046
22.750026670207028
39.9871449801246
63.24293309974957
38.28497691368693
8.108894645396632
34.93727672296923
45.55770524561187
21.48974547771163
58.562761958836916
56.913429297373646
35.96784831333319
52.14689164808117
33.764564070106076
20.021505669145206
50.14656966141567
46.78299354984935
34.75224196905206
27.653011465639977
15.656182891076867
10.090413873005666
38.13921951304786
45.44354382420954
59.45210718787579
25.437454440610942
33.50281728258555
29.412198604254918
60.73768745278616
24.993967568513398
57.46177867631307
49.78706622316436
57.188567472000635
56.63074630095882
39.583229357820656
63.7386010434709
46.965533533552374
23.818364704237617
32.70229474710567
61.796065573384766
28.70894021770271
52.883048647845854
34.219349634577405
32.692963147512614
35.26374512465089
44.20377617162774
39.17016773907385
43.92107967500903
63.910213419863354
34.851741257526044
7.472938617456833
13.021658937459797
12.010262941715673
54.30127213511402
29.69257766512041
38.849479708493284
8.832676264920977
37.0140197220601
55.14457998458916
60.827537030895996
15.709890227531822
45.64743948041068
17.47930532809596
41.87329145204329
30.86363233493156
51.728279634050956
36.33670774176244
20.322498982393988
63.774014933638945
28.196572332273988
59.552161968468695
63.62400220967922
53.54300458275368
21.373728329563335
19.695879345625407
63.687882873123655
41.63633457009285
26.923176851624213
39.36184115295297
48.81245928738702
51.48400169122538
63.88029599250651
28.044480542015386
45.2677665910462
32.78520289463577
37.79688727439189
56.58071054576552
49.32083860085986
9.565243870397026
45.37631383404502
41.802170526870746
18.359795133668243
57.424850174788226
9.741823473380535
43.72529214991509
30.140015733728177
61.11500337759776
58.460629723377984
46.10268852237096
32.7890947148832
24.077947081312907
25.8151564758206
33.00979021798533
30.1037263801067
33.012550165641066
38.85935924688496
62.057778454120424
22.188314425911983
49.98845314409061
26.09857263874263
33.623705280518564
17.489021883582268
61.11651834620899
58.0769384416605
32.76698122094271
37.198075717429276
3.799878188394601
49.04086440562782
34.1797495349475
44.08186415372252
40.39578303144681
19.217629897171626
56.67520291075778
38.73132823383162
42.10653099875707
40.038463819125184
27.01520325624989
56.307696783516825
35.10022739073071
61.41391904430883
60.17627384934531
37.045041764361684
50.285355163173776
8.50430517088489
25.180292671902798
59.02892340005439
57.34801495311114
61.24874181973813
53.30267522171697
54.821271119973936
11.030684686590455
35.15204239698849
8.693514314613267
38.98829121732952
27.36294554128071
13.855326606430012
62.009019568750944
14.900587891770975
15.13119968824185
27.366606384502212
26.54491014253057
35.86066608047165
49.91642770091205
41.07103501379573
31.761688550505532
48.38249320642426
55.76729770067897
57.36366007425505
29.186465906732167
63.83910179753216
34.359347279820646
33.66514538109762
36.8413974804431
30.75115178793176
12.847270951842354
44.11287043112645
46.57764194509821
29.43297008981677
6.197475579304346
40.60664081081791
58.424260247355804
24.63328151782443
40.354013258644336
12.36707513454892
5.395882821693014
32.24768197718921
57.41137442433373
49.20697191865405
13.413675344082385
52.974066156319886
6.2247502978935785
48.735974591472825
35.130843723356634
63.55714633446925
45.73054015431974
42.79161508075216
41.21517920420013
26.113805000154493
34.85142973102393
55.38742657116985
29.726344784734643
53.79645602236683
18.27902106347269
26.97300803347609
48.862698617012626
47.421510942488325
25.872183514289716
28.07759526699447
63.861290483813484
57.55979683005876
59.1018892798841
37.09164433951743
37.16385890403701
54.61673868081142
47.48623529766503
36.840902288031145
49.971600810548786
40.07869556867932
34.16301617364836
19.608556691730662
60.71027231914232
6.513980095286755
53.444087671243224
0.007533697349167312
28.022357607515346
21.878153794512166
16.772678719686006
10.58856551365816
49.66777095048527
19.56846761777979
43.701458128399835
53.682662430895974
51.891444575056966
60.250964543885345
16.22422406580155
35.073764129103935
30.328672382577814
24.543401402260763
40.29956711278362
8.949247027704068
24.991117909135156
43.012833419913285
56.23727447869225
34.717609226288474
15.283978639476906
52.69611189175587
40.24060798441111
42.23848138166466
0.8698803020526782
55.887050714926445
58.51931554712462
48.160399960644625
27.688390383698128
26.026557841978942
25.074637277996516
47.13031340905953
21.238445739937816
55.67441480409597
49.40954482761478
62.846708062289956
58.102765645766986
52.84649410021835
43.45351688442578
61.48319954687131
62.29265053414157
45.25360523477768
18.729088520276008
9.344217143111294
55.74378475495548
56.642631363553896
61.14784724146464
48.6943927462069
32.44212408894721
55.20443275270297
31.169685398558435
42.53918763647595
6.728009473253195
48.7179425648895
42.724018956748324
47.85546610764497
39.52879463310613
45.62301022149521
8.01662190468155
23.02819505130489
8.048228532779333
46.2225037612118
19.607842317591277
61.40050579220261
15.093294070487993
42.05344689456567
9.944130799636241
16.033074482807542
52.676043537652674
26.44980974953411
39.194612571362576
0.23658518379182425
18.099333861547947
58.195322462818254
26.911006223727412
40.15508688888326
42.469506956151214
42.18258688199592
49.35550062754349
60.717551185328084
29.345078024027075
43.245969844029574
40.01733180100935
59.9636500313952
29.06446826433946
48.93980921839395
57.074602901004525
60.58830419917723
52.03678383304275
8.850255172518466
26.328758686622365
44.4999022617516
62.587158494598945
47.5740353895976
33.63685270621407
61.4234567626017
45.96113891800438
45.55201099787001
41.42223824800432
40.16212597303682
51.26437131098678
33.881008030068955
36.67433098363656
19.976516523280658
44.5971697823808
46.49063714256474
58.395151180687705
36.2079366367219
25.813682681265334
47.34150642819669
56.11299668297657
29.489204101503148
23.274763326512982
35.220785798258625
54.203656652557825
9.999990709535716
50.91944052437194
57.19708967523588
52.648185928502066
38.466756089058975
48.74455458987599
19.944856895825353
37.58811749763111
44.75942658715311
30.554360101849305
37.8274783548689
41.0430343176912
55.34409083745303
61.843584860609376
2.548451715330039
56.93689476565173
35.819285000915364
28.763305097127173
58.35835394681472
31.178894454814746
59.724912136267854
48.17654867177176
43.3842120903514
49.43993980026828
21.99408771427686
7.755291084611237
45.93056970907227
16.94105610293427
20.023869630128615
20.61717582302579
33.30916623749221
26.204730555459236
60.736364262173424
25.891440850581525
63.93674599705712
52.19512565159995
48.007412277013685
56.610785716648095
32.14984727327756
18.6128453552328
63.34378299374519
56.11350000756634
51.18276266747722
3.9467147302794814
49.11873439803613
60.75138348112746
51.5968823231554
60.57557894145818
36.946416578489476
28.00488755788865
4.211266652388332
12.721214992879347
17.735266999564473
12.261366062069165
30.732321081723647
44.27014566660468
13.567494970841537
20.322495268172496
58.163267517642396
59.59360481405599
30.70829789740234
14.427874429862165
13.586696273193127
34.099905926596605
58.52422791187976
27.515641020659636
53.125478467835606
28.76036231250243
16.565795395039984
60.40786778473361
35.60904646265874
36.88084621287736
55.78861103662051
30.440130833591702
60.72067503366001
33.38488926799275
13.661463631559052
26.6587603889232
34.043143486651594
58.20773127566716
31.31639918363603
44.910581506319815
36.30007506595787
28.880475259713002
61.55317263896682
51.3017500941909
63.64503165969685
51.40630531266139
36.64504200750014
16.17515593544894
16.13725035481334
19.695303861460708
29.228813253540118
18.188120075867673
19.422294295097302
36.130342189097135
17.26060244373746
1.8686830359455584
13.978005892752591
53.10997249436474
36.57546976245608
44.95525791612586
31.765290004287564
46.122154958657674
42.81658030666871
53.34714468344474
27.453845717209113
52.03277972613871
63.55459929236991
57.8195163157185
60.80791538985895
12.684815988947413
43.303295080573726
47.85920762816269
58.97496707244461
47.695867172119655
56.28489653171825
24.370170444669355
43.01952317455732
36.073488043543435
51.11683255299993
39.04164917809577
26.457134270801454
36.946564628369075
46.15199113052528
52.804962326898966
62.46961680647299
15.938233360660085
40.69616874035202
30.82303520854188
52.222917683516826
62.55470240784126
43.06421518718353
22.23466739237592
29.510172425586724
25.46176094350143
37.42049040952294
42.8593837058308
34.65693448119413
22.345284908765308
40.46839994617728
59.634159386397094
12.65622315851271
51.063583527859805
62.60162341505935
58.74480084420116
60.83500456299648
52.888043758481906
49.94218663818069
10.007184909108467
40.85367274861051
46.32317233361553
62.16387177762951
29.592870588639748
50.71034484678054
33.16899275057726
9.73738844669419
28.316854237889082
53.26643490569794
62.521251095378275
52.7676282106932
33.449154304771206
62.808598103942735
5.226533633203211
43.210581894841724
30.987959805974207
33.09604898553543
39.0640862290379
37.87412653420828
40.880399195419294
37.40479475393153
55.62740917975521
30.93195908303057
58.06314288086519
9.896910286702706
39.06333867087707
56.421903755403704
52.223270033682006
31.4827627031082
5.22346497756574
59.90992721433438
61.858826300653604
45.99039776949573
46.18986467799367
17.873476019158694
4.995274360330214
51.54521110883363
60.70568616780078
36.31762118779679
58.72154013320194
18.534253544458338
39.13939589934583
10.807604685584131
15.972433805919835
61.15147145107216
47.244620815014855
38.213550973716345
44.28018515897814
16.45421540877451
19.264290835577505
36.45173494509579
24.699966945294143
47.75339655570408
56.16656278157847
38.581684320930734
52.25674085881707
29.20620014944337
27.5961035994428
62.934380650458614
59.78194936743802
36.74752436653286
17.110409384783047
14.313166061278515
50.35550485491199
46.305346909508614
60.419305634306106
37.6727147174058
41.57557782521835
61.74241673722964
38.90714710168168
63.48682474112013
16.009252783691963
38.3587804340363
30.039721871463776
39.94249525271935
60.343626301791524
15.152085828882903
46.319624428676434
17.525786071827653
46.89985671758027
59.649174165501194
28.359501454071363
39.59055750701174
25.262850944893472
50.02575726058994
26.95238220058306
46.36280835325452
21.148892691710806
39.37001169309693
45.68229366811482
16.363138308104716
37.400525827594805
61.24739265849563
60.81500211356512
58.09660925335369
36.51194974356825
55.83030968897637
57.5723089934667
44.42605304938169
63.59616324621794
52.86558921509197
50.94275694560068
26.835629699509603
63.712995040756915
0.6302437153818374
37.65984858603916
52.6474395925827
25.66195601415143
44.892428976738074
5.764331735640901
61.810397016927325
30.16692224588158
51.2445373865875
43.27104381891556
46.429102758449815
31.060707101665315
22.22358172010199
5.5669980727586434
8.747069522973526
48.13500949395039
21.6303338882446
53.05761718550208
60.45363613815646
36.42778803675788
34.87151601367789
41.26729205229552
20.223716359504316
59.5861907953567
57.61826638165734
18.571161845218086
52.576324797577364
34.37594427767561
38.406377824936925
50.50594015119877
36.10847037016403
20.098259036553692
57.04154327713155
36.71781785591844
38.5652739552485
54.054117801003244
27.088245326846092
20.037421923792614
30.80461153210868
39.782784726982754
37.66240386592874
19.443608536537617
53.25433288554724
46.15227724729853
43.02921239274916
31.707029634951887
58.272377258098615
59.85528327988402
40.01408759112441
63.262407195712406
53.19923753317384
25.915162055699717
48.04640508714878
62.633888843729025
1.6077536690674705
58.423239136137646
62.21890598580068
47.42316267126521
41.00141776724776
57.6026678379078
19.78842102530448
28.799577018666163
45.478181838406826
59.05514932326946
54.3867015467322
19.33044777835034
45.2921773016742
44.18474164725757
42.36224235876048
61.719004259647704
26.97551145320174
47.197612846093875
60.67701891255556
54.22591870882058
43.7421205507978
59.47508810287856
60.53249871403996
44.006013086719264
37.32167738451058
56.33268775887754
52.72072663801082
63.872894208333676
54.00468895449948
45.74131305734926
58.761154490659266
48.77848447069937
61.779292492560224
62.75752998635122
40.73490960933131
20.26265262562542
5.63507560471821
38.484894071793235
41.939137157850766
6.361828127402006
39.70101396166467
40.37513990766905
53.87543765483877
32.08714862019686
38.15605586603551
45.46080608201213
46.089856544067615
55.77351829075131
60.83393868708813
50.82047396060238
54.27450678007824
44.62414623245956
37.857392541952834
47.71679881889567
62.23545956468953
8.233330523569755
25.3337573015153
58.65495182823294
20.516676494228236
50.2709959990257
11.240995820219425
23.498182662435198
45.75913578745531
61.93758005295161
33.35725006454489
18.30715291516708
63.85988772340327
50.404753275017946
49.673787429654894
16.9609884019765
15.42412116318605
63.946396427250825
13.533880799434968
49.72662386289214
36.36314167269694
50.95800067679641
57.024273280972615
22.782100321516488
39.830201461908594
40.04566948804318
57.32384253230309
44.377787913130035
62.014934037210125
53.24530788015183
28.081251005664427
44.85792429334877
39.33190304785685
7.368907809099497
47.858675735579354
53.0121533031159
44.6113185447158
31.468468266955924
22.578194508180196
32.53389064596516
34.6407325832552
41.92675896633344
61.4529500908155
44.925905037906844
24.35963105715247
24.69052151397942
56.463637681897744
42.11179871373629
29.559471321285848
44.80207790949821
43.966342034989296
26.695284986533444
63.47524976948185
33.612283717722974
38.136575485436325
20.642040910052685
56.970389899701246
31.773350395862025
30.09043163631989
35.330841811705106
50.58914859152692
39.845247024041484
37.202166860437245
24.008084409754808
41.917587114359364
37.58448217194484
49.507673345677716
40.01995684162735
36.8086472281033
24.57699395933608
41.880705785847084
59.267940184414336
22.012016969843543
51.1355697713507
57.81698216177982
30.91865550061749
37.82044921901857
27.067854615308462
28.36807923607109
15.692902353712718
33.32363177524735
59.50318349878433
36.661024294974524
53.029015341670195
54.58090520025663
27.432032009542375
52.92636579148645
13.580878246626916
20.20827903613295
49.89077765531456
11.73523675696844
51.02939188031046
61.645881265334545
21.709444636477812
61.47314215921023
32.62990846839365
31.723079656401623
41.59952120870021
57.740885469894806
10.71649351436892
26.653129318721454
24.38929666825203
52.09865371614221
45.28649713821631
29.95262887973025
29.190223660330822
21.273764844531748
61.343797352388876
25.29024252356043
38.09334253745496
56.80696807537253
35.501351923895456
42.506452406444815
59.77034748986138
58.407616844135404
21.154497158267986
41.01297061352378
43.3632291452778
54.29049885434258
35.74483601883885
60.60151045539094
38.789853225922215
38.862966303267335
54.67241057672718
12.995082643601947
15.164285020410176
9.572542967099182
44.8505265401388
31.840154583303757
39.300679631778635
62.93075750314147
40.79220548509032
33.5793139477667
28.189985401993994
8.976972781603607
52.06863532031278
11.735405706642062
54.66748772321296
61.59627531647086
53.325875416367886
62.81931185948672
57.84567415577236
42.29312992892202
47.42645690850418
28.41877869107207
44.75802920142976
52.99358382456779
34.50012793913652
45.93106959033173
24.440616913656854
19.702341760606167
27.428462022960993
59.03907798626774
40.48729545736899
18.027945830987875
22.652355622845185
55.55067418295073
51.19950321812436
43.11621162926721
41.14316386306782
39.251534487210535
57.95775473938365
16.980298487272684
49.283847918879665
52.644164790823815
22.950708551049004
34.188340040317755
53.086609567368804
18.55007829365603
46.0043237488472
60.422064234078704
23.275585334902715
38.35492702847989
25.716475324911812
43.22492649499557
36.238817866137865
50.57868542278894
55.78119884441443
57.91955235171752
20.746497766352924
63.151650089743626
44.57974542162439
37.84880442363621
47.13824944821712
46.04705049068828
51.76388455374594
15.345630267113435
36.3233052602301
34.28102425076354
58.89530459907079
40.75393986455082
54.12086134379428
22.30497660018176
49.155972398448995
47.369538631208705
56.20261263305023
40.30036368385143
34.05233489560659
25.909155308692554
0.8658275799389159
34.36633602225627
41.810681287539666
14.152144451402542
42.303806659563136
27.7108460253275
5.748635273975189
53.75959458651755
22.3466835994857
36.43121583811636
34.136032764680884
51.56132305465535
39.52009639256189
61.42966230778394
62.29712421680981
52.2835684782124
46.31629139428098
22.94103757417148
23.689489209070437
19.97811546367756
39.48673113964271
35.171998368922466
37.328979979458
44.9731811542279
27.04330571353387
53.45475663616246
39.580119150767835
29.470548920282837
53.07689910378329
44.95798084111223
60.377762795733055
60.62411863019614
31.842792517603577
24.553913640353763
55.50085079819174
26.961434049087067
50.313978598814955
40.50028495183986
9.359236414326581
58.712258448530065
35.6961195008511
63.35809207643917
48.516722082865684
17.707834937547787
21.767024662239514
32.553802098189095
59.68672728327644
58.882711624741255
56.57913487223149
33.78268655943246
44.51237398899984
32.75953018190437
34.52554803811896
26.003749144383093
50.38163872984787
42.87845818499496
20.824526151581786
46.456595126918046
25.72811571690714
52.9473676283565
21.542604435880605
55.133769460407876
56.86258731572855
59.98238823399405
42.94590601426956
9.12290180353564
60.44084971288779
47.2536377535245
60.26378837749628
11.236462207493851
55.4224329475892
20.347086748589703
63.65449240128139
23.523050781384427
43.55686941780589
59.6494452172464
24.64599369684661
57.14300133024398
46.788271934307645
33.986605374403226
7.785720059708439
51.211943446976704
43.0841634842831
45.10711623287601
23.095206820421105
24.694257133365156
63.68821114800445
50.94262892034731
40.53312062682464
62.780959371916154
57.267209966270926
9.104447804725119
39.696883935405225
37.35125024004246
58.5583386456544
28.83369712357218
62.789733660186045
13.507613548646745
53.23167337753958
49.19319517797927
10.894355709769641
52.99127537468691
36.83558918872036
31.430990476472495
37.20781737056613
35.5483349839555
62.137276016244556
43.88366453673727
33.416271013984044
61.091133309009294
59.242733325447105
25.49443280054325
37.4679047838896
5.404923399121202
33.496737714699485
46.038247760189876
20.447339689644373
33.978312079446845
43.317224159348754
43.69230711376909
52.69156986682792
6.97860972503188
8.371066140492289
16.534926727326116
54.520728419299424
45.08842264204415
32.526559611638056
49.72447848938828
14.36986879047339
62.77788190101127
23.83891680824747
36.95734868175873
41.30695727967208
32.28287595694964
48.55007940963093
57.56304871751596
59.298380500975014
31.93782654364115
31.419259235287804
41.90775566269589
1.6962898467582121
10.538299221130693
40.086978881759734
42.83883158283446
55.048359485753245
41.82538142167753
32.54362096964569
42.67270561445237
47.453370567884036
41.247715290530564
22.582510522946485
57.1966963590969
57.82440041306085
46.30695770078671
19.165352243404612
23.08419409997383
26.469555711174237
19.12758767959516
48.355072385996266
57.35902892524871
46.19669348080909
58.56250032373445
0.7134381452145035
52.465351995073036
30.286821320009082
39.360101091147236
39.67686041134603
42.60098494709716
59.23358264750851
44.13063184560417
23.53245313917443
38.25642939803508
46.2937874331498
23.54538646934335
47.05294636692611
8.1102615909654
37.53790590491255
31.354138011302467
52.455501496610275
49.85870976445333
50.22996266057393
61.72419795910916
52.423114767417516
34.788006681846284
25.719053608209315
49.55462674067544
34.154969746859976
39.84293070481342
9.512100071194176
31.518942514638013
29.058921711129493
35.4492742807162
47.79659408554047
42.24257845379574
60.85298648023505
36.8362210206896
58.59181530222914
44.706066956136084
41.9391422828084
56.23431214981859
49.1981827948559
62.454956054256016
42.557976254406555
55.56929954658551
49.72008288251821
43.64491669084397
52.22871623871312
12.354677824671157
23.08982318535145
33.690076948876566
59.02089871886978
19.66570113135554
49.96725572223016
51.30680049943787
10.270483935848091
35.467250648103274
63.0094281503797
26.4082342315387
47.30661671079292
44.41897317987272
35.79277228092441
19.104115803342395
57.28967267864307
61.42324684380685
48.15037913327876
35.935900856266066
57.907033255700696
37.26372160424715
56.938801620143586
33.74902245804935
14.57095790307541
41.89443912797192
27.395700219747624
33.21914371438993
45.68600119890233
24.545015090653365
49.347478116544806
30.355952739242746
51.94913452567075
33.17976592356122
31.345076980405516
61.87437533530006
60.69747409076405
50.67801289718504
36.45443490253203
26.06615860735714
50.55614870567841
62.74491082655367
