42.10102862580801
49.861057233806385
58.417906686814064
63.488081770857114
36.994492448957146
44.3803714949445
63.94597012811081
53.262635177342794
37.304420844005506
57.1438626559388
62.50109347098461
49.09710549269308
54.60396988738473
11.383194472214122
47.36348877443012
61.54221298663365
58.28741765677154
31.635734278096642
34.34504218240323
56.91669646242154
27.639021046291745
15.007365235791163
60.67589223798302
44.021258586208944
36.690287053547586
35.39049117276515
23.90580944263249
8.008852476338127
58.98981280684669
57.711228338106174
9.201248232554178
7.115673282883456
59.857872171979835
39.077792075415275
49.458113122795496
46.53212421633977
57.75186651401458
12.103463701716414
44.84994322096871
7.424542593798762
49.918463257758305
33.56456528753443
19.11471860226306
58.01589365086511
53.86864734958897
56.648998210206855
25.597876518480078
60.48210401480814
63.06849672146633
63.61600592690056
36.929161598802516
62.06987516479228
21.810970888895206
30.885630866955943
41.66296943909971
53.86188807525762
28.143660523556477
63.82925693794104
19.558785205767144
31.447275938801724
52.72619505911192
53.72201391934212
62.590123821152694
9.39909416001943
3.4768076119242153
47.26442342471162
10.842363094590091
58.894777363097745
58.7556718799158
27.47128303104381
57.78633295710829
43.146292208587525
41.69897547142821
45.35958070236758
27.921096581746568
55.69018257716321
27.713528279571293
53.52703604064325
51.569613959792164
60.617559737412115
6.828605903110748
32.57335815221413
55.98082096187277
58.68163698940974
24.917107628084445
25.994885489737655
17.11086866072511
20.58803733128265
32.05070716953738
51.83099655900857
27.87680333941421
46.44533979746424
48.69009138148269
55.78012675007679
56.24573936288775
49.76759858057905
17.750494535308363
55.189435385358934
36.5574117948628
19.67060420427279
27.592445184232623
51.856817428300744
49.62464197676657
14.677846551354733
49.805921718431165
44.827123348546515
39.00490714856714
25.84175365972095
44.03017226388131
48.6289787372069
60.01959194670908
61.30468301528616
11.904885862108515
44.704004132650795
2.6686422031792887
54.83205979815206
34.59144455784697
60.36775909952375
36.72860892618908
47.28877475923784
63.03682770643993
42.26676262482049
30.974857373768245
38.76231763462103
38.16759445482677
59.64035294526468
55.39183762812744
49.20395269394649
32.08530002132128
54.34043857345014
51.19661040242735
62.40394929464924
45.76295363997693
29.278963576512297
3.434326036495598
27.406625773154325
24.155442481728933
54.65014876630599
46.00474334197592
34.84296316294713
42.91121519771575
35.07526044055716
48.717462849814844
43.15643090790037
63.15606842823645
58.852229849026294
57.90854791841886
31.296721071043358
53.61199323775577
62.42455535234949
63.54337202264362
27.30498665861176
39.64313557208363
41.67079332815802
12.838400286133627
63.959940542953724
50.14788510341064
61.87336861276961
61.27418166146644
47.422906954638215
36.21107363159199
42.63660744031844
25.37565455577203
15.99083016667253
0.3060380549827997
51.273945401744925
51.15128225196184
36.616559094258506
36.77786781310816
58.413518399145545
46.57933322375508
36.972925105815975
36.85684726185467
18.1194315263903
15.612901764246992
42.13105833065153
61.561171205021495
48.82524279227597
35.48824294003914
55.11747304812067
23.23496659501882
38.54438177475891
60.682207042399035
3.3913165543493804
57.477008014759626
53.97414488170875
52.285145187581264
32.79635036933098
12.311210963292005
50.59113135622613
55.90586212336005
55.30000936231239
52.26554748949778
54.48012894658968
17.26386424381986
61.13658997153193
53.55839056831289
41.4707467941751
54.55599428285957
36.948373645276334
21.441614712269555
6.433534313714205
36.515916645441706
53.683637246668845
35.57213181759404
31.660312529059986
30.960982589240757
63.34339270944716
3.5956146435535175
12.881034581334582
46.66244686439924
43.43877078617311
31.979051848561106
30.669188403308837
62.20262379780395
38.55619513256525
63.590849292194086
28.613637435896734
53.54026949925247
13.005265983881927
50.0427534309782
53.356909049204795
39.370418082953414
41.84022863861463
35.22171746799715
16.867688381908664
32.16880086441217
57.04781704667716
23.354373993558774
46.926085687317176
53.14997302566269
41.36895731228717
47.74309935557129
54.80191106530346
46.30107981618397
56.557164008317244
56.90398618753029
54.52218934068735
46.2107221922469
40.61250535461463
16.847769734867214
5.890980417464107
42.74291453534124
33.544781926073966
53.045194095578935
37.26785255788135
39.11205915471957
54.92790032429852
58.894902463816756
47.47443418302232
17.100159343259108
52.13016556369252
61.442508089287266
59.80190409838199
62.841256145200475
52.253151528937195
39.33801207239148
43.92538420087607
53.28329078638166
47.432199776439845
52.747585450218665
56.197543583818266
37.4907657185299
45.100791311319426
43.40548876107697
26.55695809836893
44.04309937306304
61.34675942691259
47.13789995900099
22.30008027763948
49.14048566372582
33.13852871720391
35.22615696864807
54.736939015472444
46.00390619904355
57.9886034400898
26.868455601371807
49.46841154266564
31.851092785925275
62.27875736082576
56.6789658120997
58.73028937322008
11.961252030146575
40.00745717200874
30.256351183165272
40.03546367833688
27.330910992738033
58.07859879780941
60.31312977357683
20.150037933112827
53.88091308434559
2.383374083785263
56.504668606779695
47.88742186423379
35.286846231844876
47.84289243463143
49.883024529261796
16.141311313333986
56.16324235478915
35.80290598332859
28.57621793367767
46.50199131855196
52.459410674339054
59.17589829206457
18.79982709041837
51.319928386703765
62.12859663955558
40.406834903255074
55.45378918258131
45.83988413222633
60.046763859285534
7.843706531377208
42.11221276552661
58.71256037657775
20.173656177976078
46.426614966303546
19.907890064992003
44.17720043517956
49.781032878366986
12.59049491177246
15.26191350729998
56.986167285885365
12.367471725177374
44.718175909365854
15.056881769317528
27.868098760155313
36.591552520160455
5.306094082688865
29.519133228145456
12.465513696093986
38.21885912998807
21.65358308091559
25.752786381921
63.675795248627
2.039937841698091
42.99230326250053
56.73173592403721
45.51971917903494
58.066408939154485
35.225731021331626
50.400880173117635
13.098218650877989
23.11933175095109
51.28457557597295
47.03262347289271
60.19443527030565
28.089264866882466
48.76908310308612
54.21812958126572
26.723015484217676
43.72684797892316
34.58530474389035
62.156779429495266
55.99031655986404
58.60434948042301
49.552573723257325
33.245653309604904
52.57056538631899
22.780101194067896
10.878239268292454
61.23725677565275
39.63563940905435
0.934165206579209
20.75249515207976
38.89514742322696
15.08414345717813
41.73883046073713
11.584277790022448
36.47648362515432
6.61720933309406
4.356901321722759
31.539084086264587
19.81622128008204
51.07872785048155
24.513453973373267
40.626845013147566
41.659022178105374
14.39282678257213
52.62591094984204
52.38934057600611
53.9111030224266
27.153197879764484
51.61579021673348
44.51202761930796
52.16362451232291
41.57005117219846
26.42401258571988
14.145645225653631
46.32987169239925
39.86945351467738
46.85430267486902
44.66735997777717
43.652481157663104
24.130057984172566
46.6843361063551
32.98516019945023
63.91501680276697
43.90135377893601
20.524464497029953
43.097102618788874
37.62636158834659
16.917731950955343
9.270491187927902
55.0286996252747
61.2348134595033
44.97795727129203
23.50480690318353
48.973044964258705
49.42325802815921
52.95623938682972
60.57282330258214
10.921031182029097
29.745143511426832
39.476318571631936
59.2717357605649
50.39746339196816
20.68931916609872
45.068793155078
32.13176571139986
44.19464994088034
37.634290601938105
43.13447739754601
47.9719651945445
63.13385714704276
32.73071546734856
59.39955152542184
62.25626749953999
50.90392834221569
40.20296201249387
19.74593828079348
61.101123142738075
47.70883345902346
61.85264762023781
32.74819165823856
13.910211446719721
56.5839098111935
56.99552589580744
33.30416273423948
26.883170726248657
10.8710679077329
52.887758620384034
47.60157165431886
13.365921218808396
55.67603962009261
61.59061233704711
55.31162175470429
16.7980748465188
33.00484726942557
63.00731999395443
26.741739093324057
47.208371754772244
38.50221205826219
44.2880495620863
50.08182467193974
35.58348307655767
13.257348226214475
44.199388537557084
7.384169555044053
35.4505216533357
30.017060540173397
20.169866443031943
63.88584703145434
51.87600969881791
30.893287176273127
25.167683296414097
33.36262848436939
16.1039815333992
48.497277280485164
27.502458848505874
20.321044188418163
2.615091735363926
60.92405774677778
57.24472059555608
27.515305705200348
45.329433081979644
56.217186677729856
43.25943055671858
60.247712994677485
15.642153217741296
50.114554588888744
46.73473349415473
7.598706281486976
48.34226325360788
44.298894676174925
38.59658839335303
62.898335987563755
19.416644419516977
40.01925365981229
23.02680644644144
41.94616813939628
63.68030771094557
37.79641353284066
59.94943976047843
4.5512946502875735
51.50167978770412
47.19466917240078
47.88905281121269
52.94317398933842
48.81850402758867
56.59172643124158
41.96537427597867
62.204861859206744
37.14495677425081
39.17104013044742
56.67776754662749
22.15480177369747
5.650241467070593
28.44648578582838
59.83962707413607
47.94812869928548
53.60111957802931
26.228397429140898
63.00899728032049
61.36305346548636
27.085978116257152
44.88367277744534
9.39913171751229
18.30701106216967
56.73778927102797
38.20235476472507
34.41368450704047
42.27127721206499
7.080046708255658
17.84184111025698
60.55449917905945
37.932803087606665
25.846291860108487
35.29075748329704
63.4893234041434
43.01858107178748
36.88591784403411
57.19972688784439
28.31068062330008
56.21999558239529
48.84657099256135
40.40134079187504
36.376447250454945
5.013207044150519
57.0538526891521
46.690034131985904
51.01413528393955
39.67611923982574
47.23315733158043
62.605586692730775
58.79968682837736
63.31416389336319
25.53486871227168
41.59922067774127
20.575173217293262
60.724453647303214
52.12539794376796
58.1469874391555
51.217689475521084
58.76770221360467
18.427245680599874
45.322917774511886
52.54685866395565
54.52127211746702
54.896000567313486
14.586112529073453
33.169043269022225
63.796436720745255
1.024170989608585
10.89540560378046
44.26473436349158
37.085362365346484
24.161746782510818
16.252068106832546
59.12128136680097
6.297233438455152
41.556716420283735
40.30233500246982
58.225693783899324
11.808913517995904
9.333017238427779
52.75664074553344
40.0432000010449
59.75069913744027
57.74217048952643
26.564056010369534
53.44526562324323
59.087319944856596
24.950362222742918
37.5497922789458
42.30832363172034
24.043308130060538
52.35492438568053
49.4886138796968
57.69903875460893
44.562957222546586
44.750650536015726
61.23831091553788
24.349535624574848
45.965444785099734
10.839238022057884
24.731089949820507
47.10366497790815
61.468157937334844
21.89436951094369
51.68747630585977
29.102160444423852
52.298508604696785
42.441391554336654
29.258725272765723
16.458327827156637
59.70417321139854
24.915778461696064
38.63176942797412
7.32631640680016
23.51856472450767
19.811884931576664
33.076900922283784
34.65293448146812
60.0916708194319
59.96088012207659
51.69600128431904
48.52305888098928
0.8440433992299177
55.79298859199571
32.513110125502024
49.7007910462827
35.71333163971339
46.128743044733326
57.02449035560977
44.54635050162894
49.592379765040526
48.24459939420996
56.09415997412622
38.764697130902064
32.454370418626894
59.722226454663165
39.17799606007077
46.31997773041077
62.43119979197952
45.40693155007368
56.96849437924722
51.83552844448255
48.3009207338704
3.9217128302969115
62.00249852088021
29.81680207675752
26.721448749758643
45.2029324555856
41.602648255109344
53.90032908165672
58.104735225349394
42.23598272068001
61.08299168360082
2.966616060340627
43.84296351565397
22.840751138858664
54.753219908540686
52.81747499371483
46.5870555685124
42.422964212963
52.492610754528386
61.29558937774402
44.977935676597795
29.67769953077459
24.05628735783371
32.50175380907429
46.261307862221
29.22742745128911
29.811915858373126
60.074946952032164
37.24832486716792
39.4710321060556
37.71747256325574
49.73641880739967
19.17543133864494
28.084110862592077
39.51628021248403
52.76899886438822
45.480147064486815
49.48579027096163
21.456129362231046
28.46071862671628
29.82722244453354
18.345306084407042
22.85735046430201
53.88297270661732
58.84413175793036
40.1706924327856
56.703259280532706
12.028912958854633
29.70129704844168
23.322475207437463
51.198156125152465
19.55028525434487
39.85739135512702
61.31688620392005
59.064537755435936
54.60968811411402
33.90036415808471
61.41310051779669
40.83006995157979
34.43689248293075
26.65531000628321
33.593432511765286
48.72389825605765
29.862738187975225
41.81783310201941
61.68193598759706
40.61803258521425
47.86637959164186
15.682437597431658
32.97688742480444
22.99297711824949
50.276033736583685
56.48280827628118
25.2543214874771
16.139306395254145
51.51210976643355
46.55456027838779
25.99369001876635
0.9551858384154102
54.81418954954259
36.80756716443949
14.73931874403619
34.811549337486724
52.42780042668554
31.961732325421266
63.1680994421262
22.202064511396372
14.406951228238768
58.45455941813083
13.87953212058175
36.91453149382172
60.559570892954135
52.82624906162395
10.830071375354692
2.374748060339712
56.15545863974614
62.26488542170789
32.532517986644734
11.799665103055794
63.831678426652275
57.99515239794632
27.722639063585483
60.84511344129691
61.04255837584059
45.03161105367409
40.95974993363525
34.65307649756055
21.9741538256092
54.337564976931986
43.536626116033304
54.715044750822976
58.7348796042776
10.415112040179146
46.82399300579796
24.836965297481065
39.724081154623065
57.113321087720074
14.194985913678721
3.9591562391913513
59.056588640131025
28.132478009320202
59.148905387864026
40.55776613728112
35.277541207830474
29.47283446993854
38.00770040625959
61.0201691075559
27.87709832166953
58.22032087523033
43.03944991954222
22.17826520897418
26.906131738196557
61.6595440340448
31.51886983044492
27.695218821884268
55.22518299543736
16.498093443821034
42.88469129801523
19.481068112017375
41.93564495580947
58.208207519436485
62.880804746891144
46.09267430456977
14.162667262274034
60.77919256283991
15.071099823467861
45.90815974385315
33.127032382091954
19.34402638547352
45.74308906778865
18.393188131597398
35.592867256716715
29.250748139174725
39.58347834824164
53.441403373480426
59.44608111803167
46.25570633715208
44.82953162334909
29.90203279385522
9.914591969334943
46.721647818372944
21.328271120815693
60.44657543865637
27.323611315031236
28.730085654785285
53.19121348541203
48.29217420680191
26.530176024456196
28.474712991382155
31.19001608094385
57.67420825053702
62.30551113043688
49.62646699144426
21.326810289649835
45.781572549511495
63.77158274088419
35.62254901269658
7.215361706128007
55.418955033135255
27.344918622510974
14.786567622059579
61.382043651365244
42.54946758273063
50.326442662642265
23.731050135769422
31.62158143157336
5.549823027722205
62.68183675472175
60.91742332092496
12.068619797561858
33.91007927850244
62.283114025464315
57.23042329859026
15.201283407654351
7.966443878118909
51.11796737508901
37.46581696388246
23.524177876044966
46.61965337433679
27.557810720268016
47.88285717649321
63.87108321076239
56.93406949923989
49.8414275231117
37.0714283949424
4.83336446885226
47.71644298556509
19.391265962810387
31.208066316627686
42.83574259756972
35.135775731652274
51.380679745812536
30.06872767011354
27.909888300750872
58.647073297058235
56.93530988106507
29.509108329836444
30.256586632313187
63.302811574912006
50.59401518404561
61.921476706970594
42.4575019019218
49.56411278948275
40.229463438296804
29.139282360490448
61.78224885022004
41.77360131370405
30.36138573627101
60.25784766352435
59.37848524435233
32.80989170757939
23.764706078631974
53.24154372848443
57.82716172102527
37.96688484513892
44.069623570619825
2.5614510669680115
32.831706563188746
49.64694184817829
43.67743930497963
59.31139954868851
57.48402152062063
49.83173694058213
54.09238319262053
43.69742607009343
43.41048379500686
38.79975498336539
14.22468347432347
31.023357861061896
57.83423692040366
56.553084865665575
8.86720824129452
45.47555931074959
44.03655227963873
23.668162199455757
46.41306783585884
48.81166030152802
46.26959590325573
48.17132681941875
46.44809710072508
51.63302144193573
6.776631213484485
45.579790015439485
50.055766757728634
62.11286216625007
54.27836830444875
15.315943618869419
20.469465935793053
50.78790103243897
27.141980674797814
26.491058293670207
25.801420529340646
5.278319226027385
28.703467150148107
60.417774974542624
61.4704319518401
45.700265678679614
56.47813085387593
57.25499645575261
55.13861526437871
22.172722028140164
45.24789896376046
20.297486399984535
54.31334717661522
18.068388493984394
18.58165935283467
17.683849892017093
52.60533785816705
17.678843283127073
13.088189571245216
50.71420968444639
52.68412381548225
23.103663352253548
43.47909477320435
58.329603353005254
31.896799443268883
52.95917256521246
36.43945057474818
12.631661195586382
51.58871929462459
31.916356679463043
63.08261328161157
27.75796631653673
53.80370008724234
31.654060052336057
57.74376697542501
62.51376019228728
49.07349682709747
58.28907022640154
60.03501374507824
35.48574788374829
24.00690581365582
32.47352410998451
63.46422890332262
38.45614646917665
28.04836606047892
26.553046784901106
59.869390349071374
2.861624316671943
35.09621193519703
54.34588954373403
25.783333306119125
20.757781226284713
48.562547955683634
42.67537444220815
18.231561747812812
54.84027149011118
54.32605789840103
26.33523502283002
8.84437791357879
21.403966941214335
58.03133672865861
34.1969067968374
46.48055941916304
21.422709434626036
61.58397668157897
35.12688873799091
23.676726460299875
57.76232089706549
50.547302576909594
50.50221848724688
47.456776079564975
25.842020643148366
56.58281328195064
1.2977804746320345
57.82278568751738
41.15802180746577
37.33182629617749
23.3312882015206
56.56995436726444
38.27947989546108
22.45831280859575
62.46792670631146
20.54304377624267
11.074518791512347
49.90147580661977
43.599914891241355
3.941078188417542
61.710356858076274
48.01860758469428
61.91747242619656
41.98021871886698
62.5411884630531
17.010613872512252
48.163322314007566
11.522290635279845
51.182465534572394
0.31718960664003504
24.118551495285253
55.13054630302176
27.96264081485213
61.67141739720773
53.42247300825353
63.358853327842574
34.53737421916105
27.05164233555888
22.49316578241112
50.29680738134026
59.780384542628234
62.004838205815425
48.541731867756965
37.08116298531701
40.68147446646272
54.958254083841716
36.22964105260672
36.92653148731686
32.90560193051259
63.57684299331228
60.818885391011634
11.214957129719672
12.658465963639323
52.61019194695833
61.28684072141766
45.624787934652105
38.87384377220099
31.447300104565592
28.529025263536013
33.038283358652585
16.87080398909773
38.7986701709733
29.011975166064573
53.93388620151858
49.98244440779996
10.939539826746056
51.98531505064447
30.21752265969163
34.61102573456661
62.92943461818223
61.132787876336245
46.76235750353645
17.670063459977904
14.782157385151272
28.62955968760243
47.10342383714338
4.1368992501410915
56.25226993730698
37.28861103091192
63.58369248448543
50.02919176803115
28.93433753988751
29.515880037394524
63.191190437538445
44.07171526651425
54.61535723443204
21.324135590970073
47.71190811895621
23.68716756986555
34.35168760578243
21.922524517002003
37.83940520128968
60.00141647701898
52.92189007399838
58.692764080423146
6.723024015713143
47.56009076429581
54.55630355271435
21.35920141939083
59.95855494570003
33.94607963286816
55.47348808377325
62.506366809721214
19.58540611826249
44.09483203146907
63.63191199257661
31.232565508810723
41.73910084621191
21.192318465559417
10.290585348498468
58.48256435111866
55.43525595080289
54.441479360130245
15.027429723489433
62.843235058796346
59.95856196940675
24.82467938246075
23.082928910509757
52.10293169905266
62.268701241775446
51.94613189852453
28.819819529130953
56.82404219485715
58.80957350358756
16.809810564581106
4.840799885100907
62.593957941121964
26.611793255032104
45.900312999981494
61.623591757829395
5.1656525413228
3.772185833067489
56.291475060316266
31.057386030303732
21.40151263079607
52.20962971353548
28.085502682306135
21.206161291601504
43.807116858988046
49.953354111151704
14.251226192228621
34.38648886612128
36.90720370047879
58.426320345473364
33.76998907704339
33.80980734507756
54.37673471999298
61.332850074339206
35.54406769119851
5.851869809112834
49.19711780964772
24.641921266414116
31.648879355315636
53.21218604355971
43.79466278951092
57.33015677402436
61.69778193960947
59.9115108076598
59.57081033676717
33.97675468101876
10.248988035823821
46.438309996810766
44.70197299351506
55.20444958152386
62.595627168497955
61.718692207134445
29.97586066784411
49.38766946687516
48.394108119619936
51.36813121812095
14.869988782218407
52.68905402535237
44.19264454190925
54.6776921760915
63.08123942032943
27.91186356520631
20.046034021634995
59.43985802842119
59.17735268696206
35.7216905089989
29.32003931063032
56.17558420896821
63.556127988901686
12.890581071665565
52.94028954558347
59.34948339062554
57.000848499521
60.63174385295627
28.72448421069388
4.820634913802635
21.86774173089816
51.88003109196577
44.926471056163116
18.246528664196212
27.25143459283081
39.73513426320943
34.75552134462448
52.95813131508598
29.898770877236423
34.5381059547433
34.25144981721766
34.6400588141088
40.256536191217975
13.828766687866981
3.8486132279694942
63.04996603165739
31.82823541695231
54.91997886678478
16.016226353382415
54.618406969306726
17.999799623908892
48.162933751955855
60.558537700342804
52.47498582003325
34.11276865906975
38.70302271462503
28.542081646450917
16.466469827983403
38.88401137175217
61.98320802691661
17.68038787521307
58.70977228001905
34.28629657847493
52.11083015214521
23.825451871398208
39.899950241174416
58.24943154109068
56.98898181127423
5.073760007074426
12.99510794161332
49.35596830447837
36.953893415459405
50.05241287799697
22.23374819434185
19.539135239601897
51.02828830615288
59.86667250142119
37.25404722903852
35.06349793958438
40.875745462854326
58.24168730586282
43.93203738238975
22.51780218007118
57.10766023652444
60.850301951713135
43.6887752126877
22.276746077610056
15.776602183940994
10.893708828108963
18.279833356495537
60.252371744785385
34.606083224371865
5.888500683489809
55.1742952390342
29.600414711813848
18.1784928120683
37.33846362798059
47.94421074242534
10.690133082328735
0.18995346596204854
3.1437424153538203
43.08249250650453
52.95780943885555
50.41545303811367
34.63378241766111
13.21205989220983
52.92288457059683
35.26851439717191
35.118647345904456
18.34668395335496
43.6951752214532
46.61616736061849
11.009246134456554
2.081763622203475
55.08781726565465
45.049266537610706
4.69201486094407
31.93673811198793
46.01008108435974
49.05848117488625
9.986881900302478
56.44214671609614
36.36277269477467
23.965409430209505
39.60682692696317
60.62645236015975
20.802464768863302
20.265888468083666
17.957675600512275
20.64191055548254
42.50226737229542
19.633799938609663
34.86366067267069
11.676093454848662
43.86202869946026
22.961364087489173
62.77636381370288
45.94404742202215
20.721842217513142
47.84413948220948
46.5966953275332
19.648176597722276
50.08247115642189
47.265170267429454
8.522489612183755
45.124776120009614
15.045596642348364
53.995283310605366
19.59020066449135
61.59922612492983
61.90185820851025
26.764308541800773
46.927779076544326
26.100823215410642
33.60866764664148
22.990605009687258
59.25550458699109
48.6086247979224
10.125292694679963
48.204794736230255
37.53606453224343
49.737376243602625
39.24515166605248
58.54247189220675
36.947398966181
5.405995696008809
47.35444028914493
55.56935399533305
51.23011450362269
52.21225188726957
37.628064017617575
17.04383307755498
28.52601723892142
13.362165775804506
41.76163646660463
13.596841325059074
18.488657963846563
43.64887114303963
31.89161887720733
45.92799578201742
34.51920907048617
10.448480602557979
45.967309012520104
33.63997266039004
48.60045427369366
51.9695791875151
63.360949531243136
44.14059695921937
58.69636875429791
53.749647656041134
36.61900515357726
22.09613386775775
53.438505345384144
56.776753705591325
34.31091340009297
42.08258623422432
63.264022358467486
50.54969030764312
53.16395162497871
25.597403402458333
53.14464463888894
57.85622729202763
52.51443417663145
48.18564986324956
62.73681401320659
33.35485943045367
62.82417034678432
11.419394577449772
45.983368407999606
51.13616317671453
43.90764979710774
37.44860114723513
55.91190334465868
29.83310638966791
51.5227015258173
52.888863263214965
56.256866899639604
47.46569243701144
60.440887791243796
54.86843751061694
21.120038734238626
43.09786679321071
49.02063048115255
27.495436538826304
11.851245371284321
15.401089494631037
47.85795610866104
49.745288864754954
27.976082304941592
21.46625628781611
51.251237877952626
25.89728280594325
34.106219396506546
61.671586277039
35.54535207290538
55.45286007314664
45.58658650954436
50.99635765603534
57.4498247152066
61.08554742696328
14.176416410694443
23.51535954780477
15.554956652414248
9.751721912427435
38.1038750117648
27.119725488496286
46.537358824030704
39.586782494433734
46.447075962846654
52.89686746133453
0.5548069513264053
42.95108830962384
63.88636658752837
59.885463987102746
40.68710094840317
59.0223429456651
36.73218741153164
59.34242334661027
16.520856978719486
6.289716515722766
33.71472924620029
55.96542364788185
52.01783533792725
36.1167792800383
52.760981927851994
29.88694176513153
52.41004367651
16.48676620501808
57.47099906650596
35.34430421885712
39.49368005063054
22.1603928468188
35.83005928712403
31.186108130054045
44.50256094505109
16.73421056440573
1.1139519478273385
58.03484349086153
40.53067075188919
53.12902728240595
31.596882506446782
49.91911875669277
8.161004127277195
50.78962031142451
24.395260874223908
39.56108354636993
58.79077778013569
58.48876116275125
59.539162489610845
22.554510489813552
6.3513800941650445
28.467487542927678
45.68304503721091
60.7776094515827
61.051961910633814
38.13860022647849
12.997454194352443
22.765976208297225
32.408615103355984
18.26053482330009
23.69834916095526
14.213218414827615
25.82378427821115
42.78120388176478
50.83118720639531
60.16919172408288
36.935671777008345
35.50741106672643
35.31405831504775
18.090100904090313
18.060805664156263
55.8712509631394
39.9281286351833
38.096639380797804
40.50755232264139
31.79775685265797
52.36500623508548
23.08326931578334
23.599768919771634
27.433092479924305
61.94130390859902
22.613856608473625
61.866033723221456
57.70309723180859
52.89950255343358
56.2900876998461
57.78117001106152
62.966850552142056
20.706824702109223
50.878590212723516
6.446610158284443
48.01927192506604
54.28948711621795
58.7048464799513
48.80428522193548
55.815960039806754
20.342878691565836
62.30436447805517
33.52373181535043
57.54131701568639
36.670875720038
40.31677249533361
63.04481571230685
31.6194914341957
36.3211797936037
38.684309168286006
35.3818752627532
29.06340944858748
62.84267891743673
39.45578063357256
34.31440727615853
46.75806047386881
46.32394979183293
38.27111490744889
48.264822094003485
52.0878249039147
43.91429091408483
20.0814684230823
50.400669255446346
18.30820370508639
63.3055573889452
50.580448390381605
49.35725980775669
4.68103198595626
23.523482365795545
43.999795493872675
31.01479530761661
55.676455372388254
47.1490960663059
40.85185217520515
56.29627468886246
38.35556751019661
43.35311516764544
58.751846197592585
60.5571768922215
59.08711287587841
28.332508652719156
40.27594735284575
53.39466084886613
39.41080968994828
47.747919156585354
20.55160411155058
61.863457399459946
45.216988752330536
25.59831070178059
60.018386791033606
63.07773694370482
55.02463184379812
54.746329731658406
45.57337766025172
47.87819198869845
21.74388269190395
63.74439393616076
39.756449363649764
38.12562548400958
52.161971319411
48.73232971432928
58.45949134047144
42.715805745852364
35.23567496030354
58.09942493390767
44.721254816556744
47.76160229554323
11.042013172634732
21.615106371171933
23.915331641488372
34.87625507152002
22.874522959570832
36.643467538891606
40.15859904113644
37.08387217740112
19.318646443482947
52.038823297648634
46.66893793682801
13.117121361887676
60.981732305010716
33.0314980974695
42.3580897322156
62.509032427069926
8.936040639011281
42.22622684080882
63.35492866071883
61.109978723725646
20.100775272111683
55.815221449604515
2.938941850963289
31.145727877240304
48.47871165171527
59.01366091361406
48.03095087629127
40.923023827243775
5.835065024819983
63.65318547023286
24.602576407705932
63.339511407162895
32.225766229564925
7.972540868111764
55.54027513622208
58.09074103564735
43.78321561480171
11.618713342680074
14.97421401192561
56.885995378718405
20.08816886391591
57.41423645315295
48.51984182050428
19.717522252815243
58.68302672881628
10.84266559002863
44.77496064782037
44.70996875526153
62.151444168456024
51.81588088645816
34.32949314885966
0.06743040445217474
16.20198060172835
57.6629867602877
49.251235708874816
21.589736002557558
33.04497218642016
19.450513608621932
53.13769085555459
61.81821989018357
13.464351375565379
9.572805727578967
8.639062763006358
61.88335954808808
50.899370878930334
11.767677086866769
16.232149294293976
19.47673604651102
44.75897052216723
15.906854823177078
29.918395608861275
54.9840380235374
45.77507210443362
32.40358144726072
41.37388692394306
16.97927113260772
8.675060743913377
36.12763212942804
32.29524062291382
46.6637318620769
57.62522082677596
37.63182206274638
35.158458340459404
42.62338319876875
58.98248065832213
53.017375825785635
24.290910416865003
39.99434615787027
63.57786755746247
27.458791274180342
47.49598273945657
21.253311867059303
34.50771510069622
60.2022811029922
61.705389858183736
33.200266113610425
40.42873939060241
39.50291781318353
27.032188367346947
52.52770197825959
62.39816231774846
34.75398001108624
47.39615422410605
41.66421754071523
54.447499155065614
41.29786355026317
26.341993737929037
51.17869815042338
47.41045967013131
39.343714347745454
28.947895102650904
38.7232888676309
35.560124089267006
25.630564645335888
55.59869091515816
51.73652114367768
36.796441753484686
58.09802049120595
19.345760318201314
44.099461420242875
47.774045165131994
16.905609914776747
58.103612668712984
55.59220625757794
33.59905167624979
44.38813357716998
56.864311693315734
21.306347811031685
36.56865518894698
62.82538950769791
58.6692298362047
60.23847356288746
22.113985058619853
48.07481419618637
45.24448426575282
4.982622896901255
46.54206341870678
45.076097535723186
49.48533234950585
48.05931936543695
61.88329261683621
50.25126466019147
35.12128754006139
53.03422313945234
0.5548550741510709
20.052464007661918
60.39006567933426
63.938938515457565
62.071869741221995
34.53559296401818
50.79035363745673
3.1817062686704887
62.79110761432362
20.000253025127932
62.21230609340583
56.499558093075095
52.41087370831613
43.05152860867217
12.254255945248296
50.48831162582729
51.15069952370997
44.4093817024594
29.88565142022061
19.326460011288184
52.8083642817619
57.62815504603772
39.38466039577199
54.18923127837178
44.23867244832347
63.32198009376863
62.66526157876118
54.517658093409395
61.06168430878553
51.96120426423381
49.62601511538105
53.41009812595513
33.09371185519303
39.277506562561314
23.367678467424078
54.43365114860604
47.57614650916641
54.09990951886612
42.49507495456716
45.840451570841
38.39351162406165
41.16856821921798
51.16859135079113
25.170960809976314
9.243543431126803
44.70215225833306
31.19452122279352
29.336447937458367
7.96277914609724
38.37947836263439
47.41887850588553
52.490751357626806
57.837421748815785
48.86000639596647
61.62087534395244
2.4613297078000187
23.34765287202822
0.24648807968376474
39.901145256457795
38.097670575280645
54.39017129619935
50.907954938077
12.410119332580116
60.649811898634354
1.2088843606654436
59.651413308889175
58.5046730430546
56.31035874437385
58.779857711866704
58.23239657761464
51.70079927623095
50.817186882267166
45.4326907404369
26.880929881457213
44.80889031288437
44.1735181175754
59.42155421114734
42.47558598923203
32.5712902074345
50.57642407692376
62.521501343749755
51.832814386633075
62.537955562469506
43.392805057534176
61.05245170742293
46.234229647477314
57.20821103227587
52.83907597482344
34.26653691988823
52.736001868162205
61.06898429564505
10.962338462654444
53.06367256441276
47.760536695594524
2.5082141752748157
46.386979510763986
47.15852555735516
29.977291583450274
32.435654218034955
37.241120709911755
32.69911229820401
37.96278808804265
40.450301532955464
34.32090549832563
59.025010516393905
44.98117745917702
35.806258533719344
27.6515919829154
31.67523465418016
22.696955146358206
36.20689865376349
32.112252728825936
52.224795058353905
22.380484525712895
53.8564544940862
47.24782269995204
57.63453044341017
36.539003850228085
13.272219422240731
59.78123773195714
48.508085025262794
42.44057545420762
47.72833409467335
58.915446417117536
2.372969631958071
63.995545769254996
11.436012859149272
29.564141883485767
48.39633969994474
54.967393099882074
54.92487188101695
41.98983019185792
48.96496902698614
59.85750649989246
59.00217457857879
27.01881360689086
52.22154946168126
40.437450857164436
45.38172053183774
23.519249272067334
44.80410836350086
49.06413936481472
52.192809264704984
60.14240597940277
61.28863573742786
53.36134731377804
11.08173855186486
60.07159432136886
55.03869460485102
42.696841024629975
9.479111035947916
39.56734418646114
21.788560492861876
18.28296417454402
10.150394409122505
50.13275600542467
63.24509599842572
29.732073342795033
54.70851491560601
39.0084693611403
46.55721122784915
56.652868684531555
21.9418940496475
57.609528247363855
35.828742275048
40.813238552897666
45.05922287885963
28.851614464147602
57.55640702404565
0.3303506520131094
36.84905255860906
7.458127746027138
28.34248757200651
60.3360552661144
36.467719577237254
33.31829263533952
59.142584809286156
59.75847426341937
63.79691794992539
49.06346473136789
30.393392285348227
49.45755928318312
57.07561056068382
53.37086859904613
36.050463162807816
41.591590514086974
32.52198721899042
62.86911865511036
12.977006344971045
13.912770909426584
37.622673428924884
26.608285078489992
62.26503875414336
37.3513244489015
48.66332756165719
49.72674686792479
61.1877517702157
33.984487621992315
12.818073911118908
34.33295927747086
42.697922052369336
43.810045019152895
59.32482527658846
41.609207666882696
49.67408034198348
30.125443254828163
52.59088299440746
40.570699956298114
63.55859998029272
33.55121547047192
16.055485789048262
49.96519012787364
39.318687284075
60.06586331630147
30.230993209598573
26.820611984252047
43.31283321220856
33.620182997922534
30.40534827270148
28.538920758833562
59.20261645464688
14.836995208157816
37.81556948942003
53.83162862661179
39.60687368879873
60.49982335743932
18.775654615456034
33.36891088589394
25.789749272059375
54.711258555035634
60.67419631878858
32.85782851848746
43.552412752640414
43.18016296883192
8.451285382213058
51.58389982708947
12.591001676797653
47.45126439704553
25.864684114803694
62.45468788607487
41.44560139512261
22.78623842367667
44.13936760382679
38.98269672230276
34.066826190656855
29.583390757386915
23.837978862276813
36.74348321609298
57.99513595849725
31.852079239476787
48.42695011714778
51.05688731658687
46.20910431977073
34.303486078845665
40.055069428336694
0.9626462723578229
1.8282513911363623
61.38363797854436
58.08721668378739
24.18940522104539
39.25474928246064
62.975262902347275
43.431934413017075
37.81717090470608
15.565876825513612
12.68013340830418
51.31504884604966
50.32963929410403
42.071786455989084
41.62486855691515
57.46643072173016
37.78984367624207
29.23121387492585
42.02771679373237
54.386871220497795
56.41052982794107
46.27016102529185
63.14898424172921
0.8649336024054861
39.70532506438302
62.529389818682304
31.597109983431245
22.399407240559242
38.17830064163047
54.664707141071425
27.78674452634695
27.945193969609306
32.33668433406698
21.463026509291744
35.096875309114175
51.552499954145354
61.2641086261598
3.7849278421312746
27.8335013231277
61.620150774672005
53.87342131978827
25.884163596626202
44.20791515792958
11.778515308192397
63.01500358051851
62.055597401981714
57.87765263650115
22.269820257480525
57.507954648153756
25.077175245672763
24.55964369419395
39.89932237104164
51.61957236414408
50.50078510614985
48.01518850086996
44.9109632267983
52.17304769476188
59.692910035584674
41.37950572746895
28.97249527754648
21.002988112512625
45.05143424902536
49.41863721334041
55.26212672793479
33.99936927880036
37.64265303942349
44.00741130151761
30.790065345637963
50.09410150378487
51.690439191899166
55.36654777086986
24.407486476372668
58.940595295666796
54.92305931742949
59.069462907720855
40.13448132779347
10.710506123001956
33.38264615534699
47.99110134110141
49.225110755907856
38.199628152756006
28.418208424702897
49.44010076847288
46.974914063935984
22.400346085579827
59.840275456056986
45.36561052193888
39.07585713544525
35.961094491545104
22.83496942168405
60.54888249573178
52.95307800494076
14.765699337916985
43.180247122235755
47.432782538550256
7.828708155270441
51.076993901479995
25.40529996575725
15.730424259999587
25.86602139610006
27.249105381101614
35.1511219071533
9.205623946965169
48.958461180827896
10.143677078515779
38.131346209033325
46.44929565671522
59.2495997401513
60.39709220057094
17.460199795066103
27.510292386915687
56.573160190123396
45.950694349116525
63.397097546462916
16.469474309086387
56.87343618471498
41.05935636197876
46.70446840050669
52.539432047388125
63.40306334194613
49.133232769348346
35.209963940078424
57.06602671276538
11.24684676557348
55.913220938656266
21.201787917253306
43.67316303918041
26.570824119860873
60.45530615054111
39.40506275405156
56.69142176604233
55.29593582149313
24.60269162216148
48.09358370649374
62.91787541060811
60.89640024617479
46.81354124718224
19.214188779265854
29.167958585200907
44.5232106141971
53.70183256562919
51.058393830472724
36.25155324103498
35.62937223384482
12.702681295542412
36.59725906359408
45.851994566766464
33.86248366687734
62.9032399274967
57.50107072607245
47.59528549946672
26.593289051059983
20.426050517967155
56.59071127868433
8.633023916588215
45.59141301911225
4.3221925331376525
8.231123706635778
4.550717372930777
51.26028102873369
27.069487400747278
59.223760851835515
30.402817242796296
34.65454535058586
38.05532013943317
16.516182184784952
57.65266477785864
43.78639881042989
59.68298701149564
55.376188901682774
28.45942583869366
57.90933759351221
25.699197600354978
38.70030880612433
62.49923908636191
29.35097516336821
59.773852570634396
44.86365067819694
39.47793181806348
62.01972997084503
2.4884923919033923
18.69850507153636
61.051839200006114
33.227933633336974
47.98823233227858
10.510457730645257
43.070011581174285
46.309592834904095
63.3929326684369
29.228073144104123
44.02150741328002
54.80254833926227
33.645744684167184
61.797539520749
51.23605494699655
33.55777023002578
57.728462463837225
47.541328104304355
54.40342440795752
63.40932188770754
56.74383164373925
15.552684208754592
19.649371370188838
30.19892427171375
48.156431505674156
35.633688322575495
39.51275201005792
58.1929634812266
60.58889378774145
50.371888919557556
62.521820842401766
26.148275342331175
16.00952521298516
61.89798252556163
6.918422656589335
44.852093370699436
39.0017267534069
28.79690537003672
19.093879136183794
34.65267598484952
42.14033851416533
51.57675495860212
23.505993296896314
