62.65455258778364
61.47868525343062
31.352526339722274
23.330482121072386
27.86530007413733
36.87481721298512
19.344390807723094
51.95700058473223
3.9925755609728952
26.65530901557336
41.974231224110966
47.69680288713533
36.30854709794248
30.020663670025435
37.58045942156178
52.95113630041834
49.0038601757377
29.91560822825857
61.115107520115906
59.022201791354426
31.349319072846917
14.551708538250445
63.545563229615496
55.20771161763433
59.55234094543181
35.795774909633764
60.46398662758187
43.15553482664214
63.25701088657348
59.124258661590446
22.62681626871703
56.14082542954476
3.993594648019773
41.74189474868359
60.013277569621806
9.99170672313089
30.590151541909883
43.286803762134014
20.546308753059186
63.166797776178875
26.249374449550402
62.175586820994525
32.136790428316004
48.88024480549997
36.43166236925842
36.29987769802352
7.2091710166452
63.11284897889028
60.44336102134372
3.1349865912857666
57.310088877032726
43.01273048057962
57.83957919620644
35.91701158236687
53.87536351001459
62.47787101094896
13.089668584124873
38.58001824841152
31.397291134572406
35.0008131797329
57.07202551096796
54.04941905326753
60.916290737156054
60.71749599723994
36.628472960943924
63.4600509527602
54.893205021750816
60.55356891639346
48.77855967020087
4.1579817304379745
61.5419170162379
58.49489560720479
13.257299935317214
12.656826350754393
46.61907000714028
47.467556330420514
37.48817727344424
42.515769786952106
34.69380775290989
16.500669933615214
14.72522159963384
36.327020734026576
40.128917341911176
0.33816914679331234
43.54307116548265
7.258178330582169
19.061339098573647
16.65458871567772
51.4818064647864
63.936739299786325
32.682462454480294
12.97124825117173
29.63812206260325
60.829834041988754
20.90936167659325
28.601980002059122
34.497554854796064
46.58005487659242
52.73062331606741
8.878406897327004
26.10339982609522
47.62543223433468
2.457465948610917
24.289903014047056
38.61986662453339
37.20589663370271
61.3833240137035
62.612128740144016
53.531462107426336
58.864917852361664
60.43402008751036
42.22077086346461
57.08267908634083
55.23912137870108
7.167726690429241
57.90899813641634
24.723604516598208
61.99219886127663
46.258459483900396
22.78443170002363
10.649107799600223
55.59594021228537
56.06845134929258
46.65129137996874
59.566667896727736
22.876602603886994
50.255442822312496
28.361808862260695
29.947079191497558
45.71888252616675
39.093555774955476
42.72548133032679
42.751331490626505
45.85364390339211
61.93385207851361
19.724111173941928
27.109268538763196
60.92224735354443
25.27820808700173
16.431422143326472
47.614742465146904
52.038662913641545
15.298608439986253
42.62813336026001
5.332633741071213
51.02137279949575
31.670563174246873
54.00726300741611
36.848140552333206
45.07591380380786
61.146413911032894
36.030148165370385
32.536974170186056
55.12869251652143
57.437655810407065
10.255277153701662
45.62819073006988
32.935280148892424
48.53183009183482
59.98026863767017
8.240559197212434
34.548119636028616
21.97519487262025
59.82571056504503
46.2097804704439
44.14897126107856
20.883410981307648
45.628907212698216
33.87150148258249
41.30206554653331
41.08271952671835
12.529818887094116
33.424154142969286
38.15325249541354
34.66041421515962
36.921362981161266
21.10784492288947
57.89080609023509
40.510272519830295
3.348117898008965
11.741432157140736
30.213181953363417
45.101282956546086
48.280615928537244
20.70189387894684
23.894152561402777
56.62795026804836
2.245167223769151
56.77146709535826
28.497742017908116
60.28703824699231
20.879342942437432
55.83062956790446
60.98440402388005
42.121632982756786
35.81803914309474
43.370929745593905
18.36343893641584
18.5382453147108
55.97656469722559
56.40865043624916
25.277344271766424
59.385384562338295
39.02462919142188
41.82799289497697
51.212927777562115
1.62034923039527
36.50628561527451
31.438992760713887
57.67087493525826
40.6329871761466
44.11600210178068
48.1288124048473
42.37306103193929
34.828794084027834
45.41313628701027
45.134513394695105
8.958520183010066
38.823673426088504
43.177865724244626
51.8323485319857
1.9225591066395467
32.02065985845253
50.301403904043326
62.91801353321559
55.50180712017068
61.000584613003355
53.24993236604929
51.09404607149505
5.634690722515828
19.63333490005718
63.96132537141104
5.7364102190177775
52.52471130610072
31.138763520946483
38.63032147267131
26.404751861292524
17.428292094419007
36.59994581871611
21.515290091985044
23.19386323573189
46.3682572803841
62.87874920673358
61.35946538995076
59.457734787541
59.29884218952476
37.277911305867235
0.576865624566544
20.079435576001742
32.969011899517106
59.349184864347514
6.082966781171628
40.000961768905356
27.934262425338176
16.758943152353417
16.70937323592331
59.52860766278321
55.5647723580113
62.48287211508541
17.683470521225473
9.230373716236038
62.0605625187455
51.2481951283473
45.341361625585364
63.185233042784276
50.726596717061895
60.9326781395322
38.62491535554532
58.04927088181358
40.54618175731332
30.40119212150293
37.612009134254805
42.492260508855146
30.303198589147335
54.546351222238314
62.262762621960974
23.047359792968898
29.565760747383877
50.762280749604784
45.44929068100171
2.5724331295538363
49.10233974078576
52.00174570914758
34.63524256197454
39.08233980604171
44.4898599805562
58.37297828128813
55.195352662586046
41.81180546789001
26.51924617672278
55.307738327895194
62.4720256682127
58.172573035779635
30.954795261497686
57.99261961077158
30.55018795317602
27.473480470374604
62.17292604416445
57.10890505809136
33.900293738488834
51.7611105215256
58.93072174382774
61.23557592244194
25.06266645277187
16.331390422082457
50.42597290709395
53.960233721111514
32.03684192904413
42.390304719504044
58.39568248886999
39.63207931680791
29.711867833381525
52.19783437617532
46.863205555244775
26.069436609572136
58.12001490339172
60.31045871367199
63.312631212085854
47.074961780369456
21.82097341506951
38.152303897172985
46.36675153928607
41.839216076942215
27.57111761429818
22.21924046086891
27.20387741341637
52.56216314201199
63.04187108914566
14.616497175915889
57.93305183996701
47.44189627650814
31.142662849010236
50.531060471517364
61.91884060713427
3.02895323457593
40.836814661980156
3.3281593423191964
34.008895750478544
15.168127061947565
16.678982001154544
23.940628558260826
11.567538110797038
20.189395821023453
54.537886294389665
53.458230634155555
61.812076999846354
36.500975157546875
53.31892688604229
45.949378783167845
44.871915023529716
61.921933753612656
50.52521092348486
60.3743703314092
60.529864452285864
54.474923483759085
60.118604731198715
30.002874453217558
5.7263656343943055
49.05169554136275
2.4477073222466927
52.02299868570449
49.723693049619236
57.998536122875386
37.14030449904766
32.309790475456374
45.65028466985156
56.160574696266295
55.65453058768607
40.11070969928991
36.47116150504436
21.453285543330338
0.798898512792789
6.277611052429904
53.662674760913795
45.76108804300695
55.88264392798879
43.58232521888164
9.901198830589536
45.40962767518482
54.46820834549354
44.81337468231864
50.49975337278965
60.17978047424727
34.328487520635264
61.45095974422758
58.134326796719044
1.4912625942491928
27.611900271201264
38.2613903992938
13.187611015705414
36.48162417560113
44.93958192236941
39.00263509322485
49.353633105297966
50.49954407955018
16.402852877783552
22.479310712350134
24.534832082530066
37.73547378194631
45.62509416347341
46.360325765951394
21.976705372671745
36.56701662169415
28.32256189656149
16.161949997547985
61.818341473076956
61.16654172570832
28.56569475111955
36.87040475235405
41.47022021015259
46.07473558382256
53.52605106418948
44.960438338740445
39.10111355383323
4.141651090173717
39.27072551379199
15.752443936491453
57.25169052702253
9.074534958101033
48.37004576357679
61.615722878198284
21.797237224324014
50.372784024111404
20.24241880590705
46.230284252367866
56.38314975543545
62.991705858299476
42.96757111671722
57.10394465551584
38.52369342588893
35.88440110160057
22.598733155958293
6.811806572184473
4.5657067116534975
28.801161479661445
51.55673371226093
23.08859257031228
38.25189889321055
34.414359252978684
21.27606340033134
22.817747639581505
37.03012146840578
15.887309152996202
0.9535477947281663
63.78683314613737
39.09753863058365
30.32795382904802
10.317414140101157
37.65605251680422
47.47792007688514
48.34474584635892
55.143403757812976
53.925428101603735
41.302233326409336
16.856385329929985
47.954176231778675
60.41673050190301
49.21663556955054
12.704795672915864
25.826588952558197
43.91035654172343
61.30392952418835
23.821245395039533
11.371660121659687
10.800881091903499
30.45798498792569
43.091418117663764
39.96647094589722
52.51759129837797
35.27962684937758
63.67202624868201
5.708094794502543
58.67711025196044
57.471418884219545
27.690075916464856
50.019316059394264
50.84376517861593
43.355080419681585
26.39858634571818
60.12283115100717
40.16559874663287
23.945007987326484
45.14775720074917
9.857438201139509
43.25253782585216
10.718933619586842
54.92243922531431
48.66849135901019
44.233550737211125
40.64965185251117
11.044900668761336
9.9204293654631
62.88759593371916
53.9096593566244
33.383715591322655
49.16969075175838
59.170203390257626
62.74616708313625
54.929470363766
33.58284683565904
57.64191852750724
42.8627895951728
53.1088881844008
57.283430596370806
13.16170113215938
5.173599864386951
31.683623539174327
28.74219678918675
49.09495700363691
22.770602100844506
47.296933269599805
55.41982101380094
32.367538679642266
38.83265869022611
46.72861245912462
32.67151727465486
54.00550799988636
53.933240354834616
9.790987480213474
51.10034476962924
48.279271819327604
29.10968698710279
7.202281344073199
44.198247609402856
56.985752989484624
53.02097116823649
60.00697495542258
35.9185838794841
42.412079483692274
38.118795283072004
50.799126803312326
28.40601510855023
38.72559725728499
2.1630059016582948
63.70207176348293
51.765922752188224
12.575251681690524
28.92503824075969
18.210045309556186
44.81942808538989
26.34951871810049
48.425544051782424
62.44059491092066
42.23273379248178
26.284992887543176
33.81153121768192
14.847999761618233
36.70290247332635
3.4105382878501658
29.448995069716737
36.868279741249246
29.753397979938264
17.482695043314266
46.06412119598784
62.310814331119346
32.79973139693561
45.22498917099116
56.787364154540676
58.97759203413153
42.9794083774107
15.65709782440586
32.93614922473197
47.62405430435329
35.2720183306524
46.34725117028362
53.64805311985886
32.61301745552125
49.787629918510476
47.84990426635133
41.81305610328772
40.46430164488058
22.707779979338873
41.615220007188086
39.83678634018371
8.450754287984942
51.478189640800785
1.0345340581566234
49.39838698985395
47.97514913424611
38.94265634628826
63.86342550306079
41.25553134159202
8.778730997268362
51.37075254850852
48.444961525915
13.499999882957852
47.32835736186196
58.30912478150752
53.98962203071937
51.918952190780224
31.68580722116888
35.07390772108077
42.87510293003768
36.843876234545405
60.66596730707933
37.70046642238441
57.120190136549624
14.80641561659715
30.706193718893466
33.218222986257345
58.68013729116022
11.358155501189898
5.992413535472281
30.689694446222177
50.278094959042704
18.562756591406362
28.830377411232803
58.23809250870874
35.00057410609131
40.095292014763885
30.769507825722528
45.78902414069778
50.76528340769757
46.2375167738208
13.874312539224263
52.8698758131055
26.79081657413802
19.492581393312435
17.624273587378028
33.756806498362735
1.9650132091950425
35.0404376784726
24.094584432071173
36.086914764384595
49.390087486818075
27.125371484039263
56.43943855513526
35.57943370190032
35.81513767922925
0.5946060370306228
56.2393759734806
50.752393636080505
7.414644585657172
5.437961068556433
28.65395031374635
33.533226492330016
59.370311782052774
9.37955653724363
52.043056950629264
7.980438056500752
5.932169410434902
59.10195032732093
49.315986127167434
48.5003807641381
51.23455061735133
19.558927456938143
18.25573848138435
38.33684576026931
48.96888511441713
40.19040219255074
22.516432943118886
30.173678247644133
31.608698472813167
53.063780683168616
33.15815568634712
47.446189737066405
6.36110419230382
44.05302600457293
55.19187213223759
36.868541077285784
27.698212003116623
43.22443604941223
56.29211698598573
48.74721296374719
63.07524717955399
60.59186435866198
30.415209263336287
43.11357545430203
40.94923251100981
35.6554110383633
24.89060478701829
59.32117434675213
52.44848248517851
53.677462125329555
39.40126287249994
63.31897155132603
11.637409787289968
7.09554275477128
29.242914129045886
14.91729416229333
47.57475295168912
47.23923431559289
57.22071495963166
12.023639686708712
22.51554439745727
27.5766543692811
48.70734133143736
63.91889840305794
34.76882639205935
42.621560218116485
38.060478571412176
37.90716899436604
63.93157636672065
42.7870364946434
49.88675547622677
41.00921286295227
23.3256779540404
31.955937744605734
22.42560464622919
19.939612452100945
32.97117416342108
50.4534336259547
44.24083159705094
34.44546654880186
37.01826098039726
26.047698553520377
38.89580588688041
60.68562691900315
4.218466154283782
18.908057211880617
40.164470473143865
50.39684457202745
54.759572208821325
56.15882480550424
19.973659070784713
13.96623587491191
56.732399269529495
47.22568276018481
0.3399917813673454
62.960597943557495
24.256051703098066
40.88031518158998
38.926317280404504
35.836636492543434
35.21682577291379
53.248986643430975
58.367303653559205
28.694560182873893
41.14443982281381
18.1347299296227
47.0720113768111
8.801200642478392
43.912314686996076
20.319313882503025
53.36061881579634
52.967484582901264
43.09417049795504
59.814729637450164
33.69455341229288
14.223058612406625
35.799055205830626
47.34111962403238
29.615174335241946
52.551894595978915
57.68266378588131
4.040387521942641
41.340172556240816
8.226284281558385
43.44769539222321
51.699391426070676
54.45167502671107
28.017249450599635
35.06035375447908
37.77894361256328
36.31142020265176
49.11526927096518
14.145840311161706
13.036072208922732
39.27061123618022
37.1701416391971
28.860156813681932
63.39626548558553
29.67199957713288
62.00540118766102
28.594063637192114
62.70045877032028
40.95712606955169
63.84701937449764
51.649652216584684
49.30694244025578
53.310599642952475
29.44695135989933
24.83544847620783
27.321454354645034
22.57262953670275
51.25408461664314
51.188166453365604
60.10256800194578
38.786108692452245
57.8331735913576
59.660228939374846
35.790989607176044
19.787529767160137
28.35267201451161
48.43666868400431
50.15670108290709
34.938858448566066
15.768564860209082
5.664533990790645
39.008898048987064
54.19955040291072
40.90885196828597
55.49905012603793
8.814825126704186
31.654063687765742
49.18081760031951
29.36465553740618
19.667161007679532
22.906834159292536
62.66957798010432
43.21790614583108
43.15475040539083
3.7598399547115307
43.06843363001053
14.711345049340288
52.33950763328051
33.48920510776503
6.294601456434307
41.61849160225113
4.5838535373866165
54.68827477009583
17.056763040142904
44.15496198076585
61.40294706450377
51.60029895364303
41.71116799201509
27.871151691477515
60.546859922831565
51.303906437811186
55.491709513647976
31.873866203276705
39.76923552832932
52.70747488867025
37.33398127897772
25.01769628649538
46.8499997202416
53.75189220489368
35.7711392038852
24.877823380458317
57.60027782825823
45.9091618659807
63.217644809432684
37.18381324143807
24.21920744718227
36.992516973327405
57.02688177974139
27.206578944334908
21.243764332907567
37.42166062547517
45.87568176407585
51.72433530723484
61.11511919286708
52.48467805982191
12.849494923982235
33.64919192167109
45.84451184361252
59.081009497054886
48.2136852401913
36.20725026952498
33.35818104830159
19.90276899390979
54.451786354892675
52.91426097401207
59.53369479699748
40.31177422414535
60.97921981045191
57.622160720149516
26.013040716927833
37.76596345123858
55.851366955264865
54.58931822386918
47.153124684579225
37.112864064306144
44.64377881605389
57.17245947018951
51.47241046694778
23.023431837194174
28.025437960728212
28.246210854542532
27.33680005458519
50.789489584179556
63.5913399034705
59.48510264386693
53.41224931553629
37.37559307013221
22.531318992580673
37.827857219153046
43.399031334778755
13.031161945932212
18.48224350492059
48.32224129259502
44.07257487095136
59.477243555052745
61.54045592404414
1.811620274236553
44.185899804604276
45.6825226191351
58.04211168006764
13.018334931407189
48.31621750247133
42.295281293892614
52.93138699565758
52.340388064762635
7.798228598287899
17.63521212842609
52.14391963180987
45.02858294025911
52.63520531363249
54.952735273432964
31.39718805068828
45.690283646829116
36.977083478224564
61.450191101839586
51.412377121727786
35.639330322161626
55.53243168580018
17.96890935331667
7.221829776262872
11.421269394984058
33.45103531307814
57.198110820124704
39.02252965959311
28.25153803608243
20.372638907470964
23.97986946838519
31.30757718287486
58.9657481914248
47.579044250561736
29.761759434285977
42.11933194757802
41.02498011157247
25.025630612712206
60.90603150182638
51.34776933847162
49.084358137975464
33.065770427198075
16.688405959158594
52.727238106433134
42.87938763641304
16.969625281870016
47.998640510087554
14.450530104831472
55.41500217599953
60.201626367635114
44.55868543532928
35.98143618503255
11.132308023567568
9.373253996439558
13.100126405943342
42.15313624159725
13.192069584495158
14.974780826023533
12.400987831275899
18.77222742799931
50.34028707050262
46.11940002436779
54.37156572613175
46.32100819972703
25.068189895398298
63.000873191129685
31.688334585656207
56.47263456722734
53.9092935131534
36.66686921735397
54.87757324445573
3.085566456998073
62.65657554285616
22.889839166470935
54.674469344726084
47.58103653141107
30.889767330760257
28.427924381504624
58.37706852357145
45.860234744340886
60.132085525058784
41.45913740671513
57.54537674232223
57.95275859448117
42.64360448509579
40.97990020583701
11.475860553235073
42.99395966289774
17.842755221798583
34.466209343299525
20.988298353080822
37.132687056158105
16.686639465237207
13.946815425504305
46.458282643627584
45.84705412580915
9.368670386588406
59.19794295397611
61.36405620712706
20.449179616366983
30.81143749136148
34.35991437767365
59.61135472852438
51.30321031846374
36.33488374051096
54.858995883773005
38.51412538130121
26.642389600108004
21.288890782220697
39.07293014185305
63.31743543046409
42.94019094153498
29.20718183183314
11.736303569529767
49.460682602578814
19.495432276938033
41.88756486689627
52.84068794723783
5.723614966728107
35.83105013095063
63.041557541374765
51.99864892481437
23.777695215587414
40.16916289406538
23.610761742975924
39.975295866372946
39.61813007752646
24.104894363857305
63.567644258428814
51.460355174931706
50.9464770529876
47.92930822754762
33.95451133935336
55.41978095786685
5.679947334973967
52.050515867473834
45.36605397356822
30.672614780241517
42.059764213058
52.086563518799295
56.332440566256196
55.7743437491003
42.653743748091415
46.60942539836787
25.52782719716943
39.88537357586176
53.73948168869285
45.12972867564616
37.7151185522507
60.136316456929684
62.89408286309672
14.249791057128299
27.918389886970886
36.948310954718885
25.535796230528156
52.378002756086616
32.967269725541655
24.53606564064838
52.50824887801193
2.2062192131083407
41.79631693282398
54.762923109047385
55.59169066676105
54.85980862787322
18.55381494895849
49.7678089427517
38.9724375640004
33.09548618813535
42.17245401133697
49.85987079867162
49.24774526581156
28.367135453470134
55.897419809362674
27.42128888893278
21.68136958030366
30.617148260829943
52.05280849474411
42.535695537641516
61.8604643428457
13.790767625678214
51.51781328428272
49.245924445280515
56.01758123139553
29.318032832154422
33.65055126619138
30.066895195511975
38.50990425354127
49.33076851377383
62.226150895567
53.99858467780746
31.66120357351194
58.00789007969505
51.99826386366169
47.9658697595375
48.274132616306744
40.2615097591425
43.82368612224789
59.9449672531552
48.99181586173251
14.299323911099947
17.72590225287344
62.23976750479015
19.22977194484639
43.06710685393183
60.03169114329414
61.20490822846828
17.200108025113103
18.750433871775506
22.780878516068327
58.69751555122015
9.398022934683148
40.11133820437067
24.66373226596005
43.6602919383695
47.78149900010036
63.19979289339576
6.444287638364479
2.94731189274232
53.431049837841904
24.131512231137314
27.881267629068162
53.555745382227485
54.846512794392325
23.403727847355697
57.24343453077266
38.40381002255391
45.95913780233603
40.572220975926236
26.828098384153854
44.065983534576304
1.8137022078932787
0.2827619509561714
36.059946200322514
49.65827338206285
31.92555437166348
30.81374003973739
7.24630865196508
51.55316888683761
40.29102112503015
24.13692424423423
12.934714490841458
34.74665386541062
35.19451270632601
37.084368271397764
48.44368488540011
54.77356338665596
48.39157785556573
34.76025878652308
57.999338172776866
40.49671064705691
25.648248554891452
17.225242839232394
50.998505326347754
57.9115980542668
60.792227996567476
48.32438023481999
57.26595361091362
31.430262171245978
7.208372118379465
29.390530341559185
15.969345022342878
53.07310841195854
33.375791733872575
49.071786519548176
12.523546332861763
0.23772666490017968
35.700515743011074
26.34091647772452
31.305219736741797
10.399582979567526
30.748539845258726
57.72174475623161
47.21703321459952
5.181581292294183
6.297817345161803
11.46677564153915
36.435180233282324
33.79142105441728
25.925259085926946
48.04597857054515
53.388972281789066
57.119116058105796
28.232028130330214
51.9043568482248
24.018890354942926
26.248728671582327
52.56844178115082
60.33612760688916
57.80428785672562
38.38204183926435
56.26091257220942
30.92558986198049
48.079420953692455
23.062061210177653
40.70393392573136
61.62151795483507
41.21072292675497
55.30214571249912
50.78088560421813
53.327216345249646
37.08542983274597
42.86165304830952
50.25211222051776
32.10811378287006
44.85094123303544
39.18846712547004
24.727886601529327
33.207069642519066
40.65409814343174
8.910617146459856
43.930164750477005
12.128203027510942
31.464342274843325
5.658576779098908
9.577287372042285
37.16259083026205
30.281995596102632
35.07967377699582
55.281485239138796
59.98093319559669
31.632795095633867
25.356969206787
55.04935764527678
61.385366868605615
31.039314100086287
52.79119020618134
29.10275459780206
61.798107314538825
23.366404259678404
37.831828337110395
49.07864933445313
50.071589345672336
28.19534589770467
52.927860566657245
48.77849215963402
5.110279733273671
55.60977362498245
57.72741398149845
56.238551088839586
51.72792238785105
44.93525918671433
63.76902068873218
55.64764236406678
11.759787528255352
53.46509271620115
53.3454110420656
39.132276642334645
43.750590633737005
56.592473706112635
24.86488104744462
50.94662740645666
26.778970413701764
15.978783649413998
37.62799280642514
62.9439923769847
20.341134420060804
45.615344622158474
51.995308710118444
52.22130602525087
57.21518513050536
49.079561747151104
54.42199579040545
57.09573012250938
62.28170562809533
45.260606876019224
56.17173121079759
21.013548368552946
57.37770598976839
37.582429727010634
52.360075441056445
19.384084840312042
47.209181488255425
29.404133016348553
56.334508710714566
54.952899178704925
46.975677852121734
57.6327973509574
53.50815290608535
43.525688146205184
53.030218959459276
26.68653993615392
46.025508930973274
37.50514869969918
15.591023800461748
58.206955334646196
53.392949920897514
56.14092440763437
44.68655062065339
49.818099203760966
50.276299841828695
39.91027482094204
12.501319257891836
57.35744977133717
14.384724176028186
54.25401680584393
62.73243776978173
19.440296000976396
41.40166238752073
53.00909058875146
61.77762743351545
1.3834358418307175
30.21919542031803
49.10055044411901
45.75059355784851
10.879617643937763
32.152796652523335
46.697621814780554
49.15226107976453
34.612830534583566
47.38557251103953
40.23848539376669
9.917831819400277
9.26716307474608
45.871150571490645
47.85049420749158
48.10522962661014
34.649397332523215
53.4824266457208
60.92040414533727
58.08160014561241
11.710453794320351
46.923373090225645
13.936013214809854
59.51585587516735
11.587915781534072
38.741728366470944
55.8619911103536
45.39712707675871
15.043289924157442
32.753117200696686
54.76683283045896
23.910225703726894
45.29180984470472
19.40407692028589
56.905712334260706
17.53374381354432
51.8500525960136
45.702879499758
38.153770838717136
28.795689772405765
58.654897501253416
41.80600334848812
16.626807795731736
47.52510282639079
31.744315897642743
49.0256789814728
32.91136136004121
38.71519416915707
34.755035711956054
51.2744762173691
57.51538451931323
6.278375549685634
52.95079857236619
48.58564906914163
60.666451135907984
6.179951141532825
61.402055805738286
27.693489382394617
39.95491357049351
45.08767853332621
25.81768574209613
9.045404116575867
42.104152955321936
45.783432523608035
9.972762411844556
41.874113114739714
24.883142798060597
40.57742920145469
17.012841128031596
38.97957770624993
41.24289514561244
57.1832379965113
53.0945879507991
20.59507927003682
57.975892410157954
42.73870397061046
36.77784033788274
62.53494997790629
28.206322877884098
50.32379545919259
24.609570180706847
37.26180932830179
27.979930982479935
2.3115189397477423
50.30886616456353
45.69778511004304
60.30882360562067
33.455605767189
28.021884290077068
30.33257008828452
46.1561172166667
46.18698430752677
27.450422274491068
45.232033121220695
32.63675868636684
60.81199557695556
60.0196176986892
25.885680158301646
29.17842766267095
49.50358998946048
50.88420928771472
51.851486456197115
24.950874877224066
42.74795852458442
20.143516764517635
51.474885655970645
19.808892748686354
44.04896013809595
62.87281127454167
57.979684422619584
54.709494547363356
38.54120907738832
19.606164009456755
25.915352247570347
62.69157916232178
62.879675840471414
10.062654120531008
52.2751156172355
51.211872709709624
61.31929836720518
45.776030082119014
19.54810264052132
48.57369379585616
56.126964407873764
38.875944474159866
33.1405526897173
14.174612470659653
39.24973194218451
58.15253557123253
45.58459257225619
20.76144162404026
51.380152057671474
35.16344157441347
60.079752975035234
59.23865488683641
62.51500492446167
12.84085214884361
17.4086317516386
22.486450435446542
45.53374193556709
52.50835981173947
50.80440942123487
54.95398725620619
1.995597906357915
47.7600726367621
43.95742612007891
50.87375780972888
36.330790027110126
17.233816986072725
55.35183343701631
1.4004734939846273
32.077650672383115
57.331305292444426
50.37962381491158
48.64023192902663
56.84618592619734
58.107475629573514
28.263800216893145
35.1105547828887
57.46574745777019
58.93043261455811
45.3371261977107
56.75720903343479
41.35615484445978
48.91578702685014
56.30384798951356
63.7857290542907
62.91192479654313
36.810546290452564
50.39159099268822
62.057642871063734
48.399992905796545
49.06422675583574
32.3993991491124
13.445569705400167
58.8466081456796
60.22484490804119
34.4711838472017
53.32455636716573
48.26331520039375
25.91072928120245
13.419663074462719
54.51457623708059
6.120881760526707
43.478257968149926
19.184297268030754
19.91473612405899
30.305243481471983
32.27059848705302
59.96387044225929
27.18948312120743
32.81944692236394
25.947592495671543
55.026004956475674
50.83542828101146
32.052492892292435
61.61765396197325
17.60689029466227
10.874744956472767
9.364223192133188
62.85970699584432
43.21407636499758
4.343791360780621
27.497762490932928
30.249776920525917
40.191013657796745
61.66246959244492
63.62240436092071
59.55857131545146
3.056485930944774
48.608924430614024
56.70103168640303
42.945481353444315
60.02981680361729
23.38231567452914
36.69162922771852
56.576872329086186
40.59711235572699
44.81775558453134
58.36831475783476
44.422889220388484
54.606376381225786
58.05847967642518
48.53480462607116
49.52937572956537
48.09147943259763
63.924035953367564
49.22532993234576
19.66515677732368
32.57402387218346
28.41147034621239
35.1807829388665
48.345962452114236
33.925448715338185
26.042033925452465
61.27232049232457
58.197932818246386
39.69785375775753
39.29742044348828
61.15984725016365
51.23061017837746
54.81316304005992
63.89665003002363
48.44701513595496
53.04216263914027
41.04739765595363
48.926476807102055
32.31381921481116
18.11580865745845
44.37513989449134
20.613878830481973
22.165264974099507
44.75772737131746
56.68941215512534
33.82791489575651
49.58225253741767
52.953494845122364
60.49927134523692
24.95084541520069
38.86098926259103
27.39955409600224
32.594855465828786
30.378957166789952
59.6629369660736
57.027596827336524
32.50654238203811
25.797519637222166
58.71973698670143
52.858184807421836
49.7869080161048
22.662829348173688
54.40208715053969
56.84667262451072
38.57776639037701
9.623100928005712
62.22353805474296
17.890083127340304
33.19257766111841
50.91478869457147
43.76710442622503
40.8966446413056
11.646507257943568
36.820753942996696
27.58655274765797
2.516910952088729
17.321094587958882
39.862140657393866
42.816102866033404
17.132016979143792
35.66991222882496
20.32041820476997
36.45046729313389
48.723006885419146
60.46333384651635
34.810999230770314
37.56741996036635
54.68097905647248
62.675020403816056
43.592157330214704
8.112488167396599
38.77388894471288
40.597738798018284
20.594288027074526
60.15388688536913
34.63329520976759
59.39000620465978
19.518788615134326
44.75724780186363
34.28741810828487
56.845138903044784
58.74513902067525
28.821674134735623
53.80074535985046
53.720767955299024
59.26673457600506
21.26102880539952
8.593235584432058
47.22672306989994
54.68680052994489
53.88421443111353
43.3870242051481
57.74311344458769
45.861109941665205
16.264582495055514
51.343180156250384
59.76897907808049
14.505432979826544
34.93297519082053
40.41163608591574
63.54084853340803
24.11286042796292
43.874385457927396
36.956754318347656
40.533182418039445
2.9959249453064345
53.601434264091246
46.305776811375694
58.79430775566501
24.03156636031271
15.73777186131283
45.974482199422745
46.197584875758224
50.57584380205605
59.811959311502854
23.96492102621407
50.932539280687635
33.34889077378912
31.579653803217788
27.940627798174233
47.58297216751379
11.793871083903078
52.83081059320379
33.16633211643741
58.61437680360012
62.929987203807414
54.64021519742973
13.134155119206383
24.89665387214947
55.72003781146843
43.323014526941556
12.925350274310581
48.90454924566013
54.46101357225183
27.916155360168275
38.92761531421963
58.49381896359691
28.58154314242551
44.95116596917616
51.68512598238378
24.47648201395684
51.62545550461789
42.5860948916485
1.754427866830028
55.127229607213906
60.46815500585585
60.27632108752966
45.18119906334506
57.606335481851346
44.27019091715277
58.72115295930791
60.10287240478678
33.07025633193447
62.97397622675926
44.57395007591623
57.878253786737204
30.26596643766343
54.289255750889936
2.4216549691140017
8.121393987015544
61.49468734813796
55.034418787388205
8.936911952077033
16.775610482669542
27.080702338077913
52.240995431811015
60.82204419986985
37.24780727670371
59.27081417508677
61.53001980126061
53.50595130603676
61.13954344459665
54.99988137502733
24.546377452728052
36.43553812245353
58.017189715519635
48.28727630691475
25.914694122307246
13.251561371563078
8.799730080796117
47.13320427093387
8.771750716001527
18.093619466968114
35.48004096257934
46.69762512102226
47.73450823962179
40.71072648360064
56.87775109522894
41.26061729871668
30.547620286344774
30.83193414998172
63.79528143417624
54.66721259113263
37.15105567076263
39.419397986915435
49.174669347020355
36.850482867109704
22.72223288736869
54.09565426517894
18.999993009193446
10.655180626363737
29.103762396322516
58.40724193915224
20.194896751387375
18.251775847725725
45.95622350828266
47.53726771126774
53.47056790725265
32.828074376603155
55.677345717740224
49.59677766740248
47.45349466089121
40.17167659884687
6.910417329149709
33.18478055919301
47.371624538632645
49.077355238621664
42.93462846862106
37.15131620167804
58.0839587920969
44.14935323395743
62.42293311413807
46.077858815313746
6.6404665181580995
36.73175280826682
13.751461984094298
53.861616872478464
8.158189274675301
53.445851693432175
25.498893925787137
56.73848261136666
42.31759319358591
50.98237983972155
49.81163887439476
58.95539440454288
31.59156349169296
43.65117476389152
39.38995315667455
55.47506261295056
56.22050302649296
35.52053788779281
61.152375740046516
12.186566980016217
21.075660298498747
32.943807553323026
0.6093453078044817
59.67929664195737
22.264874645313768
39.75729858721495
47.60198864370419
39.496469252068906
31.54331818831431
60.20003323268737
29.549567253455855
15.453541952210628
31.73544231238146
21.285918984272143
17.330968853465897
60.46601425755952
63.36054656296211
27.253361218273852
16.17214495253377
46.50650952484128
33.39753903396886
63.7805942839354
17.95852542770858
44.67462988241623
29.79845087739836
49.988068004287626
29.106736669573777
52.89834341405031
49.68842061059805
38.165520101491246
63.443223554374654
15.954048758152908
16.9815681193749
55.88894062040027
15.23013754105547
43.00426884158876
62.11330303553115
18.67725791182739
15.205993599355352
33.24728501830633
51.25379803175625
48.21208610806776
54.98166787331303
21.749529964550376
26.58392286266124
41.73066503222939
56.229630380704485
52.2184606567749
22.34981841403429
46.073115566814224
61.091632843113175
46.41665307862627
54.46722347502957
59.167817055232184
0.47026131073106114
62.71568265542466
57.27956042383008
10.280471770773076
38.45310102330984
10.73145542495569
55.76094593900996
56.65781826746037
50.09845687507868
60.61799926450387
60.346721916247766
60.93445125416
17.94449852442942
55.47855619543428
59.684338850326014
59.185300696034815
23.8208646053886
57.421913895403584
57.000882689090346
18.336307335094666
12.3463498292028
2.6826283499629255
23.578343228009253
31.90816226273894
19.164331378519286
56.0346562685194
28.544547615542378
23.165324829726522
35.00238611401531
30.91475998587616
60.09910928697433
29.7880568803606
54.910816241708034
53.542879268951125
62.60846392892215
60.803311477690904
6.4046698245815605
31.14745980098094
38.089062320383576
61.72439678203301
63.355448354105725
33.47793252495842
54.01171963188885
9.004387657609819
50.052653046749654
41.955242045935016
33.95520568600007
63.27598636383113
61.55617730227872
36.360848640752685
33.84464181986385
1.5088115332966368
44.70673861160506
57.35472166263615
14.890872297733885
28.91891382428684
50.612644995644445
40.95390423520897
29.681496440952074
62.14208346233322
30.381368474026097
26.9079490768111
46.985623244382296
23.54244288149784
21.533975783321154
24.226750202607327
63.32265602102377
30.195532046788912
41.12633604392397
12.805299847801813
2.561282691064335
20.567594289353863
62.56491036491835
38.989614960652126
34.11308472708831
44.42068866953548
59.3569698681732
63.41253637806903
51.78351352400429
50.221809516779594
55.18438291278076
62.68447588183001
43.76902764389094
57.801971562609474
8.122462065004235
33.937278533831005
48.05537589523317
42.918258439701226
17.488447135991528
44.65544262103649
44.51024074147259
26.864175293177468
36.86665430848768
44.366516059798045
62.81906924737723
45.37554697377176
47.458387154600025
54.130494022730694
51.281318154916875
51.056931696427014
42.18932753866993
29.2977624229435
58.20188353765631
45.84264511385285
50.769451108025464
31.081012048528628
57.77949059449413
25.557537191181304
18.027295551343983
49.320547116630614
41.88934841719919
54.02484614566597
47.286133945385934
29.902823994169637
56.63048395915051
61.896514961865265
15.760219375894863
35.32522185916733
48.43330942906137
47.47217768346271
33.60745752816757
46.54142722830378
56.38962453128232
47.2182825603446
20.705285619101332
48.30356153774993
53.36471381242502
20.65385479903629
36.53296631367262
51.01014426985421
59.53717368750175
60.17620917532569
48.52636384909453
58.606744436655404
28.680253581649673
1.033163403861991
38.7070718153786
36.74176650158145
20.933562181739752
62.78502124943163
60.832845665053696
52.754776536395426
18.40197693896141
55.864721363133434
45.66352172041198
28.816819293035152
60.47689760119231
62.80060665283419
59.25655285492769
12.317362166517633
28.564428443289295
38.06403113765069
58.708270290578035
4.2861917898557
33.01478336672115
35.906351438089615
22.511947439053472
50.260770123595094
60.36247069307102
41.304939231126674
63.46231564573434
52.9378502891556
49.94031549164525
11.617586801222878
26.887149739408365
33.75565192919741
1.8346530572453972
26.241209038589545
60.53405271157034
6.837038496149425
60.63917200430877
27.78293499206574
34.990424548656435
16.838564460392824
15.07108220906607
30.592873232271486
1.0135596372100864
3.5014106483485037
60.1929019325196
37.09488978941711
62.35714550346835
30.810819777288245
18.556145878263813
45.097919409359136
25.729952284158095
54.00675139806124
46.90321042514236
59.0922364015385
46.89725275432427
56.39193276176088
61.0005262168996
31.0606714631342
45.320521708114384
0.8140444464815388
55.00017745534421
38.91407366166995
45.99114987440787
15.829906989830995
27.52454465694693
49.54790889678458
33.25375694380058
50.310987216313535
42.50702211001179
26.44908438592949
57.825635762624685
37.151284101593134
30.422788504355033
50.637964421309626
35.4106916944359
17.438799015546515
1.2150911456581355
60.554587039022046
26.255587979216415
40.83425255341501
62.14165172816856
56.20260124172123
0.8251801749662206
31.838595547541246
45.380821069818566
53.54733830129147
51.05209971528713
27.18991741388951
51.34637182969254
63.066502720569204
42.576045789409626
34.270655490561055
60.26076818597739
40.35186972630564
49.796478881373346
22.38471061408641
54.143587316188665
14.987868694814047
34.71469613929642
46.83383802728912
44.72792343242503
43.59736287446215
32.03692539315294
19.231177690315562
46.17135933119599
10.69060824101394
29.696784889750766
32.78602720729573
25.484535404194503
29.189732284335868
30.19831034129728
49.11973661049647
33.20796168312826
36.06231555332192
48.779457395709144
52.28965500476294
3.3113562422018887
38.64759874043544
57.8745632992379
29.469764553051647
62.60125153407522
47.30775026333835
53.018940493524426
56.69557755786692
27.20315885723827
32.87743159476868
48.11608828080293
53.50954954271127
43.22925918642031
43.31833411616607
47.8693012875822
4.116648352610703
61.05789865329921
18.436273377500605
59.44593015980203
5.799176138635403
12.308126077899104
62.96387575772958
9.986071767255048
51.26705126191593
22.225704131087113
34.53503541293637
36.04619056467325
17.17977162663218
29.26450415024013
34.19619015046146
31.872011010590484
57.28665660714998
8.81461885719797
44.53825927558365
20.341050771552815
44.17350185148035
47.52723484290788
56.09255854939416
26.540532666920065
17.676646919527272
48.83016423011618
36.78144283597277
21.262545303927936
40.51370266508222
19.618923155909613
41.85057333827115
32.716365798471
62.17357300914357
31.58261858592907
31.57625775467796
18.730025081844126
57.9639682335553
7.339395177584201
63.408373368539806
14.101912432071991
23.55824844106506
35.48222349877868
56.505401283903296
23.89946138133449
29.493257531583843
39.627284024936486
57.38642057923653
37.07249852927516
29.969138404927364
32.184332152044036
49.54523964900919
28.309658291473447
51.96265288209674
43.85420947086586
16.822943768846343
41.44689223450945
47.837387931354485
47.487117864233134
40.76710885820169
51.267673904867245
60.38875312448901
19.76901324879141
48.81540422917406
4.184738348487237
39.74919755348519
20.397248128250595
62.898868594678625
12.532515362861304
58.890041601304574
31.233937766717737
47.50312511905742
35.65270796445793
41.18000263417981
28.216781918504978
43.690208232091045
25.438229374829525
63.11030686028885
59.83055966009941
3.139815606214597
27.088345200865746
23.233946607921027
49.77398225871365
29.66614764583023
58.4853191635236
46.832594654673535
