55.677576664892946
55.79562480725376
6.281717330929844
61.75542402433654
63.23913162388751
46.554301238989915
30.34365955002906
57.55504871567361
35.07980682657865
22.550254160886105
10.612647202679533
1.6574235764709755
57.67818025842611
36.39596877407301
30.289270775827312
62.49743147906152
48.74015159577464
52.262612278379635
61.81910661316603
29.972480175453768
62.69945523817844
53.73363344292523
52.66753849387471
53.06367652509409
62.78148101686585
54.21032161873063
33.279644810022845
50.188463289282026
48.91191391610268
43.879238347150334
25.350682343694892
23.372410349877192
26.632739682356878
60.65872462250146
2.910149935121815
40.47460934942885
43.62213205437015
56.272983754742455
63.81784048742847
49.52014568801151
63.19419977094463
61.242324472541384
35.23318409425116
29.394401570949455
58.53067671328678
45.57838598950784
59.676288273652304
15.99370261555223
48.25686012929699
53.02438222045338
47.3792469656629
17.474733003725838
30.82445900976625
60.53964047221271
60.49017464997453
58.678018341336546
56.0857111673401
24.902564229278084
16.16008293910022
13.884220422164269
58.909549997809826
57.188071302740966
28.764529314326573
13.684659672426093
43.53196912274636
57.00050916938578
13.952032707383324
12.76597589384943
38.931895339537945
63.20266379597083
29.971604269659338
49.70473471646703
0.9980436495910538
56.72983558937635
31.274074168165257
56.23402229794455
26.178229945517344
14.552120966731309
27.47545047672064
46.993871075864476
60.306169775933796
46.744962978339615
14.063378090415362
46.026559807026956
60.62928742200752
48.45186557475991
55.3945026639434
42.139064889601975
42.54908162198514
43.137384715806704
57.810742016173904
38.405224209773564
29.2356137167218
16.99457803856034
41.68116782558739
22.102779993351987
38.35338232414743
28.79209668080179
49.14640741514906
9.28778705938339
21.0391999923323
55.878582295290876
51.7476120493855
18.870746768503352
39.69915243068891
41.90555175451348
58.25771490380628
25.22992496868416
7.188273651021852
16.198658348478823
12.802998930941811
52.16452018163155
44.71748590130766
32.452153362256055
59.77439871075389
41.428846257339515
31.30480521929136
15.780171463015542
21.76246634265103
35.31589037353609
45.41485459382162
55.27269702357118
33.32089685914373
34.612450003059436
44.9323352557937
34.994777157231354
4.546860887948107
51.34978367652187
1.2693047720446629
25.896898571018347
44.37939041109004
32.95096591027563
28.14922038246874
51.273924552224685
45.03515563576721
23.640797401226806
30.57097831581938
31.909031659221867
29.019265960546477
60.64581012400676
32.754496049297
43.97352216117116
9.577864950428001
62.22898472417267
23.014056458091453
57.18592881379766
30.055332535615676
23.996911149996116
32.82131136477397
62.69924959041472
34.931064039158
3.988271443742242
43.22393990314049
31.090295239712674
31.74987319132427
10.428885228424399
11.866717924668592
61.44297398032893
44.468909944996184
62.06655038654864
30.44335154836088
46.24107718501703
28.019562917215204
19.321097876287674
49.593014777136254
31.87205216433297
50.129681517438286
61.8449582071815
26.31009395913459
44.447582874405626
22.71821516204607
7.448140753667651
43.92810673875178
45.45013773692243
47.52345015098919
57.175870093934925
41.02306597449406
23.42184520021786
28.956682497150886
33.68267778452144
22.399496158400233
34.56037972172393
61.75628066192186
63.60028698551814
55.32851456063946
26.88839882161689
18.0552213010573
37.85079078280397
46.49209409497075
50.14995521558089
26.409176368166406
51.56800319578645
16.83202644487578
44.55017427115904
61.27240003745465
17.449103970005247
42.48720273892379
13.748138281880266
60.40190308972449
34.487671273471534
60.30840046548533
32.01198198025524
33.902487298364356
17.57188341304066
52.05950870805022
24.85939766349287
34.65561919170055
42.95616620432853
59.02619327013983
32.23137541150204
20.036597781283668
56.68604963332434
30.506559424152677
38.847796445709406
40.699962764922475
50.037225608407006
38.47243602448452
26.950075815648162
61.11943301500994
33.811221013013906
23.818450185877275
25.57711245099604
10.766282725921904
18.60639906158469
48.98225740834952
52.02786956529322
39.26891092035426
44.591109146930734
21.146699995319203
36.95658293574695
24.306509240339032
17.04417049086559
46.2783122066558
53.6816570463874
39.56836237243212
17.511289430429592
25.157246758859905
55.43387676389242
39.230683577046136
39.437654289334674
62.26490104728801
56.993250482827854
42.337709631475555
62.980002884972926
58.0675458894474
22.753072346795918
47.88257293850053
51.46166568574026
29.772492986327862
53.471728112236235
45.214521198463814
1.6896999311656984
25.372599724148664
40.19444275856638
43.58101593888067
7.269974009833078
41.66524312395341
31.871685324057538
32.3178943264689
55.19868406805344
25.757279863740408
20.53107988732456
25.4513960002012
21.76941403869101
30.285049460158042
54.12568351196998
24.755302102250944
56.630821531489936
48.704014964555014
59.749332495101235
57.591701467609504
36.831893856087135
23.888530235391855
34.16821091072107
4.235371453663113
48.607443363104956
50.822694227540566
63.563730027595
54.52273532018929
23.08507666716082
62.300553179904625
35.02377414621185
44.47072363304565
60.05829095011642
51.91660946310185
39.608978926490266
23.217529561734686
29.233621983512528
56.664578581885635
28.468204880890113
41.54448506253735
34.75964511918731
27.714571700625015
44.50333466929253
49.249930929966105
43.74924733825742
53.193038910716645
9.140286111327761
48.28489821770431
30.130493701240432
50.42037076490863
42.73775607190209
29.493729878005794
32.29015988956141
25.8838764953613
15.332422820382305
24.361531424712354
62.31706236970201
23.75839368151658
40.29265646052235
46.57916659237311
22.815095031930092
22.252382369746535
32.774594451331694
50.551147413385166
30.046616880646347
32.23833481160207
24.558876213697687
48.86988494702895
14.70909049278469
54.9142637214895
59.382615116967784
62.50800183363349
21.8802096923933
48.56622437979087
55.57219851204982
61.74177982124757
55.19651745214321
58.067453207102886
60.52221716710504
61.3501183807795
41.01161819828823
40.56248262839718
58.831828770511834
38.36551517343581
20.87802576679593
34.54475418998268
8.318469947140734
63.37642843065582
39.792408507344845
42.348378239940885
54.97315944622105
1.0042171521793577
15.604195744459027
29.787296580929684
30.18770508102609
26.796615413946085
31.389586464835617
49.42711308752544
27.147099228583087
34.217467199016596
42.57685786224517
57.529071800357606
32.11494306122815
59.78317090368127
48.312092615200314
32.339220789567435
17.342966472894553
50.20588332240183
38.23437736455398
46.59668713585077
48.864918544981926
15.201298340917191
43.13350830409222
53.347129982858604
51.124152992118596
44.05056745597156
47.182309201462395
52.84981194052469
7.844650550540408
53.51041911701878
23.04180970398629
19.615165467868906
32.18876425501274
30.265151123024367
26.310613795197703
10.32145267436794
58.48029112008657
59.33977113630351
59.488007704977036
4.663696075181036
62.438542538754724
62.90140660102855
43.9214738223305
37.868965903152116
50.2334387313473
7.259261305175848
63.105021363765545
59.967526865750266
61.18748587522029
62.900104341557736
58.61371583057569
60.65376850602818
60.380502377910524
18.919838864645712
48.931179468943746
40.07194038189311
0.24792134671017863
17.942265291562983
11.387602542548052
7.451721456879525
41.00793445861428
53.85454001523676
60.86172208237208
19.91187209223355
31.82603001495115
19.123168960891356
30.130593363169197
33.29622649587219
32.99105250329176
12.9335962903654
62.53786327688521
41.045896244185904
25.78189049429708
18.091903741660055
25.189120963918597
49.34148658590762
47.21812877859757
19.84380370272389
33.81462880095489
60.19184942186939
42.82553136999972
42.77509520398576
46.0412443233682
58.867807994680916
19.67552181698322
33.40792800269732
48.4110888507581
33.52730406025929
63.42870725165593
17.700285509861196
54.112431320718585
60.43199600747481
62.93535158278744
51.439063391492894
48.667838140916125
17.539797752632268
63.17693997689073
35.65968989439425
37.44591779672237
13.82531313255162
8.909703139963987
10.249961122096181
58.56370706464023
9.71803016615867
50.63922326467009
11.621962042094992
59.577979234566584
63.1213894381657
63.327143869424106
59.11400966926014
43.03802104628207
35.57805344605103
44.7058697000883
17.086782888385898
12.127489567119525
37.248121913775506
48.29883687971337
51.459761360703155
37.06682630254985
39.455615651535396
40.612325801097484
41.111846065453406
43.43694707456741
15.966338351136756
53.013865683380054
45.762069893377614
42.93743206294255
48.46596732950082
53.94995015877602
60.58688692559136
34.554933636645
54.3712861950315
62.88686861291868
39.19634535030674
26.13984900128081
13.73577012449929
29.25650721819037
59.07241532456323
60.48789632290275
58.06434029514374
40.30045695399703
52.71328345246634
15.428505028087045
62.80852089268204
49.52451880155671
60.709161951304665
47.15225364509769
27.512017012794956
38.43380594342682
46.06015112116624
48.44870614474701
47.44468761071531
50.0461723872758
38.57136998094534
12.145822733808174
30.795902879412623
56.73951841714282
33.96913856402838
45.041248477568516
5.1655370850672355
9.796093720272971
54.53131036042662
36.33496027081572
19.322008020955032
47.545477202359095
35.55343704294437
22.468785111201704
51.60305541648252
12.149142983753151
13.042378915448722
54.09740677002899
25.764199558438662
48.137297108785376
29.400883249987515
46.38898465960477
3.0795546580119364
35.32970491158268
32.435445000780405
53.77129501383723
45.760876849392645
30.73906838702557
16.42988437854315
55.872634402006284
53.08835272353901
51.212810269558666
63.25454204542223
49.8664178980619
40.88560218617354
8.181664827656917
44.78493750244013
47.58116096327505
62.77140090874799
18.398646293674226
46.34982910550313
54.36825439007425
63.76190101478473
62.019435482209914
27.762318554324914
7.346306934155045
19.898854839619908
39.706799885557565
54.1994794461637
54.92718109214487
50.831442451059246
42.858569861100676
13.071254281632882
46.57320036684246
59.34901786084381
9.897012358012425
7.512522241981181
55.241210889537314
55.07184788146054
59.82467061106417
44.7291196332724
33.29777924938537
55.82342522564076
47.578486750099785
35.293522614881624
63.46884581958072
56.063936183192624
49.24376929130909
50.40871018341801
42.52703309348581
22.860919899784584
46.27496889784547
52.58812331660669
26.168395683736698
39.37601598893204
62.50481143842398
29.519802619856513
60.66964359430324
57.825542903632645
28.215677513459575
40.731068346083546
45.25097211368596
59.00856127847877
56.59331825575524
37.18793661129443
60.90543974739244
38.21617213599768
39.685365813148145
59.36277003347749
39.34289395157302
42.68495327894037
35.071117837360596
49.94524159972812
39.116597453383356
23.633347040998792
56.05064928254401
48.01893862502833
41.71667952643251
19.61093889093202
58.381426055998794
48.70071780841933
17.070245475846725
23.38891984876622
16.96055382147481
62.090687354793154
11.73611304206699
30.861999940922068
16.018247362836952
57.89523862298802
63.04606355117776
34.75648316240061
24.13158695694286
12.803687745104071
53.284583716748436
19.91507115114988
53.33183239237424
36.79377460978132
58.32187263265114
44.46025640429764
39.28247815373065
52.26754559832541
16.78557146036077
37.42531127575197
62.88123271026939
55.67084405732275
31.245493109920673
32.19942850976332
11.482729881441237
8.028502703193318
61.850629712555204
56.61743612818984
36.62034520030839
54.329242905103726
33.388940491176825
38.363884478361086
58.31559092897218
43.522777350369765
48.6288452657816
22.30992089240091
42.48369148519099
41.59968668989696
34.207123323820056
53.77027783494595
31.469127481059495
54.7466421724783
27.698776843132748
57.48635572694888
19.771729305166183
62.32743073832874
32.4290155905872
54.45606085876057
34.44750804371604
56.763498800687486
28.182264977238418
53.949237757159906
3.2775846933898904
52.82204647051956
44.658491823754545
46.44907629001684
50.58515934708804
50.34280899946334
53.38453640740141
51.65085723117879
2.4675139902528187
43.56446329731309
36.911025822085605
37.75766777092862
21.02895548073935
15.473323426280139
25.59120685719995
19.621957606121065
12.07494262537368
48.0663496888109
13.782559440371458
59.75878957487331
26.40355103536678
45.03489427747198
19.048043511058616
0.46572574899008146
58.7405148006459
8.92899379096312
34.84019283121515
31.97844801324277
23.811073149761327
54.11650417470297
18.14277650511582
12.031655670432372
27.08738797684041
37.99165894306047
18.794015130154285
11.295891139081284
15.114561654121545
51.33851456383023
27.0494096473207
51.70466603117201
36.470021407927305
54.45500285555279
7.108995885602354
14.901431606360141
19.277234410963075
45.457976842116665
50.330199852200195
36.310089643986686
7.573980854745237
49.05827636752487
29.44901221056964
33.984834630860405
49.46920351094542
60.176182931959815
62.91086625404447
52.97787766056484
39.53880459216252
54.54372684638116
5.248715867808983
34.85984866235087
24.269171020451076
47.19567441248247
28.569487092483968
38.735305425027676
58.255568841127186
52.24167210756518
49.211219954015014
22.311721913834297
4.346572667567997
30.107409196978438
33.78721671012998
62.21699207610651
47.97877131660091
56.55459267077251
10.534201020203596
56.434786180730825
47.94991680256818
58.59034812473359
60.66963384403313
34.909954199761536
38.66002486399984
15.810407505179015
46.07645639607119
29.069647378563992
7.061833810020616
42.735037056613535
13.271596618693358
63.88993872684541
13.159504133243807
35.39259780621443
12.573826675569471
46.00156658622698
13.89484374850337
40.990079069077154
55.234273668974424
33.256991532739136
31.020669180006863
46.62495222477741
62.84489175761002
46.843868204478994
31.48949349641053
52.34501632933584
48.863575761153314
63.695607542323486
44.536078291127765
38.562249183641825
60.14220654578778
44.85789159736548
47.82782163858262
20.503715434352713
33.03671839727383
38.02146410803955
34.08384707200217
3.5973060614894337
27.127502796732152
6.437557756707498
55.71065033168743
4.997592296398452
36.9973338571742
46.173665763146474
16.4843476019522
52.17425838039508
41.38599120799849
19.45353370685296
45.0609845896515
49.872172947415216
12.834384745033617
22.306701666508886
50.976586537636074
57.3734235539489
63.447527380651046
26.90625266814081
45.964833548201995
58.321249030510884
43.2141395741731
50.0300709623358
40.48126050403586
25.380087297315484
41.12912084236114
43.180838723206904
49.87271098061444
10.629359733705606
35.06649245836246
55.59345337257944
25.644305207338377
41.073915307771166
25.114903246175466
34.957802736898444
44.95184339446711
56.22864313650999
43.20758044239817
39.613305902169735
41.98528355053074
39.83121577228399
49.70413372836903
31.317133814333864
0.6147439659960128
22.407110101500635
40.82093665040065
60.338144270621356
45.380225012777096
50.23223715642965
39.39389440347253
27.377938656389027
38.4953467500468
51.79930393857292
63.630808251246954
38.14930990975369
13.1545952421951
26.972238666656317
2.8929583027756607
36.382605115159244
15.444103246754203
38.7342988634563
42.80373777752182
55.45391631806632
25.85838570920614
47.828694091349966
57.83884955805084
40.9130548068658
18.255603887382605
60.864055257859064
40.14175933467883
50.6711826694689
40.875827067434315
53.53411061317824
48.686348894815175
27.03034765314694
58.779696330408434
56.30954997072004
49.946442599777036
62.35386193268208
39.13398102161953
51.57772044416163
57.29685501592359
26.364357727619414
44.41426155659978
52.56401773110774
31.855631065179324
41.91011121448774
34.80963688842347
61.469564668818684
48.92110661094492
27.259100274191432
20.064288183520986
40.08857506770708
47.629831780053735
0.16697678705553898
37.958839015781244
42.769215396148226
30.004721490123856
24.58072164189592
25.706983864435166
34.82984976378657
17.37759590638305
59.067739829438075
25.55346960775521
45.267913185993876
13.401821094028932
53.699396416763925
58.49817030279827
32.90806616016674
24.466451861461763
61.5806233373237
42.048675639956286
45.25434024862799
36.280883129267764
22.110357525241014
59.918557289952105
9.446914675731314
60.21657402625137
33.321499848204255
46.80085400015474
24.75603552679093
14.916922021066597
57.5186508229796
13.313066795322236
20.230711277859065
50.81884789306282
14.947210534540943
63.7146264046123
52.735118807008114
22.631905313563237
62.53462103147685
10.689162105698536
41.47199051632309
57.63993281941673
60.39345898175336
11.006924421850904
0.9962874700530833
58.20281842410947
44.67430835955378
42.821875249533264
4.281438782943191
45.135141202165606
53.9625508660786
49.918253396595986
7.976208651557428
53.730826975094644
46.1220759800436
27.914293238634542
42.672385517276
31.932382233734735
36.02819072301833
42.60654874156556
21.1092800024284
57.17909583280822
47.71656105985629
57.06379442341455
43.18314283559125
44.52040146579378
60.71543109270196
34.84675890958281
29.12673417238902
4.772640455607743
50.75828102568305
46.30841164569307
21.495394417219032
12.880087847051506
26.04941139781966
48.27511055954079
22.12583280854207
47.57388727536666
54.52646900886421
32.73505953474442
30.033378428768053
49.824781096578704
30.140401311324027
45.272993490702746
21.113559278970932
4.681205578536627
41.47546790017316
50.21208980385943
23.290042299067096
1.017000593315494
21.131358022826817
39.38237327822033
32.24297968477762
30.364669652705288
61.51278899459131
13.548879056865417
50.253892929878965
22.305817615909945
23.379591063828165
5.400937728927964
54.16365340460948
1.4284252234361148
34.044216842312224
62.61000265997166
38.62273911569587
50.15536941107387
32.24740639978312
38.34789696895505
26.1636957628749
63.19616564846746
45.91357129546543
43.56006988288787
49.40239831850829
45.94440172497288
61.12110660758336
19.004741078898476
19.361741600374245
30.75585211010096
47.93336728970097
42.615159640028864
47.92983169385539
50.288279751509066
44.74241946325974
26.109811848302016
59.452000606677416
58.995166503345445
61.50428099348685
47.40043860005444
30.364292724300434
61.85607360043938
26.014710169887124
60.53032853951183
32.23500768522513
55.54496509397153
63.1382308084383
42.35710976701732
61.557391242050805
21.472285808111593
37.665222247014924
6.6017159644685535
43.4188608848505
31.76447265665969
41.91496800131216
34.06852290725383
9.72247803906724
40.76533916030981
51.08451408756207
55.53283013727472
57.664891080188156
60.76042494751955
60.45663731436895
52.87938965655028
13.054508556546764
33.50278992902603
17.733806737183954
54.41192295807341
42.92965271245231
59.2426223195
50.57452223128068
58.11347979127246
42.682068387145996
53.22336214821499
43.926144553212346
49.976281438865605
40.719483389189264
24.486905261003507
10.836502298076567
20.105421695882285
40.110781826940055
3.186562304629561
61.41900713674726
44.54713271496175
14.3061879420571
59.28340617735003
41.02670864648914
36.975879427627966
57.50481664219273
58.73988290597444
61.58057061802854
63.91282235625544
7.269232844873095
42.172255871890265
35.132855391684814
23.685326532027766
11.098574631102501
61.89371641274767
54.09044444648916
49.724995021682346
58.41347297107317
18.814878668197167
58.65782323846321
62.20723081256375
17.6424320596404
48.65793021234762
16.66613522403874
46.654336254988834
60.63248525182896
48.84309494306341
40.6581222174056
0.21142115978202725
37.92130607235515
60.538146157464304
32.7012844545761
58.76067298143687
41.41052252360309
52.750210342002916
39.054454609420645
58.12054052952867
36.20141065749837
42.995380198330174
43.56444468420207
38.53787942189761
59.103373982993915
28.865467509936643
50.72877969685864
12.960742625840453
20.167662844108378
29.310769935249787
4.025589640987036
39.62339559934282
58.88336311069025
6.4280159112386315
60.20616294476504
9.187582030176607
62.0449545008478
41.82813484866064
41.987868975722606
40.08676038101854
55.121882524190816
45.63230474913786
33.66380136888051
44.29855429947695
57.185840679370735
33.956376181768135
60.02585819009755
56.62465879720174
60.93460376044613
22.06760771043058
60.887302730282215
39.62544680703624
56.54302079371191
54.056453019064634
54.785459959520594
48.31484397516845
46.71461786705929
9.579247419937651
63.39436983466583
3.0391718092461275
27.348446785842135
45.78056851570325
36.33303393842866
39.18692797990649
54.08286003599781
15.139117650324515
63.585877018590196
37.26458396912024
55.32104816452333
35.169148942911804
47.2420030914126
60.671202973122874
27.411846453325474
25.406487618519243
39.53003463388669
5.35374191218213
60.92090557043406
56.089259581284516
27.87796655930312
56.16328844551115
57.593408253291585
61.446085876466206
63.94777850885953
53.09980651085465
16.684361481946375
51.24675577250211
27.94422549325696
43.40370484827899
36.86062382360335
53.44986739113755
55.179521949246585
18.993620300683666
18.878848894848396
52.20517122489853
56.545806673605455
49.52713715733895
17.761249277830018
17.54796370526291
34.7350497701161
28.629007890364953
31.466118243229424
37.45262593084033
49.25741884992776
53.72867874339839
28.315635118490086
52.70823724238075
30.602054387348623
61.13076171458731
53.76368518983182
10.885643774222544
28.526928210519813
34.355237263329286
42.71674686248442
55.607019555876875
24.476854005456055
49.19372945686872
51.40785798762346
14.315151228051988
31.454310393148923
54.31807732518427
34.41716012994972
63.45162387628163
21.942484835434207
14.109990696146923
26.0055657496288
63.73767728578257
18.62284607280491
26.993986343406974
37.80579623310663
55.85477137715441
27.659101058895757
53.13841127180306
60.25627412349259
31.853047704859684
28.431076069940147
6.594625293573422
37.804637281717035
43.244119870780025
13.324968833780503
49.88811095307104
44.07370521816989
51.88968456079351
20.091568042120514
16.09666166171975
5.450937027118577
21.381473737145157
43.24736368059681
31.090562139313583
43.156694804263225
11.028292071884323
27.732487813133936
25.30057736608221
17.471176006079055
59.28211470413949
63.61425163242654
33.94218311361082
57.85892491089168
52.895707587800544
5.404090904475119
61.74557899561321
52.27097544310084
19.33656668321146
27.155915088864724
51.38136855764702
59.42994652219737
10.98271014482615
11.993804535511735
34.6232895996467
40.84570441416899
53.33678362764563
21.096519473909588
57.708461462515544
59.680393482844714
22.768959861004973
53.34355421854014
23.06380954470132
62.62472356968157
58.46493864010496
15.987503329064275
56.31166236109121
35.93469168112894
8.704389644341703
17.861203792144778
24.79162712426117
55.16417443073576
45.86813015742116
61.51390344054725
0.33771166537464836
53.34022481206564
60.864448401838914
63.981466854284754
22.47459782815396
11.13045898791814
37.31108643920422
59.10045707725449
33.784137239433264
51.565278291236055
50.515035537077814
6.398784584690965
1.7443385780329166
2.745379016279969
27.685797778845476
38.512256978192184
35.62184202518395
45.00690556856124
33.21044891946033
52.23013943159798
24.448724713282168
13.49738239489718
17.923417229777364
53.6582426123437
63.744687995793576
49.72149652683373
52.58539146276708
52.604788413743904
17.773618989081278
32.353585010156706
45.38306806245849
54.76662796157264
15.004750236702172
50.74191619364911
58.109456225770174
13.40605482777589
8.71026349733453
15.7561966866824
20.913315014009086
20.24959866684049
22.582375707654414
40.04874849662348
8.031369791701188
24.627083653014097
33.683482610216586
12.587283295336938
49.97652058190939
30.40528074176791
11.159573810870285
60.537030280810654
14.034491071788906
12.5626421181828
45.76226511602684
56.32134704308783
46.298784421008705
45.19688285674709
42.2570006025729
33.65516760328548
31.641799423640272
19.316780505155926
36.210309974837884
41.38883339812092
38.53830135673087
55.72702254427455
50.69418064416126
48.7694033971051
53.8655368029425
37.373182892214444
42.08859049071897
18.46339331893855
11.943632557226117
43.77654364579405
46.387413446243905
41.86958771482536
63.59968356736437
37.70216982360668
29.11190715073996
11.604698762537026
54.689967557813326
58.57785314081776
57.64745322816689
56.10585896795105
59.855688636923226
15.020703535826392
59.66924810057176
41.46516451153454
5.120287958717199
32.973024937216906
56.86832784230593
49.810514304344366
58.563189948746725
5.738484102278285
52.838058006015494
62.46133892698323
42.976155705840796
49.475244562724114
23.12476767886499
16.266799868220254
59.796927007667854
33.88838485884289
57.279984511372895
0.4852857521620635
20.536296227646254
40.18119561209694
58.58654654758903
57.39254835130903
44.83400465954828
52.95784405141334
32.04662046516782
50.166877282344245
1.1237964993370753
58.19048739675652
59.72158984214905
45.18376388940143
48.494259245813495
40.89025108494161
60.309992550295924
51.77955539906068
25.40585016427483
46.05058032708466
19.65444472220586
37.075303174281956
45.1270366975393
35.04109785213287
54.80202966774
49.4394814164293
42.99802504297128
44.864558548004936
48.478889226106716
32.502470211181866
25.410220470045097
44.19799355168702
49.13917708795082
55.61797650637731
44.70434914476308
21.005381785680626
36.32016129231673
44.24621316631421
24.113152286997533
14.702257215354322
17.237595150018528
51.52229551153093
40.62419649760761
31.523689425669843
49.578431325298034
31.284898842904305
58.989605571375634
28.4511212451199
49.53842824851624
12.41561828735609
57.21542257873713
35.54895565762047
53.18819638492737
28.086298401588742
8.265827576995498
0.8189265520818267
9.078563355725201
14.002818694104988
57.20603699591813
1.7390554145813724
50.788750251607816
54.93595866911787
62.277877726012576
42.61122598419646
15.587459882987687
37.988603085861186
40.80906432062143
58.617281137237256
16.021864925063483
19.463670421490384
55.522397914389984
32.44045814513187
33.01538832685928
34.54000538139162
16.7375251089236
43.51684733719948
54.12032655785161
48.75708588031128
57.32537288690077
14.85829898836569
11.730433794784815
50.23584418153051
36.98586832939681
38.89570749949191
30.181670059482755
40.6645636682869
45.70616997704994
31.85213788121777
50.24624268650803
37.98782386775527
63.83999623521296
30.43991583988018
40.98275000765389
63.361981974621806
13.806767900541551
5.589812259111625
56.36432452139476
32.37504730734788
56.52287265739776
56.45899920370875
57.382668927205046
62.407415897361616
33.114715232559064
39.312023089439414
29.740904473134343
12.195250003469994
12.113636133309392
30.077894218132407
28.033984770661
61.41165539262999
27.003040214796535
14.75083983350843
38.875212234584666
40.70690767005631
52.986684087661395
3.534579405672588
46.82487607523609
43.7608161762078
41.538355356646605
37.694183427221816
6.0691819886171245
40.764319103275255
55.84458221814013
63.43431341347961
54.65751952011213
55.052168887302145
62.304234635286726
29.755113092105177
45.81361964243429
35.860604656726835
37.686520485848746
52.82796921180672
36.13619737694455
58.51691862974412
52.965401995089856
60.68450868892798
40.21151065335028
62.22897839537042
33.69798086609313
25.907754950705744
19.506428081151213
57.78509501692064
36.47869949575556
50.174233095514744
49.30120833364869
49.05678191894747
29.8889755708773
59.41978029488387
17.52277354652624
23.522131765255182
33.834950345093574
7.376343479508527
63.76636587381941
38.2055512950176
26.38477071286097
53.34846180634558
38.9740745649768
31.229641477810368
56.03603227712914
49.44968690924148
44.81903518116728
47.9498221840703
44.74880062452452
34.81889895902471
50.67157215135259
44.51766994626444
63.559281279511964
49.472865169754414
56.00287217622161
63.03703823491106
40.00563030878304
49.89415487599576
40.8279752878658
10.173992798913147
54.72134875332017
15.21363257668839
60.512005003293474
18.614406924611032
33.40886073983407
32.395761583507536
60.26486154338591
21.699973992098577
50.18324584972593
7.823989948894429
23.723210163858212
36.42018210486334
50.61847148024955
61.535058392591104
10.966357919776172
37.35499324415984
10.713849659011707
44.52860587231605
61.40444209151081
57.19590697216416
11.311745578119506
42.107214180357914
12.470319362050688
30.410638607049407
62.40254432124909
38.344133549159764
60.78496011676104
31.040301791179708
10.762253261061083
19.370542596727546
52.26038274981448
32.23421305193082
23.337151389789
54.51355797052826
61.51950613660798
24.80179313904045
7.62367290518857
48.39008240691093
41.32398018136759
20.486767581961153
53.0610073302897
60.232855096027514
47.39089869599037
3.758462526151817
23.698042943924243
39.33535076964962
46.4458546400322
37.108776451228266
62.87591417422786
23.120607356085642
48.43207633633817
59.96659803019503
24.116504213952503
62.675193805312105
56.15438805641382
59.159687422298134
31.29429268650938
50.26812050170317
62.98879017693223
60.69482216794317
27.591761470686336
52.232501966255874
63.055620957009694
38.60809967486293
11.543413911002496
21.63446203849339
55.58051507021628
58.365450033926265
49.03249794956617
63.30499794081045
8.98501986398098
56.31886618356511
41.61245435926469
50.00357692251478
28.971645155268618
21.61745691378522
29.062231290120707
36.3829589741687
45.25490864047967
39.2803511054551
26.433896871647782
63.450274745476094
43.00387936409953
36.68200675904924
50.57553542189565
61.51442547664357
44.06434677443872
26.858860680313036
52.571552304996395
44.914381676153496
48.74238158596475
40.39827974239455
50.922634885823086
48.1549701659342
62.57030072580622
37.066094132430685
16.20002498077561
40.66407566766034
27.450172949025657
45.84449732637235
2.070937436579939
33.86972934629565
15.501488194781281
49.215642979753746
54.68376989773067
18.058711485944997
6.229346634042329
54.002351747796396
51.625529865738095
43.02940181939661
20.225164278786202
49.17170425552281
33.83249202377927
44.97038200286161
33.8427128027733
26.111825069421442
62.5439701225545
63.55526019675143
43.57055060037756
56.076738117955856
54.85034627053229
26.359718926713484
52.878090477591755
58.12244701349687
47.967471522128506
42.02575365991346
56.01723669967279
50.53288352565211
22.155558627135427
26.920847067378013
47.84370556339268
42.575159321065314
0.8523241868759968
53.24794808236618
49.92252683002269
57.513265408865884
30.030188187690243
42.94776705687304
34.34553339793183
55.417128499185665
47.54230445089151
63.074551653432636
58.37672869669103
55.690069649577644
1.4289243202054678
40.198091287446
57.41135128824591
58.467627915668515
26.111935633927594
62.90957546280093
34.26185371462978
33.026226011498515
37.77311385990041
43.136340910242765
63.75868041148635
53.930348699534676
58.08254697463098
61.92972706290172
29.18833886930112
43.07622314291716
44.87105581430498
52.10638278353954
13.951320871720256
37.64566389305434
42.205928355391734
25.28813836724074
23.41365973595275
58.75166310838129
60.13453419588311
26.404585634073015
33.901677132180026
60.20870182932307
18.467930235502358
41.15875197124613
50.08271008491853
55.920223383969244
30.814334095603044
32.51248322721577
0.4503607294699137
31.019058005382426
23.09280361052226
60.522383822892905
42.28311143752612
49.742091310188954
29.215578175245895
49.399221721024034
46.18221584148887
62.57187361270608
63.916152061399586
53.18677913366701
36.28158473148721
63.807093681065275
21.8895519555186
57.889786156235246
35.44529242246285
26.01062200285447
47.187731120991515
13.098588404888496
39.26350394035975
15.97217232731628
17.57975074405966
42.296657993758856
61.36627163487673
55.73224914485259
32.092364030836286
28.446840670587513
47.107523112218274
51.63216340634766
60.843657917954374
63.72175824080407
56.59969852571934
62.01785163213214
63.172656333309746
62.24129528042578
49.92285715506387
29.084768641846438
48.029356928846894
32.00628910392773
62.68690188812344
59.60519148914289
49.221437972585264
11.90538752894792
46.71321202130453
32.843054726184675
37.05549122863661
16.39331286467702
48.474410257185596
51.04136012093417
62.69836629448078
51.65963813157228
40.94314870238419
33.131224834621065
48.96080555837526
13.070681559832373
24.203598748528577
49.88944926426443
58.047254477726476
63.07738366312905
38.449872032064064
33.93733349108427
30.59393948590401
20.510820449221796
8.082953044156014
44.5571059665511
4.097361111922638
29.739699500629676
2.4811577324569996
46.21731802077405
32.66504304995894
63.18536191482856
55.83233929535571
40.61884218028096
57.18138441912127
63.53704028687081
29.37022315930239
38.41861396706538
45.93318927652481
42.477855227420726
60.49979926093724
49.29907561465024
61.43006446775859
52.897067161464534
62.995999476896266
41.471679438670755
27.83687717688357
54.25649793608853
59.41096074339188
45.83043496805338
58.2699069536164
41.96598280435805
63.6499923209843
23.827359657115693
24.19788384421819
37.33184547355991
5.408738441616492
36.8103355855779
55.50523810409257
43.82064102599293
38.4522255398108
9.655825585657837
56.48880985489562
35.00220228032286
41.503199135483065
45.808936410557266
7.860326584778242
11.661466654170958
40.54135711747699
52.62177120988073
38.81261161962489
37.88449849287654
42.03770411045818
61.539667885458144
16.292723961509516
36.498436474171676
51.87073761198544
46.717807445634705
50.70803171598295
47.286579222616
1.315743861527011
58.981089252557894
51.979419551817344
36.998707455816955
43.33007951931264
30.90727697823693
17.578926198285828
23.139831150458626
40.19488181972947
35.84183462380177
11.299011840561576
47.97345719657739
34.17907876434718
16.35214171561546
60.71150628874157
27.84222180488382
63.490388758198435
61.649874021243185
50.247721512159174
32.713501349244325
49.29766300038776
30.207211864197703
18.802279192300496
15.351633955149708
52.69728395759111
63.67444373467249
52.36047720457094
50.17295589163789
18.343868292715015
32.45250470249849
27.32981599629752
54.10938941764253
37.27326230602537
31.14157061057081
59.21893026027837
0.6013115971686958
25.518268124094078
5.730952089485257
0.6994397250961057
32.13690403531007
27.916623033280423
61.22290883050218
62.390701919911606
56.09991328650402
41.00500652711739
15.243443610946223
56.98513177503325
49.78127402972344
13.111295433885829
54.16640293347152
43.669192390941056
37.36188586146531
32.22329575110939
31.248299027645587
44.182059222385504
2.800385180453233
17.644729429503222
57.568080497754174
45.37213382763452
44.76854498106132
62.83959487513954
29.433817717482768
45.37293466072646
55.09862584894674
20.64576131144773
31.84842032447785
14.54574463909912
44.7577490332971
32.22671778711787
60.98278473075168
26.239037273896933
47.79200226173883
25.005976117749327
41.94699259942652
6.82981543163487
39.19814277414707
41.57174859075319
56.479353759333094
34.481315945481924
22.599401797258977
33.96665777052426
37.081866354476645
3.886540845974757
29.170938009100382
12.419734414391328
31.528697586683087
48.63879716770932
45.54452026498163
63.636652575193914
10.442929367974557
34.77392671655777
16.679373610380132
28.911909432052
63.27249406715606
31.6979103482684
44.473189765075446
12.120412113975178
60.98396402196144
52.871440253046124
61.59196967072305
61.28329427322229
58.024287278851034
26.146467853586593
41.84171270415573
63.44975327879317
7.749790117036959
46.26357882228251
42.45864585483726
19.134972683101815
60.11155045858456
34.39799641379492
61.7129117958052
25.88796503104087
41.43947898496468
47.9018249027821
49.101205411838485
44.658689850719604
27.262756709001216
29.348364651567387
38.60138723397504
54.00056385743281
15.48696612032385
58.41894654083963
51.60645523050359
55.69338783956399
28.879667980457924
25.71955728210652
27.677691643622822
8.843515947182446
58.67525544465817
52.372633970958134
21.356351407347333
23.44692991803486
26.172267031592007
45.88760637106958
15.948241828345914
63.49279063178013
53.32626649755427
58.52322100673662
14.420658190989407
39.2682207442902
30.929049606391757
22.326023005308272
21.326667764872404
45.31012426847806
22.612313607537565
47.13264438575384
36.16139698710225
37.92003620575838
53.16212542626517
58.42938353833626
60.448246510606445
16.723191824392856
53.66619522002874
6.250581240746676
3.317149980967322
50.11530556516958
63.37478102021672
43.73035753047823
43.21128678736199
62.02187819878516
3.477098206556562
13.466512127941435
18.822218202962
45.54831599858613
57.80772670657422
37.916502336389826
7.690888753292057
17.9705724572311
3.7486597576338028
61.50221483870965
61.68053047407118
30.27228993745151
46.94084375543642
39.50939328859356
18.322894475142007
48.36830704834788
37.932552769120036
59.631924943896486
14.540102368435193
59.26182068814655
62.30563683982923
20.589349999897493
33.00084287384506
8.486686537772329
14.349428933196975
55.52339656778329
56.19371446715935
24.636595951863747
47.39117468836379
53.57881532616591
44.54781328434433
23.25803115839979
41.7128413341695
59.38923795260275
44.01545590981656
51.93295638586982
62.998439702092554
50.46649801624262
14.778186101926138
49.58104788333207
19.184269782166233
53.55686737633948
46.86851603325874
60.5193525088432
62.88275104629816
62.136209419131895
54.0490000395848
19.728861724112043
52.4918831312152
48.828219751198624
34.46016815963175
56.53838542816009
15.511151028174396
59.81389765121821
60.792504756688686
9.812884386189033
21.307511577646423
57.37910257413857
52.47577509742875
35.565850397049246
29.702859176545594
44.04883608717495
48.91317082878379
17.14438195898022
17.117193473379004
19.50556726986239
6.366087747797849
23.31537183823842
9.449714200491528
59.46906501377722
34.3998925215727
41.94716881133672
52.89865503455343
10.824020783938337
57.27371075559878
11.269974599164627
34.14174674652182
32.38743489768828
52.094385954022925
29.050933677862346
42.80205731820283
46.54305897056071
36.25165863205396
60.02768859468723
60.43086534719965
54.90379758578899
48.075542910130316
27.581017718216067
22.42024143802668
57.79526627555687
11.824147905402839
22.738261529002614
9.367078948795509
5.426071416420449
23.87685474707306
41.35464716736786
60.28443769719788
58.70853082694308
61.90099664048084
2.979044619258019
54.65869068807618
56.73391624042303
13.656741940938353
56.18268392978852
46.49077050389916
35.12361248717603
27.736161454192832
63.72426768007198
32.82572475093379
61.89392157431739
37.71183335591611
28.248928692018815
14.12490743075935
52.50305301917764
49.12029106693065
49.05199648075228
58.79410023114287
3.1244850855485993
49.585722244495706
46.769996426101095
45.466437510373396
62.70654495346087
49.061187048066614
19.290387181312596
31.214530636003943
60.48935197240617
61.86998910663718
40.489472325657104
55.63711672697378
48.788337149241855
46.474859880250236
59.20643812708589
47.11689521618021
54.03092817199416
48.15052283266087
62.95503480084153
17.44264357048511
54.23324844000432
48.89438295573125
45.561425919363785
23.418342351701376
56.45096762143358
0.8307704725839997
58.741465675974325
8.98376335942146
54.56466989065289
37.826191983710984
53.970288666639206
53.26117163028462
21.976777169981027
35.139506309775996
4.215644647258948
10.375667859627576
57.599027381603776
38.503133769239156
61.05326479658275
44.191237624037385
55.93009623276545
7.564619854745715
45.69714295140629
17.24452464431198
60.193478281086925
36.783436099498715
22.266222959650598
27.61698892763748
48.70900483776697
3.3976878948468183
54.33070179339926
26.559053445941885
48.49017151896579
41.340872928491436
20.014158873109764
52.306680333552535
37.757625174796694
60.11690019692301
34.040639977306014
58.514041759692425
53.26903951598732
54.36468424322155
7.659208049897607
45.74059247217009
41.64993928025132
58.33221360832627
18.72085250150296
47.77863886419959
55.99986167517655
43.13373001694687
51.53221805826305
22.6179465795761
20.021308161885862
23.039802034301438
62.354379096257205
33.218335470149235
35.96428596593875
29.89088042449827
44.689561811020454
54.29967481720733
27.862062799134648
