61.46115164551242
60.910006974565526
40.56841460220055
45.34829502635539
19.353193481638158
52.122078362634596
49.089881331033574
4.581203251989535
34.164321737507564
58.693056206666014
43.83163708553542
60.08940722665613
43.349963748871666
57.98683291684911
38.46707753920445
59.473762841455844
26.303550513385623
44.923680311154044
58.77150210744267
52.68775776610755
50.317778484184586
58.88476946967448
26.98535952050714
50.66372139455626
32.20335237597232
15.522182983201496
35.74210515670664
29.479040424305822
11.143653795351803
53.91514570892533
47.960018583742524
24.26821205510084
34.265532273019296
42.93554671058544
57.54253509546576
40.20480287079472
14.110424646701645
55.955716285329544
49.897021248177005
21.77312354382756
41.32347389281769
41.62275703144709
58.002309396853065
24.615663676803067
58.019083870797196
61.42579100810288
35.332360935982194
40.52316278632645
28.73462342804767
57.68453080432599
13.394552757244597
35.409994344899715
47.308726946165706
61.20124238305277
23.10536370700357
41.993648628562575
27.785483766705262
63.69116373344924
55.09321558394921
49.93877330979483
63.82569312637104
59.48094089645899
61.4864965105435
7.489044659094326
42.32428728910604
23.900879274382724
41.89089553873512
22.828961268756828
51.87811800641348
13.386347005950519
52.09487097636407
22.69298558803242
30.832997864418992
1.6504764926494957
58.59427313636208
6.398216822892223
60.087886564796186
46.79214852435847
62.28987580799355
27.651533447493662
38.6431285742938
32.92198839517676
42.69653174207831
41.415243323510225
49.81152992995133
63.40707361259579
7.287970278185682
55.65099694825046
17.144999009436006
57.87757254034018
59.597855060602804
21.239918996626834
28.066867231454957
31.847477768217495
4.288230337341695
34.328493306760926
56.73806181303547
58.935231293526606
10.491829603638351
52.755491881732
59.03814761843829
38.17072840435803
60.64244710133488
26.23641701447209
18.11172316147713
17.792037424838696
49.22145716099694
12.643436701977414
51.258790084658486
59.21594160441716
14.214375542907526
22.213895031683492
56.64027855955844
28.72418285254024
63.0652956557794
52.32136508511088
56.193897826222795
35.786007368699686
54.495835531211725
46.726567163749735
42.853719895090094
50.009997138441896
28.029968866415018
38.15675016155683
44.31130094555622
16.61273758609847
26.50027496964823
32.44843655432905
46.429309012080395
46.9814295217076
40.17698534687955
58.441747090135976
34.553685486157214
51.54510445011546
30.290705641097702
22.84446118444297
22.632075809332065
41.16719236050734
21.03951712590174
33.47176463932907
40.44150169693041
49.09374085081316
12.223098222688805
23.02426774395081
46.16498215860076
30.41073828650307
26.869697112209288
21.65844680808886
52.99652973245421
19.876428079220304
45.2504328555273
35.86364258531465
46.51364460238906
49.73572192415192
58.96970016935312
58.527008618376925
14.098439820750329
43.84096369956261
48.97949702195501
9.017300543195013
56.09312188697795
48.406757538238764
39.33506051459952
51.67548449503245
28.52062973846538
62.75384905730256
58.391814883731215
5.8586831201744545
42.081969393354754
5.554807111090348
29.717376652184342
24.223972587697006
38.37003472729664
45.213484791935905
23.53509624552352
28.36583908980535
28.39987233626956
58.484529739597434
47.304340419839676
1.8846798938171219
45.52628464540818
32.50011629130648
32.66122150336436
37.10642107326089
51.73541645805011
58.436796172274
47.83030132813392
10.804920183658794
30.448576557068527
50.09376853622985
14.406883538283623
22.918583109560302
56.00715932497751
51.065858226314404
41.48802698711022
39.90648136238498
41.76406881341793
51.52154577543817
46.61737026353329
62.336115127620985
56.41447616202557
29.613436810870226
25.849704375139908
28.792058537732046
41.30215689894805
28.10659796615817
61.86615010660806
38.469145525401856
58.51336890792732
24.538565504575878
43.85908517120465
58.79186973808852
30.42939698034978
26.756193802195725
37.764793986696674
31.61881273235472
2.9457674218900394
9.543334582525048
62.28826823090149
41.593732007799446
63.57360492962965
14.749246480852094
30.52269686774578
52.87195324052069
34.03939858801464
56.41481620552344
50.319402013379225
37.11385288857994
60.64311662307137
57.802796212975714
44.03968097968315
47.08057412400436
56.601402883142775
60.96753977248119
10.980125540845194
56.644020560491654
4.810834357504568
21.710315202466894
54.07318821751638
5.859157964669038
54.883115556654374
13.358082626073575
57.69096934677149
51.49518399651513
53.255833431684685
28.411141732554718
42.65972500677174
10.733077246071161
26.851070019973967
26.299683148513033
52.2693079435135
34.04984423959376
59.97322793495113
25.921658924349522
56.674844644003485
41.65953068809432
36.45512334823465
55.99831725511477
44.16047602177272
41.23383135220985
42.5625239796783
49.85998389004475
28.871289456721783
8.855037041583905
29.375613448902556
46.66551647571457
2.329188917034031
46.11313150886906
53.26608066506949
59.281916183446256
60.97855048236144
32.043565889161556
8.34652468624293
29.084643546354236
19.03443047922822
55.519479180510345
62.59026016214376
48.335835703872746
56.919797096556465
56.03772098318637
44.254434695020365
62.04835011041449
25.123238198411364
53.80844332351464
53.30402718310263
17.964581212072254
58.143322636924715
30.175978743398865
28.146852084698004
56.51587742197818
47.33973373293502
54.405865313227565
56.14628400741931
4.847447960577405
56.79551165075956
41.3867448295005
7.715247212165224
23.846518657056578
34.56104235778271
36.540678607053735
18.920903249861396
1.736922194757419
63.82912135092446
52.58322565553667
58.69858146411977
51.11571214311458
60.09576968965239
54.938307132176746
62.6022804165806
27.607895503175477
44.58403371533973
27.050928804059772
53.31435260030389
48.923142867063454
38.64409870418066
60.14277079029788
59.47263526924378
54.375806863277624
9.083697052155387
56.11073661023842
33.3961851086862
28.373869453124478
52.60558878344473
22.625561444532913
62.479791238088005
47.038855565212
28.1694774820632
47.23320362396483
47.82252121972297
45.368865276461385
36.777950864549666
51.88583850994808
58.280675256248905
53.348778783303274
37.67061927965497
46.719869583356555
41.92472092837096
52.07870550674326
31.44544084729698
56.5950898684706
15.469169894937295
28.116055608378566
28.530014941948075
21.323709493867
60.67117723274576
39.93937106996083
17.087559950394997
26.065075159382545
32.15503050759831
39.15518279609276
41.226630035526334
50.14148661931519
18.62964423697028
59.759024787505496
45.07951532390842
20.059408205971636
42.26851347992101
53.83136721268184
63.972907922539775
49.65249178025774
