42.00753276234429
29.715023010123055
54.007800367750015
11.877701485129172
36.5591124731459
47.86107634213455
23.92068341598778
18.918489834045424
19.76089778947295
52.024438118391934
43.29339629917697
40.372361279500375
63.74504815872669
56.6427969519378
28.34695059744925
45.611069467577025
61.10567916109055
6.102057744062179
32.88809801863011
39.53080849579814
34.705670352619066
50.06080749988001
18.883704797584755
35.09714693938537
51.26891810885908
62.07660392395587
57.595521653006436
43.70162442855043
18.00524652345552
23.81035261526859
18.55479565890645
52.47428644904816
26.791976320654413
30.95947308509661
20.646642493741574
34.23658377363688
52.720122406238936
43.94875801259131
39.47116251128695
28.66200470327577
43.31142681108014
32.63737650030867
40.12052280517502
49.856210359385145
62.744621209752445
56.64718362324665
49.16756654033946
50.66008083596726
47.52376076750582
57.36587066504209
37.40579514704973
4.243564066094109
41.250313327462905
27.966746778290073
57.838895839444184
54.645040321889574
23.85712783620633
62.0827625622157
29.604059620542827
35.734081754700995
32.36554673896412
27.46528571985433
63.37641890260547
34.63168795710045
51.64496734135044
32.97365218929306
29.259632741901036
44.478507210660055
38.66211087855051
26.592154611576085
58.43518000152434
43.60439203668154
21.10008278336681
50.58723075154026
40.79924779968044
44.809142163505314
58.52544494509094
43.600316509396755
30.83805662874905
10.783235232650696
40.890473259916625
51.60562746065586
14.892297756584
63.349425920426086
48.87290525123123
54.70223997629032
54.298480263043835
32.97105996507413
20.18292067786168
59.382005767537315
51.26047226590694
44.242461128234346
61.13307777141176
53.182899502008524
34.35115611323158
54.03767666946739
36.88526041256539
59.25300901120491
55.39602528450348
46.11237910290415
36.428373880057606
38.873239771153365
45.717401459277795
52.135559236649954
59.11932991477237
31.074313925476112
63.77355995391208
11.50139718789169
59.689393220718024
42.620016877388046
50.454960030990186
40.16397414161243
55.59690803394446
53.01344503459978
22.488560974871838
62.98870411862504
8.11334379675538
61.22497019138067
44.02588082077574
51.87730652191226
23.758011428694722
31.161502360905203
29.883138934094596
33.274584969267096
55.36798417163449
59.259761707493325
53.89582831954135
44.124941903271804
24.62383207950343
63.36163117563434
46.56959912603783
50.30944092349094
57.99321470514624
59.42196158610032
57.75105973494386
55.180911022031374
63.3912233589861
21.79523842532052
39.30968627192243
30.836163951480138
62.84607365531885
61.648880386911344
50.20306499525651
44.38413729496504
42.66209292788683
59.151753785374716
20.98591340195815
63.48506838958067
54.19574601521077
33.20541888082774
61.956454600741544
38.83975788657577
26.201603363371703
38.45186354979248
61.935048456125
50.36546472394769
13.052887345061762
11.611081607286323
26.4166732714221
54.4293511707296
36.141004637175236
58.45673176752479
36.25453632634941
46.62987473783744
46.399936187352644
63.819564021421456
20.958641600721634
63.25959864798672
35.02809758120375
12.302104326612373
33.70283916189764
44.146312030483436
62.65818944525405
33.394924861318295
32.530717819182684
54.32821245153901
50.02418411788787
60.87715481887469
53.17354724486051
13.714213308523235
46.430453612173906
59.73194295392126
52.365633535158494
26.70325681997845
32.28803196280923
46.53474772468064
46.15091373485174
62.561888814902645
46.34375895381889
40.427407580179874
51.33371593965605
50.43148726836444
53.048517574832935
60.44332405572889
50.73734171820299
24.418017860388538
49.47367801470416
32.22318019045211
63.606334605791034
44.774125497377526
60.686713213328595
25.759284710277868
17.38047078409499
37.43115628365953
42.222477140072996
46.16135484857023
44.0633454000029
32.85281921036669
53.949750542597414
51.681044542901255
49.34326869702591
0.10714336173008832
54.947143383575764
13.635704363587351
53.86915131252559
63.11561326423154
63.017191839306285
20.424788823762405
56.56233916303476
18.01708374894215
41.09541877450846
25.910477864832174
41.342193270625586
22.15003863874422
47.612175059639384
10.982619089079755
47.17254101683477
49.36076797471219
12.871290868163662
32.16564258498515
63.39450925314654
20.406894525587155
59.35798767376108
34.35835582119684
28.488934421943924
58.60203967668459
49.994050934211884
13.251463754537397
52.664741603185504
34.55496707912998
48.45128120620879
48.60807228483628
38.62313704012872
51.686036383459005
20.993812559903645
63.613151450500226
44.151558371590895
8.828132310387424
32.31988231765514
37.64972785304671
13.281450105348455
46.17378085394641
50.80423791830263
13.372484124986961
48.20178877243842
27.258214443569884
31.061002849201103
1.500203873089717
52.35589661715469
58.202241384410854
61.67802645555886
48.57603282176008
36.16881380226003
30.520908887316203
7.144900934117892
62.3510960165892
41.775647024854926
42.1962628012849
45.047461622504954
49.218637785791856
57.42095382437629
45.46820705833342
12.20506174824029
23.670001336050376
50.8672144760588
39.26167371309801
55.69578590078881
45.871264854072436
62.199811972864225
32.15091606254029
41.14284436755033
33.0997615231362
61.0725269247047
38.580741316797685
29.15810390462574
61.57805914961334
58.25461329373821
52.70604737239249
36.52879884021692
36.42262469482862
54.38000371814281
13.387625452476556
52.450223273466655
38.74440273588391
26.84900624163562
11.54970630819755
28.103503758877004
37.799588758642656
51.2905040407081
61.80615389512299
30.532877599819784
60.24711740274868
56.80900836956065
46.701052696826295
48.32173351347107
41.335913337448844
14.55745612346957
36.161572590064836
17.256605446566283
50.866862935560945
51.76462012732899
50.742618939249
59.16003544147751
39.64849929899382
5.4986047453080715
16.050979171699424
23.097906880046366
61.07958452983704
28.244427801224333
54.88294657523562
46.55477840924547
57.575427129105655
44.587275060111054
41.35243587348195
3.3303686376483626
40.92346299782994
43.834157192557726
60.034090324795606
34.615333261872735
49.43762680324261
41.968511961731174
24.720229089982745
38.47243867879649
28.822590150773003
59.80430298115017
61.06274713546549
28.09426038128686
63.13063628437801
56.473646723860625
59.445417632713564
53.0029025777868
45.06843461828103
16.140177712190322
59.01125843676775
44.13767598731924
59.3642300337572
51.356884309514925
52.44445159479944
37.52923039935804
60.38818503863331
3.5174134746594845
45.30559480898026
28.63905874973097
26.16430095841553
27.135292563728115
52.05639441089461
44.28430942968912
42.51381689409234
36.88919776180859
60.206946029358186
