26.249793145444457
53.54735203418622
51.22897943511603
49.87800181226372
59.84274011087129
47.47035380840759
60.1331153470764
62.52907060514421
32.00455065287546
54.757059591480996
39.94804686692726
50.47769376810058
61.72208601010553
35.92326482853194
31.5607189548536
44.36784429056351
16.46013325898644
39.777991673467554
47.506850619532955
42.98177163115289
57.10027405429065
36.34718886637458
49.115339441576246
38.32598932612618
1.418878933541876
61.701197116442074
21.735435336700135
53.1960846248671
15.004157023942525
58.24818323265291
29.498852329395035
47.43125931634252
46.14324867678029
37.92828693994356
25.58514836026469
58.087775549187825
34.99226879957638
47.912063042415994
55.5644845313509
46.459177155080596
62.317007255661075
62.98028496943585
37.20623282490409
42.72070516164557
38.050495956434446
30.388491730504803
18.874730670577144
48.53560062657536
34.563411528472436
42.261214688213286
43.18402961411256
9.914915649830455
26.338365894032407
52.83967807912171
45.930036000963256
47.775469942797145
34.57579819074263
39.23815647249741
63.98842889408596
50.08960425862915
44.67999949867569
47.97010879282175
42.30570182310145
38.02993447484172
56.3291071300128
58.70237412711057
36.77380901126111
15.780637652153388
6.396849438343139
61.33491026362478
15.329038249108017
15.914788248432437
20.296151436570078
55.72427599419173
23.24595892682531
27.497643220607117
56.476886941100126
10.969913150969575
41.000637832293314
36.56127994002159
55.83429148686242
23.72348662596214
56.74176286830468
51.46054518761585
51.13720769227126
33.19349581643114
6.533301821939823
47.85239436309111
50.64795093981415
55.87181259579482
19.643147427862253
28.526533354772226
4.316191998514427
51.69590896223546
57.91457292225129
56.71791162447255
20.708932998908146
63.376292970196566
43.301253413996335
36.43594734898856
61.14317006503237
62.1191543249537
26.759751255433393
45.79264954321235
38.36819140178082
46.948618645493966
48.88777305306901
36.98415435638913
59.77438752942475
51.98036270709207
45.31644162690751
62.768021297336915
14.10856158255492
13.96637308166467
60.79940989594847
20.426707093197045
42.24132993535156
35.15584080869969
42.72668311752774
28.49864531283415
18.301900495641476
19.72383596099487
55.10829439193841
58.06829372571337
24.423778691128803
50.67344795142704
58.43056384067781
62.49056266878181
55.64678605543081
62.959467467698225
61.75543915440178
30.59349707216299
39.77952703937909
48.93692708243948
13.144608689671166
62.417061623044134
15.52502288633162
61.77856670030992
27.781590467280267
56.613165074995976
57.38748382306005
16.271117407040194
49.89816212264703
51.44803783561213
8.910423848113112
31.94965278912207
15.990328137567872
45.6601985329422
47.522778196096255
57.09172050407447
3.9159018679834006
37.91677798741844
55.18607419422729
45.831801467440215
52.786965988239636
26.71485734413045
60.97733975743478
50.16145335226742
60.692353411303785
52.319434676797194
25.87234890838303
47.64573814887845
58.08895396305968
63.233053194224645
48.352179460642986
60.512869908056004
35.706538479077096
39.08168311926144
60.43779433653252
8.111409129773108
46.84607283705924
7.600012759583343
25.248012388017877
52.75837990659488
38.45576744794673
37.34601484838161
63.986132490745774
15.470438563992936
3.769889781639101
33.43399281854776
58.014550222484786
60.606158378725425
24.620871086432835
15.126829949504263
45.17132972503653
62.41300812087599
59.56876200075021
47.26715147712717
28.17964505915655
50.24565481311211
52.31645824969366
50.98536078038009
11.488572011164194
51.223018946965794
37.12642487547807
62.72536772420876
56.469160087102566
51.043082295701
59.666557412811066
30.808151456216763
43.51822601952135
37.85636240427691
39.465410211985
45.608412162227594
23.697508997507498
29.15328549662
35.071795577348524
62.65450037546042
59.910012650286134
40.506952099141444
47.01818265323274
52.56805207189109
30.964918410012473
54.62997433190345
4.686235420705948
47.39471409017531
42.696683463806394
59.47651618082395
61.51085556849096
38.96028874740972
52.38240682591538
57.43915101397898
24.875385323220776
48.21799373614093
8.493928234974383
44.53062278540773
16.125900943895708
5.908134742288446
12.371009874387141
14.948421875584287
38.22703876033814
13.567722186534233
37.497987632333206
47.97266080643283
29.152584369644508
51.6106726057922
59.202871391410824
62.67328445362262
44.29489116871629
35.86385333065572
4.8057827056038604
16.32119309852476
34.89470606123605
36.58622185886969
53.46272668799311
10.494361098316176
39.867933140395536
61.985191072458974
46.43113263783584
62.63244965533435
53.2514315573809
36.989064208979045
27.41425558556042
38.11707420986487
12.221158082084877
31.937553458379575
55.19654532922523
53.32284128898188
63.67087230650579
40.820481005932145
19.598844766474194
37.06622849820843
50.46416746190144
56.99560599068394
61.25611002105092
50.10443811542669
32.50827424649507
40.75836101213193
39.57368989996491
50.11474054395924
27.582158850033068
62.075062428630304
61.93806299646609
15.99386221837549
21.936821707898922
5.281339838890297
63.924492815210165
2.4808548714095338
62.95949374509979
18.17573886458198
59.04743937048703
55.393345722129666
29.668935964185252
59.895674017037635
59.443841456594726
62.988235786324054
54.51200349894275
56.17369703816267
9.294812568478918
41.919547603538604
41.108789361633
17.825664890154023
62.517990809811344
26.753258368257967
57.876238832279185
61.01221598191734
56.380377846610074
55.5168826881673
24.579493349297636
61.42852014469477
6.734745014410585
47.11064332027034
38.1928036882866
60.57170270522275
49.625017574517834
59.950030860876446
19.459206173189806
26.58894307422871
34.53699336388719
49.35396983532774
37.23360959992875
49.45344464857675
62.282631551746775
43.75158020554331
36.42597148169062
35.35926417845201
60.498437874701175
35.988626057884645
46.918664702615345
26.733440364785793
24.22404075325789
48.593200547594854
54.03898162442874
26.603200665089126
33.29541764863275
30.283167096802423
23.740815307698348
38.32833490832599
48.13075172217174
29.218028173874735
8.072771243973946
31.078686772704323
8.97568510783092
60.9136088082027
2.5342652633518625
60.42342972521142
25.162299703858622
23.03588486248652
12.23621216366957
63.47001058120154
58.58179728431359
26.87915645815815
23.39690415076314
58.472543728054355
30.12220853755489
46.96938013220952
6.040770002394758
13.687548091666535
30.692860939289744
3.0288695275266164
53.675236132488585
37.73316336151995
40.94351914256653
8.092098825300518
15.613209947873827
60.03545274421354
39.100801663738494
54.5437744159026
42.195313248914005
54.83609821864651
