41.8595067497327
45.2114225038932
32.42663093417096
22.789680519794786
43.432498272369756
57.368731284818296
37.424159250900956
63.10460552564284
49.32100761109363
8.277877905621501
62.691144758232866
25.560919283101946
60.454687147736344
43.91876335864487
61.846630923375336
61.658207664676965
52.06751718854186
23.41166504132368
60.51387576175309
18.79701400210856
27.773735697385973
29.322565956137318
32.766023694930496
42.87977231616004
48.36686082755943
56.33368837641181
61.25196505743441
47.17736072849907
37.78372714963797
63.68782082739707
63.04157607584864
36.75057802140444
43.368449339297314
40.80044749040229
43.82502093973329
63.98303235846444
45.84542232021879
62.73514181324816
40.650664089252714
56.927681634444426
24.48177502011299
47.032168839461235
55.53684293378089
61.787625289640374
33.8414596504974
55.382586997547065
61.68738692606354
59.576868567886756
48.54335323070116
56.3941083772158
3.4012020381632695
18.450788315048037
60.14155714751973
59.704728896914276
38.53995124720571
32.537735162333135
19.529031131296968
1.0069085846032308
52.60368563437938
59.15324065943627
47.080412402418375
40.976541751294036
54.31990449385427
38.519617618340504
50.5713989183102
55.45996256119092
49.972465592646856
40.10762282809089
36.336442321867914
53.090767764395935
26.355424627560282
35.275198603955886
63.76860760317134
57.12325815829257
50.92238443908056
53.90419231569645
53.865175623123775
50.358615240179255
59.604978897977716
58.971049601862575
46.50755703013702
61.701977581430675
33.51342686672709
56.29009542076785
23.40689161849992
29.50567506140996
32.28180273620205
54.859851583688275
48.557059009898055
47.330341848298886
20.7206910163693
43.344183077461615
47.86251007044568
50.26062456381506
30.756763202901084
46.690298179818214
55.76662303698361
55.70137681287145
33.17445811594186
18.122308383171195
56.708165214518196
15.942575966898985
28.485621249713944
62.80228388657854
30.520577445473926
61.300889789992624
8.988236977084128
18.390767788331395
50.5668843802533
29.00028135879986
46.26789886195488
10.702540366872853
62.879757718721294
27.241381379798078
63.671345814111014
41.78897228456189
47.015638272109555
17.32450823123135
55.50725917248692
51.38755892670874
60.255180272855156
59.64598390604608
40.176877260997315
31.91249279177788
30.288164298676882
25.78537859237521
56.41836868297687
45.24646021955941
48.34012794005284
62.257516476995754
54.34492652698138
14.845876782277067
32.06203191299948
26.529054578356266
47.68908834705671
56.85534266305631
2.151723647985854
61.989891117415176
50.99064574235221
55.713679922310085
56.85196636638671
24.01283653574572
18.823474078248267
59.102771066072364
39.746968618483265
62.7222302158066
14.003414511446238
57.13907332080596
63.03356167874367
61.01503893732989
46.10279095476173
63.598630179446715
23.25140626610773
16.2504766411952
7.060879667200318
14.056382323830967
13.183982119800852
1.5560607402700626
53.02909055469121
58.828029754086884
57.99639026263733
32.463655227397155
37.18450940083844
49.32314512174602
60.42122618430392
52.16714659134512
51.878086720208174
47.09811600310458
42.6723924936006
62.19664125566722
37.818593957925046
36.560230877832886
55.14892185582525
19.020653050268116
34.65359077524339
44.53614018825892
8.391695435428602
38.43386994411961
61.827529969692506
38.74869331687728
50.00935714754622
48.78327926260637
50.418757014137974
60.25420486991708
58.77048890532728
21.948412197181646
22.632037312328343
32.16509465946166
48.47731266402657
42.87348403021528
58.06953086097576
53.18964446572538
43.08637061262669
35.75807136591087
60.053012492833126
2.177857402051991
14.399034557314877
55.54863651716319
61.87930201171047
46.76709349427115
23.393702794627607
47.8734434256488
33.91249448287864
24.565170709808285
59.32886655873247
16.099874153480947
37.706405562916515
24.29255193292729
59.13993580145727
35.196503446197745
29.72338429099993
45.334597901918144
55.81615292920474
12.417481761132692
43.435834486076885
21.665161508758395
34.67137034796009
24.021408296101598
40.08030601264406
47.71298562779453
56.76432092812286
39.03852161566737
27.583939454193995
39.2350181165144
44.72240442228998
44.887786418169384
51.08481669094664
56.00286589784889
50.93974992553714
47.378955001180074
31.03460956123682
50.56520807570979
24.69446650976917
50.684401602193375
36.84352644254152
9.332817844328197
56.75637681024774
37.04930991622631
48.65626657141899
50.4919449268709
18.958548662746395
34.66832180301095
18.046719546999697
38.186222281214455
43.758471235307496
11.596870627553862
45.103059033317635
52.07145188368296
27.08756901004677
57.37595863562818
7.256752921604729
63.39025141533644
21.34705424031865
62.345582885208074
40.34049521106698
53.358669753393784
35.40282137335395
48.01283427183151
55.44949118590149
30.31257373658905
24.816966598455508
27.827341849196436
54.058503076444566
37.225348974358624
43.610388088059004
56.51991491261214
62.09199220017026
8.96343858208931
54.930250050726045
12.30904742015418
42.46040556716942
19.985397438231338
26.286014411289386
30.129735335455898
50.06575142474688
6.898102843660261
53.639734987046424
36.75586266307332
20.895189615926768
42.23572547307173
8.979006955572196
34.086704189797395
29.880971643689193
35.1212811304036
47.27954141686196
59.74765855431266
11.583184873715403
59.391328878228656
37.965858559037294
21.302894381011605
51.922958726406556
51.76255736554458
36.127372848447806
34.413269206356865
51.0916708121855
53.29081673984749
61.67599518160892
14.70823433857175
56.74884874286401
57.7376250097942
57.16014290776264
41.048559085951936
57.16436302176865
54.71045872589805
46.66424484942727
11.099365651174459
61.9641778420005
60.99354897715091
7.98754433022043
4.989050050275381
24.903223520019537
47.44950329561628
57.61140397107712
61.33309479297533
57.04347128886054
60.45422934796807
49.48104569022137
44.67151068213353
58.43265420413755
51.26565765479004
59.183999678825536
45.811573181768196
48.137113277532535
2.3903733302099255
52.988375966790315
45.44696196954156
42.72322332630309
42.71972199315259
21.73890734887742
28.82099742886367
58.439533386614954
61.50044692305483
63.07037095193042
53.684262637905164
22.23921285152332
49.02318212327992
7.883397283019676
53.895957619020606
46.33721069099658
54.97206092235192
50.6725125123546
43.263686980078376
55.19058570985005
12.395218736988902
38.085305240827175
31.38001291803284
2.519522439194077
30.98933162530723
50.92595629149075
16.87714184254598
30.849336883858562
6.554086601157472
56.08107688245867
61.891800842491485
59.760231037527674
58.73686337673571
36.666951232980196
27.319653073910793
22.672300266303978
33.846726271691956
