59.47265309327351
59.63301439719665
34.71486991812911
58.659205614562985
5.115991594996622
49.83200893309799
50.20283732085579
18.983945220552215
2.435753840796707
27.075181469756537
59.34511023124168
58.490293485136135
33.73042108687563
44.49462762491963
16.336917904960977
42.645147364772114
27.93130355507799
54.7586676467378
56.87018201055354
56.692663050557854
13.630950947522663
49.606666526168894
38.83684702949577
49.081560044870805
29.13492760112691
18.651739968037226
30.49554928750112
46.270265339530226
11.516731041683585
41.215074700896395
45.46348708034424
24.918010160750477
55.62653687651563
63.76066205496264
27.930923457855187
28.904032333814804
55.6170186363695
44.95296081776929
53.66921257481705
15.123930489364426
60.075854671481494
49.75173860587758
34.295973385970484
51.55208235412099
52.6069234866475
59.46361532197635
5.848331844157812
59.35803925320413
29.852504836197504
34.6885825934899
6.490280850627649
59.541742505286194
41.64202149506398
54.38389852610956
52.5070339466007
19.75991022256182
23.812050222221174
11.52442321973124
53.461813365894365
31.470608758143662
6.26005120147142
47.601146787931356
55.37471008011099
25.691081191524873
54.22283354281697
21.559765691748368
59.091738457681544
48.84952892643174
44.374876524089004
31.113103701610676
43.641489076424904
54.67123202279838
8.795432779001025
37.72729916419084
44.007079464489706
36.79155404519747
27.404673174900203
37.795325291242825
22.207358723556176
46.488848628751725
48.52777745892148
39.35546749202069
26.314853922625424
18.87289957610171
42.161426366354426
17.361436792401562
39.763617113020096
20.593746502635774
21.09633941800859
59.38687000987989
27.905641959792163
53.17889629784745
41.200974077019644
32.162704241336584
23.698159067393277
52.694661288100804
19.10207727479215
60.339763123357685
54.438849419566466
42.3160768354722
40.91876500573683
31.213522408661106
41.38967717516917
63.92250893160449
33.70991518730042
50.416683980084
26.929803849854842
22.962978346491468
39.69920605944921
43.19525746697901
13.375998305492836
63.1342086160934
39.79982380955049
55.93749727234505
55.198331497759526
37.51511812417664
49.612389487750754
53.806352890706634
41.923474951191295
35.907379117287974
50.63015601392026
50.527034920751234
50.83129516572351
54.70816105362588
50.01321825348408
62.1510065642717
15.337473635206209
37.08001311603094
42.63105670706055
17.627385134981147
53.90995912642414
43.770281523019875
48.04367184674854
8.405418713635292
63.26902248976237
12.628198068715882
51.952575717453406
36.495052935740844
24.25910783567192
20.372907019396877
60.027389518460325
60.03081136684316
58.941421850468004
46.98310420011659
37.11643218685576
44.231746328650445
9.838909973361027
37.42852577850742
62.468472868047165
26.054099556814435
21.159681588589073
4.885011810293477
11.156322452359696
48.47395429400756
28.291810128975193
26.067356215750777
23.380029180412052
16.186499198547324
49.07233810967375
53.65894262081311
42.66740525715409
62.992887500153614
37.552230552723884
18.586994750575883
21.521572497954203
51.05894081557748
63.211938935651865
32.45749587118692
55.84689771543475
12.051528299540728
12.342412486368978
30.471352754426974
42.61817570405626
28.309775640575523
3.0218843951037613
57.15389298073894
60.70716511792642
34.33262744497097
51.053897261427025
63.226031350690384
35.42819455309373
19.149514835822693
44.98970866059926
56.6762942552062
59.84441585646796
58.04895701276221
54.955826029034775
29.39448944440153
37.90247926062635
22.209004287630293
42.67867346780086
41.277338191073966
29.031638563668743
63.99390157764984
44.073600657392674
17.23225515899947
60.21019600030576
20.803195694485552
40.08351969385366
47.707712727402395
39.131836164595754
31.024335537593785
56.21327438252233
32.94198060983868
36.38864626286875
27.469719164842907
16.901132692424895
51.682172307156236
35.020584501220284
46.20197294447769
63.446441914574024
58.81769656577965
45.836513244146914
59.844837791763084
0.8929188253349238
5.059887985888025
28.08864628017237
36.4872036563975
43.96787126853667
55.330512161089985
35.78436323189144
34.71458216191768
13.966320426733802
57.78128511454547
57.55218890010423
54.55945760248747
34.50148305935694
10.225165007057115
32.25530981894162
60.69571526441605
61.08678880609191
58.58275983586123
49.95270057725286
23.53646818264771
11.023279481344431
63.159637723293045
62.246249585442264
42.39978644290689
63.98783977237102
45.44681410963105
54.17532489912482
49.35794657923931
57.044305549270845
35.84967417811441
58.71354229007266
5.146843459296861
19.220489516994213
23.8650428051046
42.124220182556556
3.466655520798035
17.409554945830486
53.915142382506076
1.2418372909796886
61.4224237456693
6.87568195570794
62.133878641743344
57.865624449189625
43.79743378730856
36.00682955509842
47.66549980957945
10.182255812441795
46.61512225376438
55.28598435576595
52.02539652378141
52.376755997331934
45.809351677074616
24.640826737753557
61.556211171393045
48.819359789790454
22.99479279433487
29.90718302305787
36.92512140652959
56.355952698433704
61.848539656914305
42.81487252568502
57.04575869730796
38.79418552882956
42.41004758319447
29.295913444420783
30.047873842850592
35.76798921945604
49.658945311259416
31.00725643232731
51.54043895696118
26.096170305284303
22.246303299905676
43.57567265157411
31.295241736840666
18.26086630479329
37.46961885544967
38.71272783133075
44.12585707357742
23.338096361978828
22.18157987123967
0.17670487059212547
34.3069378339695
29.225106999110537
37.48751187741921
36.15296248883
23.51119694746
4.1926807270355155
17.18191793646733
33.17798964619629
33.24589619362038
1.5323464591879628
40.36288019873678
61.487463088240176
54.3680534518002
19.149215625389708
50.9039252792049
49.85998978720046
19.22082961544732
38.317724224174846
59.70225809766823
50.95490798882403
40.177695960110285
14.828964856473178
54.668142766225756
62.73455356976841
53.50870337780958
27.424798620570634
31.60747204688144
33.91624846060341
33.57880312563371
34.66329771991421
24.64835423494867
38.13386180195417
15.993918295171333
14.242233660831367
5.522932809956245
50.72874504969798
28.806546479341044
63.08335257044263
31.738015331068773
6.017599395052521
24.84829060009603
20.48283967772708
57.033454220367204
56.953428398688736
56.62119309047064
49.18940618950558
42.223605395446896
56.682372501177184
53.91313700426173
22.81571955950146
53.57425563645295
61.327307005047906
55.699665617625804
24.06159726062252
18.415269450514074
61.986211610489164
59.562452726897604
52.12463640826348
39.767790358989586
59.187311819246396
12.136558779227663
30.989198223439992
56.538321099725195
33.85576926934387
3.677844325717146
