41.05279148143926
13.62598917532361
51.043022507039275
59.9491919247747
47.74540825267691
35.86156010852153
37.541738835944265
37.83308030994483
44.65403997439009
63.612180709956824
20.581548599230125
0.1515285465484908
19.43509835981019
28.667179748236194
12.852825852511671
8.559346599154075
60.563453910926434
13.603417193822587
49.005224116711005
47.534089327941174
57.52295959694614
45.15195810889642
2.661215810461833
62.73646121315564
62.169036336178436
43.56925688601733
19.565752801403598
7.081803474395542
10.245617027789791
36.62629501199836
57.81030355566478
33.30158345581856
17.576498950545805
63.299168268473615
42.538127599602475
17.307732833318582
61.977961211908486
41.04012662807172
51.193223508774665
50.3407906486632
52.694958014192125
48.79167095049319
37.474254751275865
57.503032507014225
52.22612178680625
25.090195111391132
27.001415300369707
24.812993239029858
50.949568788167625
25.459700428851214
18.33882511884073
40.834082362514025
45.36910109499259
44.6168572018064
49.53283343815859
9.906941954853593
10.989981753526699
61.9741436657242
61.26622004749797
38.436196569529265
1.0940227734367838
29.514219054508295
56.14013129307695
63.53697239980593
56.90273803981198
12.213106501775748
30.676078183248627
40.97846188256774
41.74198971752984
41.593013700975646
35.03282858002544
11.441861474948773
29.66553385416195
46.459238753508465
44.096113600376476
38.301630414798126
53.372578038314984
50.70078793709704
52.23650461221619
46.06240456313836
26.405700854965005
36.68937649869093
54.7204099873916
17.666291592647376
1.0630423218904994
34.68348516312143
60.356286637894094
36.81798304693841
34.2188331483716
17.755042593681104
11.02223308249011
38.90122499805193
63.603788907776384
46.80799222082257
48.428061899049865
22.592241885749893
34.524563840441715
31.666510196839887
49.969243854813065
32.06611187404861
54.42585967977998
50.761839048984505
36.77906697498414
31.548774695255297
24.990213493805896
51.67292238522599
36.15145103054162
46.35602642269175
51.2170604509141
42.558809068671366
16.847485411877173
49.21595927862114
38.685129804050305
19.811246746877877
55.31336762211298
21.79821187892908
9.669176127339895
25.452689421499663
52.84540531912184
56.998442517304056
57.12767674617327
38.71919241311272
60.94897039643724
59.326161055208985
19.977187395577957
59.785958463298606
30.35438974344671
45.96959809226652
19.965091974436035
57.737696803693375
42.498528455104925
33.16505374123108
32.715921215849065
33.785952399186954
57.64892650303719
17.821604924376977
47.95290479868885
21.48528227728047
8.883771665290155
47.6693614614304
60.3522105545635
18.134645408050275
62.469658376857396
24.711452957802763
11.390680134455003
49.37620120017791
46.011970836017255
55.761058330602815
41.23221640656439
37.47089505570912
59.99882196894551
39.468849667659626
21.464740428348982
45.355967725772814
53.63612180150514
50.90069672882037
38.528074407040364
25.17335067228558
55.941400474321085
32.103058559290304
51.170284855283924
41.130804563334195
16.405688813766204
55.58310192477102
25.65122917465979
27.119443292301504
19.902030143043312
61.381933742985254
46.505497000024675
53.88860068948454
24.779952560991852
29.83057597801838
42.75988935618123
54.25830478291624
53.67845776047219
42.77802248784192
63.90082108346022
25.945407197241117
56.053474244911506
22.536694669643396
47.49758426086933
48.86153336440456
49.68288815013092
22.09191723906099
62.73367786690122
50.32452707299403
19.491230143954105
46.33342111322949
5.7274858730560965
12.737608243820226
58.78432642662365
49.49926304309574
51.11334368345958
40.81776111043021
26.86073508465916
57.57796053962984
52.72943525552911
41.24272413980107
18.752059173370775
16.67412477500507
49.37794214863587
39.79656402240562
44.97810615909392
2.226522924572464
42.79422365166012
18.076573047499224
18.490156070455434
60.15540924488697
57.82550728982441
48.11793943427688
48.55535615993006
61.05551349044662
39.33568906626937
53.64793333006665
21.851758716466556
50.661218099333524
58.17200006209829
44.24552827185818
40.71325477534741
11.679520233810344
15.429183263817833
56.29561988072794
15.181522833194045
39.02730289668453
23.405292945069057
56.33649824880971
63.111382917853604
54.440490856665846
51.63624689247999
47.78432602931815
45.10851034095936
45.349925170823425
14.707501093419815
4.798029970760929
44.85470559624805
6.116249005860595
63.686344073529064
44.06453729013248
37.18067758304706
43.857238554470044
2.5668799466201904
62.729123037826454
27.446544307996156
45.98934807725676
49.97884171549454
18.857701072293672
53.82684433824036
48.293835251829876
41.76524997163675
52.63960997152192
57.880684299972586
34.99797754554158
43.197572953198254
21.75421130017265
57.019610538907045
53.071918865633
58.5537886345108
29.946220593251468
42.36491807222551
47.289021633986664
45.12723295806116
35.10104768072284
52.0141369607427
25.662725037898767
19.832711062365796
25.029452632590036
35.90581172310965
57.415726006006196
48.6067355100895
42.68215105419428
24.642420266262462
28.976922314616168
31.268252736916352
44.45243882315708
62.233152417971226
54.1708398168428
45.69755407066998
54.53730787362993
61.863107008530946
38.35886550293186
41.66039163399667
42.556048033060804
59.760281218551754
51.55014621649962
54.27171950945263
48.00607113608008
55.82460872047947
57.53253468230504
40.93088734893715
57.05474688392168
57.43300669289752
27.792476707095197
20.60594557926221
21.373749402473585
35.86492971996907
58.97391864708263
43.31606062467344
15.660089266020329
38.513442321646735
60.45535886344834
14.927679700311458
60.91314024568281
31.601462506608634
52.79639658146554
9.026200322043877
42.46128047540567
23.9057836901286
53.96371037716544
61.194641578841484
48.517603925690985
51.80135745827752
39.68706530888376
33.72715943748388
19.52250652835427
17.642327290687604
18.919142764041354
55.18959316371984
31.79584869918117
25.181686452694592
37.71759235799619
27.732441278533585
45.71946496859857
45.797240409604925
37.97863440400414
19.92206451805059
63.91992613387022
24.19926771107498
37.77595903870014
33.175424179009426
60.101066722799224
53.17768511766041
54.36250491739356
12.441112973981156
47.730512397523576
31.02324891798466
29.806374770209153
15.760688209275784
51.589314583681144
57.10823138396131
50.417814255147604
49.564032272647424
1.8368757909324245
2.927697262521427
32.73634715354167
58.57978182592826
34.13997329160445
41.19527689409624
36.05084662968399
15.661759583764187
63.48637373847417
18.714856410601215
57.71910237123139
23.08694669110374
43.13837989925606
49.88991127523285
46.594684711971254
36.7604632075818
54.996251156806494
22.593942046999686
28.515957825544938
