1.2702649194041413
51.52201918644565
34.54676965916685
25.66541016914291
22.250691698642697
36.95511515009395
55.77977452392833
57.288733949920065
31.144060990076483
58.31238337489875
44.517863534599314
62.048857153968186
49.26987100924397
54.100419866119864
43.000948853393126
23.334749747897256
59.2514237169288
23.183137613863657
50.49051948102503
24.009977957211227
54.20403234751216
58.20049766354037
10.28170913172552
48.80226629140037
53.87218325163806
21.403860738428882
45.005154225407395
37.903154717571624
32.2482394512692
38.06899789460018
49.476816553907994
50.75528539942934
37.448757697017356
34.63048147430867
27.552536502788215
18.78693721108619
49.29295271533192
44.002859482828484
59.91411280585679
31.117350725995337
40.417261672390396
7.753112883545313
56.7904877110958
17.998795629124587
11.16162591832181
29.61372470475417
20.835948103432038
58.793768427072884
54.812587112045115
60.08545767226119
7.1386213652532575
44.18406552107503
24.785085089897052
61.3759299243791
47.692592297978024
59.560352400524685
62.37451788887898
41.44934993235644
42.87775691833092
50.50109135006015
23.870439754703526
42.43196564603365
14.551793768083918
35.97097391694345
28.371977323684156
24.40010780186129
46.54808232492506
61.77314007445764
40.43673239239804
0.5937077908886224
40.37247310672153
11.80107905369674
40.491843947954756
31.462086091173703
45.1015462852967
39.168681075406965
63.6367782553065
40.903363564419436
57.79839917861197
51.7472820494184
12.50866145616498
28.711634206204863
13.849901728738239
15.612620959414357
60.93774936293451
25.2492548089919
20.28397098230117
49.18203997699119
42.419012127667806
30.253773485977135
49.57711029948373
56.76636785297207
28.90495794381124
35.71497292981799
45.44302777471863
38.648212265729214
48.04241814397028
5.583264480173554
61.095612567816396
25.872595723119183
58.09683598593633
46.35596021939518
45.73516069422154
12.506468836336325
63.46045274216446
36.94195784519508
39.86223772027395
7.722216496082289
35.21019346679374
54.09056218830092
7.980372995271921
40.71162951447015
53.80429202232018
45.82594500967491
26.874271217310785
51.201553402605015
29.660562311664577
56.35490524231672
43.144191648632614
33.06548887755505
34.833919866909966
41.744046200172384
31.389577204322983
14.414476842678951
33.06452655884044
37.44203028609195
46.53640004229621
29.22280023899109
38.94488240984961
55.42257525192313
25.022389527350164
19.68202130206258
58.54839713741538
41.1017265454538
47.729076319333146
47.88170953991899
25.599649748575978
8.095555629336992
43.17528131724817
31.29875358166956
62.66401021761864
50.83642664685564
19.822921002980088
17.987566682491682
61.357899887191756
57.75623743949062
34.53864278928728
46.334152521065434
51.8880462703453
26.29276694111816
43.76584123936604
62.87161724235045
60.568783986725784
32.86560126911064
31.781314489694452
30.135390163557176
40.7858081434335
59.837626283552225
8.791924803296574
42.41372276319025
49.48241511735668
46.83111769137663
19.737024590003905
35.54668013771534
61.51089506140545
62.99341994971598
54.49248555130379
24.135351729725095
47.710058834488606
42.94839228387606
43.779585278366845
23.016925311321835
36.57424950807929
56.05232269795153
11.353953303853501
57.127195460476145
63.62463367720302
48.94648371890813
46.908352105216046
12.533822937312607
42.912644659178966
61.88633731219961
35.39981003595559
10.37877576030749
46.01890660991906
28.625033001280997
45.28884484025855
46.35222417938573
55.220128706498436
17.87812238971152
22.90477900870072
10.177434761568186
53.02208899893407
33.60122084406618
60.72295489137331
44.96071968397061
53.78706009924615
45.354779482961334
47.6427205049993
30.962209638381303
47.83730581972035
42.45542694935028
39.66502248673248
15.318921972041416
40.43925084587373
34.50086808616112
50.491694035602656
44.18567523843572
26.771714208260995
38.914516738391555
42.577580296742084
43.06608471319565
48.86950303647846
41.753511191936845
47.20332216867077
42.82703983965446
32.94338126592131
26.46296637414744
53.67001537826704
35.61051897002396
57.812532916836965
43.28379549638424
33.25349774347772
54.65297321326319
54.17114843595856
52.20257677832093
4.101739828033956
45.40808634614188
17.96119064244629
18.514050081235354
16.4408564654331
34.79549793900827
38.03714828273773
49.27671594189036
16.33037569847712
39.38436571904693
60.78691012676707
29.076351408588707
58.48042574389363
62.16596217117331
40.60157568432747
44.941962002198
28.422813441192332
48.74742628818794
52.49306999658867
56.31785912241959
22.425803968780386
40.628409779125754
13.34467604197824
43.43953427409037
31.576443609855332
40.554809625663225
57.91265105058439
42.149433777942555
39.47373091714832
48.554364882600105
31.82743883243146
61.0776998657016
55.750899592317886
63.186345384514965
39.90162663148408
14.172658080929999
38.24145147155805
54.448187693932105
56.69376444718232
21.119815290338245
22.617342743958446
51.815346397164475
41.127451083583395
50.58478754129702
5.211733046001356
61.62597320366905
62.486111493107686
35.32216858754819
30.814248631132052
52.858530527691336
49.90716766662566
38.71470247421806
40.88912772630363
18.03990545213525
34.311247935796615
34.27264324653734
37.59502535105756
50.32862619306948
53.16952624674352
30.949020281955832
44.10974413445467
59.941582833131946
52.31224122480033
31.181675013717218
54.51719175563129
35.30495983004026
19.85380075880088
3.3456289558778494
57.83501269402721
27.12341571273106
55.26781805604023
8.144708546666493
63.02210277704026
62.742822450514154
48.85243305476476
61.69494088127797
14.014176145605113
45.18823548365658
62.39417446531832
50.648463970153706
46.646378013614424
56.59318697628819
63.03654561129058
43.18475365871393
48.296861374450714
44.33849788047986
46.441829004561164
59.53194793078473
38.686161702212424
41.40632228652157
60.19621525473664
29.27473562075022
11.798759683605212
11.279805168165097
52.919265814855066
46.87143709805435
61.07674535876931
23.687402417633884
40.45183750620261
62.40955946100891
47.098896539907116
46.715230889332304
44.92284318861002
62.61704051859195
12.534030099735837
0.4678550571435167
15.054291792341452
34.72950238726935
31.785763390114617
46.04079623393792
63.350510661878495
39.79105366053429
37.3832230345185
18.981506662998655
35.39329701671592
41.16080071012457
24.758786529434467
55.02904107663468
63.24168934151113
44.05397188002438
63.81653733032771
42.52962733357401
49.97689025306272
62.31909228692313
5.678564185603982
57.69451204107725
45.53414400241054
63.258948356789354
62.19927044376558
55.127608193316945
21.745841922044356
39.42279220656046
40.0136643653298
39.392289320227036
