33.29120166597059
19.32655696808795
42.84947776125585
61.1551114806268
15.447081477554647
47.56442125243857
35.48055358743575
48.12577944629871
15.443418376157254
31.46157961103772
46.731513502134916
7.478438175379964
30.700540143716005
32.39111342127555
20.72207753614603
46.82559393885482
57.17474601440794
11.04277146565051
56.75230280467114
53.99656925255016
58.22398763653677
41.29281755841756
40.52720131057515
56.942188288811415
6.294878949794551
60.498164029661496
35.483740346548416
59.77454765581058
32.96446625056092
31.136462285098993
24.32260801781839
59.15681631714206
63.04618159806228
45.535526210357894
42.11721448043882
23.944237464829797
29.26325466092205
26.969892707594184
43.10128815506146
26.52492707546022
38.46679599701887
51.55848918841023
43.83130948537731
53.304471923378316
54.4151079625062
46.19610219113467
47.27370569172717
39.226542621974765
56.2644877699728
29.620853339321258
27.28822542222801
53.820766255777656
32.900168981779544
59.96261026700038
56.91617914984576
29.283924794542294
59.026673042166635
47.10413699655942
57.04291388244928
52.50294464854949
58.60028637871952
41.20430173861007
53.47446434686303
38.95911654679911
29.892037804521962
60.972876925032516
44.225210673134264
39.92990802369519
26.280699655239168
38.26740442611268
57.13637959012724
35.775581710102365
38.95928915261898
55.90710809863967
6.204604485970066
18.95749242034372
51.3179309937762
54.203418515113476
61.17334550931302
16.39787520106966
41.59857922003767
63.73876223996491
63.60927772360534
60.45722918345133
38.289929791561256
53.22796479579104
52.6104176249709
19.867678769948604
49.994070005683106
12.49602865756448
60.55530852841965
58.794915556772054
45.88298764501645
53.927311998913254
47.054437444282534
53.050355499963715
29.434566607664443
18.9929001720662
44.82666776621214
15.060318589797255
56.60783197021021
8.50640066308219
16.653807288578214
14.431750211098162
13.466999036164815
40.61381775107358
45.473486770980635
6.087998028638815
56.85247883352916
13.181786280517557
62.70682816511501
4.024685469825656
17.329789556353035
61.07079224740525
53.814532512751036
58.810742186245506
47.97332422356238
32.282671478531206
25.00986857409037
19.71448956528488
37.56648297563509
57.605331514266375
52.2744412432137
55.511214577448214
47.953827279519984
24.850525997042283
55.50255932733649
40.748231715499
58.403105175405145
9.506279624938436
45.91383545301944
38.66421493338022
14.624026483260963
41.05015238250405
33.80177889184114
45.41980789682221
0.2971338293712975
62.634007761489165
61.232717976641865
46.3791080151818
25.5334433014134
57.40437335037343
45.30980766117837
63.42272753901788
43.7854560205598
13.435016851707289
36.91930987929574
48.25213024297825
38.163226655276716
40.66441074022714
49.74854159513615
60.29328325429475
62.924125160236066
16.144386065185053
51.453766699519065
52.42875915736128
54.04507125722416
7.384248809129232
53.12298252950536
32.6937132025549
49.863060788440876
15.02511869743143
48.39990004800705
32.54406316447836
56.17698310701474
56.28615392586959
11.647174160604486
55.994876625859035
31.564506424742156
48.706254471153244
28.747238579152885
63.89949558201286
45.09075859772278
50.24117701003961
47.88758600288797
60.99061143196715
27.56382301342024
36.29429030471137
34.3094047126401
4.513715040762328
46.034175072779156
53.63032290728489
26.913749783354014
29.698783527720607
37.04655580847108
45.98928783179807
45.831293294048905
52.50455615906251
30.671825626233428
2.581298434209387
4.313711753245862
13.152684082468618
51.54354663283995
47.016133015663584
59.05435104058187
50.938794800585136
50.622936732591135
15.657665371664471
35.498426857603484
63.40784310443502
33.64360598300207
52.094804699678456
15.682559412532093
55.502658308680445
52.015652643035104
44.302042598350155
25.083844259572814
19.618645962032048
59.00656626089293
18.12754956828629
61.212761114630986
50.58671949519971
61.834246578323196
33.553794765808206
40.62737657459138
59.372416620309124
57.71622036822957
63.77936350705636
52.347711217840754
37.03569731756343
56.83283288166199
56.40489848062645
47.48514630434521
26.90757866873689
51.204133094841225
57.516225536609404
20.687365229438058
58.37191117102939
33.80972094316233
59.75886524719211
5.554355622008323
27.037003901537467
44.33757817683221
39.755041690157135
13.288668134617048
28.353735989562097
13.000301258035392
62.460581427546025
3.4739393103725718
27.455376521923675
51.7929547092026
42.32290580313246
53.153847032831756
39.406240374372395
40.60419735381142
57.48238022015339
25.888814843460594
10.434008288754534
34.30795650100396
36.51318866323035
27.092081950977715
46.88137115953127
17.75187594866385
45.45223126341449
1.2498676979316983
27.15999111807691
39.16409371594378
32.101220205890655
30.152505361648018
61.182700951789926
43.62385496069939
54.437678854755355
4.935449204058088
59.94562963552351
56.10228753422597
17.16876691267128
22.715648488470286
36.910634407384116
54.076083065032016
32.66885331339068
60.647868428693144
34.79828339687701
52.00239120042266
19.5563978218592
14.93614934149744
63.57917605521386
55.84934316817913
37.57622519925869
13.185820078956517
59.609183700748154
19.33701632329339
56.871392533993024
56.54654108269209
15.548603486093505
17.75679537781169
37.29788881939504
37.248621301554735
19.66588002066488
38.85466017186135
25.285646574765423
38.71159256889703
31.867097738403388
46.799512665414056
18.089381992206235
56.50026017069975
51.006904470773364
27.72874428883074
39.227293984233455
62.46611631136613
20.62846803286542
38.501112666092425
44.17803104886801
47.022027017646266
52.488291101166766
39.98426399242797
54.60468073170911
54.82218869705807
56.21900175468183
63.92077266793473
41.30399976285942
13.855629581680724
44.52442264506392
29.14844108883546
36.656393101236176
28.48825449592608
62.985941977281655
55.770554439103336
44.05462793123702
37.82011335367773
45.93985514708399
15.08890558757789
30.677836700907655
49.79054015572464
46.67200939100846
3.772623332959398
22.057634973471686
39.43622558467253
48.56682897752501
0.3664560640647565
57.489334016127884
47.83898350439139
18.974281164639017
51.92567367181102
48.188352619966246
12.143084882001396
29.975750518305162
41.57520257001282
47.62487863426243
40.12241317765073
56.77030614703364
59.66891485440877
51.88482342654265
16.798774700625316
59.890639871112135
33.60285613841846
59.27501145221217
18.73708766605199
59.23991079747388
44.02101878405924
47.403054629845144
41.07283104835817
27.196773629566913
38.35162092107278
50.28495078993589
31.88698891846518
5.471218489469308
2.0145105420391687
55.64776607932524
40.447987203306425
57.449992656491524
