407.395956901863
399.8474823607702
839.9883981619599
949.0589788932266
541.5938164681211
853.837159500863
520.2902541399703
794.6790959545008
660.3695908516249
598.938103723297
162.59668685954978
899.6186495894743
538.4087092645754
640.4696653226372
735.4864974216944
390.27719294079577
486.60771890008107
752.9696925232656
586.3604007604763
497.270074396803
970.5736884940764
498.7173561849577
115.26342955169548
491.41109284536765
860.4790783134749
1002.1933744741441
814.2367951725982
783.1829102431303
718.7903574124048
324.26612009316773
307.5545059440308
801.5350398384877
575.939182579938
739.5852394950122
737.7741050552895
499.4703169644497
347.54664309943087
279.0019065575308
107.26160615440142
987.0859443726168
933.524889861801
891.0495805927017
719.3181414795091
519.2339879460823
479.9603078709622
924.621142197865
415.5013169597513
329.6129304362448
982.0625364292682
533.5229766294289
438.60223195431445
697.1243840154561
794.5205857219969
611.0966562302447
55.17880589397316
546.1457157450407
610.3453738792064
321.6202511248317
480.0585730016202
791.6396438728007
480.90351983761286
1010.7958868733654
710.2309891979426
392.6707242499664
709.4487624190963
154.8304925892054
555.5575390222534
895.9074991682123
734.0934355230327
840.4650856138279
157.14853365794409
677.2327422922282
511.2816140937846
1023.8936382113545
332.746570756142
511.9444228070661
578.5215570028456
684.9390604855676
306.0208130497699
823.184552384671
957.7188344255776
473.55824208649835
434.5086921121599
313.7675533509232
927.3645341233416
812.0449630367275
729.703961747768
178.43712426617947
778.162748529343
443.1332228701136
962.2199508962908
316.7752351109468
342.1993692307018
893.7422334384734
595.609608626806
884.0026860119892
291.5944057112098
688.3194581511548
492.86588003277745
854.0856612461826
803.3245104105616
856.1826939733264
807.4189882225648
776.0418449298976
601.1192275332212
764.6595141698206
924.5569571204887
287.5455436345966
380.21926320389434
564.6411882288161
976.3411218466815
670.08314786512
644.1665844004907
661.1340731440107
967.4853638104464
406.4079545003566
129.9073108424751
417.7913085285802
799.0325404459841
722.0524433905216
868.6148982727691
688.2323872795935
341.60763032273155
769.2044873805482
142.35896837171708
669.2058386173926
153.08510105045445
833.7898097369739
1007.8208221276666
545.0316514666983
914.1504534090412
407.7311565122973
426.2928098116266
1023.9954783172506
260.74855626855685
379.18828140979224
1012.0664731789094
970.9712481758679
879.3634078929418
448.9817738189854
365.8302323146528
515.2756672624583
203.19615086487033
529.0909039559758
675.0590952912742
717.0965493423024
783.2855975088019
862.2537076622123
744.7424130925915
968.6893393162467
794.8240899311919
548.0290240513009
866.8691277239539
852.2361541678574
946.4776730151846
999.1710788200256
652.7711632372341
216.79745479855706
761.4764990701971
505.29850555754115
797.2133340644882
308.85124999268623
436.8198652613339
485.23940391231565
56.52050020512638
992.8130108476769
305.83743857870775
333.9190385763301
429.03405033074364
831.4438178009079
737.426293314986
153.69588381758365
717.1190662990741
831.7458055721579
920.3438487335457
1019.5141272719452
189.33378214017773
875.3823898148589
952.6519827170054
939.8923129306273
394.95784020228655
692.1470434428732
35.11577811655377
694.2596665567594
788.1647000890302
836.8150619568963
118.28991106718786
966.0956524256005
880.3210072166588
752.0106121812792
981.084510606097
845.2069263989924
615.3085855005127
861.6822818897392
190.4545866308
506.03407337575663
575.7759499057288
401.89640396286006
564.431664990957
985.7834492250147
474.6185877178723
958.5665694980136
558.2779698581
1001.1761374840905
506.8057451693545
921.088152011123
1.9498566240238233
940.1819954282378
685.2443720537639
542.4588904910104
333.12143595521684
711.6067658055183
809.8951219775286
873.0315312015713
971.2172274823984
669.6327134681237
720.2347166759208
746.2680882977509
54.331311789828874
1000.0087118813381
457.18102756983785
473.0097755965372
1023.5586044613813
652.3731504109523
959.8855870740878
922.3055477808404
1013.0965626406969
330.3578132430922
800.4066333724317
713.909394946627
895.2879143378289
661.8695379071622
619.6355564024377
1012.256010496685
603.3886552830462
614.0509139584608
853.7143256683358
555.6480004262964
437.14413481785834
1005.6200440471724
448.3961685390385
122.4897828922825
550.4603948044781
319.7113863505165
518.2816613602067
796.862450432712
922.7446064262716
738.6702734384183
928.0369135283352
972.208297443822
884.8175594783918
349.96742257615153
128.8910791278264
732.5461295248324
980.4104053207902
740.8095269145813
457.13965081380525
638.7759879231801
981.834585717952
697.0904306683371
742.4215615899689
398.76501967731633
686.1184622238709
552.630839338552
709.8234212097816
783.5458826195253
634.5788657332289
975.5110563685809
225.25770693746972
509.4217923490727
509.67786837575864
613.359595439623
729.84724919156
811.1206403053383
890.7661592720322
116.87049782142799
434.14355449507525
504.9934985457502
247.28070916506135
452.21178321021057
1004.5410317972221
631.9226272983025
682.5923498601685
824.5086722382351
217.931564356566
492.8752291539463
805.9923301904225
965.5306563031477
817.1076801771757
718.1185819834722
338.2723887005144
500.3259160225284
359.99132706495107
585.0241470668723
655.3488697013845
804.4867812478253
938.1628517692965
540.0125358584069
673.8705422406543
660.9055187831457
713.2472969291227
982.8121994191979
631.4720988077368
564.4236942816124
234.26062460835294
774.228719529126
736.088330342003
73.68576619314308
49.65534741625879
910.5090027964654
649.4572753909083
866.7004486094934
820.1275168592798
332.37288533810295
507.30062146115995
436.7816910829938
883.9693787168926
893.5934222509079
347.37036025970053
110.08493158537897
727.1341120150435
296.9358667874121
1017.4524714111072
962.7389718820021
756.0403342540872
92.83581407070324
734.420147139476
675.3592482221192
257.5874904992886
806.5990219385769
875.6479224904136
854.5877764383284
328.2413492133031
988.5779470290729
790.6948663749132
109.85846348914993
914.1462211890117
499.7081219642357
636.5440732693053
811.4261608619242
417.0232447019008
889.8504654871313
684.9132921246969
530.5850524692559
738.4912053124432
765.5743127887708
334.9028796046555
915.7397224677501
792.1138396917848
911.0224659189364
503.98188879053
843.245952529377
998.1839030895244
67.77781583197657
581.1627535860249
638.4299477124835
809.7986596132458
953.6462036731928
480.7697223148325
906.96600086602
