714.7504308678449
118.57432156906657
109.17543058643776
922.4370976040652
759.4596111716658
718.5693410833442
380.0566980625073
646.3884588482447
443.45867945440136
611.9181974642437
327.9842873206112
426.4444033555817
797.3669487876487
914.5686309972192
738.8956619673534
562.0025795758133
1013.1511816090677
672.2992177871275
135.68653587965844
922.4099869342798
409.5376815387293
598.5782513159049
874.0849484907123
481.2036774103278
204.14907787124866
165.01026148289316
775.4832623366085
983.5027584613609
557.3715301094223
181.71716829140405
1001.5438382070879
346.65130681448977
997.7627800404498
774.8940416607229
2.0472870564670984
572.097393930808
1016.8410551724076
261.8311322711887
820.250341481501
494.2451298705346
991.2886167689938
604.6492749338646
848.0345915080435
481.96857579147377
725.6185064316643
668.4792535497095
592.7705461152542
573.6443264487223
824.9625906545022
853.8937352861439
739.5044952955197
955.3270419771492
905.8438420859567
551.4159730320151
693.6922191764752
647.8786085016942
554.4932497497142
691.5799595701352
911.9651432015478
548.8337405677288
774.3866704078648
687.6556233979196
679.4676281707631
415.8853648762283
60.18270804235601
1003.6299965574952
756.9555954523906
872.0577102578775
366.94921816597173
37.0927672549949
584.2122623767063
923.2836427702119
702.1488685100298
782.1495230403243
399.6104108969728
662.7364548241725
524.6969339967404
819.9933287860277
625.4102193973745
941.1551231724965
557.4027810247117
989.741204688879
787.164666205659
818.9740547677196
458.31781938123686
871.2392815042683
950.8045213996415
987.3355996222851
98.80692540549558
929.8869780602507
859.8041542193967
982.1558621943425
600.2746579779177
631.1660889880011
927.4959023775398
209.65221034802107
614.4650092195604
815.4734305244174
1014.293266870574
686.3594312080286
448.5898347573075
784.9390844684124
996.4107952544779
390.8798398087823
904.9368310993707
1008.8303691286204
178.6469156862421
706.3111687208809
141.5547698668239
21.44791824476738
435.47605439168854
509.0772273434802
815.819119518073
763.0017938105459
72.83396019006398
530.8656457394238
247.5652267853884
884.3783604594847
987.3816944227013
341.6297467798588
815.478524705009
531.1742530957584
789.0185916687827
596.6399369925405
614.3241686295763
801.2294473705999
784.434104739529
287.1344194508831
1012.4352046284995
952.3234575194875
956.6600966115652
802.1991458321052
995.1664495993076
652.0161007614518
527.5690722232339
431.57132388753337
786.1916074390891
677.3132988334638
726.5171107847589
397.79990289510135
698.5417232795428
248.91146410457725
966.6950368956176
796.3519794511444
833.6999143087214
737.2886747049475
452.85614812617496
350.76996407750096
781.3577735738262
856.2502568992502
534.0310351179953
898.4178124962637
716.1627555069415
946.0209019275973
780.8660277143866
823.6173379399547
624.5879824729905
487.6130836440134
767.1042811706853
885.0742910321478
874.5384984204611
109.04547466752012
856.1408954717738
57.06259313933106
92.84776296618952
561.0615948935376
761.2874297776283
403.07143357457403
450.31558438332513
330.9982594401728
791.2044167719996
925.9083402056867
947.7187352301767
559.4190613196721
643.8084648384388
515.2015813294263
372.53670596664335
506.58088737537264
667.0655004694459
1022.7385310362644
942.643360573546
848.9641603817624
997.0353066999166
572.0164274286756
651.5420744218115
902.6702782198315
653.8953399024459
804.0060593259959
609.8792274936302
512.5582514262173
914.1031332695003
791.8714114360969
950.0172980670188
770.6333083870652
810.5270007959367
79.85572545451998
739.5249766758586
942.4229349097868
846.9927736750315
880.598196139767
954.0713012463459
929.9468269829047
793.7565272458481
798.7240618886822
575.5529158790605
936.9072158368245
1009.7844990703056
194.28826696392127
906.1581050467313
464.3375454166835
610.3955790303162
962.6216518305522
518.8907742862234
737.5240390334423
38.07131564778547
618.1645766101137
650.6775364575151
1018.2445005102621
491.1675349773477
569.7054934442651
79.44802589752169
619.1595700573109
347.2610216998353
887.5334530783647
610.7663774253333
84.31737007180868
815.3189681260129
776.4538247588259
778.6599536263825
694.3795247565623
914.6741697601993
162.3906793068967
494.0554501149404
756.4164882147395
692.4171023216563
948.0261394665927
882.4757434722233
506.9445519193596
850.1427635883551
530.7115691489964
708.6475983560115
466.0625793864108
731.0823978123142
372.75392347043896
962.6730758281099
688.5888754423572
869.4952845753436
622.9305429996099
504.90819601595445
715.6320680413053
673.7057772770612
550.4028575619159
293.5347567588134
599.77322998045
873.5151083611528
384.43075167581185
1001.9893993746189
828.652381400286
617.4471145065806
917.6043372794403
601.6299953080463
660.8617745650665
583.3314557393999
413.43143987081567
681.9339456447723
775.5029041643888
1005.0887843924129
776.7438722797398
632.8333520939
263.7909054750877
523.3683266274086
980.2084534898939
1000.9429087496004
533.3490218615134
632.0491047770456
1014.2214803543567
821.2919298749202
595.7389672534953
827.0639057425064
247.7137838804332
1013.5627535560126
548.6432516761286
925.3642150758421
837.9582356725188
924.5145945170937
718.1147623713953
589.8947568625135
884.680939265678
924.9416834502849
922.9710992375235
413.84519812962753
983.3193966098529
244.7795770767807
751.6343732802369
624.3972400899476
713.8272379369585
1006.1121276934578
1004.6211564205754
604.5000981219405
995.2902454540516
638.9616889364644
323.22617579598636
794.9837342430251
639.4991400029791
1004.6106032937083
680.8486462685902
777.681540012071
327.61563763973356
754.0692900257948
163.8627611975677
798.9478856049303
674.8848452503985
457.61103678956874
929.2616807624107
264.9658547774212
967.4374567765766
480.02307138448487
396.8501149491019
773.020279242942
243.088307958398
577.8589281706745
938.3687023533814
417.30752564660565
597.0976305345381
210.2394083433719
165.1863761996293
429.03379820951955
991.6599998550711
1020.4590700198399
190.67797796816296
76.26864601271336
255.74221354459462
542.6835544332635
287.5415409726469
397.9647857995425
568.3924705371328
522.1217165390017
300.18859126885354
1020.8699704715376
534.2475922999263
44.675471173592996
865.4556656122547
214.6258969136776
935.3740201267328
122.75938229941926
811.2691665213679
994.664051928239
368.5656862889855
400.9176743764891
608.4693961442506
796.4269436973284
872.7532631410481
860.9691602805729
871.9996810847783
978.8363937454577
851.670661871486
87.57917323916672
516.3843266750425
866.8030080517353
921.2552849483852
