302.56091294687826
864.6471513581494
594.4595433942363
584.8091930999439
238.3303063699384
634.1455246966118
405.08974115246633
267.1409814893302
995.8461548797037
985.8671243042481
724.341587338907
882.1313087831244
489.09928845328943
734.9772088682171
978.1774799531271
1021.7799629586785
288.00308791744965
937.4272376216401
829.2128274788215
686.0346459161065
161.5487069166577
917.1826896722393
964.7987227621302
580.4270816598996
737.3176304030085
874.591737423687
173.76366806951103
933.2105522619408
815.469442585742
410.78609436802674
832.1503788265809
590.0713616575503
599.5656276788525
709.4896763404893
825.4317172296317
820.6167245259957
326.7709490229454
866.6320991772974
701.6733183658598
860.5110156516134
602.2048315902326
198.65932777918647
527.635642471359
899.9315538638261
624.63741395019
984.1603841919439
883.9221527270311
101.3908974113765
917.0027366837375
888.7840985289812
566.6867511488724
84.74486961790547
234.3340896518814
782.8202599909299
887.4139951289599
763.8210881422804
976.6769538816081
888.1788386048901
683.325694108157
274.2507733923786
689.9680118347355
6.237475763035491
957.1315174381949
999.2836383058309
741.3874202827769
1002.2740945128364
792.9568943897789
589.7802097408653
256.6971071683845
611.6161431641685
123.46587006914615
480.71130053545255
824.215380544179
432.5841449284943
878.4519536591702
780.1938732743853
440.9021945716888
899.4295589939212
289.9024957544559
961.8580702536084
613.1907210266477
648.4439500887105
520.3281130445278
400.2096159619706
356.7343490685024
214.24912373407892
945.0467980380504
485.9931096833408
637.2951719809123
761.793656186451
1006.022355089818
505.2600885865809
717.8795256831106
573.1035756295876
357.52909121937944
972.6918496432468
694.5209385683567
475.54737726127894
533.590381789085
423.416913980393
1004.5484805674437
966.1311336882006
641.6307856618901
924.7585702109301
993.5475749418345
946.713644900726
524.891115006669
932.5557288472318
712.4441795523809
936.3907966909015
377.4984260021464
476.128118614248
345.0860581764076
762.4993176557035
397.0624330339002
834.7664693456238
997.1324636613049
655.2970390806341
348.6687417585309
935.1061861422711
962.0883916190351
154.39046408176796
957.050398546724
829.4353753987236
631.8397811651848
980.2091144072532
632.8944457505843
690.5500169164159
806.1990750045504
661.7066567007962
256.47452830857185
260.6584705307936
443.72081457693696
996.1958841615327
1019.1600848769718
1013.8546514403216
841.7512924774489
944.8534125040205
451.1053871737446
638.8623434491237
705.4199208349467
905.2413354472135
993.399705252759
605.7222600942644
61.908220543194034
505.7287667677165
598.0474800064028
909.1215794369242
173.96089484619745
847.6971214485469
890.928997204993
624.8831403726565
987.3305950219509
884.0832704887648
399.6982136799003
348.3176853684465
758.9428410426564
512.3515357633173
303.78204133675933
623.7569950031209
819.573731360315
822.8350896287848
742.8961484180859
775.731658507355
565.9058650390712
760.473757539942
295.9298223015969
902.6362934260527
944.847287065375
917.8936639881346
953.5998515380716
813.0425308636944
675.8971728143902
484.50963815333375
959.9616764682372
47.743921221839855
782.1823209014912
675.363277702084
4.796685802256434
700.946929909835
256.1251623613765
701.7099727890354
695.0563165219467
881.325458246558
37.576871560157315
480.156659289603
665.6533966387125
702.1847499777832
980.306350378615
596.2028466720053
735.1698691573852
972.5246074390054
317.5239502951838
941.9755740122981
134.95533578634058
168.34657968680312
981.9602797641737
982.2218208899972
878.4706401460685
772.8829301983144
563.7594784930363
973.8514193762763
429.50649771194037
585.0568721152149
219.46901813555917
941.2733328342756
961.1923634134494
95.92366760170171
763.5136912829391
555.7642355120191
717.2203205831804
938.9193776536401
608.676581359418
604.4809567216384
804.3392886357644
557.5376032704285
972.4121585574247
407.83482798236116
826.6520529860534
721.1666468111728
810.5180920620887
311.37032757328336
1000.2569859399033
924.1076452887166
567.6669901127368
992.8889363834328
1018.6194465328825
574.3556929691216
669.5818150416784
587.4521174447334
532.5551699634088
602.6166449862501
923.8787841329573
904.4794899154884
849.6037935723621
955.8376588831987
935.4802328902632
628.6226095353342
365.5328424924244
668.4363802531204
532.4941606859297
313.73524751184755
4.1258550691652545
727.3550549278858
611.9533467817508
990.7594464532644
828.5466318741899
614.8841432237458
992.2327322853399
145.60181424151995
165.3903140255626
227.65036056291444
257.4838507345406
210.56816714598028
738.51335831916
1002.9974056141278
630.1195726965611
639.5829207563671
961.2641298544736
470.5637677553341
579.5243946706719
584.8798749789505
599.793670199856
972.5655788632047
884.2381037956778
630.2160300491815
402.70116272348434
292.6005537165728
979.9412390072787
654.1493653553639
212.32246352139134
597.39373422489
1008.7823391307003
808.2395089554552
676.1952538797527
499.9054561665388
122.41668402711139
393.25501638045023
737.38580358796
414.0608477980836
796.6217257004638
666.0039979240302
841.0358334414827
852.9327496728181
321.9300587990582
226.40445762226705
410.6727996996551
575.2824290875755
910.2768823636565
916.3641592981144
830.2589938140244
798.8271705950672
653.6163611557613
420.20973521821304
596.9584328218452
823.9253632489925
850.8108586195077
898.1289718102621
266.1907942964441
675.0872050258155
902.5688380101403
320.9414003229625
536.3879475770332
769.2447750277461
394.11443352405774
572.922045945942
722.5505258991202
656.5089547148118
569.5012246631228
327.2695995887242
169.97843553840949
766.9934632382167
1000.6976865529731
686.7875886356683
758.7957364261487
757.896805691483
1014.563866544415
506.6068420683107
252.1424411174288
574.6618494077475
618.7861824147191
93.74245238253741
763.4479584247428
433.5041804109874
988.5957422487644
469.2264563450659
457.0685306569085
768.3556136507107
948.6787063525296
211.99407465855984
990.3806265452871
318.11804605179543
832.0096629273215
521.4281032143625
1022.3595419565848
768.0715921301274
519.0239813022087
382.05542140110344
555.3937726482293
727.4049006571863
42.8652319524665
314.68556234248285
1012.1338003146687
813.3084079656164
286.7322206409833
76.30853441861575
869.2659676264635
420.73351772520084
236.27668362671852
571.5060697105541
692.9523103010876
298.4238525455788
919.3822836612566
719.2289197333561
517.653086731313
790.9939076376709
737.0610148356873
467.2411698451464
446.16847317516476
186.9757609089346
