18.564349166181614
682.1473853796027
745.1336397117402
862.6885746262509
381.841802836517
482.4223261146708
884.8683554966857
472.71580833456824
867.8541428955344
699.3352294388844
936.6375363634272
1011.8450494068198
359.7691940377431
998.2405219331233
951.240133814887
665.3227854433412
154.0241281864445
452.42437964451847
905.4834046303258
192.56141946669493
249.1924022987655
668.9093261357832
236.364337828923
397.1356292415551
538.1267034891891
156.59951674251
495.7934654666368
792.8450574525075
885.478008518551
743.1321847014806
767.2591370581323
858.3381121503554
299.55008744878114
483.9643420765285
800.9880514099107
541.8919914733019
700.2951377163289
616.8281713470154
805.2383919598894
510.51545315483304
613.563931271446
334.9299125518928
579.3561386783327
972.7174698108946
517.5562057318184
528.2246606775334
915.1272044951912
624.7407879563318
980.3586658256132
996.0119332192241
1014.8116518487717
292.9928519921109
451.5992135644601
985.5168012832354
810.961139427742
803.6539659869413
573.590526190248
704.938003277606
813.0378667920987
1004.3407787776521
505.0987939814494
954.2028739729819
568.6997014401451
967.578376068974
790.2839334403036
761.3187397475349
658.3833003031036
797.1534402267093
942.7606381082801
990.6338642792001
1014.6282208395118
653.4537604972903
321.8620292115147
1011.3662249976866
576.9520267453127
912.3897407490342
486.4221882115511
854.026382450573
382.23316534758214
644.9676305256554
706.1591708966812
477.59362153617883
314.563841102017
247.799116017879
785.2555433946626
925.3369708107834
706.2283692042722
624.485649974476
59.47923547540677
842.574763329373
273.59616106726526
713.5898370612119
534.6431196390992
601.4320243652332
563.3316808039308
893.4750348044629
741.774614525862
411.1921244828203
486.5099170072227
267.10317174664317
779.0986805482088
63.20335994926165
730.4875063819013
680.7186626028704
461.8845193428185
784.4792361843405
993.0641331446953
503.4307695178701
948.7662412712957
973.3258685264326
525.7696218448564
613.8063742545247
524.4457027058131
305.5179876978283
671.5081160609263
727.5674077815013
686.6198173182116
989.0614405260661
863.8870585722584
537.9701710247416
651.5852346504553
854.0726738694557
32.76105971110974
454.1397624130741
724.7746248063527
601.5813128413008
1019.224231318693
256.8080661348147
576.3741702036355
517.7099316462661
900.4794329322604
853.8045372311622
543.9587397740099
980.96667401298
225.4151985408705
339.75603448588515
599.205228689889
945.6836465564181
253.07753688381683
629.7097067045441
402.8348023962337
948.4525363890226
1001.8717566085795
1006.6550060556281
734.1189771812785
998.0903896331272
856.0196408920488
311.305574271634
350.9090232066734
929.254135607827
789.6871786492926
169.27538757612786
196.9165507175611
775.7420883305434
775.2112930478573
947.443006436246
499.9937156653185
505.3346508872562
11.129542195738509
503.4574885585114
965.40904629438
58.139930292694885
947.9160010664098
380.49675428887053
85.6676500897139
560.3990855488511
707.6737320527552
538.2672434291196
753.1726959845711
950.2255136614141
702.3839408339406
853.6823344064655
877.0880110031726
981.1647649180292
321.04979595123734
472.4102078822078
935.1692113414446
374.2177363147489
831.6476383076404
342.82538375268496
715.519426706993
968.6830752965981
837.080706465681
648.0290094943521
476.90408338335203
689.6390103300885
752.7860798966688
187.91620972464625
958.0252742172121
542.0480921486524
927.5556380566577
584.819992171329
741.951327433248
757.3465848317494
581.9742306864929
603.5443154146622
706.2436187147338
851.9583482261261
314.98179976842084
975.3269627114694
588.2928780998379
973.1177253463561
995.9596425384781
137.4347416418001
889.5534325961225
766.5534601895037
894.2970821447788
874.628098057214
168.86718967521074
616.1459272375179
506.11768123091804
908.6778160157136
634.8664113931411
515.0240703559136
854.3674655918996
888.2860264655262
567.9614844603454
632.729300656028
30.636586736064032
95.6523791122305
114.65087143066489
629.6331341099079
687.9806815493764
102.88218929580557
536.5248563600776
380.14785712714195
666.1067931140035
812.9058828751606
533.710159644299
692.6351865097433
525.55612305607
460.2214229520473
813.051063435998
832.7435866220152
1014.1126130514597
203.39949536656923
11.79779829941765
903.9810144218102
787.1519349633137
565.2619510060745
806.3793278191628
158.52955818539544
487.2039374314945
695.4743483874438
151.33273087737575
930.2753083199746
952.019746834454
314.67833868928153
486.44098017904946
470.0079332993139
924.7934583823751
957.3055202166831
1015.2158746298828
870.9197032222532
1018.2093016572729
770.2465364468147
999.1521977764353
956.6399278707203
774.1391984742959
689.0467740321612
382.78032742264145
681.1341434588492
847.8101523842777
123.235525845447
882.9406602042403
144.55739465796648
308.44909784413255
847.1997298257388
758.1391094335986
326.42349768202484
707.9611589784399
795.192248267465
385.8232177013317
867.5996340671675
1010.4416746714999
135.61530388404242
919.9771816565976
514.346045752987
922.8036125896024
797.2684501311895
995.5124651672132
668.2390459063051
654.801118246357
281.402169752398
471.2096909458369
504.1182584750301
908.8246977534541
450.85963042010724
754.1746629302427
517.0129810511644
986.2600873617805
63.592376002479796
1008.5851255200726
846.4869956796372
788.4132342616922
885.1870516290396
725.1188378359113
512.5677557458719
910.8941268774329
608.8405746486706
831.3631194245411
192.6225868152252
522.347502098862
827.6685553249715
554.8823775788012
588.6223683398291
875.344761191488
612.6263854168116
289.3604313942915
801.1699876793357
977.7532946288231
705.9721597155647
886.1747993244264
699.203465612722
600.254787895283
787.3364906484544
148.50330512667904
479.27682942179115
464.3970594669838
891.7419958020191
782.5065465064356
834.7122499545192
830.9970858161328
819.5387253417377
981.1537243299749
765.1687672526606
847.9291083299929
918.2241009605781
611.104134028286
585.4261096554981
278.42483958164974
773.9294087609098
961.1029295551172
139.44128862047387
468.75173166096044
441.73907983500135
892.7843425360513
369.94014465872715
422.50237067628586
926.3705659030002
477.9672728350853
901.2929405421936
236.9247608147565
194.39071089208994
857.038378505531
832.8868234052081
731.67152822599
961.6466102111375
382.2980217515219
931.9587124953857
281.89649477918886
434.70572002893937
699.1104473626433
753.0775833803259
383.9449933518001
904.585909964371
995.3840150969921
975.7306843364108
691.3240032056893
567.3705120782292
