718.4222754953805
466.06204285081594
592.1458759026989
881.8943880135379
728.7345619439511
740.7416194258018
737.0876032445747
957.080366014034
356.0401117708641
580.6399889642882
900.339958980276
864.4293316257864
220.98424884855808
639.6158035729991
580.6851396412237
323.8668038434213
682.84827640351
915.8555660638519
755.8287920958535
885.8818698955109
559.3791043857068
743.4051526131492
975.3416384255032
629.282269615712
1008.1390325863571
973.5712883307858
977.2898157390525
541.6410323664759
723.8153402655005
398.8534479755965
608.050066155974
673.2723726309221
928.9579019040217
753.0053206066641
879.650833789778
784.5500418428028
583.9000596097152
896.4395025045569
483.8044073360426
994.625152562242
314.6800429658332
174.0428326043425
439.3724234161058
565.5654872077401
42.96108101649418
787.128907401507
582.6027231271826
299.1195466057851
545.4096317256457
802.2802386503672
462.1304538024119
276.37929141378766
572.6661777005668
560.5348356401033
1014.9537242858389
931.3345535272796
247.81160086698412
40.403682995497434
839.1088482853215
701.8064844691511
870.0850133393955
362.0228898296608
490.934731720723
774.8354101582443
717.8093729553932
842.8695850334555
262.01942898376717
840.2857332041051
534.2246505381322
897.8458820117754
825.7007250239255
852.3726947249975
771.3196097277031
839.7514241606749
658.3590874081701
544.0665307117895
350.23343992660125
580.2183684754766
441.6859423498745
288.7729726123107
845.6509322294553
641.5596573767258
984.0186656429537
648.6275736246741
121.48958473641505
538.2272331141533
482.64264519735593
461.48319725898637
673.2008681510695
920.004439114684
235.02524769135198
644.2152666903762
936.6096996520578
929.0034088265
627.551134920948
367.4710319176771
195.29595436716818
580.226756127719
643.1665179025555
788.4904038132804
859.8557431340244
877.4797430911318
916.723224519569
863.5625813506526
591.8893223040191
916.1272284242168
726.7976950625958
98.54543324639496
708.6272934148337
731.1625627590367
999.4249490325948
825.3105592702256
993.3945124772956
796.5709224189119
311.636393186806
639.6286179804788
574.1382368871642
957.4246769530425
826.4689516919619
516.2322050829199
196.00594851399148
577.0682117944247
1001.4703915382061
738.5892328166229
653.2583367028274
842.823227603473
867.2949455466234
560.9663257349702
577.9484011544596
551.5329051702167
577.5414471213478
639.6636030131572
129.99907200290795
286.6721573210507
738.1536350552501
833.932104842204
919.6056624245828
818.0852317813043
916.513046826231
790.7048760520122
412.65650050080296
696.4822756238727
691.8738082897921
365.2515373507341
493.6381511559671
927.7932696561847
853.2699870965645
529.21142210463
665.3345261815705
375.6550213171836
562.1635024483164
603.7567593768946
950.3438470142552
692.7059163556812
953.5336317846634
791.3931245683088
463.84747307661746
799.0806540199522
944.8858028771092
886.7314376417303
430.26388496073116
379.59767072970067
708.8047901698653
33.85476576946644
102.91319920669116
838.4781969247911
611.8728485637421
125.68417980447566
813.1466875060463
420.2443768463519
789.2502682355429
400.53719386073715
585.3730002911241
228.970234691256
719.8301375731251
638.5122452550179
735.0991149704075
929.4004579976786
772.9224332972726
1008.7330029094887
984.0423871355636
643.0350910300137
890.1039013755243
645.4045851273975
729.6099734724485
467.66990264967956
605.1298354099532
92.99327494574584
809.8353876216756
186.47073618971774
117.52172387505573
433.9641935206789
246.4827749622649
426.7641657412843
678.867814669898
449.25403009440606
788.7584960844131
786.8524545076195
647.2122040678057
947.1812642381317
139.23729325630734
899.2542172599952
821.7715746225083
149.8829979102668
436.2038222466655
827.7676080959181
629.5429110655439
775.7048493010282
492.0984751305642
515.3434965605567
929.1292368144576
735.6960277036455
868.799967562564
863.928296827989
903.6342772295611
348.68743267241905
866.7059377555229
1004.48236665327
627.1839544115317
552.3420453217879
783.3962253177995
36.27406398530718
930.0217028855269
807.5886466850457
133.33798719833828
637.2396883884273
1000.5802829464475
651.4618159144852
933.7528836481159
881.7294600522471
560.2101597309381
323.79791579418975
629.1084788412584
867.9379811613118
858.7929054898194
218.35493734457248
951.0515308213234
512.2545991380716
887.1173066383143
779.1518767261875
559.2271482653293
804.4311734898579
276.1659689796139
401.083877394914
908.7571886345912
4.940701679517474
326.7528440428688
828.1326407774802
275.24459873516673
535.4045545962433
264.8211040353816
824.5446719544052
825.0044670146667
835.4562181895992
497.79128779329926
136.20327328109988
676.2516141839383
404.11670144085156
611.0655786108614
564.7510672900922
641.8312235556735
413.48829910317534
807.2025591884376
361.9596610612026
429.0144570655932
717.1909206218821
727.7182254736786
383.6887948689939
789.4183909001551
721.0537059942667
171.05251585206236
842.7747990957124
817.5964428769173
180.50435633778488
327.58490355858146
453.2296149273284
174.78592926176236
12.334776946867123
721.8481406204955
909.789957866624
742.1856363763601
568.8186786954759
357.1145845321613
728.8743787066328
552.6734811764128
1007.7795179270117
870.0992685682459
941.597881104672
982.0054984843609
274.16317375399376
861.2373672256996
263.0207159195834
867.0540559316207
242.70172359463265
448.8907252242999
569.5907531297938
884.1116858982534
9.107664767347387
773.1058730724035
716.8796124239219
1023.6499818102915
936.7167007986633
687.3187067296966
692.1826087725519
823.6912812574321
375.71785358384295
878.0365444613465
971.5456144991063
618.2848898921142
773.0196399630507
136.5293101303032
877.6078773973458
866.6004321090165
338.8974536940044
750.5879009208683
893.4607674776162
598.2204597220923
180.13976035132794
735.7497430494717
946.7791594751054
855.370767762699
934.0199437112236
890.4522341939194
549.9406040319471
437.05135278008856
976.8926193840578
401.6206927250862
130.3082759488418
732.8252170355383
203.35290615833526
432.18248581093496
225.05364467613765
460.62666198241084
905.2523928699014
1010.979400392898
762.6694840780839
758.3321888506663
380.7915048601377
876.8881450754806
549.9848820451643
955.0469886955151
605.1632697609723
728.9423266958522
652.2684121925533
315.2897703654205
957.2620082532428
1012.7632710025257
334.6696237055979
895.7902841858416
234.89792240719976
835.3161484830589
850.3598173479609
551.8359509555604
460.9660191286441
941.1223705573962
1017.8525437159191
43.83816806051607
903.9652115824861
893.5683690610985
326.06864599107473
