789.1813628667672
428.33231252200346
836.7177613658971
917.2173473720161
859.0090510277214
970.0644501402732
440.66784500101915
416.9861351920546
482.9489782919003
1023.9816426125843
193.04747075998216
650.6009248142143
573.8055605613697
670.3607471429268
394.765786671578
516.7414923697463
833.4475953938409
561.2154217021234
11.613552219549774
861.6881485810388
115.3257462639283
886.7472955798319
725.0405717952619
313.9833751309991
292.49855329389436
691.9543017732368
941.0833195840333
196.63588398679212
547.8509858072662
172.28880892952236
439.68945913077175
939.9544338170803
917.6096208585155
665.1829579125418
198.60113726457143
158.15866400257607
860.2782392554846
761.4098875684543
873.7219140886803
17.549287507986946
485.59793884612543
422.15211996837206
916.4567995428729
771.3282788732772
387.14968350441984
754.1625810036425
369.88281337011176
959.212347255386
800.1766049674973
704.439885169329
456.4312543457173
728.2062314985213
22.02224400523869
752.7191082778386
186.9859458208175
903.0581287814693
927.7118768681145
512.0148251502819
161.39480893354516
350.6850852275903
767.3677881647943
917.2702940492087
865.7692859638486
1020.1281837941732
136.20860019341353
519.9048884901657
245.69767322400878
1021.1046774444945
614.9480731298388
950.321358546721
862.8131529859512
977.7348362377846
890.4639206123677
941.4795899830062
816.4986737054921
597.4387686436282
819.2437316257726
888.4329449141972
556.9979653510065
828.8114858671756
1011.3842059755837
801.1660521558242
423.4240218422709
998.7509831995416
783.6211476886936
1016.5914475994077
351.9812671809474
472.9181543234381
891.0433760135068
149.22635428651097
667.0965899017494
734.3987331050071
475.40287180489565
572.4144412812469
756.9930522246341
621.9819938513322
999.402771732446
867.4892437056425
920.6785704523691
418.44564687971354
540.1353787145833
80.43491627013168
789.9278934195625
375.04300797594215
406.85663408322523
500.6518284819381
442.6212563708583
529.1430429010431
932.8586185849687
684.5031179898374
622.3169235739944
1005.8632910636379
393.4214104398286
255.34753233940557
146.884343033532
637.1736731894571
748.800136340713
277.3186708397361
143.40883389540556
834.3776024204321
232.25540189255128
323.90752327657356
894.707602049633
66.205822521203
948.5754947663684
837.6477973823257
1018.466277852302
966.105863237369
953.7148039530516
573.2520798819326
691.166258603901
390.93890809382265
335.4909256920697
881.747321815126
598.84312523825
908.7535353186896
744.5187587089687
479.48564973026873
771.0939720482975
576.3759233302408
476.5518153995747
960.7721421117208
489.04749083001366
471.56465626608906
858.9883793143201
541.1076831221308
244.8116215794837
820.4006350823763
725.391773954666
870.2068487613797
644.9945446204708
1002.8969891386179
867.330695541401
663.0766027227696
670.1342504669864
235.2621418848022
657.4961149239266
581.8754310556351
342.7544513163135
843.343015313438
1011.3746833200087
990.6224737293326
423.66227565398276
581.1972717594618
309.24098762911046
553.7590698797433
245.5340405115992
673.1668836199258
838.1175885152466
680.5711026306832
55.53027009118148
740.939478039051
982.7901738023368
642.0152288365448
677.2061421579706
832.7806019779631
823.6883980034186
904.7297451234906
877.3774225410506
333.16295057780167
875.8765831138321
699.3824854117331
302.1775544746297
632.5772410556715
612.706996577693
742.610938476698
57.869922374223165
421.81813623846324
375.19523394481064
968.1272681844702
534.7281351966406
784.3990441602826
904.0575822351019
1016.5231730125789
662.444574736182
654.5694804378368
225.07515507677158
578.2515613188539
0.4730956054904709
265.89028194456205
749.1902404526048
979.4915532430254
946.9570892861324
349.4921012636787
343.5894175191572
743.739519887726
296.2750641583839
963.9696442865927
492.99990670695524
732.4120128207267
765.5872711337877
690.9131162922879
836.4954106974383
890.7787319554296
813.9100172812954
772.9008724756702
775.7731024579662
971.4207337032328
898.4188978265202
531.1327896438379
773.0541428713617
842.6681893420554
377.7084353975205
937.7886287017229
400.1436182206978
872.0028053688619
954.8382540315727
676.6776992962896
627.6990380474566
355.189794195471
371.4330405863019
851.51275991343
910.845155826417
635.2936258894377
630.2014262790191
226.35664925891217
980.2563316892277
306.380240379125
867.0701162187463
564.5505287557128
137.4188981649287
384.1623211365786
346.8717880613441
593.6855700425359
558.0911763363172
856.7987375584285
814.7138021658075
886.351091695585
730.8063731281334
552.2844181102823
735.3108443770027
714.898549624934
901.3802870298709
361.5329694134515
123.27948533438234
1012.7962663820688
314.5513259034153
476.7038440434907
869.4768771302956
613.4883223368128
714.6543840495101
786.102749139719
781.0948190174571
910.6382104236163
865.8901416689885
423.41118550254544
945.4935272086658
78.43407420180665
1000.85830647268
20.497073824438303
301.38220825801
140.7520880143444
882.6905054530691
434.1626507294071
637.1344263912748
918.3596852257472
685.7868933686523
476.63292960988304
954.5562995073624
776.3656951719053
286.6168724636932
671.9058473951111
347.4008298860555
521.5702533606022
190.6122834044155
327.15121599241513
780.8366675052669
938.0526150978754
88.81617149750275
271.3204552557896
939.9676933492649
251.14003296052613
1023.3272989547821
617.2430942977369
222.39390509132613
505.15614575965344
913.3602559420793
172.45708540710768
947.1237410831444
366.62993489287885
923.9120234142334
845.4699654449278
830.6817030631229
802.8031216933741
860.4546603982358
267.8359942204777
441.837892927231
746.5773732685191
839.435571935604
736.6710615845957
937.8574599816715
845.9509395393678
964.5052581477975
954.8763803244386
1007.3563033797924
533.1884238064627
416.9536614175528
716.7378902444696
648.9104267256987
425.92597169814655
547.3021732422542
676.4460000805686
1022.8023642417451
822.8332367381643
822.4892159515972
274.87310821602034
957.3774043062054
239.5118350396648
168.76628470660444
706.4950925704552
983.8593856800724
1005.7139406289867
854.9798072800199
405.58915066757186
641.5702012517652
500.0345203001625
400.25998482945806
858.2143336847105
1009.3231307065101
779.1786684199706
229.39020533667644
923.241610932054
632.3844971218368
326.7533960531398
411.25782959554874
596.2088083164306
194.53295035348515
265.7123355192506
53.72408914884625
771.0912534438617
695.7458418398066
420.6537921674486
302.313189272606
986.027543628009
793.4532910365734
187.18494195037954
962.5219289629548
896.0748312259288
33.33087454397116
252.3314980832264
