26.98264421448691
47.04195741554114
54.51840613172963
60.752983042375845
41.932266417191535
52.077476154267764
40.705177804928056
13.097146551575989
48.06720788025535
44.178157672381346
32.65878594663978
44.615377926060034
42.91105065074106
58.24780822683435
57.40779072198983
60.74284051090527
24.142692956891025
46.637624942785145
49.27065284428447
49.504866993143935
41.615041516553944
33.54719204451885
19.36484211247066
27.937095957393616
53.804214708272504
38.73914119449351
36.04274529527494
45.99815657529453
28.523945711948954
51.55937259549541
35.30664046241194
50.240301525323275
42.68296437568813
37.422496852391234
50.229451653680925
58.24987647181852
40.52821835254273
52.997091437384874
52.54920714315318
14.828709301594309
46.33787322483602
55.68117592187884
29.258166563557744
45.03821305638766
52.61889353742704
46.67761364307861
45.29310635005191
49.52903654593934
59.3479285179775
37.62059415370153
48.084996398673425
52.671697158160846
48.99434691016323
43.143835470220836
55.828381802738264
60.04818518797578
42.469179362256185
59.34798252405842
60.832561624937966
57.46818529774273
34.51661135324807
16.860042976586023
44.419560298409706
51.67072968205677
51.45988495545476
12.158754165875322
63.03029723827575
33.76968243782902
17.067955828441555
16.673624004848023
26.528310937447934
60.24114645655215
33.05084116588009
26.485200127679725
39.4182511859988
61.96108734442314
21.454836017296607
51.99255621020212
48.840809890196766
18.76939555438762
50.59689202221827
44.91624606541668
38.95911360980251
58.24299600108335
5.786830460210496
40.49254582198114
19.4136522482532
48.3357272684357
61.57865620709557
51.4041763532088
43.03564548517387
43.068822630558046
57.79548736109028
62.418332524453135
45.60645536671477
61.05196102006276
20.437269714142317
47.8960076265502
37.721713224861126
18.826738638196815
30.358611158861365
52.53387699542324
30.468224351820716
14.751300659421837
62.75576695222876
46.56208022909174
30.37040847645298
49.16050600084811
53.4346030603577
45.705271789325735
45.27457729996857
5.100007678778951
1.8837245108171317
27.86988352374469
34.17319037378736
52.74860686025937
11.12668110461027
22.7549265694605
55.26312233974956
27.96934033405862
61.615517462303806
44.44072984105224
34.80293732314996
10.857672908517507
28.166403311580893
46.08548465400422
29.196305426849136
32.72061652713228
50.55689129079027
57.954506377512935
60.91700607815069
38.57438733424988
62.760717493915486
63.078544239525485
56.655395801757024
53.74642188111849
41.66600029770392
47.59414098343484
42.04908878532563
18.02726628780362
58.54338409306009
41.50255608079044
56.280411930639396
19.501670768013547
48.82140497468189
58.00163293137854
46.96033736955303
56.16360259579526
29.42306725041196
55.64429525107355
61.393831596680045
33.70840578944417
45.27804497635837
20.389046796843694
50.74552257214861
45.34966715399517
55.664077158972106
48.0812430520054
49.15820492145527
40.88877896179413
13.09316109513373
54.48667630685076
48.783096307696404
13.458810697813767
26.155264336812174
61.97079672590295
36.89764907742439
59.685536862534455
60.514144198222326
14.407189443492733
37.5392944316237
47.872278175849985
9.640670979404888
29.97868013051199
32.040608486389004
20.12730079035292
60.47152081811104
38.88401090124512
46.50659855967557
52.177935312996574
63.850421862541005
19.246493456273825
23.33705405327126
43.91996399730904
48.92730195501873
61.385910621252656
51.372578643820574
52.39865156426339
51.58880592885549
63.56670217147084
27.803028654702054
51.78852418228169
60.37652822946701
56.74205698094948
19.828523971181085
39.8606412060422
30.263589995737256
42.91005644472294
40.975439308650856
38.642109135440506
10.365932224946114
30.45866463757836
50.864922027186
26.713057376460462
46.260069288344766
58.260971754524896
41.68703251280757
19.713071734664815
49.428597077740534
11.365843529440752
35.49081624557272
50.03056874837358
16.704705903422756
12.484468035437025
63.31241100452242
48.21092162881777
34.77305099644424
21.90263359825517
48.71087806964515
32.41814303146205
6.762995455891534
16.398031877428657
63.41276476931688
59.617407473743015
48.262009810901134
61.397449344438684
47.5197900571971
43.814314786333995
48.62130299038825
46.44468214790301
25.775420400609804
47.782575852485536
18.465354752152678
47.667006824455655
59.559079053663005
56.28031781842637
46.50380076077214
21.816414825083896
45.90305008804032
36.794852918662144
46.69683812245428
18.619544327044757
52.88068764539457
52.673457765799334
46.13554253130198
59.300605003421836
56.455900905312895
56.86390579115499
33.122700851029634
46.057941269447895
18.06268582314889
16.713568055186713
25.408519123194665
19.436245733115967
41.40276025034501
32.87903210271649
26.087718443230948
41.617062876716844
28.693487755862876
38.8219670460455
24.562094701750055
52.364543725239265
15.051632388316328
16.651807199295092
61.39477096938365
37.9181741088036
57.69648479850021
55.54882865144439
53.71122030335817
59.72104880590153
9.858454067157673
46.28881410343091
63.156903583543155
63.59701049899014
16.501755584662405
32.07751562283259
43.32058448738148
2.2113865109762045
30.102108023503988
36.187818776095064
19.913274139824985
54.566195724842856
56.94838430948924
55.59608189255463
25.690765102590028
50.09311122672621
24.13277856286706
32.923173046692405
40.78397745759115
48.29421899417356
32.78347300437087
39.52620886364644
60.228462068660534
40.42002199002677
48.00864610993439
4.642423654766034
4.271328552733252
61.307635645330194
50.751523406982244
14.92099681715289
31.781616735695252
27.486225767300624
55.11083340663937
26.494593297833084
55.43648804636415
27.894261795380324
39.028280046937866
32.585841627445745
61.13269471629245
5.262223717194871
16.45655932596282
63.53389959682392
21.306739236264292
37.43528022352969
36.12208856589185
41.377288794997824
58.54787389708838
27.428301711262485
18.018796367569173
4.5172172444373615
62.30532187776947
12.639365927239652
41.48416311870255
32.32476214588038
55.02786738993419
47.377241760437045
15.640941141192691
27.27903250992074
60.93612478745124
53.24159657247039
56.943916164123294
56.53432245316236
62.270068116194366
26.8884615764874
62.31266343697201
45.957064288023176
26.56221946584344
63.21544886918931
51.620223817972594
21.490449749075054
51.64974599431941
58.184682188441215
28.14613149814273
15.125205936849163
39.33858592890378
16.871005135418265
49.264303460412
28.19034746671518
37.403910902620474
36.63065020015033
23.53151623621404
42.669675584723194
32.286048229747685
61.8019367170667
22.39340196474614
52.917397923881424
34.12613680611351
36.59013484663082
46.27873904261497
26.42757737929579
26.74576059928158
22.708612963864894
35.86507595102982
26.66399899662928
62.15196624513621
35.202762178806665
28.309720050588197
42.18533919396683
56.79328504923981
9.877611367605468
16.700615688959893
52.07954344442658
49.69684205416255
51.1884884190914
34.453021579219964
12.637270498914411
9.396075700737704
30.421463672006496
57.46074251218669
46.74549917660089
10.37171751420994
21.431286658280847
36.267715060405905
53.193242215298696
38.99121778116047
52.66563039746894
10.535695596362345
46.91668354542274
56.00834381753445
34.95045921888917
53.17904096426695
61.37980629259865
42.452740854203924
30.72944439384282
25.778799360767238
29.082718314915482
53.31317711798973
35.1769276738314
11.412309226063584
30.68404242633796
33.78866156178809
34.89826200219241
4.517734652864817
46.59587861483176
59.317714013563226
56.20812875476587
45.55667510027993
55.812989600684816
62.81443025921221
49.310962183384824
12.277520772440646
58.24352124623998
53.01100887281581
53.898105209619104
45.73140557380326
3.940809192494747
30.442825834960587
43.36987626600989
35.47187308534758
36.227940789505766
30.07799015439852
60.83870837565236
35.29536213046384
18.116224322016244
41.68558943968078
55.07306745642886
44.90213924329725
30.35423204806628
57.447428995808394
33.48546083365628
37.963276304805724
51.76577134792187
42.753867215053894
41.554759508926416
47.52693691777293
57.041723963397345
58.87837176330477
21.916320561094615
41.07356276261451
63.274086026870044
52.10051498424266
49.258568555128086
28.95302790247873
47.38385234339876
45.604305769307224
53.49450276301684
50.36800743923382
15.856242328874181
38.43854510226574
47.95423233938586
17.6706049142132
30.15977815956831
35.30744924530782
33.62000966742043
54.30931940245271
37.38865243118514
55.97843303481292
56.400555307969924
5.381950773356785
57.80206849598681
25.694675143448023
37.94118193539508
57.26104757622156
13.520220584358086
50.81144428168124
8.80471307791143
18.12880092759447
54.1680857159007
46.552677037468875
29.732446404340557
30.35286160716432
49.60179620506533
62.01697879848162
62.51144954726661
43.12588458209346
51.67319480986701
33.910001630207304
32.03429034093974
16.11086999731694
42.60469544689895
37.87754686767258
10.474932078139197
32.176133104359124
58.06371384396028
57.476877316685126
11.300505463731447
34.79082793078935
20.187974252131816
40.212631659043566
22.08796418082578
48.50976216723751
37.98045985777122
26.904217112954086
51.31543252222373
35.96526925916753
45.944297549537495
41.84547389287563
33.45249595552093
59.92737878456079
57.86482203390525
16.973251108432677
27.569297211714726
56.06426235472306
49.77641716236623
23.888432540826848
13.441946466300664
50.1838431057594
13.178965255685945
42.05827744763904
55.56251277092704
43.86604542597628
37.147909969328154
35.22146159146388
35.12495595439361
26.761828676451387
32.85617910075824
34.026650323410436
11.855133525661707
39.637536408080805
61.60370130622099
45.56002766017111
39.1611869316864
49.65583739874111
17.14502765792951
20.40401530388784
42.10560768859296
34.400776749505255
18.30148396845361
48.344419324908024
43.63422526609564
14.980867729163869
51.811632270473666
23.117803728345272
47.91153225792914
14.317602684951773
14.698157980777431
19.248660939084935
56.49862444508265
45.61722920790043
62.80683285140183
47.39814302252506
63.95187499225624
61.62187161696143
30.653028433744815
50.30397289102598
16.603475906028713
23.386609649079062
61.723911421974314
50.67312134504376
56.29760311473417
33.80135966280979
16.28444168692088
56.873962348863536
49.59475816722045
27.749024757206357
18.56524484429991
54.258572970399655
52.56835102573242
58.01481273261895
37.280371574403986
54.74657976069966
48.557340155959615
63.77085559430412
44.68555669901766
11.976736720175879
45.875178265555036
54.86395312833888
28.389674557902723
54.33977310650559
48.07671111507125
36.68430704614043
49.43202415308025
45.65407616770419
27.500609833782065
41.55023374911998
31.789843261971434
43.77056137313585
34.5792742818432
52.23762929360615
54.20782487257188
31.2683717069117
33.586382354387254
41.61451539454015
59.39916845409509
16.516166339946267
54.71344688471867
54.13037537313977
59.63267417076384
25.5364647919964
29.004686130883186
41.91777893795327
60.476096011234695
29.10089879977557
54.08483046128532
42.689465203074796
61.033457212637856
43.25120354729705
54.97625506766394
12.398899616827634
47.45995512151359
57.66747936707248
58.425474851408296
41.418317127284254
57.48706952342708
61.83472489034279
46.737151257037766
40.84161583901016
19.544009177762184
44.753362625698244
63.65670633374616
13.42118979391855
3.0966545130821572
42.689023596512186
61.60719073879638
53.2846839540199
60.51984460502143
37.76766156305491
57.47539113404257
12.829880147640175
2.3289036260608214
48.43272669678605
31.510769644622663
45.29346468078933
61.066363594814746
52.158545505939756
40.70732158965115
43.422342522100465
52.25590405672007
32.24719810196538
19.943328038483045
20.87704433182917
45.162291477305395
46.78972488124547
20.41304978409824
53.50232748067387
49.53745333505194
39.19554780798328
48.566513936224126
55.97775641728852
27.890779318487212
46.66928906746533
60.574121402055624
31.831071998199924
36.35728139706528
30.71951285898423
17.013364614318448
51.077871221673014
3.24134945651177
16.13420898924332
20.96284972260394
27.834924813864056
52.40108314827121
41.93344004096217
40.2013414929995
38.2745635726847
53.76105057179041
29.366425568603205
38.96227908555723
61.05159087919023
52.7550011006027
45.814656193241326
39.84145311848137
46.00127470705518
11.236989652793241
46.045933335849355
40.26952873258291
55.08955345872356
62.852507335115526
39.61712728714642
26.216009056964324
33.25272313184671
63.084852104164156
16.824222851959526
59.51015356540321
31.23652948488043
41.66680237615236
53.829162655293416
41.15798058414513
56.005328068332574
0.407522251241744
36.64225943936536
63.46600165109017
57.61897266820478
13.702494381924168
50.64720626800685
36.98346904558619
60.77974010869474
61.9724325526475
47.34553995995194
24.73091742348611
21.20767256949548
16.290058178912197
29.506204229914815
45.07090380643769
54.43147142597547
54.491393015429885
20.307162340661385
5.5510387819684865
62.10015228269795
13.016493488999224
34.890570694427716
38.375101924697226
55.18848370692965
35.40903325915732
40.318347096390845
27.257000739857013
43.10713409000972
61.6664662107521
60.589618209923486
58.24802257604422
16.71565707430333
55.516017724907314
60.62277356939039
8.672673890320198
3.700309882454121
31.86230498034498
33.326834792837786
50.83443805610877
63.59698137754383
57.02180522916421
61.87606153714118
29.175086420691223
60.9865505143831
11.308803503280984
11.053008062034387
14.852393719342409
34.07769922599034
25.174766007228442
59.47448235555834
59.14876198972764
12.930319868486919
21.255369470400368
52.8974579210542
46.146389278664785
60.96388438161521
23.346462559594542
33.14907407938906
37.418668011231574
42.50793471741361
18.22428944296889
39.97570642740118
43.60812063233648
57.790751129042114
41.93710247963446
40.387001560858465
10.398139597735288
59.7117784286752
46.300416996137145
59.743399441881934
34.045323884976796
49.344703576815874
38.860552338542085
6.17892587569051
58.839666152448
36.43274185573732
51.00918938207133
47.761538420546444
32.803638553827426
20.893317323305027
45.684096432964
15.265140689246884
58.66500691542736
56.19630076885366
21.10661817197763
55.08962879446012
39.51082653430093
49.70078405746583
17.89189888202572
42.460515852255426
40.878121716814654
50.218730798955
42.34536522112698
9.211797454452807
50.65419807364044
47.281144893576695
19.366384778693828
42.754252399722695
22.82568196738473
61.229831227025706
56.422860369254934
53.12302338513421
31.987832066637196
17.089936875230826
45.48001195092007
35.90736229206333
29.72984642786303
56.213671832972686
26.098589469994963
6.636201248232943
20.484605661919055
37.27667117572064
43.17642238312459
35.15450891737676
60.14548338905784
54.33652660820464
28.210103183750135
45.87470484031396
62.98030544216251
29.0712090088481
34.25729729216401
24.83089034631913
2.9084764202604347
56.35779171450319
44.028382161896445
4.138939963270779
40.43540705668308
47.816173640861635
55.115477361380385
27.371071238697205
33.73592021563624
41.96881805921664
40.928188542727256
58.30179801564664
59.57742338931316
28.747309922304616
46.48358383301418
41.01960284279136
49.14945388479876
62.53061572544894
53.66241041007664
5.017365877016232
42.575646520914916
8.13801625205351
26.800090894346326
33.53843999179665
28.656239319559724
57.25809583914207
61.088762805739066
34.25818877037018
3.4014629192100827
59.421241675478406
21.013110542591818
45.735692240009996
47.817818502390026
46.0487455716786
49.670593258774964
47.315609728723274
31.72680463884872
9.274811740357748
36.62206814097057
49.660915097038554
35.193479435720235
49.490610737626646
40.285243113947196
32.89815987792707
27.908866121761733
38.440692282997176
61.71662277362258
20.864034881626274
33.09289270514425
61.65115210203957
29.686856345691282
30.043114856652572
39.0078485472993
0.9267472240525052
51.29004910828826
56.67493780799817
9.186282389662807
47.87570363750944
33.387330656847766
52.55026347963077
58.6692325382385
48.03078959543036
30.912253029525964
34.20333593213681
24.420556950814515
56.84311592216799
54.84763528619922
45.2416204613984
43.36954396954242
13.13591452808054
62.867962932254535
22.993519367396914
29.411632760754422
10.732626061963792
36.12077916372799
19.748405517541798
57.44831064992781
49.924449110924904
16.143196659722456
51.54271491878465
59.01099602155104
44.09492647998985
47.54764545118614
50.20532711793989
43.52564148707762
53.011555154338396
37.903861709019935
26.305765592784248
14.12168072255237
59.07123173029389
29.83308316994711
59.52676162074697
48.9216013016194
31.974940473885297
36.228436464093264
29.957864270430072
51.66070245675115
54.68588469826389
4.919356068186467
54.12025574993445
25.04230925695081
52.79071711817413
8.852117647810559
33.61760304286831
60.34725743888632
52.144749911651935
34.16637849201142
26.14444631835636
50.499013212513056
56.29173107572101
7.853082723107825
28.02691084582542
44.353739117450985
52.63057911109313
46.02099345065578
23.846985867486843
52.824609663079755
48.19157637708898
7.879525473696958
16.82199635282808
22.628845541854098
35.464483579476045
38.76857628525693
21.468446553069754
21.961595171007097
46.30504420936239
0.2176396126110589
0.8466609442237072
54.13348157657284
1.4967003322596426
40.13962323611183
15.025314523001299
63.81459322272951
55.521791617983325
46.57105528273863
37.572263293191
47.546503963124536
46.87542904925638
52.32499228491223
32.70170487915401
56.2739455451803
43.882675374755834
40.513622249080534
11.65700863053575
51.452539172101154
39.413598913875695
31.65873042509712
46.57030195823509
19.74930377816022
42.137176111034314
30.4439253521952
28.59292937752953
29.710947114093457
50.93884533108944
63.588739295187224
50.55629710783755
32.402707849224306
0.44884079652251785
60.44044457784905
35.8994019834868
35.79901186185811
60.958553009378164
28.820362435712873
50.318565515568906
36.04399505480433
34.707994599235434
54.29792407827857
57.27388529810408
36.955628750161225
17.664046193784152
27.977361690049037
45.75515830353493
34.13357122149935
45.68984637921582
39.17660407839516
53.769744122633675
21.325473644997643
49.12902395795831
58.554604965938
55.40453068543906
50.2151374170705
50.796827978264325
44.33912834339785
54.882183509416684
59.522504757237684
25.983493486977444
63.36660935142769
22.60135717614059
30.900138744966462
37.95741638791813
29.15862814788906
13.811581121802732
18.184609074974546
37.91773004685952
40.72379273278497
14.109286489843115
43.22041950569713
12.83286022400705
34.120290201701394
24.00282689159637
45.28246312956757
52.78177250892072
51.97469567985255
37.633331351632535
46.35558175722028
22.19182450439299
45.17757218865067
38.5276407710854
27.55273798257975
59.463622289897614
44.09331828218744
61.46653097920159
63.93424212281811
23.03805506064124
42.22133950672371
3.258682647098503
26.72629249855894
63.26420256905644
58.02018395048434
38.0350598541831
22.04105896121642
63.33753326840302
13.604626555567464
1.027664827351316
7.0795128018651425
52.0843738906917
55.812170403539156
49.640884330020974
36.967910213163094
55.60526219185333
12.40639862423587
22.357493159562807
62.25846789435619
47.69819095378074
48.80641961236612
51.28819313639788
6.468245197697421
56.75629586600735
12.712031312602186
57.674016115636036
31.682763425812738
25.82812503734484
62.96308284710004
19.040452298768642
55.30468654176151
57.58066303934717
13.288511448124375
48.638474596502995
24.453031132972995
33.94066708466576
61.17514001947758
21.29776923564684
61.302631295687156
54.191223369269736
33.131954525005085
50.164271018465584
18.50647320204928
52.35802925011931
37.06476281907895
53.90231172293886
36.37643414213106
22.79196229799777
22.17881424597003
40.23929452322798
30.603476725200835
62.906660796526076
43.00136969444726
50.819285935870894
56.922403445571696
61.996651144339054
13.69557479157858
60.35393388194544
26.04762282950491
34.84653784929806
31.839078319459404
22.728940847951513
60.53301724960977
63.635190079405284
29.434123736592603
53.57424885711869
46.28824953910339
30.459736835750725
3.7916862848807327
34.10385133760849
10.44124720694856
56.776885726062915
43.170338132667
33.20271928076411
54.762746896740026
14.084515310357602
54.24388439104386
63.02221010959973
60.33138299631454
5.996005446549454
33.530427082537635
23.51713253056503
38.40726327216274
5.889859259251878
11.011195195419688
35.029065649813234
9.296049211740758
63.65459744841163
47.85063310256761
37.25441368864503
31.853358661632143
47.4677360445489
20.694542803522182
55.75702068108215
60.79838975201288
32.31411140765401
46.04900493313215
16.77414626506905
53.87149170676775
53.89324029346131
24.379315378167696
24.14983006099269
18.4902022547843
35.897252455556426
41.57441150659803
43.4912448434287
27.717827982387057
52.08128893090108
42.97176240992387
19.806918532700976
27.538563623994
42.88688748594092
57.099639623312385
25.027908426354735
19.78502327824377
55.636412986554916
43.723018769652924
15.719177662520629
37.857394280202406
57.575320863703155
60.665074222989205
50.02918046683271
42.31786433066576
44.1360398717806
52.07705048316244
25.608497105433493
38.288810867635405
42.24496130786764
22.115981498978854
48.67864620765666
10.748197998703077
40.13830566525428
1.903436449412112
48.88858522184928
41.76959371010785
38.168213971949996
4.336994324071732
44.06092827211429
26.621805235596383
37.646574160841986
33.94061575453006
55.6987540643606
54.74977761264232
30.814857834246453
60.04487310922608
11.017261841030795
17.155508288959453
52.53241437683053
24.6940336680656
37.78718511832331
43.28019220895153
63.72473487798236
56.8452186487332
33.41844160723147
19.155482550715718
4.642509314707368
31.736068044302293
50.51572260870057
45.18891060969388
32.597635128464646
24.48399631709144
23.62998393626618
53.81838899816917
14.973999563700517
25.7164749338096
53.4755372094866
49.07908396087195
37.004297770602605
14.581926487061203
51.372198875864214
56.077227806252715
63.1461189056318
36.6915998173121
8.072983459474663
47.03377322743306
4.858831340229443
3.276955795248533
22.505220975436544
53.146011503107076
9.933896900150131
59.4120288273361
36.90358593961439
55.85718433560834
27.726478618021574
62.03904221826597
45.79182354591428
58.15212073954441
46.84241072941262
59.84538786567583
42.398311763087634
50.40036513971542
15.440613100790365
9.787040541082142
26.65454153715263
51.48280976847312
15.439954537622967
22.716128877632812
12.09013583533902
53.08964229270712
24.54083933637193
0.02125481186905631
41.305900437950704
62.35414789428045
50.58371848767781
60.24780854757701
56.534754470909064
32.62579226862148
61.067260717739046
33.36167298005857
55.04535856378977
55.679483201010086
56.00146938381251
33.39213294404577
26.606982673557688
9.600796621378429
59.17388168520707
58.5480148972781
22.582694367809715
43.02438742873846
42.06407977258675
8.756307654512625
35.39171412224533
45.36948555167518
40.09145218968372
46.836944008219895
37.9202308029638
51.94427284322057
63.309205241431606
51.5570135573786
31.889323021005346
23.319413788963892
21.650129976802006
15.198901998041002
28.42006184299474
27.322771181560157
17.95210448782594
4.887034237969061
50.96170882540814
44.080942575358776
28.78272356794723
22.634272280034992
5.481742507044544
30.25307616707547
41.54312049108003
18.2587596482243
55.57699787535021
54.16140593035384
31.805120428652664
30.389791984095062
39.44924766041873
43.07992843729778
62.80187386028905
43.14303388270899
62.389314881455284
31.40813582321715
19.124082277968746
13.410958400505876
48.868966927584054
21.27275307902579
57.28572130672052
3.2172193864294556
40.839868240106355
33.84747492991489
40.27814217273375
46.390346261130944
12.713168919300024
50.91670059050765
39.310972110230225
28.10211150911052
55.337657809913125
18.327545539087666
33.82592981278738
9.087349152519693
31.502781317310486
13.242897182395822
44.2776350713811
61.5716799509529
31.21987835796341
40.969594138944075
19.9073628624502
26.543748330580144
27.09144222385511
41.55101748676155
46.519897149466246
18.207980741500535
49.78607184184514
42.04043042695669
50.766093994278066
44.161650321833505
47.9333123288249
59.71607577159118
26.118861345404277
53.66965453125463
48.2047400938696
63.399701265327344
39.87020148517638
63.25535981009398
36.201969728116694
33.36071655062757
38.89763291111723
36.85492646672591
38.560656989613946
27.950804744961246
31.347428461566842
31.623049199415377
42.90233336736152
34.12620358105001
36.3032491596104
53.48600932608254
25.84610081203511
36.27546578753709
39.43866602298979
45.42878290663939
27.88386199189847
52.12114343317581
63.10785835575006
53.422081651825266
16.612682106288013
27.091399842762343
42.107227242508955
29.52906879515696
44.440849210940875
31.943525571616256
5.451531987742747
35.35531720315056
49.910264840991815
13.005352581637986
42.81857757858175
55.25248141896135
31.987242808293864
25.40970840427422
28.223721603407228
48.804429803288926
50.7678766803012
59.13498424631998
57.16923216175294
27.601077468771365
58.59162315374017
49.811179952501284
50.678387600026845
33.91187402347518
45.95026668329582
58.504420304103064
47.35111363957258
6.306866633186644
44.486709735661606
57.22946525089953
0.5507487336280548
63.66086050888899
19.14447217666209
34.253408143388555
57.43782709664362
54.51602529172972
56.92536951098968
60.084904870254945
31.327164325399828
39.86548836196001
7.213137734227182
27.197921805532616
49.36521929055955
18.589456372011064
12.351476507361113
13.008112140608347
50.883945544009144
57.15199032416383
42.86155600971246
53.58450833885763
37.51926321004252
49.54307855052646
53.716997173373294
8.549719915940862
55.25619632329644
25.541533055270122
37.54432496391901
39.78137336691832
35.821400880286376
27.765865433386253
59.2669833564967
43.2437367424693
36.90632160249119
11.855160258911198
40.97360142596928
12.249245924272408
24.646763478016013
26.916001922900946
9.502330266080882
52.934826778171654
36.14170884235983
39.52597716503371
22.471525229564904
32.615991021521225
18.70873406857463
50.40065062078915
19.52151328499528
25.682082868405963
15.565380241868219
34.4780089819219
39.21663456629193
5.37259196129623
0.4807203471618777
43.87733309100928
62.77699481831051
57.6397486084103
57.414209124635676
37.222259269853666
58.87413273474684
6.824041850328527
32.02524170008148
20.16658529115017
25.647716676858053
57.21895021765848
49.19482389409587
59.341986538231744
5.971247478894384
31.018810026520157
31.28434204139046
36.70871282131024
49.29096512613818
48.93466317216359
59.04680648290717
27.958850509438378
31.083693774434316
42.464419740347935
47.18554188615506
29.84044777033506
15.633481458265301
47.99189122825646
57.61332117303268
60.25509871683691
36.92188636725654
25.33829316518584
42.37465965357115
45.21318647847528
32.17932747975263
26.072631775505123
54.55663221877518
32.43767289572406
39.55549683086075
42.52554181270828
46.806282394024976
35.611934240718085
12.815771846659558
29.522671100988
38.696254040696004
58.06339316944679
10.885939278381812
32.138665101343065
49.271394315836616
41.43470896998362
26.775987599433954
35.22222983722942
46.39923699791963
36.97362168799343
30.456046297144837
37.77457762057716
13.161382354265001
58.80717764665637
42.1683155583808
25.076134831303918
34.102582344657435
32.34563713205968
49.81781261913979
51.08959433987499
7.897696018347133
0.38714926269837235
29.666615657314345
44.63266112891394
51.24638494518366
58.43680072407596
24.2111878204149
38.313679176551304
41.35635383453402
52.86569355168754
48.767979603736364
53.39548014294638
45.91069876186302
32.65007623885741
52.17870777838256
26.728154549346193
11.030923797997751
8.056628453051644
22.77767168595055
58.00581783213651
45.377488531805184
56.053081929872974
44.443004315874944
45.53766613923216
49.51196081750649
31.567747683245045
35.56062468240856
17.869469902379365
57.736510831608534
48.858326652659755
48.41348775552662
24.25532902584593
52.76497678554928
55.43220514057458
4.133086799359333
60.277032526167915
50.78956518970083
52.44747618391639
22.43260227964344
63.02074022742436
60.224354019353726
23.66951210373847
2.0419446545764615
16.54946113230401
47.907574491018124
59.92888117460645
35.96934718381472
48.99051611958792
47.38284081149895
39.757663895540105
51.31553792108204
9.940456003568613
38.800964295815035
24.839098909796633
3.210345767385782
48.33084064238078
46.415555256122275
17.678932082424005
44.81458590816931
32.527496899806835
62.30828264438297
14.012531538306611
16.09860523084796
55.519360729532465
63.46853344613287
24.27203994421349
62.82325382190646
15.772342221131282
62.44123561556648
32.12830127761039
34.912325063344795
21.401127452450574
62.94669706798495
52.67187590045369
58.86160797495836
27.191280222588595
21.258340112216608
34.14459408267814
63.920173108364125
27.18894245374802
4.9428079916363785
55.21715870248221
29.02502245495713
45.650394119156815
25.31850280181734
6.787377325952292
12.617004146045055
58.124454291311146
23.91746739074062
38.90547929965631
58.65966787014629
52.82642353833751
42.49607332149531
28.23036034283279
58.736996478076584
55.62030899281012
53.459136775049345
50.44087181098615
49.25131672126545
54.10920016011737
57.055996953260625
59.96903294557056
31.345265961125193
55.4916778504307
23.46879495840735
50.65441437243562
40.37074660194786
42.94872267104391
33.90087407944227
20.81585338424916
55.85224753013559
45.35200565789018
54.77523736664847
60.50579532422242
31.313254479422213
37.899243657155765
34.99596615799706
58.38673013128478
10.50469654694357
48.66621644644788
37.86103415812424
47.68164248919756
31.16272786092871
52.712192437054824
20.70576326577006
24.467237649795756
40.258211922773455
53.87058986348533
40.426624849543245
41.554854876339974
62.06384092453862
39.35433023018949
44.485502115089645
47.593038309774414
16.7071748490076
30.805332969161064
57.305465686967565
54.129945991925034
21.361920394578647
54.64836126317802
19.86947118370535
61.693572575426145
53.793357237603544
6.843303699175735
32.04807995889955
29.047175923985662
59.33459465179293
45.49774247319658
52.55867298989932
32.53599418781856
52.574257921548366
47.7954138687373
23.895315932135844
42.87286031356608
10.021894559679495
7.374669067423888
37.24961364792903
59.29990891234575
56.91281200897571
52.45710657002016
56.12318378013731
34.84042714400571
41.37826414451426
29.961245827848813
37.11449072806147
30.197675426285898
62.13704897546001
55.84627726229448
44.94782919312005
34.38389427639652
57.88410570928039
34.93023429919701
28.55305345251326
41.19742080935993
3.4950104150719525
28.797528025892525
17.092168674352443
9.429294467591568
49.045202316671784
46.26059485644171
30.196830355533443
17.171127143307615
40.02038883501808
61.63077292453767
45.0200439780398
15.531694138399914
42.24566335079062
46.69166209308193
7.01325688205921
57.800947549481556
46.285340942950356
47.08080765120729
9.965566859152773
51.007515349332564
61.85323623416209
11.327296724828344
41.404177880761154
28.46809802143582
53.65142268014884
62.55768229704725
10.687711533407551
38.485346084377156
39.85278650752591
28.53944873450711
45.14779192716652
14.410120026139758
48.12035400408081
48.37435751214031
22.98864055495016
34.67076278399773
0.9675698407344981
43.80916535410055
54.05423827416681
38.234485803120776
59.49580899317327
50.146889743482134
45.493461799078844
22.197441906396207
53.56469484338699
44.01810770154526
24.78703084764267
19.546645735222384
49.09506978938656
52.24700119730948
33.09351579218479
36.93946139210196
43.40169740278299
49.38886715049331
39.19203333766572
47.82855792214183
34.78887717904939
14.559775107114824
55.86693272193374
4.364727609592123
39.155524878904075
23.44582980773147
33.03506349710128
5.577223267068369
21.77130907089311
39.262543187027134
38.98720280251497
56.801787123348305
21.661618339235083
55.53339309750824
51.00112146668618
48.735133659719224
62.13127734737656
49.16355382722307
56.64415791607472
35.72613287848819
52.269286157330185
44.92441306145163
56.370293758745994
22.805515462544776
47.95276177536378
1.09424995154626
37.383840442985516
17.791362403386522
17.365632567821365
46.03880465600433
25.916367637864113
41.1074791860558
19.673728581343646
34.477880749738766
61.79256992122993
53.9004594169037
41.64645264956475
51.393897036967054
52.03808951943871
34.45122946931002
60.39966604090944
7.4168826526083365
45.04850887551195
48.6041235094264
56.284863492651176
50.76317303781577
17.607627295686726
28.39804191623292
8.351555985499544
40.70771477264973
50.10027953861858
44.7490140664083
12.179475388381377
47.983094126594175
28.506762341729335
39.843444729141844
20.04698578275257
47.39399404439723
5.235800120644207
26.918450529239344
13.354385276156876
33.78679778353025
51.14905937763401
43.066683189764206
19.237536333811256
17.38223800008585
47.06749154836909
30.08627614115214
58.39096416013545
54.99151853968693
55.25311982265089
60.358844799736566
55.03232178585649
45.530692791719375
25.788628223883947
45.270077206539895
6.585062518618486
55.34198148397803
54.98102438211141
38.43841027757245
48.306566915363476
61.612212898959385
61.14343272270298
35.948528961349936
31.378036866002475
23.05789180375779
50.9118590846141
63.86353161159905
59.01758879005461
51.71855833348758
26.727201388010037
21.144973585595615
46.173191181515634
59.06441003973016
54.06892820200525
13.293367956941822
29.685728386611657
12.70609033037529
45.02319888376498
19.097567013390943
27.800158415938363
54.76450851665574
19.420772847992104
49.262414371072055
35.601481852696736
46.501707279464185
38.28945382350588
33.60688596341122
23.65894497183261
56.78946719644775
39.31573466355015
54.11143257575579
7.056901861738865
44.698466968876275
38.235185064872
20.227486933841035
38.44785143491747
38.94091764707143
54.527743377614044
45.97380637663227
25.308213945348413
21.365852369930742
37.286128313360294
63.691635842624365
43.51331495731293
44.32682611301564
46.54238935042818
47.609158445040116
40.02480345130799
42.91767607772529
63.95647979523555
47.436494417656434
56.416428248229195
48.62101170595855
62.13491789980025
33.912446949511356
28.893455626812838
9.934132992711781
56.80169580418435
0.5822828013413428
34.52252259372058
45.20898526700606
57.63933753329591
6.052873632453682
39.355801606408406
30.932061917037153
48.852824533347054
62.93606557763354
54.79482267676718
22.433922855354233
60.17184729511154
2.3282002360451983
21.47731339840226
32.77003555459364
36.20781502248764
2.7924090144144103
55.985939735415975
32.25686259855425
60.30889652494759
44.047713996748456
61.92802565670909
50.733717216482106
46.098989028375385
36.63002888500134
37.389314872624524
29.670621243729713
56.75289563379573
42.28186085596019
60.76084636371459
43.11084646116066
38.506491175571824
31.56724551544177
60.81464473958379
52.50656196011346
54.429073408853654
48.98092979920079
27.16787383669599
45.80062240593814
48.27490776542828
18.277949328899275
49.51566442327082
8.527395095067362
23.494750929512364
41.97543279992844
39.77297679428828
31.63607598616685
8.940884986059451
52.00975554512722
48.593873569763545
19.119843501027773
26.225514682466
46.95954457859909
58.05713916121023
15.219696584767455
62.2080644132947
42.40308787178853
53.32997298320157
2.3511246845798865
20.154332182867066
35.80959373411214
42.3504629364589
23.062189640035427
23.77053698701726
19.141056565934015
41.90055913476043
54.171229570869336
28.647162784337574
44.83905488722169
27.72273841684934
15.56188314164445
43.13275138395724
47.570657665597295
23.624116295161222
54.25906293039786
20.574219041027646
27.609471371626036
49.95152127757287
62.484889350742336
30.182122799435632
46.01859343396739
52.139181657918954
30.930556532784927
33.27613244078091
47.898949988519576
48.318536873025224
32.59959274089622
53.70771230570422
54.335647222934476
12.801639851464458
58.104792658865215
21.89884826083466
10.445456140078981
56.28482376264498
51.70602501168594
19.920536304821958
35.22892680182669
52.79377291647035
15.576461360372171
50.5860336003193
9.670720642924962
45.40592481757375
29.753337359693212
54.86433003135369
39.5099643729757
48.03681525377617
30.074130760684866
36.475275503909785
31.96292636627959
14.72313299755946
61.926899010459096
21.791405199388734
8.755778937135524
39.552989717519694
54.152259200200795
17.924644474260575
55.656291060031926
60.82433679489428
24.202313650357695
30.949851322117752
51.1611762485558
46.92740441285372
43.200986692080704
21.386968325846368
58.63200622537584
48.88225950359011
59.80422868752782
55.302867665217065
46.95279461261795
35.54760107186393
9.887186309415632
14.695074890187051
58.504053503866444
49.20901868075535
20.414496206404834
38.07248543543418
19.837393791561745
15.367934535377096
29.444738627159218
43.669400685796035
4.799761993266117
50.03490004929283
16.878154377190384
57.046424007031305
60.28206318739293
40.81980303121757
15.491094764813056
20.606871996983884
24.725500106394684
28.48152692277077
45.47327637043497
37.62412736194353
23.814335295700893
44.94679829079581
61.23867056878807
27.004379007558597
28.428835128568153
30.84229029091683
51.91722772849385
46.06276014529721
50.753147330414464
47.993914132140766
29.28167770041869
17.385957258983957
12.462489511957962
3.470938729042409
55.66124710199858
49.29739041105454
59.04191427516863
61.14961873854643
44.81812372126673
45.11377762846156
47.228649293944954
45.868927164943116
28.98278492766285
26.904987807081575
63.3223500113785
57.10098417252585
55.29880533764182
47.04734497058863
29.821239915475623
62.48100636841228
53.602422467379384
19.00315897545257
46.5640199822539
59.50924276467089
63.59185505326201
60.327721663906374
60.315335473510615
0.25534599323421503
48.543181793303255
57.09323209014725
16.290806233297978
40.11449569247685
10.024531686892473
60.70312260398099
33.59452153522358
43.34471216762459
47.38746038009941
32.201565315438586
2.625372949374828
44.68688662306755
49.04188194482769
36.209315035288995
39.260208566082795
39.487614092019726
27.64472966088197
13.553182653926065
34.97916038797017
21.795501817583755
38.73571140154436
60.35073029675081
18.774312184760376
30.42692775695796
26.90359801332972
15.098272099213773
4.887903667123936
48.14500259729843
45.10957544753767
31.896936635814555
51.842720698416
52.10850141430981
30.257610382047197
36.17082654509582
40.484614324601004
60.07775241170364
48.45584620105495
24.258383054981635
55.440300640970904
26.053479427767726
54.685812631683554
62.92841308578925
31.750253165249546
42.99753940103267
43.053395908566436
16.618673807690172
49.108425576902334
59.452129115278794
52.16041858107265
41.404996135292805
17.04440357611599
45.86717199307431
38.60552722827359
40.92557273314753
54.96161214559624
21.433084621841736
57.97865724593488
58.76578426274893
2.668275375209923
57.165542245002804
33.070996098482205
46.811888323750175
44.303126157527345
44.37127956045584
41.97479366974292
16.142708418068523
11.906786382035243
52.17008490198879
55.548390606303016
53.69227530818236
50.40642196711326
53.97286949956511
29.80756986820628
19.31188528461786
43.794859724903745
51.60963859633734
12.211250300654896
43.99771489857798
37.14625604296742
27.885510813202906
21.965398801332782
41.03535680865629
31.899838657746834
59.85944402415143
62.11938618629456
59.49530452979324
50.89462246480322
55.411683229480516
59.79269865793607
35.44554439649892
18.910709077023327
59.8895493804206
14.438865670103517
59.072616430831886
2.0445113779782034
53.32004627485835
52.3468246733173
37.96056053870568
53.26805533991259
8.835807586250155
10.655673535100313
33.233284483867834
10.044041607736666
21.38364240766966
62.33897549909989
15.256655556177812
61.689655917112965
42.24249495130188
40.6290234790829
32.14653605178353
30.877817879021286
60.590494395067104
59.241217574074454
51.54123809819147
40.65537257262909
41.52148104041913
40.77783554871425
33.54832987894504
49.71915405313708
7.315843400533062
51.965792246444806
32.87629592116841
26.484579497339688
