9.735675129307758
27.0570566103111
50.83368586213418
48.834485189747596
36.30274780699709
42.13837857971429
57.35278034718478
50.38608398106061
5.408663349650709
51.129814115937094
35.90451553013847
43.17407873127635
61.25103759178052
27.664064005308283
43.76595782120416
37.08817549037167
45.78677035088407
47.27853426115738
43.42628604263471
35.22468019940371
21.158342119011614
1.6125126779824939
62.443602756522985
58.92345452400514
3.184689493810673
25.57820356997457
38.22989645416167
53.36395439718573
63.55791181047531
38.393103185013366
56.09649037581466
63.528255217289505
51.57827805105496
40.2588071835617
49.7719782217026
62.783590675056494
59.7775154222403
57.84352469500716
55.71615319392423
63.11852628838262
60.966664237527446
44.35836102869243
50.40423656007476
49.81857523701005
35.400025984193704
58.82621255551442
50.170381489504464
42.500647723237265
41.104565138740604
36.556003354738664
40.07540346202369
57.85520272384742
27.145293329728176
63.949059246533125
56.50191866404365
53.13818132844597
62.598520512832536
4.3198917069441976
15.582036836096734
58.784838133212276
58.50819590971898
22.061170567562748
25.370929863725436
41.433888794227784
51.2435120746794
51.10926898072036
33.63127777763724
35.354256814109675
27.71531044693004
30.21007608076217
24.982546990249865
1.8481298979691019
45.59244930477094
9.904836570389833
62.8096207405046
37.43396699147729
33.784324034315816
40.19937185849414
25.388938631904473
9.610931989821346
41.35270834564314
50.224570496965185
7.898162701449564
43.46539168908214
62.22261316931078
57.522792081325235
36.57852753714335
54.46477951090026
35.01595478332058
13.529534197027097
45.40498787277939
47.93457124811063
48.68828788293048
5.803653592927461
37.87795690651373
20.37443335286352
23.68194425858848
44.48181375180362
28.459528672716935
40.41175756526109
36.99770809806303
45.84420394682992
54.50441929972841
62.710295476960894
28.564886402308638
57.609716748451675
63.20885353790234
28.873821623838438
14.032380247305788
29.851614961768973
21.576695103365026
22.130364480900134
17.29810811825937
32.27716566933408
37.352383422366856
55.763362339868
45.63666600467904
51.14555067779498
46.27139006061854
5.7224520552057285
15.685681146996238
5.959905137598021
37.517059403628465
48.26384192909131
49.30469744442604
55.67975365053483
61.90848788994252
47.87241853307853
29.618847030664107
63.47777387015266
63.34342851278133
27.851893452437942
20.554397684709286
56.28515552575993
58.76380595689079
39.523671128713005
10.212523408243179
56.04525339906232
49.79373000924086
3.4993704395069116
32.89115671365353
53.05876731850756
61.238088161566225
63.603703018041564
35.06400087463982
49.30268791779088
33.21159270567789
35.8044974113875
22.204189745354945
14.794999547665128
33.22527236634427
49.62498219018324
20.774627706898535
19.12254066708332
57.60932569952458
17.578995360032046
14.378289634602957
27.479595170771837
58.89993921447244
32.6120862582279
61.59711436054684
52.07265757129734
55.61477685635771
55.213653360990776
35.39531383748302
29.870594353599046
37.63702937407888
48.16656764470824
1.4115173652316741
59.52070757760352
57.48277687520572
41.85979918251249
37.434764087435326
57.477836792389965
55.43887288972675
49.65433854193159
24.226807775384295
28.39911207211781
27.996507735834115
55.97829046465418
34.02431215872829
57.089438602303595
21.542338343017185
7.26126344057198
43.19361315273092
51.89946123717577
55.48654883922234
40.295352263359405
49.958087995950514
24.48078263833537
51.63315758045012
42.6956862006718
27.717480821727072
53.629467879532136
34.93074079295505
24.33379255897323
16.453771734086743
27.403470125515355
40.83913070757791
7.332217630390282
52.73107290848425
48.593965266520534
39.95024136278613
7.156806390749004
43.23633263843793
59.06692178182443
45.762335916384096
24.61824083801251
38.88774093662681
27.398639786512973
45.94031119175404
38.61829424221912
50.56460876949134
60.027832247810224
52.41369617716287
36.25667154304432
55.95419528242665
35.247720300835866
57.15246478432234
13.413336624553594
54.67700547259525
30.294797068086865
60.40957656265785
60.34642474923393
5.413715057058539
37.26812770997688
48.40415459666134
36.116082448111754
46.42652001570691
23.390559077619358
40.222753972620254
44.05770324746274
37.45671823133654
9.911775363893568
30.64449567091875
61.317585466205166
42.86745494085872
20.827944790894122
2.868820288577915
8.339808775586135
13.483682036819793
15.086513282673586
18.246909651674358
35.091849808571155
32.6613426881638
20.422085739717787
5.341741388594414
48.397485576183236
57.23362942511255
62.285606779823105
55.9315375668913
26.149423901734664
44.00898001017828
48.16327776841088
53.33947697598332
55.48489818458443
34.91030851684231
15.247673237661779
42.655797230247984
28.352052229470182
48.11872507011763
36.48105205733253
21.84861310281225
60.58839839590836
41.089489669268694
18.72548809133452
46.67418445974235
13.761815291377566
52.22186125045358
30.39242822332244
5.138830843565778
2.4520246555724796
29.08991225065077
54.23708997948155
58.09189336936197
27.246510525377516
61.95884050924878
35.62206592899274
38.4176481655097
19.96984172869962
14.009417398420837
28.912389452709355
52.40388896272076
5.9108847671729094
41.71629544921807
38.83992893320132
43.73185662962672
42.14752003580799
26.60387500637676
31.695569437176594
18.997830340903647
49.07573208265049
2.1717176846742916
33.337248790124164
8.331603569873572
30.625746839485323
43.905745312696055
29.605259309664433
61.78812431392796
18.566861987389224
38.75843356485935
34.21068686536901
30.526108210512902
62.24533975310385
27.133958152483423
27.82958140158169
32.039528350401895
53.05037774999462
20.06459873714376
41.27483187866267
41.9873312960286
12.104857492361255
10.80020454372179
58.85420665789637
59.09706655378309
12.15505071976893
31.73803863012992
47.581061099657575
45.039650256344366
44.33408739816103
45.02283255906845
47.85978579436724
5.15013595300006
37.205396445038716
37.361708408003466
47.10585449684956
15.09806771749507
38.47264741920702
21.97446558966182
55.49280891836595
43.31354563760996
20.13506559313074
61.927976762697185
6.839509586726322
57.212257801544524
54.03153195328791
40.210055600899906
37.78079551983045
63.98591064930257
40.44639776117021
39.573674011548505
14.372526755729112
60.95461261500044
5.7627376014918354
31.911360273082536
60.403427224713525
32.51068616531701
58.26167372562071
60.43095072456322
18.957677839249257
57.94104193641928
13.4738199690767
45.23001419460425
48.493609565551345
63.61348598609171
48.43034619813329
56.51936592233869
60.69549490735848
42.43212368252922
42.11735775305175
50.039624339243765
37.95145403234285
54.51868280046567
14.20095036367102
56.963386458814355
9.490546127985205
37.79668282057044
59.549773614339045
30.89800765550057
40.89442660799957
47.871580637107115
48.26063207514556
17.08200189890419
57.66842842067026
20.295561654091173
37.82398563738586
45.222775708934066
33.792343513623976
51.699384372984106
28.815967144486976
34.121490052204074
15.962039768758117
6.759902273898241
36.39220193323922
23.195338518797293
49.651030221507874
61.052861640836504
56.31447256296276
59.77852777585299
30.71017540509039
23.092184718243125
53.50644340966625
48.87965538914883
61.9391216177823
29.43912579824648
49.83489025348423
63.833328399017745
7.378648522453595
17.076228885427135
20.238007075746793
38.85738987597858
63.15283197085207
35.086426043557466
58.45313527257848
24.444418529834707
5.137560821391986
37.60482841325384
54.94628515777389
61.955162761422805
41.19726038404848
42.053527724625695
37.020170712934366
24.8329148390742
37.04120590577614
36.30199707762257
11.813500369775547
43.60814945674207
52.970634347381626
47.881652766804905
29.425166383174243
52.00587867350911
44.057812947224356
46.0076595129532
57.965722399096634
62.46790413139621
27.17874496315568
52.16482960728005
31.2958395034723
53.8846015048392
24.265799642295192
8.202708740559565
27.72963534716157
22.386404769182604
58.787095634053586
49.81982968575245
39.0019723384131
43.328002010877455
24.596494366182156
56.96131732857553
60.86369179337971
61.35162581829347
61.043076947339955
46.14730190042543
7.963263569493634
57.203439715609704
23.210915437686083
44.57920684775574
35.077407152520756
28.636582546279236
30.16855844485643
54.847204068075314
51.708127810094915
30.054596901687148
21.231248681221423
7.845406202914091
25.71567177595516
47.305053591272845
36.44335645491438
56.59138244096283
34.64273082128984
13.72446225635894
37.53367938982005
20.470108780871207
59.472831900012785
59.36857091457724
46.1196910826729
16.947070706134255
48.370846358887846
61.5021689439744
2.7274322344277167
53.22320923295618
53.063046683115545
47.688827280327914
10.017037099919847
52.94844811928667
41.631059259265534
55.69457556373181
30.077304410700286
29.629643607701475
52.99430808566862
55.9341643566774
44.95581468242782
30.072347357582927
19.13639091754846
43.005592892627654
51.82058653487721
17.406134617812548
63.405699780483495
57.44478647564003
34.024229974097565
31.184549717548855
16.28468021940138
30.278690355787305
46.18681474913146
49.10213336871074
21.7235452614156
23.357550496352275
55.561240262801114
59.427135258098374
59.928828389452505
25.0809223481848
58.157655393921445
54.25506607758852
46.767360748771374
60.54099490589794
62.312669479564036
51.35794243095462
34.025998202128505
26.444987153173933
12.609523814114922
63.64774829374718
24.63222054166684
21.01089525503965
59.8692189583425
44.65355902996461
6.85972184308185
48.56871078449847
45.27959872949488
41.27617283044156
50.60499375865466
26.63424484269141
6.913426770584117
50.32456042914182
44.183199989099734
16.019485509910773
50.39526394585305
50.24550630401703
9.459345144219597
6.143437007455589
18.828283004311118
42.90610822435519
41.005714330603496
13.345357916509933
53.024453588431946
53.12160313356485
47.733268307678166
24.983287041382326
18.256016531281254
60.415580110709335
60.80022845991902
38.59064438735531
45.8300499810541
39.84211342319396
47.985439727238386
2.737626056285457
55.11061746776701
63.4303261895777
11.023768071368295
61.583579522448616
63.735497846216425
35.19398623957183
38.321036947562334
60.653451219633574
32.8263164745457
34.68204712326228
29.891443463515664
30.326473780340798
29.021081337927654
44.046859537848206
56.53548650820343
61.50709572639207
19.780476816038586
27.97095241275241
29.042689225053493
55.03757219978523
58.4341209449388
61.27137202979011
46.428324388573614
36.029777673014294
55.1883607986205
42.7561183060801
41.835529617713306
7.675252358371864
63.058727489236404
37.86721344097458
46.68611725612206
5.491427957248305
45.12042634232264
12.756760594596848
39.964932905374155
54.89290368087618
45.785675030071246
57.409957538827385
50.21197349343036
12.844711188854092
62.81678501358158
59.501335661898125
38.3524725246093
21.548251309818667
32.35310725982795
34.730471310089655
34.455414879016274
45.34810652504428
16.06990550702399
59.360969502898605
18.226815882728033
61.47484568957256
61.22090279827223
39.430579454967024
55.97187645672126
36.10819941343051
1.7315319834429275
32.18263113024638
34.49256799554669
16.01408858721007
53.04653878800668
42.788747716937614
38.029421274823825
54.21534903410193
18.24550659815813
54.74200298313729
23.95208814019872
24.38009856346507
16.568354378562013
21.362923412720164
48.40183139344285
34.44052900964726
22.940222463592796
57.89991880362261
46.41364051690051
48.580508257889846
21.69675679408649
35.273747225207245
48.71134580622282
39.46019935394432
60.651294903528225
7.095063270228692
29.388475473314365
55.88688740693568
3.805108166262926
41.31375892248984
47.98170688869234
25.9071004225751
6.1406434060195565
35.68971117965813
63.04281728645939
1.3239486465944523
31.251433772758034
23.305838854600495
45.178809904889626
49.895373363096155
63.93686551898988
53.73748363264886
50.077170295951525
20.781337040966662
59.83518065318215
14.563857738162909
50.7170190018352
60.686019193318465
55.092939020490306
46.70442495911108
21.22228211116117
30.36397416947294
55.96735280023171
48.26250302744645
10.783448428838916
62.11716077869136
12.206016701683808
51.822281445058756
43.88582778369829
55.344240936960915
35.71092918365164
56.1146957767469
61.38866422490496
61.7088785727295
60.21334551878616
17.276411287720414
9.91797959647176
60.16649463603401
5.6611705158171475
17.494439814393594
34.73308941515998
45.221316737618096
63.546615566549875
61.146091726386096
41.09444040972383
47.892921687175914
62.551500554022816
42.48394711986594
49.81734526582963
39.30690486133363
63.20152574782775
39.93998661133311
8.5878184903341
21.881152593259685
25.67990641187575
15.524576282170798
60.5922869719272
53.75283635042862
5.335879558180132
29.890812011883355
32.70113453283514
9.9623577419758
59.24786454392449
61.09225548248092
30.23722463069472
59.95669321284579
13.279334473581542
39.89754705075404
60.17839411896886
49.275364355886445
26.31300916673826
56.14053992787936
54.95506086498826
40.62965248541085
40.027522426889334
56.294188059852814
61.7746407605265
55.27242901369227
51.349716159532306
32.221529949104074
51.74941208432517
53.06221757378457
61.60432381556917
33.41766165603683
35.232040886313015
26.628018623912
33.474757243210036
45.36226967975325
4.541939953033463
31.434488060877186
54.35017185293118
56.0321783737741
40.083730680064335
52.356010563495424
37.68367072608281
52.28522606843964
60.461303607528315
52.372797637433294
51.79074290318244
27.16007588197609
62.65202855886783
16.05103279253924
39.56449242998705
37.6571174311713
13.727661371989626
12.941947819335844
14.801442633823598
36.6790850739516
35.61402348739756
27.40469621492295
23.412454105667557
36.19236354121749
28.41308186116933
44.851040664003975
52.657117304772896
54.06809428300673
29.573331669927228
55.32828803239869
49.422830811811586
42.839625559819005
55.99049192538055
56.04939015913744
51.376288800286126
26.41510596377895
45.30160028628349
38.5883590622883
25.89029314005557
35.67503399924334
60.472579950198345
28.58076795613752
2.7772235508515593
23.524783580995773
14.663078640489331
51.18569197387449
43.37014490413038
18.361660288850842
50.5433108434739
47.10531920531436
32.92704025418514
52.794580927851825
43.23070970105657
39.887124803238905
59.77224228314713
45.79827184063289
61.97964962175754
62.67857712817029
58.29754951526979
39.33945154295775
42.59710862097465
53.45495911459905
58.49026151722954
43.88436770628104
44.23084207033432
42.42528809448733
41.72873754433937
20.013347204447207
24.14018687639188
40.85660958943932
52.04580660806942
41.32422909714449
55.45213016745145
34.40706636905867
27.962586637352977
63.45522153262366
32.001606279968755
48.40997521188684
53.663827143158215
5.013052218234748
21.204441403632188
59.18914586402172
38.3191878070792
12.500496707067121
28.939133385224423
35.9283754536181
37.865166585550675
36.60064302744816
20.106609761468917
59.17538870729107
43.42267335850161
46.743078468025715
29.687816969479265
56.39251938299177
46.54800390480824
60.33132320929701
48.82009237395406
54.91408870584905
13.160056015645424
62.0512657526875
63.71098100360654
40.79415796736269
56.620778953507106
53.3031219598601
60.09280756645148
45.73104051375961
1.2264594003781468
59.51770134694164
27.708704794660427
49.94722139133644
39.08760023146947
39.571161685645514
19.467450722844127
45.237723824643744
63.25348855506879
30.286891383679176
45.259286671054355
44.68195358312127
54.97876846208702
39.67909609734639
8.110256898055106
47.009703519726024
17.145800927494093
38.95982461821744
45.478149745945025
20.454516518604017
50.51923554843872
28.187779786611962
37.57203657782493
2.244035537099535
59.582606884732115
52.06075861219946
24.886875068155547
26.73319121857162
46.670053284859264
52.90348032642285
7.6513027617904825
9.391044642123376
48.304445541773674
44.03348389572714
56.80407677600128
24.31727421570102
58.1461499681573
45.75122170380582
40.825195446477316
60.96473883428867
21.18975521694604
61.998591522733236
55.02156334909129
60.57257592259725
38.41628581763468
55.18769025442222
30.068210636374893
44.96021829263847
61.9994137166187
50.32255507858946
16.955370097680643
54.43092107744452
25.324964989837092
43.062251398884406
55.82733802095477
33.48089691370312
32.67285522841438
51.68766481558207
29.6685761562101
30.324491251908654
35.40619693820436
62.456602525463644
55.26126664752262
49.20914444207328
41.826585113502986
18.991490362836878
35.98150477723718
60.20402850756512
24.23085296254311
18.530698344762406
44.46971485141447
33.02395071016872
58.18046315000677
37.84273070647589
63.67451502473825
34.93893234317753
53.196455723668954
61.13908150467143
24.741110617205116
62.9143021664664
17.84721408484274
19.0603283482355
28.399931433196357
47.129625783352814
21.103753615048305
16.520018857825868
14.651677211442134
49.51389453934568
25.375617001123757
53.941269384817865
43.45174371449967
25.95995088212988
46.335069839297795
20.90981279060493
50.26822305390298
29.785866034094127
54.35669412666608
52.64435740635947
62.78370461220915
62.230510329748206
53.763959453712395
8.485221695470294
58.58761956629804
14.894107327425424
39.26763997087814
6.714659993753706
9.034716310345111
25.931850056114214
35.48131014446555
50.25889708949302
44.34567853198176
21.192542626415246
21.581385082207746
50.7645550267168
57.47403359273251
34.60247398834578
3.1523436672782807
33.027835400020166
31.86432236505577
43.63391877855636
42.26101503843737
38.29988904625772
6.184266405001239
27.437955154838328
28.476789344983366
20.369348666766832
54.199125241087515
22.50094365822799
17.509351419824263
44.06473293021412
26.575341876711427
26.36768700822128
42.66599859988739
47.09848883759504
18.869409347788086
35.39463126483946
56.138505333551734
29.868471891850085
55.16595006575533
27.55478140787111
41.01385185978526
42.48549950518778
15.19531737287106
59.41302781091141
60.7057153621269
50.13783263134508
22.752613398290684
49.35590815012375
5.298365232640293
61.53385073177098
47.00978564438785
63.36127905532376
24.321342380345122
45.961535463616244
17.739776766547216
47.44072564959925
5.922039958159104
62.238755839005194
57.86913971437119
35.314541058361485
26.762116159654013
59.52359277429159
28.435064386586554
58.41945102098833
59.159866286727045
46.16906128033467
62.67915494868465
14.734868443230525
36.37536317020809
27.577843259088404
54.505932003006826
51.07603221475838
62.75271728917833
39.854716796793234
58.540778840560414
24.8549405174573
40.684924018809596
30.241575078173383
60.00983908171404
54.743370939589546
47.37990750790367
3.88993610141474
47.79479759151036
30.511973788783912
58.652079617479075
18.952155859985083
57.34314606465642
14.995210605385807
63.541352511895155
33.24211442387055
20.54818451983259
7.962924973440579
29.894943038775175
63.036876362037574
49.82555695764457
26.45173507608952
18.9626747271872
42.124522760339296
49.911443081648606
33.38131202386098
41.321603353309975
55.71584920152833
53.10144000220096
58.4562070491079
57.98927490485448
47.12516701579162
54.42069042938416
25.059976023742202
60.65353308721756
23.41351422428071
35.95577496926934
39.86901468596304
0.1875917447232922
48.88615233139901
43.76386058335267
51.68663060055276
47.468606795592905
51.559209799321195
3.329732420014132
63.8871681684405
48.559582182580215
7.123249845180929
36.56796397642615
51.46405832941504
22.37786925101038
61.698454802351634
22.07464609859865
50.910457040858084
50.03306924293098
30.706601882496983
45.409608242098365
59.12792630251912
3.5954387715805325
25.190335018638834
36.80012406924673
33.28080582128163
51.47112536547509
56.99916130769755
62.52865894376104
37.093379208373065
50.941741853045215
8.830627431971202
52.76806174723403
50.255766941337626
38.56119856301537
58.44970137796623
57.973708053898946
40.752788770337915
38.697788250284646
15.685805375125433
19.571357590480567
48.11341784355705
58.901519914933125
29.877212951294545
61.79298500624786
29.281883599165532
52.672210088136126
47.299622519928704
28.625246982906333
32.033895811555496
33.83692043126895
55.97590648100319
54.991297201599316
27.860809203662875
37.73756439584807
49.46860709291793
47.44898708421999
37.61660120031882
30.65973784329514
44.23366848875945
48.44947753491317
17.046345299057236
13.741119858832228
49.25072839881911
53.00924327374696
49.564551139745035
51.04149400252069
43.36459812467087
63.90329173510003
45.90081064309821
48.6759850517715
28.241952935770996
50.81297352051928
10.092582926352812
63.56490045679464
38.38272205891501
45.971854363638876
50.1331192717646
24.35995130265586
22.752529691376786
52.04620088300849
24.513332350908257
60.745539801065746
58.962961583597284
43.48705282266955
46.409999320551464
22.228195013910728
31.40406538914104
32.62986207615174
45.67883912435086
44.60818123624351
59.385887705030356
51.588578830116475
35.50467692100693
58.37496349059086
57.16622769421886
48.550675249182135
51.61122366566255
46.85080879055331
52.46859984826192
30.4218005221936
23.41286259470774
49.80184738190798
56.15740386615219
48.40166100200642
16.104122058521128
46.74748698624144
51.856106177289476
13.73576344528069
56.154864963672054
41.40850801821761
56.26440095413272
44.2454564909158
47.25945640807572
40.411732945038466
37.37166790461373
61.95303668347986
52.514354386382536
41.26394372415227
8.036732673773692
30.83078455420837
43.249661184109854
63.81386347273586
20.1254834191625
28.98419407213582
50.20711428757695
38.58796225565504
40.68487613458039
43.83255841658742
31.009639533150278
52.239014134252514
35.75442875384749
25.39694421539142
48.13372770659881
23.056184156100358
57.58590981253067
28.597192401305165
33.64131737216002
55.526894044899734
51.80785905891193
40.85995879798513
54.88056090110727
52.49181347786981
34.66297070739489
53.72777932547554
52.297350441877526
21.45321179054681
63.580727451001195
17.58068225551566
22.406531965433295
21.40854780079249
46.14696217372145
14.289623924116327
18.18041698684152
29.3022089601548
58.40664609845473
11.675026242870068
57.885284449717986
12.39435862620109
44.765750374229484
23.385763327734594
37.56951537339921
58.7876351008705
22.984158686287962
57.63998238936056
24.033593026389113
46.52429677525152
55.87363788673059
60.27359620503791
62.64985066864138
45.22012289246194
45.55606761742706
26.03659405704324
23.731746835923225
61.93411378837477
23.31954208954115
33.588042710923496
41.42805938309671
55.861624231451685
45.940300786760375
35.685183310205105
62.865870613425784
32.88886692599039
33.44118153730123
27.087391485967608
57.678353046166585
45.56050289598821
26.756057593958353
62.77983245944326
27.30722193534026
15.794484903007039
60.03481838949555
57.344102984928774
44.84027466336674
11.198361349234922
59.496397925192895
63.960335568820845
54.885804431451135
8.832424912710671
25.459274409817844
27.193487251555247
9.416369864162064
52.012835540146654
41.66695663801311
22.879885446654576
46.44043551918893
59.65765614778248
35.51925346325818
44.42922421405207
25.573851871270627
54.636534417278526
60.412245111631165
39.56009289510794
52.40999164228549
58.83535111647315
22.052611387357388
7.128908198998232
31.77735044742544
25.761844952416638
49.36668100593744
51.51269436415881
53.55857018680404
24.37083539659838
15.727751117261612
29.663353277603214
36.32956352820703
50.07095032861063
20.83494802196541
1.8147359693198766
56.241448313265764
43.560167867689685
61.245594419631914
32.12292039248709
41.305701651197836
20.638899823503507
47.87613498626573
52.58641089651593
55.15349990266026
60.711328497920285
34.00484868808479
19.650434830667194
34.43698135078971
61.152609771007285
57.466645505875334
34.382151230681195
62.32509168415086
21.238259738265903
46.83837657013264
47.695170175500735
29.904427462915002
54.27535116155339
20.018171122168468
55.67028925048007
31.952385933069195
45.58117077439322
33.54204790909532
27.922347408052758
47.911558910598096
54.1343941276651
23.8412234082723
56.460918222246704
7.687572891237011
62.06692555188912
40.114613668291696
38.86536954987753
50.91253139312991
63.55888757953451
61.56304872363117
36.78534707168687
15.774229941709223
7.697549103886658
51.28703651389223
43.9096427704626
35.32562441594985
50.948962479596965
56.47028732836958
42.509990352466176
42.497938230289556
20.062724744736798
57.54471226743109
14.35396640245338
51.194324681132166
42.64793742453523
61.816070318852475
4.015898932458619
3.6878967070251463
50.75505125694042
50.74120745422466
50.36016988666277
42.82792214455618
55.61611035450353
62.57744390350369
32.56665534355295
41.09212108141937
56.15886777444961
61.93729307862047
13.180717009538412
20.514033672913243
50.67491184238951
48.047943297496474
10.686432653811345
58.26175445030774
3.464045934897399
59.360177910137175
57.489252618185226
18.55855980198581
23.056537413480264
35.262098157192014
56.69593679452672
32.44258182737634
57.68887349733381
63.19043269402537
52.76450044947616
14.724272288315618
55.227112540091916
48.51388302715757
31.57787784303597
42.07973697543518
34.452347758804436
20.733854166229477
41.91421854353449
0.46822128557038667
49.33662933028643
55.30495978929389
8.430698892092316
7.066131542749552
46.19512786252413
55.0708538653554
60.87210531134893
49.45607518204965
41.84747219417957
36.1979261207799
20.0373942200035
58.26907311816632
2.7595751780524935
22.070729365917536
23.982209290814176
25.211632490786307
37.38927580446394
51.40516420599191
50.6684313592496
56.54681737475148
62.16312047028671
12.55874302033628
29.906775872032817
23.164974013907752
59.26155153999327
41.70902113075425
35.89711406306189
37.9602656212401
42.22797602682037
55.050490172363666
35.3120809170272
48.51309997273481
40.306969773765076
53.999770288688715
55.39825603827526
44.067986040499704
7.535746755327736
59.851694893768695
57.06316427444008
39.025343149716406
37.09025652353999
52.82018100583326
3.7049747278541147
46.14517475769081
41.67728587042672
57.02685715618568
59.271269427823206
32.68595155858149
45.16550253557473
51.829175811999676
33.784998249744895
63.36720954923658
51.65525975735756
8.009011757392884
6.111101301195312
22.256261192362302
2.2065033794936824
16.66318622310306
59.558288145780494
21.04734324998943
32.27458900553742
46.02322906561234
35.07183322570024
33.53825514469074
57.69989164994165
45.694894202826674
41.229926976951774
52.4183312816021
48.65038457262503
42.952019770138094
48.13606889727429
51.85278420255467
63.10282210827828
7.287693444531008
19.37437674756447
41.411809093912666
46.80103004070214
6.359101938156115
63.257246751865004
62.14007264253948
27.693685288313553
37.959832139309995
31.860717477098625
58.70456875312509
58.5369377371624
11.251638574263296
55.54496774931058
56.085082097034395
55.24985316219376
36.21405720768986
41.776013325378926
34.00922156787898
55.86348269277879
60.41413660577281
36.2163694441133
40.514247482835295
22.028057198588215
55.959756384278364
37.578032088348834
47.66481505644195
52.14777318384776
23.766716198215747
36.55387238934139
30.317720358925868
39.41051949357007
51.263001565115076
57.945153607905134
29.648015901833453
47.76034707558604
21.302612483442843
3.3408250498389336
30.488627472565305
40.91633372821009
29.037088871049882
28.910914498057807
13.464422585005778
49.46480563517733
49.358406550335616
42.15021391084717
51.74029683933954
52.22906044309451
63.897491368210254
41.20667338986763
38.34142984149082
58.749283670729554
17.175285601730735
55.71789658788288
24.1839504703577
60.60136941947848
47.75693366321504
55.35597492643109
48.244729907101174
59.84224455630124
34.570461386494124
22.602754301371952
16.603954245987815
8.232125474928381
37.88633606689156
14.026902500877505
55.82814197854431
39.31545584143885
34.22418774612673
33.54591598542838
32.478698027268074
24.61562838640038
54.36621551110763
37.37776521190939
53.04886534483127
52.967149227876945
20.275869887939272
48.374649890911
34.05750217177372
59.434781318887616
45.73918400069011
23.97831457897486
14.751831056269332
43.47818386222258
59.82561585331928
50.07462830099432
15.36092565221437
57.82833677658737
58.044928131203854
51.840198778275536
61.05532531161007
9.066561766956433
50.45418828174441
57.613417059609795
63.33030092685062
16.872476896791646
34.24431259502393
55.34889472636938
44.55191647373229
21.52535851029289
30.119722284458106
24.859521169273847
50.29613912674119
37.733749700269016
58.053408291453195
41.92742137719247
51.47050964564957
30.765896410729702
39.75943099737016
28.434540606428904
54.635698957925726
61.74809527771474
13.293819712288524
49.357561021342235
44.39326197973812
4.256087309361199
58.473415005487915
30.027086986971135
31.206107399489646
52.98386089551306
22.14898630919815
4.257377497359819
40.49191185137168
38.65316290429437
51.1867435852038
60.84649612541896
41.75417560205574
40.89346725714529
21.580331882882447
0.5424059965976582
20.514965513013607
35.88927317776016
40.9216825116666
5.425673441004989
61.1708420312241
55.88598546037808
51.39027946111429
21.284552863015406
16.05555053887111
63.06936019280441
33.98845236703028
59.33152376043141
18.804241081607152
20.030386767447702
53.47759096860755
53.67565504127413
53.320137919349825
60.67312947742652
57.60632524583894
63.74192889903672
43.01867683133764
52.379115548503954
49.99681550527749
63.23036538165225
51.847659965297055
23.43380049198133
1.9495779380808003
52.7824155883526
43.67735040154835
48.32655272564357
22.97860369146612
39.475316091445976
47.721016116922826
48.53476553803825
26.014313804694524
40.78451003625134
41.808847048148145
14.643419176353682
48.0898887509579
36.64612128218301
63.20914512443299
48.859503754645615
52.30499575074759
62.12614425119336
63.89601138413293
13.021883857514325
38.09322161515699
46.26444132699381
31.838080312901354
26.69500321277301
9.962780820521232
63.9766621645804
55.25577386542238
47.48569623327642
58.000644673861146
43.25755227644129
44.2956594562417
60.447350183509506
43.254745737180144
43.376659115368795
31.373149434462142
44.50224371847215
51.12466107234901
48.20054455360446
7.171132851201371
11.711292504698868
20.59151119762818
58.4430999670558
21.02565345207367
41.711122542120314
63.33055877309245
49.21746332267322
22.650094513256448
57.91120223226498
51.97528680129329
43.87767499371303
33.473356566090885
25.088071868753403
59.81572492316262
2.1239612964481083
44.88872419974197
18.90548531734413
39.282333950158645
39.67524118888825
41.59589287833123
62.94685149392812
25.521413979504977
32.676152012925186
54.83788706244359
44.1353001051277
13.50745144005942
30.83802772490901
49.35650738237998
25.481391824083076
8.338847211707709
59.58904353248718
62.089603328111295
61.69654038062991
50.730108990621346
58.60643381169829
5.463634111268114
42.93409560099113
36.529333178931395
43.079181561467024
59.886725013354685
29.593424007968828
37.31275629519797
36.564876960593466
42.52510949843996
63.397122933811694
34.06105841607352
54.748926664756766
62.55022062944992
41.02053142444504
50.31694321565136
61.05071933177018
62.670957872306566
9.098042054813305
34.895405601485024
62.72827262017409
55.05378741296269
32.52791444491558
57.42688360382327
58.702783394079695
28.110462442064737
24.86556946125473
49.727879570883964
29.763564104337966
52.880207862400354
34.08730418171483
60.77069135342116
23.52297600141935
31.76297837098106
16.29105771734104
56.157300526488974
41.36017364386815
41.091179499797306
23.2811517926231
43.7138318673696
60.68360222334191
35.04307550408488
59.904818312419444
43.11188087533321
34.26561089619323
60.4787513213338
44.76504084513674
59.88596233024691
46.29917981548871
16.19145723407803
51.501585515059936
42.482468752024914
39.7325054418876
60.10183343992773
52.50513155331058
1.3386920462889336
12.92835698965039
53.047664031586585
51.91443513556677
18.20026753420155
27.49032326799297
43.11312759234019
30.290406008669777
35.10890623349222
25.84299684140491
45.06593885920876
58.0642738304998
23.555100340014683
53.941774179536644
22.567411313921205
61.406732573122675
21.05811634515063
60.52451085797947
59.8912263259819
62.85776983028262
51.538992771926885
60.960079901982034
33.87201446164518
16.803852180132367
45.47903916836508
57.4189175093001
51.56936464581093
43.26069995571035
42.16617380730225
25.533544691535745
45.843794921750586
46.35081924687126
12.271199105028757
39.79940497085016
43.053676834875056
42.42243040975901
23.052985539509258
56.136626723664136
48.700294992868514
13.4499473132295
29.22589169375422
38.23546392468043
55.54613714522182
10.336138415270398
48.28345129402979
41.686463001548695
60.60665255579587
36.013967342926705
48.74665657958588
39.972988501779014
63.31044398858468
49.04004974580396
18.97813116109105
63.15118211799822
54.036641480501345
43.99010103932915
39.52885599123981
49.66318768664999
54.34198584805923
48.589409549824595
12.828691469131975
32.494466541426576
41.78587529453769
29.333117323123844
62.256258352719485
29.36318943147414
27.201904553639643
60.980859279759756
15.475699421734795
45.457446216565614
51.614089949559286
48.15674552738102
39.87398144927553
6.723654436559002
58.09226106208693
5.991238873066365
12.339415961134534
55.83559826025857
56.219782435871394
44.21919369934635
40.756999443379804
59.45854820204124
16.14611988368909
42.194384361297125
14.56264913011416
42.85288329087503
55.04516540516683
40.51792037612115
43.1930965472176
45.3442969334792
12.187107317534519
30.23151180285638
61.64962733805237
47.393930904445895
28.433172885788032
52.38533799682812
4.884683369474985
53.038429241687794
47.08322488756208
7.6158677710642095
27.257770904857736
58.882614811768065
35.57828827377732
42.4629267845676
38.68390899690561
2.026588856547548
58.1138562414737
59.491798100422244
1.1133460095234895
45.12050096137426
50.485559679541886
16.30225335358336
38.267555239014925
18.22626702421735
15.891724046171952
25.3109692465328
63.237981394546715
54.44707745715983
29.656146282369996
63.18086548010352
6.68422883351333
42.13591337718965
59.16806910824977
57.45348482201724
55.37182916938218
52.10735387000453
18.261975606384517
25.31665112180049
29.37236068402185
26.5044735301058
40.13279451711736
34.368256165296856
34.44487121915259
58.27894123130299
19.278006382415427
61.06372634263684
45.26083455079622
28.575369163264178
11.863522025358918
51.04869473930272
52.39102371806527
28.022084234271233
45.347503150275784
43.3869857432926
47.69303765944311
49.28612821973475
52.43675720742831
54.10531475968797
39.19943860815387
62.04298299603836
26.42450967315414
31.208002882184317
26.39869351860913
34.523215002447685
57.73888020040094
8.85632951688578
45.403665665568646
34.44872305351909
26.127160568015235
48.64451402370354
63.28544158082913
33.11902877423533
45.291124660599436
13.173417867525089
35.25492715366629
58.02249785337289
0.2606094995625341
63.40593533645813
30.499588443213433
36.71512437371764
61.31234191559627
37.062112822244984
45.356771208558726
48.92591697183713
62.03599553595049
49.88969958010028
52.931096604300855
42.844414579041846
41.99770680119886
45.616931437164354
54.883099625310855
38.578480671011775
35.23700838302135
26.75585394874188
56.55742107956161
42.739926773517
39.133596553706994
53.22589763049892
51.14060466385213
29.90389923060461
50.73856186453031
32.1733076165429
62.296358876426766
35.97962462592407
61.9302583511124
25.19599110121279
46.62022910102512
25.20164481730724
30.460732237785997
48.79955854753516
59.01210633187033
53.1335987107124
63.59705722055075
31.778842912601213
23.393737326616247
6.608185527983217
14.396376809915992
34.66409657780405
57.86900914808531
0.35174393399595516
46.8696928550395
46.57710461811601
55.087880806386096
61.0827052384917
53.4377065018262
0.40903126438135473
14.19453603839414
60.190573359752165
43.49813937564607
57.567911252753916
53.494114068697336
40.93155047376027
51.703542934333825
13.684816700840962
60.85175961862167
51.130584680399636
33.113442975981556
25.062706562154574
26.280644927849004
32.740337632498836
63.637989774742316
35.80150513911884
25.261844418706062
45.561944904535586
63.97988466406205
41.688707364986136
53.89806302076333
24.99255983575361
59.7412625712598
48.12611712589298
48.78580885619097
49.115575137947246
55.02200703649378
59.96148551401849
52.503705418754336
35.772386746615794
31.097193254477844
61.93303493116351
54.838619073676334
18.135398597815957
12.454220867741974
54.74675675237476
22.10810882860337
17.62445959213379
41.54474466999738
20.49272690382788
35.72933173388712
47.327493624301056
53.50326586793127
6.067917280061543
13.347563554646356
51.99809985814846
58.27135212133975
38.87275615021336
46.14392062257667
28.666932987172515
14.730082723026449
40.9132110579421
56.93678268433649
31.795097792396746
44.32655974822572
43.84057798397967
33.89817486227987
33.741374490644944
36.16325247008187
0.8006471633508738
51.15178322681413
37.13562140904876
60.020454147622324
53.36328049127148
58.04933136235923
53.69494905798068
52.62609040686765
30.481502158811573
49.47856578049067
28.549262739996614
63.325958682084384
62.804227722660755
26.875146356103038
58.379905631988485
56.012503855806706
38.72276095860701
58.481223796454174
52.41412566776793
30.757073854034246
16.58006382742063
32.12184607189043
25.46497698935834
60.13076558188248
51.914709488841964
57.0690358362057
26.21749245459644
35.64587247599269
55.87631184356454
42.108470918471255
55.82944030365684
33.9471794890667
57.55507838414951
22.265995147151266
49.239662829056996
51.22128959134261
45.4922860363633
27.637040475548027
31.127534657213772
33.171705828378705
61.24686952609869
52.43951478027649
26.70441541891583
45.24565230464347
38.02558820790041
53.82034971354167
36.547668952889595
35.9103821759343
19.686979997994847
12.181190520205583
57.5911341516417
48.75308707694572
27.788083409269994
47.94315035346899
44.41305802458855
20.669679539991407
0.4286081610628685
42.340725682077505
58.98796208082459
51.207397679254846
40.66904960354198
58.87493899097998
30.55583464501217
26.374974648945688
29.510781498858776
56.9862226837899
55.22751123096434
38.86241720961388
52.189073819968314
17.342466895537704
41.85729972017307
45.47800716229008
58.60577935886149
49.564940287397874
45.868526817752446
53.76172017040254
11.409662031775774
43.97536524708249
48.676842362887555
27.868800336781035
18.523242601346297
13.235597477168113
42.14273409556503
48.08116439665904
13.318245249671655
31.736986515524677
58.30181073743918
54.76424620100528
55.85627529009304
43.86951935097309
11.028038614026926
54.743761316636736
62.1983237889263
62.65666513671494
35.23423408639789
25.32859443762434
21.83929431569701
50.363564151117565
40.4463979649411
42.12111546478218
52.55145723273953
61.034975567256225
51.99591730790534
61.764856166112985
34.42653094218163
13.097265715284465
51.822182704417145
28.157570022190995
36.758979092036604
45.522805520105216
36.33132935235503
9.039410984571113
22.379708291914234
55.72743589632936
42.832709318419205
27.561621324759173
63.09074413778219
51.59727736497856
61.88637723515104
47.32405932412756
41.79483436033533
51.37566216478207
55.15369988932312
37.70087631715641
15.070079146255829
42.281917338873534
50.500610347986154
14.915159235862411
54.850786504283924
54.62705541957255
42.82851049753123
30.374827394568655
51.24427407716309
39.17402492518716
58.90625291904198
42.912216762340215
34.21387578648515
50.19813723861977
46.3083393713233
38.29306418669486
31.158424303480437
11.74833678196228
33.93091271388697
49.97823786831577
19.63668998503165
63.53742281345334
46.1143633715781
25.387123800974436
45.97991355174104
36.51053337653374
39.94499945340179
63.9577868041057
56.575333230695435
27.63834871003295
23.309651145580325
59.42146301963621
61.893253767463996
50.97873835368517
51.25673686737837
25.6409439235198
25.482142993727514
59.693398135613
34.99650407358755
28.285702089750906
31.541037560575973
51.60516855408457
0.879093990428963
26.244983974681432
47.34611570369192
51.78746706844616
61.766010925803656
