47.04464501192553
44.692150201761606
21.82434084679457
57.68264932420069
1.7192167185555647
25.468893703854874
27.744443232689733
60.8711230917886
26.69397593487382
54.27839304769474
27.702119550740285
22.936374821960747
56.81061211994348
38.1197765183335
41.17293487946394
55.19572840385242
43.22077464105987
50.01311920387492
43.69800631842331
7.979089834249628
20.563263134390844
14.55544674634232
52.789858915709296
31.013729541170463
42.7202827033037
55.707534283316505
22.597949615248318
39.904686087855694
60.71220251418411
47.876297702673234
30.32067096217692
53.8800798816401
15.594304304417712
51.7663593748953
63.36276159782342
37.24232092801883
41.07320856755554
45.69838687180312
16.286922036323638
60.04893816215847
38.09660488741214
61.56960890547493
59.53166531587742
61.11862736026238
8.72220420148664
18.82134608456478
40.63145640163486
63.22791216815797
49.71857898134333
32.48581099956719
61.71997611884198
28.72887743659721
41.18592539989896
32.374516724813056
22.021239622848384
39.67523581558738
60.35364021617979
44.45106640987013
19.0855849803537
52.83361956750253
48.60372509391019
16.413330685375584
34.61271088930471
60.17096293233604
25.98014515476433
34.630913566516526
21.326730779816167
37.17537109608392
27.377814953526645
48.43044929405215
53.33767627764258
26.156471147042218
63.18841383965121
57.81945094020697
63.45741081658785
62.49908729295326
21.246573177171243
47.62206019512186
27.072791396851585
26.59961511211634
49.26171118254415
28.85731996259082
35.487857273245154
30.958140733571916
20.21049101590455
10.934954188577649
32.09775604032717
19.637072461985944
35.36185783757365
54.31685329461871
54.782035440608226
60.73895906575223
56.90421699546846
40.152786898840176
32.660927004479205
3.674847448010354
51.104305450527065
27.742251566342844
62.13145409852759
49.94899192422389
56.195077016435604
4.229174850194838
31.36297474635535
58.213846154291424
12.416721831007486
48.08728747804686
6.283266892196984
45.165945737039095
61.44716127780838
29.97137917813493
59.64264413649941
40.93617939258369
47.68983684251648
47.69990665489205
29.56837381196148
59.79986483606581
45.72036168298352
19.671890992479938
33.1116972897122
37.16336697636597
41.64920261307549
58.38361883325801
18.499458744493637
16.91831776233301
60.15066287328299
40.47874342444611
32.901776635358715
28.341424492870665
46.128072795833624
27.69029493333602
25.532757786303925
29.220445840846743
47.79201755192551
45.603431293658254
48.08421538549143
54.08187967823566
22.327052549287977
37.110841390949034
58.27974938324476
21.09039499589653
53.270932357898296
52.63952760164122
60.99377696943469
63.45819683231881
63.22101345984283
48.10167054202222
55.02673470808332
33.95312420024852
36.73308412844201
44.22334981232018
61.25025010433874
39.6336538693265
38.69308597197177
53.55721878343134
35.34681208300572
40.128245758215215
43.96357171603137
46.22747105450503
8.472199655453913
63.28877392125153
30.30248416446176
19.145811393883044
1.8184254748257018
7.886843762732987
3.512923958353035
36.91560789900951
47.516165991142884
26.818551380843992
21.220516743155883
19.599638518400354
17.097164954244242
62.148241386442436
41.59138560605511
43.20582345398313
44.893744351145614
16.79566326772477
33.6854316914024
56.13692561825925
52.59829750368176
52.10782558685659
34.02214495846738
22.189264889778258
62.28541222105046
59.057881103266084
10.627153479227218
62.208708149449706
53.4442176113187
47.58026999016941
36.94311022031134
28.81352912245673
8.578133668199975
53.19326124256631
3.8787173841897484
39.39855332974573
56.15944701066316
10.388188502174664
33.123142677672405
39.665469814532486
63.35007070092173
53.20585405752955
47.868224071821494
45.206798745445
62.61158160237759
10.344097366509153
49.61214410605962
58.537486658488156
33.489034737526424
50.06546002240832
1.249671497834811
42.53308313610232
19.082145405923455
33.2572525150033
61.646337483023565
39.36841952843861
26.9247501031101
46.54075036484612
44.47323545998546
8.573791121227693
57.29931299159172
48.963661072877514
51.67422285948238
63.52031972900456
44.531864455647586
31.72738088653844
23.006809248335088
53.939824322520614
58.144220061870755
7.662989354013483
15.889244587850001
54.140325381883564
63.76566887389851
30.83132625337703
45.636943924001486
25.554823908366593
53.26115449254126
35.74017750477482
38.85925863799068
8.697932687063883
46.31810000669233
50.20781373253507
30.342416507787384
12.104756838130015
46.578177516854396
59.73508280207856
58.48693145350841
52.231547019856606
38.78297026201949
58.60201312147371
39.46032657247467
56.31110446175193
43.86782686180443
20.365780023226307
10.586295751608567
60.08438848539869
23.44071342675329
52.68613234407007
63.55688004471312
57.90050753926967
22.72585277894789
62.38968526946158
19.171787435956723
9.422981145761078
20.06444025109475
53.54976122995135
15.409018686900708
21.56489119241155
42.58483622493607
61.65389559482352
40.33433731835042
19.915246063230228
38.39128034975198
14.911044301431495
49.7161037388849
60.11110534438734
36.5977229976702
51.9362459358027
8.178716180012621
50.16328205807604
61.84447569649495
7.06807211880912
58.714751878102796
50.37936846370225
35.41136056359855
58.35738371917448
4.5739793716948824
60.852780437591235
48.39897135532031
54.812689183943974
4.699783742268757
59.362379041790014
19.456945334507367
63.67414089444133
20.186285275448014
4.261312313609203
46.16103191710418
46.23873461144193
57.37161415690944
63.913784507741134
60.97167064705897
54.12797472030758
56.702407289080774
41.3012613833855
63.97607797976717
17.770244048334682
40.009875199371045
61.36905509175185
53.79038536333971
44.3669072490114
50.179585983581575
47.50952166269238
20.201895737213498
31.563299859532385
55.26067135859849
31.659775248440823
40.18246900694511
42.60368243859712
50.47869329259106
38.613744423934236
8.225915100734433
9.474779943141286
54.102229960130366
51.130344276964294
18.55433161551923
56.46667546189249
40.674193144475325
21.34128920191138
53.369577266050214
18.899119263517463
60.79865052364715
55.15632193715884
41.97275557743326
28.483720991653698
60.44150248846825
61.555377279062334
60.930167317239786
45.67574063039292
58.62521696664228
13.20550636085401
7.590830826491171
54.81596091644669
20.62094704450199
57.9247820054315
31.938137270219443
45.53897161124584
61.43174298580273
49.4293127825451
62.913061627999234
25.10625557773166
46.593913763095344
35.80934775686832
18.916267203193385
58.0687136904903
58.85739687921943
47.830170050276244
3.3480456587979575
55.72445371352837
59.611572203763615
51.251847690192065
56.4406830455501
53.84438957068273
63.188564683789615
57.48836491407772
34.16830435118235
45.197461075541064
23.63349087785499
33.11768032596156
19.91556512091121
25.136557545625124
40.85702179928065
42.867022435295226
36.08357717233069
61.217633992957296
44.44837569311578
57.12258965409256
59.43645526915617
36.671308911759496
15.256552218236259
52.2299985000933
48.58943387488273
28.19140597555196
57.560360698096446
39.411749447035916
8.550978275857972
42.41454596060197
48.47554478780746
26.380767500622333
2.597605155621558
46.41353115768898
40.48962225658505
53.292007578997506
25.941947600470122
56.79375734541866
61.60550639316318
19.772362270988964
61.04695876258958
51.420301994053744
32.13459557594
13.129696936761349
44.17635846761466
37.63957074998193
23.670600282627213
46.46765543562131
44.281828006011125
54.572938675716756
39.33648351643515
59.05764483629867
36.14181394632196
24.714566384156186
30.665168436654852
44.461353695954244
27.46421319075428
5.631971165968864
59.860038772846735
50.23018278729228
25.675639312716143
21.33261695024956
27.5770619601859
11.087505214439965
17.19849074589043
56.99817675027575
49.05454657653799
53.85484450235659
51.77455786643751
32.243683280394535
15.555048701460429
5.750739336667728
50.223671659739416
50.44207964623729
24.02853612481328
4.146770077002586
50.898706975092615
8.329402198761677
32.23077733852196
49.00124923617867
39.393799730255395
31.281762409981134
37.748042091103805
48.678367675436185
43.478521037259824
53.12833911800173
45.24858348886083
36.96764966834577
36.32679317133923
53.94782261183103
36.92110594472234
34.62420255148665
62.95637102774512
46.031227429751254
54.378304246999654
49.35167697841665
36.61383239989606
58.13155498716392
47.12615359500876
15.825599540287477
44.10589047098008
56.37616796794141
58.394564807298316
55.691568786468196
58.05627258907437
15.708577202267648
40.05479354616487
47.47299388479554
44.50453718108891
40.81687383012382
58.89689653226771
27.30348260596434
47.38185369057187
40.9121065367021
47.203501658358
10.665630748416717
22.849433248225317
37.65947703288481
3.664280560689278
37.606820910834756
14.639689571761437
23.635875305464772
63.28185477422449
55.04675470575728
14.219929935490846
16.01392637914801
41.33299827519572
49.83708137132142
49.128278971975924
2.7102413358674653
59.66597309574759
22.4096661129325
32.322130984073816
55.81190893830532
37.00208621640013
50.0869655283653
55.584890819502625
23.216624425841026
21.707743320958414
15.428544549200687
29.624599070937855
60.97033204149314
42.940746311015694
47.81359424212435
59.46024820898608
59.40620604828811
45.5003403330948
17.990019541195778
60.924711959058946
61.7921987122216
30.57719531263838
60.25666132971049
32.28903889834908
14.966085916280257
25.45135528988356
35.77156682939524
18.73673218751744
51.0533961263168
32.91869637167672
51.87105436516023
30.888657514549664
55.48367228302592
44.897476960816206
40.962255962118064
2.5999095567256703
11.107559834506944
25.962144788421327
5.574291740108052
34.6646611336017
30.168120933549595
9.3303242111797
40.94188367944443
30.26356522807336
47.992298303264334
45.5631375108144
62.90373435062747
33.269731533335204
55.7341308282068
55.1683653143973
58.00510965059966
62.698001053356826
32.23233204424311
50.938353673294436
54.80805537651163
21.339201656685468
35.3810098193935
57.48575755790358
2.8412617547763546
63.388210307120296
46.119830441368904
29.971549846861656
39.71244245555086
56.296359271823896
10.680216328468802
30.429918408807886
43.6156830251314
24.518431798948356
39.1887257539976
50.806633348189195
57.79193576934973
55.165007308854655
46.179930807566656
50.74275789402583
30.061983998392677
46.953514552884855
29.7552639198746
38.16945823997908
51.768973479290445
46.029645846404165
52.34604590704664
33.94318029998513
29.882853522126766
52.60744824612286
37.59036829324536
62.42069667861996
25.026973291836747
7.83676789153418
0.31647274922364943
27.317895206203794
25.11780101596652
54.47134466097306
63.71807653555292
32.31876514146823
40.410226774571434
30.371682655473485
34.37004292971537
20.619168142226265
61.59350755915427
59.52771513771993
39.460564737707855
47.87412789272517
23.868942639027836
61.49936230703968
48.29798768048261
51.78775804302836
24.52491968220383
44.11862869254139
56.556014392457634
23.492948796937405
40.8186724836263
26.492862665592618
50.24363379152868
19.083058772834548
53.72039777382499
52.793282999876446
58.63624549822211
34.811957231058464
60.17536748420277
38.10095199199587
31.84837223080914
56.06494179786094
63.953274052273315
28.659780027542425
53.94641556693167
17.507142264642304
61.52871594860819
42.38485822078342
6.706354639283603
28.63913495175595
27.522637201384647
34.658728521916686
12.445433351589287
56.51179309425441
48.74410824681921
14.571873102439298
10.44041862909522
57.20496129098917
52.973701157933654
38.274866110793106
12.484497267136376
62.1950312531079
60.380731408638
51.15846072725866
38.72297331032678
48.55844217255054
59.010154508814566
23.705447564928512
46.91684246497271
37.9155235292197
20.46407201920544
40.90511788817223
7.829192837175988
4.215643540414355
36.907540288313456
57.546460714286404
29.643880129009744
13.852186000368562
49.3951871443096
50.9257888519485
21.51108196533623
14.07218557989664
22.144170609221277
53.7140788525149
51.72914011099641
40.3705463752984
59.48690727991616
52.92829999927474
20.39291135780347
33.813813321868736
30.76629306338313
15.695061589372983
33.615331418429946
53.55730021870443
57.018372748208506
25.64312426120953
31.820270694188658
44.34675520468265
47.61958873797256
52.634898625121295
56.60581702978724
23.810018425911373
58.197939465941374
38.60198921643345
21.409411508247146
32.778722001572255
54.69023338361449
59.23742301001457
51.68625684631947
7.7928822158565865
58.686867458260835
41.18801276744729
43.60342021125901
23.854533354668774
43.21967055677578
33.36728481031607
41.39974551585376
63.339881043099204
46.14793408174286
27.7526542565248
20.607323205853476
17.695718756893577
36.216803029274786
49.856318657524675
59.77286267490811
32.76318457287566
39.048773913057204
34.534244242400014
30.525986511477228
59.409623514989036
33.75165597901217
59.463049953564266
14.085697693198355
44.68430878084844
39.64192499420603
54.42245819643348
37.78363769078267
19.56927451641603
61.852842014624734
56.66659076204759
17.947353283862476
39.984599377864996
60.18970734559871
23.998444195201003
22.67652775858248
34.97733646299183
57.80612950937082
44.889682772234025
4.052955468395673
54.445008995339094
59.33143501258642
38.85499951011556
51.97088136826251
26.262288378185616
24.223083398635424
45.704428493308676
42.162458109614995
58.944309568426235
51.27490769440753
54.51532648357666
40.63108969564389
9.73928622603841
57.05311179232253
12.784651405462036
36.983958145646454
7.6980971237974245
48.821685565052874
17.894497669600575
17.001533870859504
32.53065498231167
54.766788098459166
59.68381097081288
38.997267121457654
38.54149201705397
57.66357594214462
31.62433638191532
57.884420992529456
49.19773434936586
50.71824113160875
45.787021665133544
58.682916350773866
38.904682208288804
63.54748366877912
47.460923416561336
50.35189628435663
42.12079569479536
63.21824694476572
42.00013069214678
42.931810203749876
47.176866810601965
38.54143999659131
59.8732125285647
22.150308050480618
10.501734168947138
36.119876530244
17.827313211293074
54.68328572322088
63.652871053950754
28.873099335406728
49.7543772525043
58.943926049716296
43.17608870828475
59.16816635996406
56.52131549373978
39.47276604175782
54.40439859015977
41.48709070789056
43.71907826686082
58.604175306363885
63.12293568304731
55.84491935230891
45.51303195926032
25.328532266633744
62.04023921307349
62.30985397339758
1.2166320948399942
62.11938829304911
56.61070585332391
59.84087048389474
29.81656622976473
56.47699776371077
35.32364350634107
43.59066394646656
60.39431068274546
61.92336422168471
57.22155420301278
56.38975953108932
51.431005281943705
56.72543032422032
21.989881543204305
30.8620103656432
41.03847236116835
47.606605803384426
42.15358062027205
44.62063378151489
41.917068924862605
32.91678337540205
35.95113403286062
34.098630727593964
19.95018751072699
35.51215655242757
59.39987777124561
36.98305079680917
44.2764650930863
57.0111821080897
50.86443702393698
56.56723829159234
14.77331883244375
48.5487872839409
44.645239280010784
49.135390216414976
27.003431393531088
4.430471208029523
54.557652923134015
28.41274585404757
19.630660789574485
56.38420872311867
63.159378743026465
33.93715341173361
24.031130401106594
49.75255922403322
32.14677026577839
36.92623911238672
30.60133740675306
24.981964247434284
43.549602308244204
12.447971494031385
46.87640920427347
38.541301531784455
52.91065046071443
57.0900189474338
34.19066878497719
38.146607398132595
46.923893583463695
10.167105948566117
60.43969474522215
48.38785334075872
33.30187681763563
10.798569999785236
50.228132662802025
50.31193558536654
50.60414497048401
31.05066347269696
31.920985452618197
40.919473330356766
25.816940064855984
45.20426229222159
51.46656410865531
31.841916042387687
38.44841665373707
37.81326978061788
37.46999113547354
36.405357811726105
27.099459654903548
59.2162514834979
38.95551754975218
36.58737574491218
46.77690618768728
63.227392008069614
49.88976439311407
49.611907213097346
31.633265042520442
12.199094068632341
43.83313914287509
55.703192274991544
57.05391643644157
41.328646544371594
50.949724477026805
46.31575837732301
52.236405024020854
61.37611995861898
43.980684028296984
55.959990058976
24.69643842260112
41.26456391247993
35.81068747526022
55.14293349992462
55.04315611115618
51.382838754135825
44.4903789078884
31.59914021953957
50.33675698478648
46.52821276144438
43.594925068853044
11.276664610241049
57.28613608555026
12.70552223443017
62.55559332682137
45.00066019659042
19.506841762862877
35.21572113009327
2.898064528716617
15.227933288623774
37.074770090466366
37.80757298495746
38.27984400864983
28.88193636460656
40.65896605395994
2.0459928273830883
34.89684643802515
37.98117214650597
39.70682617605826
63.76029553331986
3.0150857383597938
46.81152445159972
59.62742718502777
59.18920219100377
53.73917344301617
32.185379992162396
63.767484147651984
61.36845209055028
12.730406740999861
60.949298840899175
31.816469397944175
63.73223052318045
55.12075113730099
16.534283259208586
60.46453111904244
45.970145820986396
7.073852569700435
40.609329673040804
63.377583366336346
46.02847995671242
59.56826856080954
45.05539203380064
26.102552017795382
18.338269367899997
43.93733929302162
51.29897945737195
9.70953114618473
49.464899656151594
44.90881186935995
55.8444823646198
47.244671123381025
8.883246913025104
46.37635454623536
45.349460097369274
28.32962463756381
62.82217280198786
62.77152026092645
21.932447940154397
35.7702213627643
59.97736330257909
47.009790739335
57.3304594471462
46.71244869582853
49.36746423911762
62.490504953264846
52.20359964713981
32.7331209651511
52.09743113484729
12.848447577249239
13.803220847948914
4.279134911079581
47.193613528944084
44.079766591273284
32.72270587547012
62.85736483172454
36.91502696923836
56.52085980923373
56.903671165144786
8.448664449483196
62.24306433772384
16.203845194290253
50.03410764057623
37.517775533356456
7.256377280037583
60.4512052098185
41.64046954038481
42.45674935922614
44.311831741269074
63.72061374455132
23.535506574551206
45.077819151125546
32.08869813006028
56.8691728882269
60.11158092642551
57.573257305663866
18.316387227486125
48.80977025715732
55.274817764202254
58.1427167084121
63.17249229577482
41.67809395582812
42.774178046244955
48.674960128297016
43.52096820049596
56.29207061678238
41.281735693028764
1.3687854988981343
35.59324525222563
58.26479529162252
51.4976041780119
35.24159993857158
59.35388818890036
14.829800597334845
49.04829953174857
38.781935501431796
55.946266738571325
46.87393331188773
47.91131431600116
26.83016922558263
51.30411269714183
22.549072638735687
45.5412453891025
54.98256198271413
43.044548372095704
33.21519190775815
26.169022972254545
43.8827853214693
42.50601427968844
44.392604121426196
56.05890470589667
62.26389897199488
62.790487773363864
4.755746485780456
44.386874559655766
12.871649469527725
42.27002241636029
55.41748968545262
54.92341683596783
31.513757532783522
47.76768026368011
55.056070304433575
60.220312679570384
60.128809088932876
31.01702288148887
19.71762625044596
37.27377818742025
31.29023434735906
52.32282213762609
60.95029492429983
56.56418679160016
60.4906593236989
48.200685973210405
56.26429019991625
61.26086213389237
59.28944479834657
59.97473509609782
25.861929755188015
53.70887494061692
47.83637813499129
39.44204680840909
54.99605429159416
48.363558165563504
46.93348184994505
6.831704727492998
54.46374848853238
56.64428490896958
8.05638065588117
59.526888284215936
49.42935307840257
35.09443714107249
37.03822301749919
12.378534108474867
25.474060643034953
18.373345262543978
33.27266469825034
62.619386888640655
42.48911656542083
61.19978030071771
49.0737800858774
18.334592185468708
62.57767347529795
55.7611013810357
63.149407911985506
26.911363413447496
25.93654566997693
54.07192393567522
61.08096576394287
37.81220806240247
61.69657580684645
44.295662759374316
30.6094027243512
47.109189533033764
32.06808691661095
25.5312308058326
58.34813058073464
6.233500395161862
29.466941595975534
62.36534087786789
62.11499900748042
21.504460371307587
50.22781762014899
57.59016044132561
47.63583742776214
44.11592199604803
59.56934593928139
55.53133734941009
35.65910362286356
52.60833656015711
44.51305065615151
50.78807823364434
11.637131616227151
14.609366621551018
4.069261008008027
17.041052517666955
51.12732636591922
29.034423260690943
42.838576294086636
60.723530553363055
63.137874383463924
60.914780952208304
39.2645405595979
57.86806290744248
23.12411637875195
61.74730443203269
41.100798931334815
42.369639268578524
29.767999531234445
58.87796404666605
32.32120988662537
4.383633017116715
18.875894890032704
44.112469785581226
48.07009041357377
27.87583073453714
54.6094615839012
60.3782886290432
18.505427012997494
37.78030662964977
55.30991318373597
21.16207254801381
41.06514963773492
51.82296034128019
25.853821117209343
37.75632732262612
44.363113261101226
22.25216668150179
14.611002302922387
48.308992911687824
60.74228752129322
49.86045847215351
48.18931268359188
50.9401308279498
56.8675697208709
55.42113984611735
48.35932661308211
51.33210679929192
46.97924604692484
31.551427094207668
55.91843818958867
54.21191148844064
56.7434798962067
11.440627756924577
52.57603732675894
21.985275290801788
59.58137904979698
53.44024500253351
38.81397631737068
23.602620892258813
33.65762288107116
60.78658361568834
43.93992679770335
31.484183519186807
20.827690893085432
32.682440546011165
14.535073838190868
37.350149058081335
27.77959159193871
49.844676255497184
39.65403574077687
57.51116864660299
61.25997267375208
58.35320411485576
32.24895028164032
33.32582005415566
47.335700096022364
41.48728948247366
57.23584425508418
63.358946088763105
43.6641101378655
25.24074707285572
43.26241123525652
58.59353203680395
60.14676579955489
13.405734447857036
55.6333166888482
52.89354683303665
49.236477603488915
50.75381721289503
26.38339015510816
49.12385683921009
23.4600698635085
34.585241550687286
59.71363082248745
15.125698838493868
49.827554168074336
54.52342361445968
55.21391422807075
61.88813589722577
52.97371878979004
51.56650073072111
14.397286178847096
44.63985701335692
43.68727394539088
27.916040658321954
8.04735407774961
37.61403076559352
57.09407141313444
27.63701248040711
60.520012572703244
16.72459693508454
45.37082784211444
44.061447414199904
41.087294043369376
21.38546971345002
26.7151618880821
48.304751196235806
58.041450559915
40.054201471179645
20.316845652457886
51.81441913648065
41.83031365038117
56.42295557042027
61.15843019912679
47.34944810816957
33.17904796976638
38.42801139691784
16.140251006643496
42.703454069351906
52.80412064738999
51.526618303205275
32.651535904809364
46.19820601714339
62.27518310267219
25.84106069102028
4.115405327851825
22.04070151513642
54.82882284113229
47.65069860928169
14.56459894100572
6.292406034723527
24.47475295494332
4.925338877655371
15.051734049522025
20.66067514281383
59.638131044838616
57.370225818675316
36.682904097493136
53.64658866911599
9.693632593419863
40.95180039393985
36.5370921855545
11.221999212505551
56.49275344131841
21.24867427477949
43.16667768038924
44.093098665032656
22.983297729247354
49.55862192510716
31.276783447938996
20.977205796050143
14.701367529834194
52.384949461848954
57.18354247365608
56.08443085626092
33.94471436864864
40.708629051362564
35.652019563898385
33.655660930096715
59.95746953724363
63.39119851561842
47.09217757237694
18.226189506330734
42.5031613166996
42.37591220720489
51.86557119065021
40.81746971679837
62.97849377270324
25.572039179698926
26.709480791294737
59.29853449503962
49.660731454093714
29.14281910380265
27.927100992837047
2.298799320556661
61.82970528555495
46.40984100311475
19.07950092208793
24.919499760707886
9.002835265943858
54.61240827766622
30.895615496835894
63.95637399802789
49.3181540341246
16.995534411065265
15.3037515295172
42.85835775679773
31.27167667878664
46.65221362854317
46.25090685279511
31.772123058533722
62.870844969284
51.11769246811338
39.48475966102494
61.47721671293638
15.681461929488897
52.328843949649496
50.885402790986475
47.19974067609239
42.88965583370147
47.08692673062687
24.72913588066681
39.10553002919353
47.265782004270804
32.25181619784243
18.740137663455734
62.37330290869517
38.4719094768308
18.258366757384067
45.61336791255786
23.46744696834824
27.197584306502286
58.17648689114939
8.771304501725005
6.783203466194379
52.968913871182565
55.11050699027262
58.66955350254783
56.73226108436121
31.79268184927176
57.357568720102385
50.364279772227064
22.405078672197213
37.81335202855601
59.20895280052507
60.07799471193662
48.09203599749092
26.779482222610334
1.392193034541009
13.044194326550134
1.4094827354275807
53.19047649839423
55.36506035345945
61.137724189378126
46.41797634099962
38.08367966637493
57.15381612630152
36.67039461302129
58.16666270604455
0.2573490261392948
51.780545230428075
18.554854268085748
37.95012712307199
10.851544660081096
41.390310750428554
55.79443234151585
4.94095922065236
30.688508551843732
56.01139850706791
16.74478268018838
50.51339825757941
41.17611647547563
62.22718893831197
60.96880761333329
48.232988224934914
53.5263484558574
58.85960959622252
24.313901761242718
44.98135734876117
26.01476415047285
47.91254624733961
23.16713892162042
63.26053606264246
28.609851464520503
13.861533387661439
60.021082707063854
51.57397912636234
57.35093810624354
21.220102596807948
38.65977407095832
32.21799830324115
59.74986247690395
55.64922200880385
3.974028504962476
49.377129963548335
36.14313724595371
61.6072380308584
33.54632268804352
31.212734210258994
23.15558481757217
9.663227080395771
47.915597411161784
18.794577603858222
31.712971076415243
55.06759409596766
1.0655174239627527
51.00683995755083
43.84271405522281
53.78144785568479
36.29314841745723
21.950138402514803
22.791932771481697
58.59345748676317
17.685685597426684
55.98656921445393
14.523737071192784
52.80160220898335
48.94872693319484
44.322287744107896
56.551915313113994
49.848352001673575
26.531754058382425
61.78344004879807
16.948131899302822
36.402500140627836
60.622445053828294
48.963644621706536
53.63348414209096
62.054079232744016
1.3091133115790115
25.340355371794466
54.177900070573614
41.593944095817136
47.87700186162631
34.86425381945376
59.43067005249361
34.652656040259075
56.17212677558007
58.86327053570412
57.98212159919925
31.889417912593117
14.189918836728907
17.06070423260254
42.02999895082269
42.170975128582356
27.128121623677856
46.23128080235021
19.49476940258159
44.9781430610726
61.77821883975097
27.151071061366935
61.866022292832
32.46125616295183
44.35540198565096
56.42689492576812
20.322508465954073
4.507067401215927
35.79390293676471
54.04475701976452
13.261794388088163
28.40867851985181
60.400203184598396
19.12311375358574
25.671152462990655
51.69931682942823
14.679027188918504
33.523200248437746
38.1286757830006
29.630749636185698
58.42343208039784
63.485498373286724
50.04151587748631
21.203371437003113
61.4448009029481
1.788733936066457
9.258293224581344
10.764135939550414
52.91158367582522
13.15057721344403
48.35144258982552
53.25340606427034
50.319001071964
53.937088857259425
5.980743500583706
27.794269400290695
45.89388496188934
57.20359188706513
32.93044487439127
34.081585733713766
49.95286209300372
43.78083413170573
22.977452128565588
54.38604713266302
58.450068981212084
39.09596719739278
32.344952288003526
17.693815961294327
30.228325267923644
21.936235837012397
52.09863357931033
54.903203822164684
59.96484043523576
60.458557312466496
47.195376355669666
45.7589707612381
45.173895467618415
32.5559208933398
2.172457760257153
62.941698636019915
12.842540515013795
47.4672824592765
23.523584100917695
47.63095242723354
54.477438010379515
53.04329269190881
31.214558584485694
62.4518566365903
35.7703244411652
15.144640053545693
25.33861515507175
51.19138246338624
23.99429164238741
32.54831931570939
42.937629927958675
61.47167713108278
62.865591466874314
2.822266847406709
44.13527010835028
56.73224799946367
49.354223883692725
26.28127135675596
51.7802505733787
31.87580746176566
38.858678038578645
51.87658646777236
46.85269470416745
55.33059549563625
58.96465277400392
18.51486768275464
12.34321217482755
7.099111959776941
32.60089878906054
23.75398528576477
61.4273594404179
39.0504156685862
13.550044450634324
51.3403245729253
47.73734172435232
57.963943410123385
57.82072586893237
42.70353061729861
35.124074109050554
41.28136969548117
31.636322859719407
60.78254930270981
56.83099051156723
48.82927239697414
37.90599470961848
21.82795799453759
59.045772951711484
27.118131898494248
16.902551456980092
5.941062448535462
61.514441991206915
61.916686567713455
41.68028921551437
57.91208666568722
57.415949993393944
3.266298030513049
33.370018316239204
62.818628346970186
29.01065541040031
40.1654879287797
23.830812798415693
28.84435276856079
34.337600364848385
59.74239798043975
53.099383253681296
16.955626730339063
40.29029193328809
40.771397115289105
56.4630876605658
40.77412962367529
63.30925466730926
16.560702378116076
36.70474350948521
50.506889461577686
38.128704936499915
43.54635264780184
60.65733332097356
59.40401482226692
35.127236548550044
34.372431822616576
34.94705369309429
24.430480698232266
40.97587261343043
23.484133738331856
59.92414831308916
62.15391109145187
3.966563099425933
35.03234211632065
9.677544307238584
29.016459209139228
22.52605855591907
34.41300919527954
14.866963769641025
21.957058015949038
34.82060070082995
36.29974586786105
23.0067588960303
40.95776698238268
8.568518912687956
41.406077954529536
45.78892474268427
28.123065997950633
60.18465300797889
51.485056245137145
59.09783996509625
57.754831888682396
22.321024295339903
25.33749042007154
47.679750300799036
46.01811936508075
42.87096557159182
56.668105008510345
36.44017294701082
57.47373703094352
20.92203287694884
39.49759162693212
30.436378651456117
23.29956843519438
40.19828073516513
54.79882051488849
17.41490347372065
62.77664845086673
43.77956630911923
13.38672934180078
49.819636290868786
25.02999393119083
46.60798224226797
53.223786549792
21.843692073350574
56.14140343266719
52.93405294683565
43.4793367189183
41.77121062780168
16.798110988059115
53.5059816625698
43.585066911658764
63.61118549693668
5.065537079039146
30.097704230307478
46.81599937716269
35.1644896317122
14.920539785226907
60.87470854752876
35.72187023833622
45.79479318897174
9.763568865315492
56.29686274920647
46.767082324245294
54.83568587778994
43.747875845491976
54.26801362197445
40.424394850813684
59.66135398865558
51.82345832655928
44.83498211937069
33.58257751582663
15.168778609266518
54.91044368566254
44.490158739670676
54.52098087684799
60.917182599452175
57.39465366782394
27.869966569174686
21.888877232447946
3.1698250391633707
52.78703574837985
57.1452381077687
63.677642975371654
4.915953279406935
56.45263230789144
37.514977001589244
15.44771551092522
37.250989893962384
55.859866547698914
38.55009627869759
36.6467346283911
39.08191877480709
48.5253777843485
50.237157252252096
43.75304135575114
42.21932814230533
50.66845843856946
62.91519852510764
34.821258336285574
4.753687944575994
57.38900317439208
6.746376406957083
60.938496818150995
55.159322658640384
34.57125059390256
46.281083364849536
1.7035969925680803
38.806779266066684
54.63082562214754
62.771710848912036
37.54306031949639
8.625243808692396
28.37134964516199
41.26368438504174
49.47568700179169
8.650307252344277
49.524270925549416
15.656878188466528
42.57849496735149
44.91842521134222
4.443416556351366
14.540639028378216
9.549316520139485
59.223436905174616
18.188744754678588
20.40573839007814
55.03507306979701
7.408366386480594
46.792625242923265
40.17521634634546
44.973353875295764
47.263477969943736
39.74490019495676
31.662451203745213
51.693141507968484
42.77965774893519
44.92698401086418
54.98334538372481
57.833384718821065
56.61086063279429
63.29967274874674
62.462256315110054
32.21973053084256
53.270269507916794
51.33555379270478
41.18167296390602
53.31832089251282
38.81556031576808
54.67933373845534
63.65394038232421
8.942845079689171
62.51216401321089
55.5636486358616
34.51954251925347
9.266453973349549
53.411384281113314
30.948009755014994
1.9475805036387612
43.73632188116498
40.56108091240674
17.21185686066533
32.379123346399524
34.62800050169884
60.21882567845869
60.82093262091994
6.536925971972408
60.99411504958125
30.4053452308141
29.48377862411909
7.656214340851598
49.29112664155072
31.88702600939134
62.17114691061503
39.361984442815555
55.485439680533304
43.04266512365148
4.568343067664685
3.1467914096670953
31.32558012962088
10.463278014257945
33.85957848249751
54.93438547897153
59.57819154158981
50.11218687689659
27.0182892777717
47.90038562775705
52.60553638877603
21.022637815487506
27.4819655828803
57.671486516463744
59.700274113389895
48.08066301433068
41.05357467962517
49.74016277785087
20.616384156842884
10.11648287665647
10.554970368957186
33.51803443508994
24.04232290945297
29.672579799841976
36.35200160487831
29.521276392453927
48.5039363470688
52.22328628722846
63.19072393330507
33.411799937407835
61.41209940069402
12.137801841115461
0.7635612978825606
51.47539932221963
36.418517077802
29.7280438008657
27.133729416607437
51.78404930629011
19.78964168512816
46.10877563976336
58.592854592030825
51.42868325951303
58.338191033734056
54.61073255300278
57.34888386743913
52.543974466725835
34.61056641410367
62.384878175795926
60.47469098502961
35.38160435688676
12.06615473943814
49.3419822851241
38.59904515931743
60.3404400599236
49.07566442237316
61.409426817573916
59.64686857363161
59.90311847916469
25.82682016292197
56.67725396969742
47.79326386778781
53.38948090123037
39.86315464162489
37.90118906433992
46.502935550002576
42.14257574277423
63.75078768195988
58.181295713748916
43.777529900352604
61.86089079918513
60.54553453937188
36.15154560190126
39.824860062002436
26.54442489363776
28.779800222740334
51.49818964395173
49.633321906581095
53.71967834501136
40.737979571546525
40.52555147790551
35.698083339623395
11.502053083399616
46.06766539722439
28.409577537878206
41.458572115430826
33.13340537391336
8.117649747848866
21.34616050523789
37.11877237159476
19.69141088609019
46.00619944861581
22.23988858938465
39.98150766883259
18.868436928644947
47.936338627413754
25.99983041041194
18.1458095747344
38.47479414828749
34.45697707211397
27.95605164360395
54.76598502369316
42.700213973302766
58.78434868102574
51.22491955876485
50.98355431727942
48.79415175376159
58.2047400308661
50.01202030731526
47.918410230486444
12.595560076134689
13.463594124784265
60.073419790736715
45.85437964547131
62.90541067495464
21.224179157644485
49.00451232006124
39.8715832750919
53.51542447875825
52.2233843291554
37.72305373122026
12.658530070214645
34.40239226522791
56.07681530958267
42.03162419790242
18.801393259621392
17.014488382905334
27.477887857880894
48.96609223368273
46.81459433432536
27.687586366182934
48.94018231247104
60.31894175499758
18.12431632447047
45.5170335126886
53.14352757965412
48.69805960422114
42.380852957004734
24.524015896986242
41.99489313267876
42.98409634827624
50.59038609457621
59.296388233390495
43.214673160266685
32.04614479269375
58.77737839177383
43.35810160889065
28.83665173108794
48.24996696764215
31.356580669005425
47.52762567971918
49.617609854901644
3.1871795897623727
56.12565368376057
55.53569810150306
54.03871318273304
46.53104109826488
22.370921187310238
44.04840752155432
0.7092325017134584
62.186507045971986
10.556357970822212
58.25852644362689
21.108719833907216
24.76251892486534
20.960326081008965
20.21850204187014
39.88168353128164
54.01371968778747
16.73476543045693
53.60984315852275
20.54171314411679
23.6315095778887
56.74905840790237
59.801555163498364
21.309492780558458
53.36715555099068
26.947919904688952
56.223243926464356
56.94360499501934
11.512850378020723
59.22145166937261
63.90963349651094
12.88713036171331
50.7683143084795
11.67348533885042
35.59225556698992
30.681848707492087
62.62648867876551
47.29669188605307
29.049590035986128
15.172722059975605
61.108203602740915
42.94419489604305
62.55180718283163
4.182186050965534
0.0916392676884783
44.605196232229694
18.937686293084823
3.533241358111468
54.97803879885012
32.888044713143294
62.83021748677456
21.646497343055124
3.0243898828304125
18.300095016573465
19.25264690774022
45.51719219949466
7.908109608730825
46.72524545467319
45.64817131507259
25.048213124913232
62.6239248868787
30.32325117272871
60.61009971410998
53.034794604082535
35.13531597699718
51.24440016057156
53.00840310212879
18.245004373527287
7.93330545750365
49.58389138508709
48.500968628873295
25.469381383349756
49.91293653126402
44.21585142863526
18.579627975309428
0.8039524562640423
56.72916535121635
17.840186852193604
57.68058486312286
1.4867575792242391
26.308920381797826
18.621480773389564
4.990067229059171
28.786814671325914
20.803116243848734
58.767756219815325
44.77760573995532
46.8498907759341
56.526689046657346
8.288963554717597
5.408705412949985
13.51135717253247
38.32947027574844
31.974759085864108
22.061584249829465
29.675490430686907
26.606679698636768
48.23421013084907
23.22517314903053
44.23937526061537
53.96618966318587
29.085826347137846
24.094515957305717
61.97905160409756
23.540727484290514
26.94458503928047
24.826062295231942
27.59158882422758
60.53930458328781
33.273998665580436
29.582531007565805
46.256671594748894
42.2868632999688
41.367574325643005
60.207404918132525
20.397760786295912
19.640168446274444
50.65368296458783
35.034976684843244
60.84408562863349
21.953655333911392
7.618856592619089
14.611124374182083
36.69924881184263
63.88344926799266
8.106864177298263
9.896486335398144
48.264235723643495
61.93901373644892
52.522505686128994
36.249971599703535
31.83515460968131
45.27273287823802
60.224940447983904
38.83428774909481
50.99169050503716
23.115316568852883
47.413369278683476
15.729951394238505
40.5702690294882
27.722823147545405
46.58029752478227
63.03772049821254
62.985733709687395
57.94002195042764
41.29363648171909
35.176532268597704
39.92812070686435
24.46489012234978
26.366595455668005
32.27207941090899
55.02536671514504
59.25661807259543
28.298518797807077
26.456505574618156
33.7981568802554
50.47356150844025
27.110143798572373
36.58681203251768
31.797046865802116
23.872064998424953
48.34344545424291
6.4497798747013775
15.21603908954171
29.728733546938038
62.50016446625437
36.1832614370662
19.159678391831093
36.01395731444998
49.8640250863463
49.864868711798685
25.41662963483482
53.239073746644976
26.722619576444266
28.336276563058433
46.885110887124824
55.26445392782947
58.35333556686186
58.46289426237006
29.889382143072837
34.41259932239662
24.267767981642876
13.146887720947674
63.419492545914636
33.685613081507185
49.91693257535757
39.38116552502527
41.435686273731015
35.75920039858944
32.665327347906725
13.54648570530955
17.30439365422646
44.24922173241826
53.226160971325555
37.782115026040294
30.339575433269253
37.9631123665273
52.298900039563804
21.83641606000579
48.76725708381673
57.02624702449296
39.4057782311813
51.52748369108748
29.784184788665556
61.484204651851144
19.596332850935077
49.907284272649235
60.43200274376943
57.69511789063917
23.133255500787982
21.341429930736055
41.26104799318656
50.93896724406815
39.249247576413865
47.73813847749226
49.57042072827908
11.091411813369199
33.75437031706217
46.31423701874983
42.299133608501236
36.372572328322576
14.766472935178697
20.027243536457398
56.218246146148914
13.661021302134834
11.404644661432563
57.0227443169986
38.213677553609486
38.83713291180791
18.190439392387013
62.32687761066692
51.29668563145016
39.23705903555379
48.4473622059694
55.56486638258991
63.7456833359182
42.846432978152045
48.390059021469035
62.46295311284486
40.425233959273406
4.364173605085931
50.3677950312975
55.75785234676453
28.119403387326713
58.31908065110238
49.04511271110734
24.09691926304253
61.8552772798762
60.80428961530224
19.419733047073194
