47.63197309366436
35.28073050997885
63.56743186152207
39.60183137624492
47.70288728637843
22.62972850243051
60.72287557768249
63.22020044565266
12.51012742421451
34.85017123631056
36.02886441212925
62.558747510096794
62.17978111046146
40.780117655293424
46.218046811380106
41.71659237877243
2.7339550954988567
56.816652831150975
57.165548754204785
25.561263979693422
15.233067866601651
52.884498173158505
48.46375421156483
54.035493613349985
54.66560689678205
15.412222412131776
57.81380320615783
42.6003171041918
35.088244359072576
6.01167178125835
40.277641698672184
40.88691988926987
30.629644412454
48.63046137518894
57.50006735591111
11.465603723827584
5.722133150635436
40.47283765213708
56.01843832004721
46.903141650310225
9.626063374027446
58.32425057295919
44.91386041776256
24.38935997599694
47.618758472084004
61.47076669590196
43.739688507913634
41.21632499686751
46.07386959248032
36.06083067636856
62.24299159778702
43.290732423817374
20.95311251305707
51.73740342390335
29.04218660939707
33.055037796778194
57.77177634781003
57.406968164598176
32.707504298010946
58.816103095333816
25.84377227418242
52.59340538010512
51.91858403800184
14.275934620482964
35.5625751703478
43.17361480954648
31.826824429884816
32.110210528091024
34.19261553776786
46.05418422834357
48.486433588132755
36.43166608575591
36.26291958004935
51.2786932498645
62.12679888123679
50.91886263467351
9.564300719265269
41.41374367107299
28.460551169148594
44.43789171250802
30.93040717258971
49.7772859828987
48.92200131095447
37.51119826332349
52.3966201119785
60.215727629373646
31.280497096989436
41.19641038547056
55.089267430595186
58.49266497083451
30.488080404710516
30.032417262091727
23.54835940397541
38.77172870809528
10.314864418775066
36.70566746659516
25.322585813770857
13.025106225029305
1.475497067784488
55.79252514001521
7.06965277431209
5.735926127684884
50.69339216052316
3.6322250876875373
1.3030203272486816
57.5109656748566
7.795202481552174
62.27316920825084
42.21123762820431
50.09550488793786
20.864509638274384
24.786916090525317
56.72789458014205
32.094837482228144
60.5606674795706
59.997397801534525
49.900415753143406
62.939484181218695
50.35863807532177
57.629302615434874
50.54421903353695
51.86861928684962
59.65834563126864
46.28711987879979
14.338040093061196
41.89813895460409
59.40713554465896
38.90177739895355
45.766590613643004
51.64619637983891
7.168314935211967
4.087087982031932
21.21484089445815
22.14330882720791
34.55837644486048
54.83995989909227
62.454575491116955
33.52478130981261
37.63560541080447
38.80964256279218
45.09226283033639
53.32258656840529
45.36627379362983
59.385081714885764
39.60457605289567
39.90286902180369
46.882735995236764
42.86972585870986
27.52337253549056
29.344256506256784
9.746529701030518
33.520026905864505
44.126278621705374
53.30292674746691
16.993520324981844
38.1366644123177
15.948558466102995
61.74347342337963
16.444154544530207
31.247345845605665
55.66135629674031
19.18403288086988
50.6135394919816
23.980103064338124
39.11735444069309
29.79649926166082
44.34749739575668
58.95207141113654
58.53642630075728
47.642682589258584
36.25344834107668
44.60710904186584
36.92767357909932
38.22365066563894
5.0524674205730165
33.18973074401395
11.20165762269194
41.469539285300165
53.961630310516796
28.361202055315793
41.73295557129042
53.506700914566835
12.173852263650375
60.149287480694525
43.18405497424223
26.24085331149476
33.063140128135856
34.95679686901026
54.23972185283887
60.44261014403878
3.404559984034279
28.45183227754253
59.54470136609796
55.36842515572357
49.32949158769702
30.992885964498
53.922074724790974
32.84492416497146
3.2710623132628314
13.133215912085035
38.4086743163833
54.70904216136654
48.27423072428065
1.8899485583704774
11.981312766719824
4.340492506404175
17.784521065582275
6.285789517457495
48.41127135277599
44.43994786423723
42.24429761885213
34.1610245109882
42.19492658869338
31.753545979324294
47.95246496461192
38.978346662538044
60.05203401544013
57.78028656870389
18.628549337585547
21.615621596418904
33.47919593833167
58.749975578030536
54.69719721594777
31.640481988921962
63.794686816525626
37.234963241034706
52.8833684299171
42.57886743797734
37.540056545040265
60.026243461998554
52.42914779185529
63.27380537998716
32.36791666994079
32.971958258275926
36.075857725620125
40.49659362369588
3.269143619366531
31.652814391688757
42.65267509268387
48.20607695996661
54.53490532339061
49.431397140945464
28.351111815740097
59.73287990773734
3.241633019825123
17.602563524732602
29.1780546287101
38.7735276370635
25.830216107463762
42.030313541987695
58.70617243250915
27.836718176336007
23.435564324310334
17.001636004508022
62.32374276544432
49.07937443805301
38.27770600455619
45.96979223385168
38.98221564773828
62.35022296609325
40.70668719727635
40.094667743623475
60.68421391098842
4.071907148531324
19.462832182070706
31.3059688200195
44.25287679597386
39.75665087167337
33.20804192092265
21.0187729796775
5.243328665032145
29.201237186042967
43.57778896352421
32.219409495404896
21.0560252769886
32.79484076680033
56.81219833966599
51.11148979560052
40.312213011800736
22.76538218588731
14.972881192533208
6.825038710223787
46.8724537222531
44.88803997448416
47.21373923755591
33.170499330840485
46.77492404744483
56.960260687413026
43.406654100161795
27.127018595457876
18.10292872372996
52.97843899741811
45.30928591950523
35.07990149303795
9.144603161695777
59.6008301399319
45.581053166924185
58.46076023188397
45.17446797450252
50.518782343259346
51.84298547687108
31.567133567604913
35.671428502288876
60.38424912741211
28.019574830818094
46.934051658757895
29.326804700512298
4.5323351563498875
7.7646863627625535
5.560361888054331
46.92080627339808
43.00463215996449
51.67527566691581
51.81574597552124
39.79463562634575
16.935820587666704
52.53662257442283
37.59065430908799
29.858642276479756
9.205439808124915
39.47295487163366
53.11549010892486
33.99073355287602
13.516176924575475
37.62611642536872
59.237132242416955
3.365664885693789
3.846022167402566
47.81304245884783
28.412258081047057
55.29594942953777
8.562569222381484
62.05592206902074
10.865019956790526
38.1615481913355
10.814863091537049
63.157088433387464
32.66228719455066
50.00924158740601
48.8816951706209
29.948917455846136
49.46314389879133
51.115363207993994
59.140360022540406
34.08217662685806
31.53561938375202
51.964311975143474
27.712559317299487
46.695327724234936
50.055768620550296
34.45128626669536
46.99227729823107
46.95574362392788
57.6943046897928
26.751908344043485
52.27699203997661
61.92956674421312
57.648269872213255
6.3827681244363745
53.78718144347135
61.42759552634307
58.29477371571921
34.053363262812624
48.88284723616534
63.2744048320657
32.33427605974376
57.07881291734687
50.36599412791653
55.50830132446812
62.60869477877918
4.925486036910662
20.662775728844323
34.66955600125389
46.69820627822858
32.32261551594449
50.05350127832563
40.687828963536006
19.90916949941017
56.37388013924318
33.759386553168
18.080080417420923
58.056760167326
5.1479472141733496
52.63185832465241
45.95576740599169
54.40118202943532
37.3819722255698
13.353869046121865
63.19733747495244
54.233901834471354
45.075314901935144
42.962696030376904
57.54632215944129
54.15628542925797
55.44453290376906
46.09050326626555
41.052323416402515
42.12623295626755
52.62006636849385
47.67916427618105
50.24928889983658
13.7697520138886
42.73148749581257
58.73988903245913
37.914375011711705
4.025068469971117
38.46291230137433
58.645166601675605
53.82869185411206
23.032815861996347
57.11470336460906
51.132936143914435
36.29064442838221
39.777510823175774
48.91360734106708
57.61287997599004
58.743574950072166
42.00949457880406
44.9906054801111
22.14155998945131
1.8303914210061265
54.903464212444376
23.82483713682891
59.249112367140796
60.097633470959416
60.35307146060949
53.72789260845518
59.005461317236836
40.21369463818831
55.307569476871166
5.884678212768883
24.01177435251153
9.677924712458335
21.061653057890226
44.39184665204127
63.73133185066181
42.004247592528465
56.87521847794018
62.580881621977234
42.45404296440604
48.361753721097756
33.2664519080172
22.876472120699134
49.00246570568918
40.3614740954926
34.43234446289471
54.7657303872222
57.76051138133621
18.33652090273023
27.959744880526443
26.07065395683893
18.907085351986304
62.02988172742676
38.362190710948454
43.144389085253195
24.792651645311103
20.657291842931627
46.00924947582702
48.04234926935948
36.47214459392687
32.12968110123181
52.81700588812704
40.94219085071814
32.91771606586125
23.151289719183346
36.96909633372019
36.67205063049988
8.980393357366978
41.250582692638346
40.72046935073379
62.203677503109354
46.65933144589708
48.255953402993214
38.277102527342564
58.88592251510379
17.922414158962198
42.439634765718175
22.135284706515996
35.41944882326238
29.787478598938193
52.16655536722385
50.987912863382086
35.24836449162537
60.47554221187297
29.088541231291423
33.90326733367066
49.192943173734164
28.085594874644514
51.159744557207844
27.698010539818036
38.59645000999803
52.88860387325913
51.5002534888911
51.77866677275788
36.04893371137224
44.29966870115601
61.35913650368799
41.76714478383954
56.69898232406363
25.432610521352792
39.5202197203432
18.779449235281184
8.574240318871986
50.795976826748415
36.03534476763247
21.355067408006597
45.970791079375275
46.336860372751815
24.569137648602563
24.514102563555745
15.234723041218317
46.94375000443257
55.84228555470948
43.12736614423737
36.39236729290634
12.084675430675127
44.9708044332381
35.98617396179539
41.19316945194225
31.885333396470166
47.79627378561527
14.849486973306995
62.444843373957994
25.309086804959684
46.03267189397167
50.11366152459247
56.4954329997636
20.15441591762051
13.058201844738036
29.318081330501023
56.296749879533465
34.67234263559721
37.631028103521274
61.46124497637534
55.017773553557845
57.88997979787111
18.011901122013505
51.20938501453488
20.56911772478456
56.846494755415144
48.370939349048456
34.2352381317419
52.55182017842496
41.02687684806729
60.75345742338907
17.821355346936876
29.235373006044306
57.242494227813594
41.9578567285512
25.384529370348872
36.65926853176039
35.38810696410697
19.124396254586323
53.98939667319958
36.57943892510424
36.56073412615179
51.77691144439082
59.6889029126646
37.72740930058907
30.92399712326197
57.73090396067237
40.633521465297505
34.9488764329638
44.91941287782814
61.16198086700014
62.61328062660392
40.33314741216678
1.4828746319792216
49.600789461449914
36.17751794397883
46.642902552822974
25.272665997777978
38.397989579329646
25.974335818690285
57.80491899632696
15.244511754285568
41.72869092427459
27.512362738512515
56.95218297146085
20.10235273727686
61.19985833480494
39.623729179662035
62.20303382106291
60.835402921015614
15.268333544312853
58.12963640349238
54.43337736365516
53.53413517327281
42.16214619493182
50.95389083918078
33.5818180926175
3.9980400132772544
11.369745119846819
2.3657326510827232
63.42806425720618
34.56101222779227
46.097043812552144
35.73435375298159
19.22899984203231
48.89747250012917
55.93887045260696
43.5236144620643
34.89218384141796
41.52778293669089
20.25877603126525
60.08918956466016
40.3599783421308
40.79117177355171
44.928739002680594
48.04857108961002
18.250578684181306
53.851249220866364
55.238537364190506
40.69496780930112
40.930029235128785
62.61206274606464
58.14897361579447
61.95605946995586
48.443237944795115
29.970058770682115
56.07886521575131
34.829796019548944
28.766882135329368
52.912771807110545
37.981909222058036
57.73699566303766
31.596055596325243
12.178917099523943
46.9212885912204
49.26082737717524
37.813163104560786
26.355663395724918
1.608610086128266
51.52112816245135
48.0131405683191
49.14511631032393
46.21840474493874
41.265811600542186
44.26469528137612
62.702472017880325
37.03389718795675
35.726488426750166
13.580185257918082
15.500107681878184
47.93024721255248
59.14270323323848
55.3740885568358
36.913662669866255
58.329370334025185
28.155853478346707
58.18156984315027
38.68497022581808
62.70382375206592
23.788471187957512
7.481915378488615
49.07908423931934
57.27907442131422
59.87097648833521
27.12810187609614
18.679894376491852
45.009260344036804
34.008057509801915
42.9371918877413
58.57796868066769
59.34795600536626
24.45197674920221
18.719802492021543
45.18693851995376
33.184786978532486
23.95541824482668
30.45110845251466
24.28330894205866
56.77487603768655
0.397269488720255
12.150305370606098
49.894303533616764
54.917157225346216
52.810117375701005
33.90218413755342
6.4912482689938145
60.47465585399496
29.972350819608806
18.1884200106159
32.535866992729176
47.44306000353821
43.48450565615775
3.4339840616672674
39.21083703133965
30.459455052831245
41.47894702210592
48.76768956531925
43.42765595163114
63.065036256250266
41.27288029345931
39.05221430142517
50.44976001110091
52.900224205833084
33.42785395635367
48.5236804822509
33.77715851078858
58.05245375447364
54.138860027192024
36.48077954995384
24.33389719043919
35.70719202960984
52.703541053316506
22.405974607744987
17.157721254496664
60.51132369518257
33.74739822993858
60.05050799321646
43.72401676176392
58.718214729403364
55.089684636781215
57.221260008457214
59.22033301945558
37.9640596372197
42.58597708475979
46.15014965122042
34.20394075633318
43.63327313647484
9.430826855958372
52.552446973846756
32.63395976360519
53.52706981440341
31.918999607736332
42.76463254156186
43.402282147031926
34.83879322521336
8.841021907670921
50.6468569035022
54.5699668323478
41.93645870984663
29.40767434158495
25.987679363908192
29.017226584156447
55.65355110198499
61.29462002860967
14.754994351972655
31.674394650077588
49.352403238861264
16.445770834160577
58.93860151527272
43.11598338318006
3.0012994139809024
23.379864233937496
20.596004326764543
48.65202628601672
5.889248327572105
40.10223707208297
25.236116675906302
46.79836681886077
63.62673495678512
6.958320308796843
22.688394050416235
60.515847822086116
60.96735936814052
60.61761100595463
25.361013688177565
48.500729429386446
32.82308745024575
13.493555858476505
11.8595167632228
26.485493442223913
32.49657374668502
52.27820281384037
36.34305947303957
46.176817601357236
58.786001471103205
50.637732857269874
41.62251030242547
29.364791263014624
31.092135233219985
57.44153736660975
53.21254577041842
43.61134283163457
32.02075789401471
60.34523387917503
29.483573837764098
63.449235559735996
59.65023497851039
61.321111919335976
12.023137772960219
37.09465733555241
58.186788618730205
27.01109082490023
53.84546589763279
28.57441705629835
37.396470813932496
51.31809290112244
45.14914028006348
16.917871104236127
39.943486702569984
12.765299074407842
8.179333981876212
45.56156889475348
62.55786975389886
62.79590581571661
44.82946392318913
23.216598718647163
17.07120411514468
38.73380322313807
23.93673148399587
1.4780301458830678
44.245796794603564
48.0799187676604
63.3821972305655
55.990736369413426
63.37406847035659
25.930561243189594
63.333624998288975
62.51730190263912
52.52046604724135
42.85603985325964
47.81923571642828
62.514313258440346
54.86276655192272
36.390214480254606
48.69485446435381
48.08519958342738
6.5903243238445555
56.84746646700189
59.47426143075146
54.880683133385226
11.46438855415228
51.733788492797245
33.98301286979682
43.98484749472598
43.649624316391
44.0932186849908
48.29933667515441
49.41108485861372
61.90420553882033
61.415568137303026
23.83857760322325
56.986073699064946
25.28400674822793
14.459412527620366
58.49085549422241
11.943932193633351
10.475465410923228
56.174921716109786
61.98255740126148
56.07371103459953
46.01552876828473
19.095490451945082
33.578251687338735
40.180509806364114
59.583636457434245
37.1884267483165
29.42223089375834
4.863419591368185
48.213840981398064
38.554242295649054
28.000800160182905
53.35726731603214
32.14232579945255
41.22463028051875
47.97582300402926
57.603995324560245
5.323769740783369
26.304338376915894
35.837537522958485
61.85654480040038
58.23433002591427
48.58779570233382
49.879780984636014
28.05102444865861
18.862031263232232
50.386552812802286
30.922695974512408
5.605601260928026
6.5464709726693755
37.42779019352275
29.469476712820658
43.8834481081705
35.97373114005862
51.72146184876618
3.4101143153293165
28.95183016096292
31.181304510986863
59.891891088794154
57.75635746905693
59.44315500027842
11.80612789373859
40.70759644249508
34.92433206845324
63.40803964124483
61.15867000420068
40.218278113908994
49.5997873697529
52.38586600096677
27.854283406570843
20.555085277006455
42.73665761015562
12.905837736134245
63.96455924650698
27.12549339379943
57.27867894891855
10.474322482580682
38.767795795245135
12.071967740850269
47.936667760430495
49.86318233299518
62.844840897202246
62.370025654275224
46.10033895652221
25.241127091194315
50.03871454075534
39.8508215045971
46.85671543999206
53.676876889550556
33.63613408486201
55.93687019067999
56.38960187512069
47.27743703035621
63.14591513158836
63.36071301602461
8.521739333660854
55.82956606904793
53.461439039930255
43.29370776875395
56.18121531191282
36.6074864938347
21.32607823124532
57.78830538771872
38.72827863191698
40.37892279845265
50.737989299764266
24.3209916037759
44.742943048886104
46.72918082116175
33.496040336858336
37.568416786336236
34.885111254641366
18.018136205604755
44.52235143437066
45.76221263974877
60.68753277968482
38.54294131272871
43.36762950611794
27.52964317102
49.994539322767366
34.48979919105582
62.27376164716091
24.248053852086954
58.145701147265
62.63354404593275
52.509215288572
55.44301853140388
59.42416238582785
58.28683025923273
37.299851187047736
44.85100106219985
53.60759219623213
23.067119736376853
40.97959621378074
39.83578368278495
34.885124576980374
11.73040595784662
23.22392071095331
53.64415661218032
59.58291303700289
1.3526960917366324
29.00037599755423
50.36409839961823
54.154446934156454
39.77201034181446
3.375849112336958
32.875038862784166
4.912886226973832
48.126546358527946
42.81896500033457
45.201596190190386
61.8236789102117
10.7457559118996
43.22917594253549
42.694001968786125
41.038179808801466
34.89025836989876
14.321228092661975
51.17662085454979
26.556824634202677
48.33003398494644
17.624413711776185
43.47597372279003
62.370075047768225
51.00648766801323
53.46218927087763
61.347481168988764
53.53370513869377
32.50957858125327
5.56744591658061
31.2508672236291
48.389847773341835
35.189149042775284
57.05634163281433
47.39489747540697
62.55103403423251
58.09551311322594
56.491507533099515
13.204727266254622
29.9281681505013
10.134656049647845
61.808563847394126
38.75525602896816
58.32175532567962
24.904095819726884
46.35523980721798
16.97005278223888
49.90945307619836
52.91364335914964
60.51718084268499
50.70001369229385
60.101366962949335
52.44957079808333
61.150308512003114
39.46467657812691
1.8652955468213506
18.539654769468903
22.360968454446947
26.199887493191696
11.771253475453179
60.409090113695335
47.023633351089174
24.540573322285205
60.25310686931363
52.558653246678674
34.02033357668141
21.596083266611032
31.641415797525212
36.762755962312056
60.06563528444044
14.678604232119596
11.466445671158986
61.08669083678222
21.7998639569565
39.88172227809379
48.2074231482631
41.58550172959175
44.03865170966368
46.800921628785765
25.58129313567874
45.54824293752925
38.99606843912365
15.164731216445617
4.431787995667179
1.3844822603197144
46.95661934368732
23.633256013902077
43.1297185315438
54.01387542029086
58.10946572326789
63.520638439700654
42.7473735337465
56.64408518333957
8.00134046195113
35.001228645721014
51.27708975657684
46.661429426557525
50.94141477455171
41.97355138096202
56.60392506870414
54.44038783259375
26.957688232848795
26.404807060989235
27.993733646681797
52.63854604515504
49.46813707145458
48.117470169935515
61.706763778748275
58.56596720423531
24.531571122921612
36.257580909585286
51.27093409869826
59.000415940049976
58.200014686527894
51.20262523951902
38.08857847904396
36.58537815782273
48.02389265412156
41.34304984497612
22.072428361645443
46.31805319125522
51.042662704240925
56.80132296749484
52.37705377173428
59.98922872954155
37.27876187085174
38.49289824645312
50.88615795111508
62.52368310874044
24.55461657410597
41.923151027851546
13.630708064402477
36.69187354204847
0.006487712434982029
18.87196116836916
9.431615942099981
49.427888129936875
29.15451766984623
40.252224189107494
39.38290511450724
61.5181411099766
55.85132634447608
63.92797083075922
45.120566160637125
31.68942145708052
47.23756418680469
61.26373547531831
27.228966876121042
23.697840470282294
11.955883624908047
33.895963733219354
29.81304812141402
62.571174937605164
35.39920294996573
43.780223172028215
26.739561486248263
58.20802416418201
16.511818599770287
36.84145943722689
39.708418853971736
62.73816831471689
41.62739371889945
34.80452526517481
63.33092244997066
50.468575931080295
52.57183018400605
20.057662483494568
44.425444640949664
44.39723776245493
37.90825973735021
53.646451566613095
56.205288666164286
35.77072816163721
25.450263036825916
19.17890849616944
60.45769014161633
19.948073174584344
45.475349244823676
17.48296817902152
41.001887297377166
18.996089126857406
54.08513132388832
11.322783178945677
50.19858509870713
43.13134418911891
63.29381784193722
42.084106053401015
29.651429861947996
58.87231189398093
59.48290522743218
44.983459328478645
18.14369140340235
39.13081944189538
18.774882662995644
50.07488917203754
52.059555197124006
47.75617512101773
48.202088128024315
60.72522215776776
20.15060071553193
41.44492914703717
11.678795873766646
56.89860556285353
41.008104109192914
11.568175011597205
50.00520523176687
61.3566517387711
52.83570596352272
50.08758019276597
14.754980661629503
59.41961146921886
26.201036529818346
55.32889040289302
53.51976436401798
47.784726826816154
27.68051297237281
21.525506802045975
42.89461603808239
32.35124701620637
13.253863999006732
54.54874079551039
62.696733853027
56.69729005056744
38.25228906462847
54.255039006717745
59.129323964656386
4.8609743665217735
27.731933655453552
51.49358155097943
46.00933334766074
44.98256278454198
59.63690380557295
57.229740588614035
49.55587172128561
31.544964103568816
37.297570361424505
46.2901034906176
39.59904969524895
46.06092772072763
50.56147937291021
59.14573275552613
62.76788751535884
38.19130499241449
2.9219927427010006
49.80933362599168
31.885769849237
27.35475684972596
11.922644011336722
31.04877942857651
38.03127330671573
59.65622933883746
44.398712716247985
63.97984631051887
45.01689845878664
38.97664218691912
5.16410734480376
33.96863623193465
55.16698196789865
7.44995487904194
55.20059816291172
56.59357372109569
28.617270675613035
7.755933325871595
59.367743106875416
38.08354354409171
38.183005257259055
49.781935885464115
17.45434007044269
11.2804690656221
54.9565521371822
56.21339232211083
44.78074313788101
54.41987796213067
32.387281824039995
58.06845580879162
62.892150924707366
56.09822093198491
60.415986639355026
49.589492921573786
47.836312581249736
56.20800548983355
25.005382811407443
39.88104364358447
37.561728965189616
24.096077309113284
5.144257720378434
16.530591580535948
53.13136577186075
2.2669286120218786
41.73357990078273
63.90717254462798
57.1280242441162
39.83852170677798
43.507185255419735
57.34902561666602
37.9886588751327
54.71327850403944
18.418883479976316
45.751073199367234
49.73696178153905
33.77306530509124
41.59365706796055
32.67371535844056
46.30391845190995
57.68881968174039
0.9627481095289525
21.76115691862448
39.397344517681546
37.6675464073232
54.61257967998539
7.046630842923086
41.4483448250362
61.51476511505161
59.70848802409859
26.34119868437528
27.888010353681707
43.51786415194
57.56881692025306
40.1283383213168
42.89428213498134
60.222855971761895
56.229126876097894
63.68903372838433
45.119189667969316
60.90351380582873
25.203764091964842
51.7290262513655
10.211340184345325
31.600213035320984
57.136302690469634
16.556678407291194
63.4844465880282
21.367229940777925
55.771911955778066
48.73416406494246
52.15186132034321
21.662197055977842
22.85903656804937
5.900688511597423
5.902811051774137
59.93623030911987
62.898316711112
39.90637165585619
35.24802807028037
19.72457253886418
11.187128138578053
40.96092762408669
36.090514879524406
57.2675753587707
38.005351383893924
50.446337776706386
54.09377354411761
46.36692050230445
57.594493308662486
39.26359349766512
5.924167347446797
40.54161826243022
40.936819096050364
31.29824906369418
55.21926448969071
46.76127672995303
40.26271074183134
3.3255752536705643
48.58487862226403
19.0422847166175
41.0058572704055
12.036742704433053
56.78439219694572
40.238312561788106
42.44674087104138
47.605969896916676
33.401804230586464
34.0087950421473
57.37315468881825
17.32620424612842
61.27826920528684
60.335854779096664
9.760788446214661
63.065592081811076
61.63438027991263
43.47397036114798
56.29375217373604
24.73827517974587
52.261451649000335
40.8030450289441
61.50910190743805
12.2810502735977
34.301987440443085
56.74421874501786
18.840809957742877
58.84438361038022
48.36504565010566
38.80433220419114
54.64099018651275
36.382341635205805
53.25190522458833
63.91696555489892
63.42010368153113
55.61659464779103
45.141297103550585
63.85008667186184
58.60271729884472
54.050687959402154
39.92483497418769
51.74525940826185
59.034034503341715
61.08786381867063
62.908535081788116
25.149380455309974
45.077936001333626
63.80650151551907
51.81713226492258
36.5753866766284
34.380095284413244
7.208317893359975
8.05843688654138
40.10829806585712
53.59387511808094
53.742969152618045
17.064964529316498
62.03433049232993
27.433253689025676
27.246978305895475
60.09381893027927
11.180463559465096
11.951072191684801
19.631383767428225
59.01259062024866
28.63387053396213
47.99280304562474
43.56552258609737
60.16111604440865
49.325210901764834
39.97188426357491
14.472143780061735
45.239400260365116
51.96702984449761
50.408346794468805
20.203568189509973
51.64609607729137
56.27067814351964
37.59922689632178
12.319107465975904
44.191748143409285
48.78090832932133
29.27526952990611
0.27216462064326663
23.406423691527607
18.92139820435022
54.02334480831122
48.2611745453689
0.5704887877190927
8.72384111845966
18.354755944713396
59.6951251396969
33.16193180898426
33.65463802882339
60.0551779747936
61.13406448621397
50.99080214106929
25.298040854375508
27.76989736685917
54.848918995304224
53.61286359753634
41.96930769679685
13.12190378549726
47.337390834327095
40.38054420224141
52.71954101966296
13.253480547474346
48.275292701532855
24.278090237925383
45.0819399532035
52.637757251736446
0.16076300561682189
48.48851303041798
25.097541004778975
39.12166948825961
40.267274436064874
21.686180667999267
4.376416527747558
43.59857035307715
54.5310273089624
24.979027581090612
11.827967580071125
61.737370281976716
32.87474235818242
17.634368296744015
20.91602742021528
53.492645122181024
57.752167651316014
24.05456895562663
58.528306142661535
5.8580106162999
58.243248845976275
61.66232741187981
63.29773297710042
3.99962483735424
14.4063846052669
25.13786679307269
39.766086425925664
61.33481062384933
57.927194555009585
60.99633625830507
21.653788035705766
36.173510163253454
10.177750406381797
28.559168345995687
13.035192547711205
44.398713366534906
46.011585364654806
11.623659107484535
39.57989485543827
50.921710811962136
40.78834453329834
57.67034395375285
33.19893101379549
44.741149695137324
48.10210118949226
40.815132756267325
45.364789884192895
18.61013959957552
15.950082594629855
2.1544844570287935
33.267408968872644
59.714642922124945
35.60797814637002
39.60685774827179
51.574004826457
36.83759978011814
56.44666330504522
60.885245230327484
37.42709170832754
16.07776768158095
62.815271814150385
45.49188914004215
44.60121233646589
60.481228868044084
52.59871349791246
4.659491423214078
46.81728874614154
38.26424426856459
32.11371025572565
26.576300501352087
28.86361728053226
30.55510393640577
62.289332583532044
50.373372327514346
21.402506140363798
49.34015297269926
40.551163347044294
61.770558605067876
18.218082933835447
38.86728732240536
36.48348825064588
21.237269460185523
57.42015807247368
61.13485680565614
45.79728291019342
58.9088527834246
54.520590502294624
32.73291471762627
16.35685490042954
48.140953239610795
54.86931277698326
36.177794431769016
61.49108446467122
57.50603450598497
46.57208238164734
62.43106674434712
35.68060740427626
58.449683274625706
61.23913039044996
39.70625097848634
44.706047901614355
54.03700440052104
44.194308360317635
37.79500689042129
0.866994402068066
53.60406678361254
52.688831925329076
52.91307997650716
21.393625326935428
22.121371535812237
38.768459480404545
55.28405236132549
19.53761428983435
35.66598448030142
39.35926018129514
3.7603703494948633
59.23929373408834
38.24062865955373
46.41848635386118
21.036463985467748
42.68622788659607
30.627389660449793
27.940040230355535
32.00572885586662
40.88050169674841
44.81429393890383
6.983410299504676
37.72773792839945
24.388840311125584
61.535641868180825
63.065492566120135
52.45767818854967
20.79155790229904
42.4513604381367
35.19434830468895
26.03277818898856
10.11224641045655
39.89857284049661
44.027983418525714
60.34304989214732
5.455377996733922
59.79737866973066
33.672277253977086
63.28570126082241
35.425924698174725
62.404123551240154
24.54852613658845
14.793980722789257
17.157132676335998
36.45725766663659
22.851567806242592
17.36391285973975
42.186482292610535
17.348722004963385
18.732817444337854
47.656304461695036
23.834535798882015
38.24519796658847
31.18428978759838
61.734790027356325
49.79495291977345
59.54018113912188
5.110333516700614
30.809935962987595
59.1515098388668
51.82714647311218
55.18592929761542
17.742707962995006
56.8273487135468
51.728854505035244
48.17511127252556
22.616178809464493
48.801105480028085
47.55985978954654
21.764275904885835
18.573524397672834
51.27204057435843
51.387232167367976
54.56648704430192
31.812583695592295
25.687281317357865
40.19183298107056
9.452327641404082
48.8001380975372
46.01030720128782
48.62024105035116
20.820328160180914
12.100445858525518
58.74706653184315
26.919440899584117
20.92585985263959
13.14919788319503
38.25348577720199
57.822019369073175
19.590077966255386
16.7277709450592
33.36884945995814
52.5504620882264
19.45307495373367
9.740290507173
25.29651832096682
16.338140094520654
52.29802971376086
19.030167439923254
45.12834848590494
53.7007142745644
6.889894937985503
6.714473619180239
19.99436722655836
37.704967709319945
43.31025216340754
63.965611878715386
50.61025234281375
46.48589544162092
59.09000941906228
46.7538617381517
20.10871281135215
62.75683800349593
15.21971480393372
15.352319994326848
53.39882984234716
57.11441391005186
20.134304630862665
44.96190024916477
60.86362572573181
48.435275937627594
50.49929962320129
50.281423062996524
30.58543535451372
55.31392025938971
12.090597781421508
41.98374241592812
35.28237680344793
12.106660094219023
63.05496796428206
58.129463281743696
60.41671882295622
62.221399657503596
48.18426723102697
45.18058370620261
62.55673559517255
61.52561856608145
60.44673998717461
62.013528427245554
53.856550485744336
23.33452033014231
41.50465360779077
20.171362507479095
26.44946338874437
61.44307427935418
60.99352475684566
32.2326936760075
38.555347202707296
19.46344855034659
4.029837253955051
39.56301106337098
28.327242294659975
47.86198533806194
34.39874373500878
38.648969789326266
55.6652731285385
5.991273386700975
63.22472148028835
62.77575239547702
49.684612834841694
48.376298715921436
59.573504137508685
59.86943157630759
61.056320409263826
9.432763260911074
45.55710672573335
37.750634547186706
55.04747742634048
45.28424108648011
61.57218262799109
29.826998899862055
57.75645204180229
60.24849848730218
25.619525507118176
43.54870026365704
57.58464040412345
4.095253266130342
31.187450710553335
51.171221131526046
61.93352191770088
61.15916247335589
39.001074320266014
57.260694685066944
62.00378702953986
62.251443203849846
48.589675616561344
33.863106574553576
52.73563773000855
30.92788482099796
1.7333765381833715
54.258609872291345
30.194603514617235
22.511405218487724
46.0108818294496
23.496319394548607
35.263399483564186
32.88015313635562
26.98927899895704
40.8681099765375
37.05287034836711
25.17612284824075
42.82726798291691
27.871821853105764
30.980030166718365
49.384758613595935
24.01197412689936
8.103362379060421
41.785180039845216
45.26890756141202
47.523152150111656
49.48477425192056
22.597927377501385
35.845064626696704
52.32742674200525
15.770949787790904
59.760249117720015
21.917629874425728
42.48303523918253
59.46966417309826
50.971653352750934
46.19932679348622
21.38609845088535
13.08056329776759
57.96626366735577
63.11755082018307
61.514335996341806
30.488394640604106
30.75336113822705
18.520963205125028
39.923233184398164
56.09646978957761
56.83263193873347
62.305246845618896
18.83859040689864
57.06946889143382
50.75116264899863
37.66785076626579
1.7906477868268524
52.92897465612943
41.788484533236534
42.24788821839755
55.15667484710552
46.15115032031155
28.926298003739007
14.549128405306043
42.58269264964936
38.00449786924035
31.17241752852192
40.5733003166347
57.6898251793465
30.388190377359294
54.856599571604114
62.250343583630645
55.84918220494869
40.49717796031156
18.172054648655106
27.87265850358399
35.07675345349365
18.61211537732993
45.496203095040954
17.95279057758794
53.67668185586649
33.82719605939642
54.376821867058425
19.988433877316304
31.872792151383607
32.22537891669095
50.096775576031035
17.776678566979434
44.16752589202678
38.660076715841576
63.18696927740891
51.80136677339132
40.55045868674901
54.63386174596536
55.82068130968433
19.44988363720426
34.3009845942873
8.399308707692747
45.564389789447155
33.33867863415608
57.886694831302684
57.97266530521626
35.15209516419708
51.52769697024402
28.198812636366235
59.24605195833224
13.345489120991004
47.8377953547691
53.90887117554696
62.57444499893966
53.05283097491144
22.701145366152467
52.535553902471825
23.866873063694875
45.753961245717775
52.34982248466772
46.78955981409565
35.10088593421095
46.31706051566482
46.6234298190764
49.476184529172535
42.87363133141852
40.06698995436472
54.36578985994861
14.478579275445185
4.874541851133564
31.02163623306913
29.094346291927522
50.56271327151113
58.45688788128306
56.841323376091324
27.909382723416464
49.222596523052545
23.08859678798666
44.6408762605014
6.687223213778495
24.686955933452687
51.28626271004425
33.76570332698167
34.661990898546804
13.73586379005966
50.25481388436078
56.39117187457395
2.173289705281377
38.3422366708659
60.37880002751143
62.756727437647946
59.96198019013918
15.65296177052668
52.82180450811572
57.86748997338707
25.988190914466415
19.874301057314817
39.24281259947852
40.72571805766319
39.27426930375232
35.74800036547914
50.34772840303778
56.33297176113808
52.42888794585627
60.99178593003592
17.185396978598234
63.42018113778176
20.44655224484768
47.914167567021806
25.001202622945407
13.038014865707666
56.54118627671896
11.276890891660095
47.98499764340862
61.757969785167724
59.069707394133495
63.8615914952926
40.856505388316705
35.15168496537473
35.54414953072042
19.483147471931467
51.27067981601963
59.00230204871208
5.8058797412582095
47.865006612124276
44.81067043216053
6.822862385570595
37.99843098060461
36.5109741521018
13.492576449206638
17.037222778556547
54.670618579030254
47.94578021762276
61.46171415784292
16.334276185755677
55.72639561828984
46.818506971459065
45.526588209107025
41.63044866561499
36.9628851451412
60.82574931843603
59.006180628609926
51.146023272213455
30.089074652914036
29.22819025321285
10.542053114113706
7.450409653215765
44.11343883570836
54.2742232870545
42.93439374183991
36.70576463583711
55.75559838069606
32.97334012487799
62.308288809350444
51.79001662274034
63.44676492994918
32.31984258160284
55.188500539914514
38.79531498807636
19.245949931884887
55.82080434853629
40.89475920239198
45.59068053152157
49.62014141304621
63.61210788657074
17.403605364795816
42.85788446470431
44.96687293834047
2.7259907196010644
6.0972880028428165
25.706004534537676
27.724814979166922
55.77153830146874
55.43944503691583
45.78973779983176
32.96782719810939
56.45339225716854
47.594665653633115
43.254867521610024
29.57455110630419
29.88783844079702
12.707448060236196
50.686717063179344
36.76264274812379
59.03861355559243
28.194238597742356
29.469049072528534
9.641216662225368
48.93394540737662
23.63764620227071
42.84631861350472
36.90641386061543
48.52239787338853
36.57949552795395
49.9002130267688
43.07895250623059
32.71215180918765
55.98194544178787
52.59253089317946
54.136241286721656
20.32510359328095
22.494988644566988
53.02101734869424
29.10864970069761
43.12970194748348
56.182018140304415
52.6841788352461
56.439540675609685
22.807894021598507
26.41582413770591
50.14399871909205
51.0342031466683
56.3612571595148
30.964022231904544
31.212309717936513
48.02547067507652
23.67704406928874
38.05593553664531
51.06129803709832
26.471918727295233
31.705671386889243
47.01462133753067
31.438839001553973
38.401492659823205
10.654832702770491
42.86033599911596
53.536902017893006
54.46307107202092
57.05185654568758
11.80871150855824
10.072309353281462
53.09675551913867
19.207803300273227
24.193426710402974
38.32852578846085
54.51933931756719
50.55091740833207
32.76951708161688
57.90458549167394
61.1709270034374
35.76126867236731
11.911663070190883
52.98363230367191
49.46822518500546
57.690250044277626
58.64363024882148
46.789249120197
49.94487485836886
26.43001144227795
53.23028553280148
62.14544382946868
27.39294204663541
7.419521648845787
29.50985822103989
53.74115775344573
61.50530252474762
36.19026294937903
40.758142354544006
40.52759222242453
9.529841550926925
56.995763091268195
7.384599789768856
62.68441566678313
58.9790759594674
41.61411858837053
49.680609233054305
58.87582221169071
32.054217246248626
12.130911472746057
58.049691861012086
29.284167696752448
32.471661116578424
55.775320182797444
48.171623812949775
37.231682394819956
0.6848820599420478
36.3247453802412
48.2712773146435
3.8842325426749014
55.05463210148216
20.324405849096074
19.1392337538392
35.18502499882736
32.06560457403448
23.3419761299687
43.757070319090516
54.76927785248869
55.77623849243135
3.081692177594533
36.11855556104415
54.08613113364239
48.74541705368719
28.314158432077257
15.6195890296734
44.4262833722095
7.5087403878169425
46.54792833984837
50.94663858709235
36.58091527270296
20.843617372668852
47.78438577580584
9.772254291310873
42.171723714435714
25.85309173656153
59.39112768673619
55.0110121947623
18.195146824354126
45.792798933909424
50.75570808287643
41.03540708566169
36.50603123226327
61.478266038728414
56.449770506480725
11.123750244954046
0.40207932620422326
20.464229586809104
30.909339480955133
10.07782169818065
63.73076563098496
34.08912259502793
32.711236950723084
39.61114826366368
55.450642785624055
42.00623065611963
17.732693634543963
60.57709967283905
49.42579173896756
55.12625552051339
61.30331286400224
2.8608279420321168
30.778586771597624
43.087831513810954
12.947411937927399
38.00633308471892
62.11821922286629
13.885349982770123
36.62548877581085
48.95384643614206
48.53972250600652
50.54464458704044
44.35338971054341
25.508521474748612
37.81308936466869
21.196401794604007
61.337655815793354
40.33777762808302
62.59058923797903
31.990672619358442
54.359037919081146
36.77325437502044
50.12460143057608
43.0106813960074
56.717223810490005
53.64430420230369
37.99976931934157
61.91866105388054
26.09107738297722
36.74169230314367
42.442571423779455
59.36367415265128
24.086100935208812
12.342131396885073
59.283987406662966
49.13539691322497
59.794523649822885
25.65848529594544
23.108702510273474
42.530373232176615
49.584327133210124
33.88824784834196
57.61675036092631
43.12888531628526
40.29709406483047
57.462200994239275
10.280029034240869
37.29942412116196
17.364572991721467
25.645351763931345
35.49242101818963
27.940866973483068
59.15567290862048
