35.36386238862102
29.283222333059065
20.672865741563974
48.82954444799312
52.812095727633974
26.90929702387335
30.36543385070243
1.2908894563425264
55.93367545150684
43.86425038618146
25.920933295328695
30.09205966106007
24.811927372758568
36.685756681732464
54.90281852199692
32.140983230085745
37.9364576688859
51.0522190414225
44.50343518994059
0.959659950965893
24.6369450004444
56.012138798007925
28.773118648249394
47.52790237005858
56.455983925619535
5.561141907492946
36.68990500461398
54.856149187706826
32.623277240209106
56.58916840322032
44.701881417915125
40.31894040089561
35.266884521699225
53.79030804741595
63.21888989052082
59.051908276961264
45.52898428432719
59.69249841006516
47.24604932613916
11.141381291316577
40.37445523960949
30.22618871456207
34.16120250733032
4.988475420163077
19.889138003960014
50.44526113237046
21.028411029629602
63.258850502594065
2.6115403700796733
55.045662924503056
53.120728387351534
50.73378600182567
12.39465887041554
25.624774947957263
59.95581562702524
36.83130362229454
51.807810938570135
36.9710426435215
18.175068010687042
2.874516500613076
59.656196888667274
16.070657907135207
44.155847813173466
7.142708553756236
60.370601911947034
24.91619876674079
51.102646188316925
30.488814547876125
59.2495944027074
16.405633331952735
15.4704820873269
30.38623679256159
32.96751203211188
32.35630548490661
41.65711111789331
59.897890197318326
39.32353152986073
44.26815871481944
24.302837752759935
35.17284328201094
11.775453107641255
53.193982882611806
63.11918599567189
61.188852469065225
39.283286476206705
41.42628491603685
14.696583018762944
49.47531615176328
43.63398198024131
52.432065313186854
24.460409896378238
12.291705099070022
62.80550156137414
19.789895673132023
51.07424960283737
12.0823305768673
37.78394214635617
42.1976623122703
50.02429982690301
31.162605524037858
57.05179050059185
29.63181762840607
9.346937293678018
2.200321256182349
54.51837872568028
6.939660763558706
29.831290917009575
42.60717232765603
43.2829818869335
39.549049643688015
60.41456634153924
42.45142579948072
53.34693362532293
29.730337399070834
46.324756288412814
5.360667592120251
53.90052184119408
29.72225607667226
30.49791302559781
49.5538949525887
60.34872145919167
54.41103981283182
26.33040899381323
48.254704021338874
22.658607513033147
35.938709713203
51.04735429316667
36.755072687357725
40.13992123848747
48.29335958739175
61.91942905678285
43.412833999505054
51.363917082785264
53.85394179226599
24.417456174144
36.6528857665039
43.660810344242634
53.97906735225632
25.161880324386765
44.05156263153202
43.294608981997044
35.86134816007138
45.6490929172265
35.12772782924142
43.26474791047615
58.02425109958665
7.7865258463718305
24.024970098435354
20.45081230677861
61.802893848472785
62.17555659349367
54.878082194155546
33.53714859947767
50.06931597988961
63.49826962160464
22.396389386781493
27.40699531694616
46.81869658262529
17.48266995826559
61.46013788717398
41.00614067804459
27.557566212433578
18.788663827576706
26.25328611171757
3.162423387871847
58.087890818418025
16.122326247545473
18.78543813385287
4.503265732366366
36.44995418175463
23.02256123619538
54.79698351710722
48.15694078790649
57.20297528093693
53.555555743640724
33.65973251189564
21.8935736771665
34.23757077927865
61.13090347712634
17.591526633631986
22.961701540714074
45.58780295412215
46.185785503866654
43.17328021170751
52.66537244663257
54.59180461676217
22.70462076885223
34.311873329996686
47.85331168554739
49.615910085910706
63.18747545889787
36.612281811186165
55.51506997968004
54.320222663778125
37.81085448953114
13.579034675822989
41.0468416414119
1.9882499099452602
14.667773745337989
51.82980535434119
26.848262818940682
11.94659318937694
10.355185017995652
39.847699998675566
63.56324836832174
41.67163807364894
19.243385039100232
42.37836025512394
1.4232474094188632
61.50135216964531
60.789809727152765
18.404656968132883
38.348710965257865
63.49662045853957
27.93135391390954
18.215583385379716
8.230943459789998
37.07011677508514
45.78431446684202
25.52126936940816
33.08429402737342
21.334873349226683
33.50912167914696
47.69449901658439
61.23444357228573
57.06097264109452
59.09507440232229
33.78774939511345
34.96686221884438
34.80952214827599
28.538780668768133
59.40701047160027
45.667363675006555
35.39393438090673
9.852856656928807
60.89710384168755
50.67772641010065
50.57058969010185
24.80045191655639
52.82333351487052
19.277017707167126
53.423393156420914
60.28420960028884
28.56948400924292
14.95729655482969
36.34358362918884
41.14860951936472
35.83326317104103
56.0113398463726
11.162402088922015
21.080529137593516
19.838872190932584
50.19501230271936
57.371164072648014
15.72898758416762
25.711944973576756
46.887343034879535
47.55690866122845
56.15967518181098
50.678246957853496
46.73865978013241
52.93624432813466
40.37684428109331
53.359106304540354
25.174045690365162
51.43972717679263
48.60576786021027
58.83785897141207
46.19911711141734
61.95099300372265
20.196715480257325
17.377085459849688
61.870657380075464
40.566653498746014
61.83198002947613
44.07371486457285
54.6823638125162
61.0813239882133
36.7969649036993
44.824994929233114
35.73301584253197
44.615997288676226
54.14030693333241
49.7720736201814
56.67858888485606
41.73324675058326
48.011773412755524
30.646176669219983
19.689698480511552
63.23193900980794
21.378457537482532
23.896435708272683
60.572117747448885
38.88135133354644
35.23049890280619
27.967144491670894
17.69189399186253
55.38418578128968
20.495574619592965
60.75508886786016
36.03824989817629
63.69649013933414
27.143516791798746
16.75346903350134
27.480687361095946
63.548149001433885
14.663136957395423
63.118555271550356
31.770529404096592
36.419222598035645
45.47568589608588
27.061224845380828
59.48146547926295
42.05777390546956
47.645106582008424
42.502554475546226
49.70035669515978
39.25888226777283
11.94484291993841
48.303338073699464
0.4189478523205068
55.214512041709156
62.5599737503697
51.32753832593937
53.98914481078427
47.06193684748783
52.8329791562837
7.397641387317364
27.244871022535428
62.47183116123021
29.925128396558577
41.27591108344783
22.976218966807238
63.57765955609238
62.367762147823065
48.89129408575338
22.91565867090626
40.90882635292355
62.955984254929916
16.614721371521853
59.16962682268311
53.37006490853293
61.9094240965949
59.046948310969945
21.500645193573696
51.16444157193373
24.665166798004144
61.01306656469154
34.320745961229036
22.39924742611121
6.493774750074131
57.409351379430575
29.252407979014137
56.947389887829885
61.82409225208684
47.81096702794686
6.5227899330485
61.63568665768256
33.582819539484134
29.25749254929422
25.587642129704
22.097053584566623
57.051201165592225
23.597215361352987
12.485413050409143
49.126127634409045
54.085298118240644
37.91671040773751
62.2432521153272
25.845574919654624
14.679074656212926
16.115662064044322
58.97812175666607
44.691244525790644
35.8393084756036
40.434110757036564
13.042753752845371
61.10484930301406
29.773263391232632
54.18084956701547
36.45128194505895
14.848256431298694
57.67361664096605
57.721585638574524
61.53644830743232
46.312397336291774
9.902592052219653
57.94233768673188
28.928891850345174
62.901289690101706
3.7446225978469627
47.25246562656681
55.56615125976004
62.850337366235564
62.475784612954826
27.902127662655523
62.32146617747101
9.05847699372913
29.21150293672971
45.52406655005623
53.42689101648709
53.78601042789538
59.70523817879659
31.713974348639198
52.908824471818626
20.423762374040138
45.485733351172314
43.08006102270878
36.94763918772554
41.251066500185885
60.94620167147085
13.959777119510555
55.20168558790318
54.28331225464079
49.457075157876126
20.628638025066003
51.02011329305712
51.80255667141064
39.15017581991398
34.9326532356847
16.632508171788785
19.89871593068756
46.86211092414211
44.9553066888203
63.66156685051586
43.316799385036106
62.66374700956548
37.70382176212999
50.49454882230396
21.99023350933134
58.061645880944624
61.2871552018841
27.259630367282817
34.32887493919235
40.19806991632822
28.353723525622023
12.615875258387511
39.728479607763745
27.705754708503648
63.76631437621589
36.801505125080475
51.0413779193588
37.89437930078692
40.643000681452975
23.491077566620035
41.90536542638654
61.23138817514739
22.03337435987828
31.502565308767764
4.302475570363235
0.7638370923435929
45.879498597905
18.701420217206604
55.9817206826915
40.78923279359991
48.233685964242724
47.6083434914838
13.254834560902111
52.937871604892706
63.75756348021768
35.538720531926806
63.00422236871672
36.86448482043674
55.591819068607215
58.65232266667792
47.962120118608716
63.15265150622691
41.06833067669268
50.08079984457154
24.94966149958715
60.96224456369463
31.44043129697708
41.73178304141523
32.00596311315795
24.904615796399632
52.42533249434383
2.6212891717982103
20.822733873715315
62.56562693842869
30.048006704476997
44.470155508417086
57.11390891182509
46.11676533888529
51.79020735474782
48.70862567232606
46.990725970689795
46.868854925781335
4.442945018919218
50.60447760428672
46.23501568634428
27.279437903954367
2.048417638466418
44.466399888402364
12.400600961697997
44.25966026255416
27.21630617251416
40.264129870592136
56.66879192913101
60.48935388886857
48.409441539642586
39.78206525328302
61.96227267665617
20.52498809857486
15.868358841399278
31.78423269466002
32.998949223212776
59.1042083761541
1.1237857838574072
55.30863093548311
28.051703992809983
25.6625400090648
37.83447435020015
17.742163515869883
48.51903226594732
34.2120038739813
43.83029061495308
56.87516792912495
13.992203827092276
14.130937450598594
62.90767698305752
31.476925877866613
37.3831646493111
63.42188866039478
62.50740855548459
57.124807109045335
9.155136687591373
17.077863357708175
55.80205881914891
36.56631097308694
41.027115905630986
50.59623598191179
32.56463755896017
31.88379067371453
44.870329649813584
18.152772195776933
10.535026802313403
47.48317199390973
33.059184803622784
1.5412875339236578
25.438515023723646
36.52883094416133
36.393629895875385
44.8646732182453
49.16895488609647
50.097723925294375
29.867987169661276
61.29140459472373
14.565055731098163
56.04746899785665
38.085053452338514
17.357919170947817
59.06262588181221
52.229604493845514
30.66524513727976
41.78074798383038
62.73119686617561
27.465094536295474
53.599021197271206
32.339097050934384
24.352194655292415
40.03001574172403
16.498514982324004
29.366242851948826
39.03153881855993
44.84886243320542
2.790285511626152
42.902597737218485
7.107073324469539
57.33577901921744
22.882483121233754
44.71792620093712
58.036122984276986
23.83626336328701
18.308295103474926
33.29422653269705
24.03989004243968
56.096397708055875
9.324421507136009
60.74190765678388
34.32337691865123
16.56964394307211
38.02188671817082
39.91687867180552
60.562000978125205
24.613637973494704
33.850921279534035
6.119981559541628
39.92020941109531
44.208604548388855
29.629967321197107
35.82836160759804
54.272386902532716
19.6295198364205
48.93377434970548
38.87319474245815
29.879275255574164
43.59278172885817
43.531420751030595
22.47014350305306
56.81322372238964
35.62158726473176
6.188840574253298
14.28739303766315
23.382656051937303
6.515057418702547
27.986071412335157
22.410121948712224
60.543536451212674
39.66931917956705
21.086107158034224
50.71895040486953
36.86827717300807
61.82510725337347
39.15595639068922
36.16993388804177
53.6804852980999
53.54820861691194
62.647561164703674
29.936772816278825
21.942904580259764
57.19475109836953
56.55940519533309
9.400948787740589
12.023367246820882
39.04655393096738
43.810954298849815
38.67069926528884
58.26577866067081
20.756489380339517
35.413572150967795
26.02737753696946
56.12895923034741
36.19242737821824
35.28760135205798
56.7679843879475
42.818656235349735
30.422452935706026
39.844266920323285
62.54035088657388
40.662466056129986
47.40922923623313
49.19964277168907
46.79858940234967
44.6875348829832
51.96286844310706
4.143076882937031
42.39337302710879
59.62123537762369
61.94508315459777
60.2543433863568
34.248985662676986
23.05642623924031
56.6974230787806
56.21961442164278
14.393119799663033
1.8949003091039742
49.336302573984604
48.88657377994501
35.25855776754838
17.090570278235447
16.34112551901795
45.40989225858082
35.34449787337384
31.11895528626456
49.62160600887529
51.06707304029161
23.154395070703913
41.17385483067401
51.751859453863716
22.829906510969643
59.19696773135716
26.10676062099497
12.649610054622507
49.15117579819445
48.5618000715327
31.55865903744546
28.998861944422636
11.350444440243692
43.61401088853506
50.42064517958801
40.01551427918833
50.97476819562851
63.49578646369211
15.219385591114303
49.65647772334474
56.325382238677065
49.838060734116944
32.475614002649124
13.003252730261238
40.1234807731316
44.764947319870316
57.81324447807577
45.941798345753085
41.39026083165336
56.9384726399709
16.94325396226143
30.169600355710003
57.589151206191815
26.337638125126993
21.892256509708886
36.238320979026
59.53403154234782
32.77465839014695
54.4535787746039
21.793915331015995
1.918080826203223
27.942662037657236
31.146133745302123
26.614523267837804
56.99724404638251
60.365368416831
6.878123766575847
44.313845568148935
55.55073455909582
4.878410984103475
29.005193828018385
54.91184900019697
44.57966211891022
11.339580612208373
59.892008084438714
43.062314654819005
33.299810964480955
59.33516203037314
53.097042484373986
38.012177573443275
38.46796420265918
60.93751857532272
18.498619948011047
52.5056907134451
41.67111949902744
17.432809738519246
62.71532073439201
39.92766222159196
30.68548721455327
12.248602014859813
36.57660951567705
44.881836999286556
0.5533179106261485
58.81030161762823
54.00246583518914
42.774659194473905
61.377759764648715
54.55213517573998
54.22783999935963
46.31973597142475
46.50100401471745
54.54589988057464
28.918057896119606
26.277350697391633
33.00794509055177
55.21127003427675
5.237689060642367
32.58010526990164
43.608359282002716
54.7849306225889
25.30938930281605
45.863642636519984
10.37489273503693
50.19138953352014
9.092266338193681
28.900361498824786
6.39201931143441
42.650595992728924
9.114329606233937
8.965963670131629
44.63982851847105
60.76055964994706
60.494445566286906
35.24322802475346
62.40823254710119
29.57095819695735
11.692446850219895
31.79728060861992
58.868765370889285
44.169907048329094
59.9312016184561
58.30324820187887
61.28750830492371
21.23834709736188
61.34592118428394
53.602797648205396
29.30748908130387
48.8916258447226
60.16571154730223
26.358532549452107
30.152928995889646
56.04198895548845
45.19901484906598
14.915323774421928
54.93965476505069
36.49664584835864
41.5317085192159
59.12047026374215
40.83393682580329
20.783351671234044
35.29308338340739
45.40795216821064
6.982882388340066
45.55083695582817
60.60817163346064
47.42421415225928
31.898982516849387
61.384385530434315
28.935474002980797
22.508789044314447
40.47712941414062
36.9462195354473
49.776198548443396
21.095112334407233
26.156088363273376
32.801187408153616
55.79576795065955
48.038088474359455
53.97118674907181
58.08605071969445
55.86725726840399
56.09753039393486
58.61154959054042
48.1087486641088
35.34707983288861
58.10450604426882
13.766274273161962
40.59621852970977
27.887281897590746
40.15067269820831
56.18790801081892
49.40891341754267
52.50280976121981
45.679164570988476
56.858842412252
54.62657967256381
34.475041069115164
45.1662964809514
6.808099883081347
58.46646726397212
59.2081983011812
46.44727412137921
14.030005292746239
2.480711352206079
63.58686899996326
37.74117095549824
62.59826916490304
63.54713725356411
51.400004589953426
55.81373046020933
53.41166167758971
55.81479893972181
29.280408471875397
4.4966345359602755
18.40397126129914
56.36885976873134
44.75335000913701
1.0469071057131956
49.756328114166365
39.27734908145399
55.33199842352742
53.69557236773896
37.96968112814068
58.098685828863104
45.70456371690542
52.09954924665784
5.3109432485184485
47.059848554675696
51.383462148210484
40.670056822460424
56.31375135103344
49.016109589989966
40.084716422806565
53.256724378712406
30.54875284142434
33.75859625169062
52.129253763241955
23.088777092812357
52.422951406687716
18.69114077579715
61.76665026527357
15.917842798212618
62.11079627870838
46.68500449336285
63.19029482998759
24.549782310085
61.13582761456451
50.592313576741525
41.57919928435341
57.70913886260404
4.611760895827658
43.06937199008165
58.62464192336218
35.030036065834004
58.23322480056735
50.46948504869416
45.2843336302299
33.91306748696395
43.70583844348708
54.84547860157758
21.759300234721465
42.793701700643005
56.81171987461852
61.41707407386795
57.69670885439528
23.699256106776858
24.348106961355484
63.686473777629814
45.54223636767084
28.304252962194447
15.850865715072857
60.534245230921215
56.26384517430777
62.234708364853205
24.56824480871304
51.84965760624196
59.53486057318679
51.212008056075334
52.71079182137542
9.873230951589456
36.65784032724277
61.826249993196825
58.32745587765061
59.21993217999262
55.813296971759044
34.55495749905643
25.587989662833344
53.68142598914489
35.739058305449525
22.76868710167693
40.18773528986411
59.45797985766602
55.44519217008887
40.863502463743615
53.854481262897636
4.492231275658291
45.90178107378233
57.01127555700284
56.72057582655744
59.379739245838415
45.94631234048705
58.70862465855674
45.30697729639248
6.108669405623836
58.36817483357207
49.953057094105624
54.14340642364135
35.32843071647061
59.02236292194544
53.44496197982929
45.19133797400314
12.903551348298585
51.70527052046882
10.03957055879333
28.596424185720984
16.011627602737285
21.311094941515435
45.24153253693808
51.26271437089147
39.66648404557024
2.4466933250079563
48.759294830161714
34.060658598729106
7.233957793731882
21.890347175301308
62.48274936384663
25.510708269232943
15.422998749723341
13.044607565942577
28.03009487881077
8.292957081816887
55.45240596142668
62.08703900336815
56.35174631516656
37.204560031970544
58.33306529387269
23.699901125189434
53.68077404415661
13.210529753312272
42.62202621416557
41.074984792520254
23.86983379983937
53.631290493027976
42.862592451093974
20.368894263044616
57.6141024174247
15.39470737002253
1.76504268186806
46.81791286659144
46.61194241701623
50.50742191560343
45.42707018698948
59.89739747986487
32.47368217810739
6.83243208746071
46.00525832614848
25.147337521357713
60.896658959568505
31.46724823401525
61.738332158451854
26.506163154601474
10.910414190207817
3.0170266232787526
38.943432597495104
61.8297756946897
31.263815409625558
52.36770903721258
17.922091135683075
60.47390059711938
55.739278983222455
38.97914011691017
54.3354596790587
35.46716525618665
59.930128633452306
21.912492669939432
30.912713290999157
32.76816833392814
51.770109584635854
7.433283129173745
53.09448969307634
15.513831474910553
50.78213527757153
46.6470602155603
43.6608136792952
51.64832340020631
18.674262293008873
23.844348184829045
35.541027123828584
9.550074312126235
45.65573531427084
47.654613839060985
24.13831673065765
28.608405510015146
12.66220645934358
36.355190509983984
11.321524786202119
26.707190755620708
16.55640689950092
12.234562331736548
42.11376870047783
27.644376531960617
55.758404709760995
62.083813776118966
59.71119858194594
43.568761018822585
56.16192611553682
37.155204516351034
45.37630602796341
48.98209820691012
40.03782342884907
50.09345865673461
27.799419833129043
58.83420147311222
7.414585695555033
23.418625812807022
39.858266118911494
8.897184175690164
25.365869008885355
39.24788922858559
24.125195533351366
59.95884255631667
28.73942668533911
0.17199715287568296
28.61992124786054
36.73139501550605
40.58984050117547
44.304733609713765
47.27659230695758
41.033092549943106
7.671423014629944
40.48657890360144
20.309297894341363
2.2146843209285407
46.059193332358845
58.52357824417729
60.969478656972164
60.82737461100768
29.69949274509871
61.76031496724739
14.917950090594218
5.389031421830779
23.928549523636782
28.935130601494897
60.38177233745328
20.85642352282975
63.45802769178303
3.866327513373186
54.30397204756526
9.958952018788118
61.29281426716447
45.08231446484365
4.042375944259106
41.86071318192094
36.73441366408447
30.22231108120657
55.8489333463945
49.409727530899616
5.668440690031112
63.626011045652355
63.462144648264704
30.52159180561086
16.29294857586408
58.848467779806946
61.83250465400636
29.090186556715665
62.343468859740256
51.69600175203023
43.27810023560569
61.901743704425165
15.69199615805811
37.513684162187175
45.44694416310093
57.61372209919852
53.140678934995904
50.06561432108066
45.95028406224497
30.814270948855373
20.423686195140164
63.894987275542135
27.910286936010316
57.009281033942344
2.0473614146134196
13.54817391486899
16.706353491594648
28.732201071291307
50.920550716177786
39.66464753043114
54.99918410591618
36.46717628488062
31.260515919987867
53.320836662558705
55.568181081027284
56.98285813274431
58.43863931728869
50.19148247306548
25.683929363979566
59.25057553279349
63.82959926781886
51.780190297748184
62.63735567733556
24.182026807020577
37.48403926989205
37.1788983700385
27.790261763120462
34.17314344087021
24.871908944650812
3.6344994538359927
38.31951228312621
61.648851944197915
41.23825391185228
56.24665260498743
23.605643023997672
56.21738461245678
16.805008033416208
61.22560469084202
32.65153513820175
53.466081805042826
18.581102158793755
56.32679034441923
22.854695258781575
25.69149114411995
62.28788717405382
34.74630312532368
62.32762677509663
29.939045520355506
54.512508006863236
32.98376577687891
19.403562014484315
49.17783761955171
42.17719990849949
44.09583322302567
49.812830671178546
29.077029752817836
63.96913851369623
39.54878023218045
41.139864936913305
14.313175534494562
58.46976922396527
60.24120730506014
31.83512621788296
48.083061101462604
12.02824717510395
40.83585149945692
15.11747780418466
62.63441898033496
47.748769724599406
50.683789413095276
47.13694201181876
45.93782374958572
52.7667933565472
51.87817575289439
58.80680046414204
32.737406030880095
24.952122521630386
35.90647717383319
58.250749507070694
59.725795820803214
14.595396092437255
52.191964045284465
46.27346237252408
57.28768265799852
20.555970640065816
59.04724962464732
37.37198089310948
20.780749149577225
63.85166446642493
28.40361098423533
21.552300412371345
26.855334235596942
11.449774833637548
43.40921013679836
59.74160770202488
61.504298166632104
5.324117352786054
50.937287933649564
54.06265253105555
28.018833529078762
33.05613448202416
45.950855680503366
62.51356463122513
41.67501172743606
41.57929081838534
46.62406114958994
35.94588138292177
0.024085488247401088
34.50783807554248
45.363242583085295
23.148128775073936
6.29376989078478
48.10531386038522
30.496986905307296
44.40798926973069
52.36874881499826
42.93130893477162
48.176923370040626
6.360584281741424
49.05019049689148
30.420265469872568
35.83436504367096
18.82078150978908
23.845269453754796
43.05067813588737
48.33853703574182
22.67560195611472
30.294864739193343
37.45310979889085
61.83224700658678
33.01087062448381
32.76136727213863
34.852509934412716
45.66580931349263
24.959343977986038
54.7898602339082
31.142348823420463
19.130442936897495
46.257638556708656
47.522395078888636
32.19497872338979
49.27169883648212
28.372728190586166
52.18644465136936
50.07820366434635
51.79151560318911
8.92841835714703
44.64726524027381
37.17492916116831
53.01201860210457
52.3422688856062
41.8085324319615
48.45015580980301
31.754308695890487
20.094008790215547
60.409260043644906
45.332524920449366
50.354479285164736
47.236287177955646
50.2870590065307
63.32069140951331
2.5712359812617507
38.976656507913034
39.39340576502178
50.54608823318694
48.59527568971484
52.7060874925171
51.651452584953766
63.880287589892994
30.128744003465982
50.959123096842504
54.657026318399616
51.17019806652672
54.80811913613975
50.622197604643546
43.54328236726745
53.10493455024734
50.416117947439666
36.41851526964459
23.953773648380512
53.293966420533216
49.30487464843229
58.745676527934485
50.8364943299375
23.95685284538635
51.278788285405824
29.168464792635753
27.507039112580067
47.55327756445939
20.743000058775543
28.301539817968276
29.332675699968682
48.91400187697038
55.97065274805786
24.080482449422156
61.846868050054255
45.61317348663681
19.83705095666884
50.14805593861965
31.1319782691155
63.34903562705808
35.260357957518934
30.668543925441945
49.01878084935797
52.9121965473752
0.6366791846695818
63.14195754679965
48.06515865414187
41.50363636622663
63.25631252407417
46.78998726428573
38.03198431713021
31.292087002019294
20.34204371570162
52.494948963239075
57.71489922667565
53.260131942528
50.5491269002498
32.3063132768022
11.194850706779633
46.647101854667625
30.366853098277552
59.91811643809871
52.783159330444164
60.53825518966166
32.992465924867396
26.839309723042305
15.221118473219398
21.14351936614066
33.51581304371935
13.962957577298504
61.47177725012417
58.573592897652354
37.574094087905614
34.55463720885423
28.572249062992647
33.09431587938376
48.286610471162376
15.297680038806348
53.705400003426874
60.657172721041526
56.48183109851461
55.072890816810364
33.353794993814475
49.70005600663292
40.552586133351326
18.451149538978207
47.12248097294529
7.156769061137119
52.800701586167854
50.44737906598655
42.05227299738206
59.590897938612116
62.861324209002774
33.8225210736277
24.98192143794408
27.18941711290787
41.450613179679806
52.66195387431049
47.20688896862399
30.186480216173138
60.10179769568428
45.132842662743045
59.08020910374888
34.57134578537389
59.7472126170906
26.067305226932056
14.533294127946526
36.63511160439388
47.78027380311791
53.329952323842704
48.639098886756834
36.50177502203726
50.209186454472885
51.221336685720004
21.182245819173914
28.29514483629783
58.49707674308999
49.31893332291842
48.4674375530711
21.26495965819759
33.888592534734244
54.68989203520647
49.4289072558541
49.16576600595079
45.86100486432643
63.17429438530915
39.744950560853525
52.674304318074185
49.323099805807445
27.645845285065114
10.769003869775268
23.751464924491422
13.98208237938286
48.665211538251924
30.30670363424649
51.20411387576206
19.386814631818837
38.9316241883831
49.33512019570606
63.251411099707774
61.9092612086969
19.56280359663274
43.157889846166526
46.95560660979723
31.166123794497445
59.6057533383937
62.68154152292504
57.33596735073551
14.634195839453525
45.00494323832005
16.085576132949676
59.00290372385273
37.42878393051478
34.94782603001847
35.52818118857087
23.99375444052408
59.85977609401726
57.16684016183683
40.87266267958128
53.36638508350034
24.491873078858227
58.48576651203104
51.45617440764035
31.340671312350345
24.84408509699353
41.37891449186026
39.77891435682454
58.01573624437327
41.435308274549726
29.78329666250842
49.47918115634573
63.12551384779362
50.06179913943911
22.03948692219624
40.06418876217792
38.87092509905507
29.668781273026354
34.19295887724135
47.79848523780174
0.8976312544932483
30.183654534571197
30.932181666336696
52.96559235478631
55.66177947695836
27.768449434914878
61.90453651793324
19.507551053065463
16.655427055978706
55.61369916633398
37.88659965371927
3.3004317991285745
27.137426263967264
60.15330108219127
0.031584425795358584
48.08616791702924
27.259720878740588
48.61594661512686
33.485803198745145
45.192461559849626
60.56497083032048
28.230015978043845
29.97560990556147
20.146136134650497
34.5349186874378
43.544298599729245
63.8298589209252
57.115811150297525
61.89141220347925
62.3725202086504
48.67054736855504
44.65196550848515
11.3445207831369
51.31918752790743
61.827162519159245
33.97861187800278
29.920308823655226
52.095060338767894
44.4495032227304
37.640953062565806
43.28166487895445
6.289755301638159
10.63062500436974
30.598419330926355
32.19027656864904
28.05464052299186
59.17490847845829
8.37073952946227
37.04994935536906
16.1365714972479
60.8904189329715
47.29813407603184
27.363799611357948
23.052088077200544
54.23780742555171
3.489166100404688
54.84738049100382
56.978218639005824
38.833900527616265
45.60889295227862
45.395659272658136
49.4903729584554
5.468060370834003
60.35382986422812
31.848998719261644
27.159209079642608
32.852372698895024
12.063650497193635
62.67321083924421
19.513202222263757
4.008433021405857
57.167705133807964
53.79636103625503
36.0179629541757
42.56664378537828
45.759487934338395
45.36993525555775
17.50683223555233
47.39184387930652
26.11497320211506
18.903781275949427
28.623319254795668
54.22778937539458
14.735931076724874
55.402463963679175
28.14259463402457
32.424027294963395
39.49465592052884
53.830576034847546
48.45775623052028
23.922528281307642
22.15961502986135
42.30068404422999
25.5006072678584
56.537137350697094
46.90664531312633
35.488916848845435
51.87234987569748
16.640814363770914
44.396521854483936
36.29297353485498
34.51345066693932
58.07300357577492
45.12127763652318
41.51303064395116
12.52802892338184
41.40304321895606
60.690146241890844
43.17492513295818
38.76163278451591
56.16174700382514
39.67116159618441
56.53078507516961
13.265535147692368
32.01665583850018
42.420341862197496
48.128907687101886
27.384771374144144
22.417482573432366
31.465373641842845
4.863436240695798
23.034207785435633
45.9553522969017
57.8488134870622
31.689705531990363
38.61436802886297
60.75467647435407
47.58464051135455
36.37354274676599
47.817436003086286
46.84423871179588
56.67008552677837
48.295776267404754
16.57615065439495
42.758602198734515
22.502888915239353
36.90163211475564
60.82758995871224
39.61306450858046
40.15629654257914
47.03636488538814
38.842920845783794
53.37011336469075
50.44465011843208
51.65713240613154
16.084682343938624
8.404060061090497
55.39920381987548
40.45564971607514
16.34024618587477
37.188444492679906
46.06771007514254
29.929801826930834
59.14679413351125
52.96365619217079
24.37685710162168
32.367868302149546
41.91523594214975
28.534764944239583
52.943030056533246
24.582857959630367
62.93653585856077
2.6365988871811794
59.71730098340046
54.691715786654996
24.271804738124565
44.01284822021273
2.2259565344650696
38.42027064302479
29.857736155851022
41.29402798711311
2.0867308850237833
43.81325866630789
29.802942214076978
63.68232439674304
52.43910970644178
27.763396432998185
37.19275787168358
32.83898303380134
27.198954362941038
9.37966814799833
63.94394199706265
51.78030156331731
35.189401462233064
43.249702116980465
11.96865169634389
56.1874394722783
63.63575032695251
5.346379639073142
44.780971390911944
47.815059941378635
59.40006786086036
63.119635809661254
55.660607077854294
47.18267732811697
48.21227353495216
57.18871238586125
34.96089267374238
57.42318495948521
18.17911654956788
47.18813622906589
63.775644599907
51.61561272018605
30.511479131252727
58.75151964203907
43.176023895327106
35.77557297669636
9.92530883686976
16.273940386226606
46.31439385283569
45.586323769162576
33.26840122837162
51.07071806687033
38.24005540058842
37.63071693749994
19.018747207651664
18.476504901447164
40.41060538514823
40.61114958050021
20.729143679360476
41.168074592897824
45.41316525159072
38.82492738647302
58.99259082885264
28.724195044302874
45.29315728877917
56.55077225045313
33.60218454494411
39.9773690336524
63.19653075556802
49.65914917768356
21.701014071041627
42.605789699813016
42.021843967451005
43.47187861776655
7.522881098004596
45.058872924819056
14.019289585397367
31.38884515620412
33.6930163537156
47.051530360943254
61.019662204085044
57.735159094570676
38.84433266099366
31.306544343434716
40.3576539458998
3.1309960167702684
60.40920668797791
46.96518766456771
45.71101555235484
63.71408367248024
24.7126979028992
3.296386346392076
31.495042665478444
50.57952523503376
36.383333265170265
44.29432362812413
53.50753542082937
40.720335274093
59.87238842855573
44.10429885621987
43.152267046914915
32.702592955534016
55.15475935759906
15.40383518348154
27.239563194933353
14.974903338347339
40.97835605033309
23.121138856823727
4.604231454583747
46.50499480799762
58.75748809546026
16.687517735211856
32.309865817978114
39.647512956005926
57.45082028032698
50.24680760144232
53.5651599366912
33.45432633987434
47.88396431968168
52.012251314323606
12.80332395081168
62.638617396464085
49.45956563035718
47.804261739886414
19.047874132044335
11.78913847732938
22.68560415072666
53.14255902528827
46.689644640298205
38.12463000299202
62.824380070131426
32.12970735748806
9.38585389450445
1.6164998372427846
54.154517069433695
43.79271147151663
32.58595902324268
41.47730971932455
57.89232428151706
31.43808913788751
10.1494250801329
12.835890620357148
38.80592461331247
31.58087889963609
52.60014976580341
29.474281519761966
35.76288407121601
48.320133971882115
50.88649773077759
59.124887973100144
27.884537663483044
32.72398087779975
13.160724429321085
55.97743033396522
56.103360898855655
36.30747183890904
39.84905272757215
23.703725694263348
16.331275297773267
59.23472588821458
53.22438805295482
60.77687590448063
47.65935708548793
50.56630146180812
57.25410047158658
25.291077731577438
57.53632131944701
52.88804180972759
53.76088367518779
31.52616384396474
49.621354414975634
57.07137480898433
51.61891850428243
32.61769808122735
52.88877143191969
40.19877258050846
2.3041426300883643
52.854858044309864
49.68976778958331
16.918701868136395
37.87542267907078
43.718632016066636
41.13746399494377
27.599931334100795
45.520322321215524
11.206854875661811
49.99432108219995
41.62829052388314
43.117267784757686
41.96354637364871
62.81584546685138
42.04296107360278
23.258620670011048
54.22251680520999
57.53832144823448
38.574705025811035
59.64721108328683
49.700480899421564
52.66131280933404
11.680590484060076
55.57609391300584
46.51107665050541
10.909191498010735
58.0706577901298
41.30748134950022
47.958860977481734
48.6817386240336
17.34557413034674
59.24860337595174
28.480501083962018
19.388889323635453
48.68600452702591
55.09779975927993
12.950928570922102
52.65243928384226
55.78152202411809
60.34052436383791
31.370449768074586
61.703062062700056
58.44041846372124
53.98593119735913
34.74103593718124
35.78679261713855
46.51712907493331
48.953941403188715
18.083377686082407
62.78097528768964
49.151461355658554
60.31727867627439
32.19121977661087
29.92050386838831
30.650722812174138
45.71821006140708
35.699217171061136
56.006999113534754
25.45486815433192
23.230336550280718
62.97788700698839
49.53509225039574
45.59726348150461
33.49372262289255
18.328738345592967
49.469632065047435
51.14759811765127
49.43085092319297
15.181018678477173
24.20044590916018
10.26718412653721
26.824886590683533
42.553029409180084
47.44995091210721
50.99211533437558
44.64097721442138
52.10775377130558
38.88559558921121
26.580519306263547
51.93614387269825
41.83273787751534
60.782941714921044
28.8266740051355
51.98308123570736
43.54646419189266
54.33326873885516
0.10374330745953841
60.911055262051036
41.63316489321748
29.010427550387647
40.3758532373984
43.10137014713989
36.16103550137314
47.651597277254815
20.844071550350385
35.17511352226188
45.558155232982045
22.444973527538174
53.37794957893319
29.128152446253694
50.33610721673837
47.789039353444636
29.422125382040115
21.449140860889507
42.08857743881995
53.17929117811072
34.39665998952416
27.345806424187565
49.31774823210026
49.54010146364586
55.34471168244713
43.43574079845999
63.97574298184221
44.146717595594524
27.782487452979538
26.56004212920024
39.081264047615704
28.222913272976896
57.49916592091536
32.79487167678436
54.12414664543571
18.51394157923567
44.464131000964514
58.54286369203672
12.091397831586235
55.700334118483774
53.63365190046198
15.731782077662025
37.16739657226748
26.970658279245797
63.95815249160328
15.94568121736112
48.85641365813396
58.47831373864792
25.231568334435963
39.717014290183585
38.22945006116706
38.95889466260576
5.8863762034595055
50.254074331060686
39.89737497189354
42.84322076057683
46.1630824465763
17.123486988580346
52.03284466071053
21.55192081582784
28.375451639255637
37.53132475474196
50.20109868609385
30.866452409343403
42.13402635832229
29.04563515040524
52.631959218335965
56.27189152044637
38.89416690117852
51.88231601556489
51.04866684230011
11.473029910560534
26.5099723483373
24.00923806035611
56.60874210221405
39.90704005036487
18.659890998134067
33.42974665535928
49.318233286399945
55.845831340946454
40.10484839123794
50.162227032108156
7.978572610310707
62.32737664882489
35.54737725469674
38.81491423796598
26.34715564654453
39.30013388347167
13.949124607464192
43.50634037722419
54.44482831775503
38.77730104923775
56.533665811866385
17.06061333352335
43.687303841814156
55.22318275337994
9.204255447319106
18.504173139791696
63.94474579069704
61.53026602139437
40.61744347776121
45.35810803960932
44.720249619690755
52.96262916563549
56.87015405012507
18.68933897188483
33.112100858852536
37.283306747111375
23.642964591665077
37.95817645988452
35.47764412320146
55.43692099709814
9.501336162480904
45.32684747345881
53.50109480617604
56.61394491220704
59.85600135296087
19.325111863066624
51.094772296977396
12.490578259713125
50.32356163969731
55.31982536678063
58.878892221198235
55.254531988802235
23.719964776096617
13.910700074915148
26.388566373987942
33.37074297854798
45.41284250641383
48.55979428396789
51.98303403542762
32.30503279357285
54.71341298913844
28.090901387679644
51.63314700897073
26.47639012195964
15.940046678778238
57.7361910770044
50.082888908398026
36.412341535229245
55.93304183554569
52.10856175108659
36.813879560228344
26.82880838988168
60.154927492498906
59.21845092938362
53.80907584827061
50.44969747555757
47.46996620193589
14.49058981150322
28.866540121601858
60.7142389724877
0.5747663706881028
56.80214335465598
25.693945977720354
63.19026639554608
37.91915986932321
58.093672400249055
46.266939652169086
39.41475954938498
42.34102365136292
53.06252107403608
46.44958880935137
46.0151738956545
53.84111641349095
50.144164577050816
51.291122693159494
13.285375566413123
28.258042675959132
33.707223990079534
47.84718484371871
57.98340388554985
28.592884159410616
32.91025521546954
47.13877423707952
62.71896828468185
44.86321560143615
57.579081084148775
38.81574371978966
48.58646900477979
17.207300960969427
40.15154877222665
17.07282530403245
13.855532023061699
59.963794254857824
38.56934831923747
19.09032712899181
38.44979539073675
59.8336202582919
20.952430622242154
0.5267572290425946
38.24070859850312
58.257482685724945
33.11022709825467
21.69899684957643
58.28605576295044
33.385211626946614
36.20325161629379
9.048164260709918
13.83811349966684
20.72818703263618
41.53601645759072
59.77638070950747
41.859305101281606
32.42168622221973
24.06264453632715
58.57201286919693
25.563171878540224
19.624553363530573
22.479066887131722
39.61005916278823
56.394002016729154
57.82512407534079
26.372176053434885
30.93657534458594
4.17703468560952
53.07134685845389
62.43867173514617
15.791340436253726
55.906123333920775
49.34935217729481
22.838179115006966
36.81645289077427
49.511969037275875
22.252273317004793
48.43967181376902
58.99096325532382
23.34777889880094
53.53050657780431
25.764829806440027
29.611765932839575
38.81865712950914
7.196099906509453
28.093942108754845
61.22276390518001
29.425275288684908
59.56958666105008
61.81030289202495
52.96084439534888
42.207308473514175
49.73473931575655
47.76165015927877
24.65227595100572
32.69052168149575
50.18768053674766
32.99289249513701
50.58997041368467
58.29004888210327
29.296352489980208
20.450600247249355
22.980389655756156
62.069162713261996
48.90220523504609
46.316307531426354
39.1700329247775
47.90599522844977
25.25837712627675
31.298366851194196
8.833764269673175
24.149056765797397
47.708712477663
54.572483427595905
50.8676893403393
61.18506774978917
47.480207946646146
12.537008561075325
46.17076300041229
54.10450512209121
11.752920533335747
6.863788399929568
16.657026581938226
60.722372354246005
49.91971191961403
39.87590530497784
46.21101046021808
61.79165443707211
34.82930483971454
21.363348710904503
37.66886023179769
39.781651165233086
61.98610783585402
0.5547184695198908
37.81205614560554
45.05718404445257
