40.11518227277305
47.388601225932575
42.507285741486555
57.32834908934226
39.61740679562473
43.06881439476021
45.33519385781859
31.923819091395252
14.452252933571565
54.94510867271181
62.220671023215594
63.42092471641813
20.93826260712879
50.99278326013375
59.32233811494738
29.886430450979915
29.24904792580022
56.357130216341915
40.617966150045476
34.68354286530156
57.301718287771415
55.561888052591016
32.64053885305396
10.906184000409887
47.6712153323074
18.94793320137724
56.68081046702422
39.51941635291952
62.267887629228305
54.25549612132491
49.14807740561341
43.85621844964005
43.91248706084676
31.010062787152094
56.329363692063914
18.896509706653468
23.180438160541662
33.33684255038142
52.7546426124268
36.064096708037916
16.79889295925024
52.40473022093586
36.123457620234184
51.16969208971008
0.8358295760569732
17.79941027702612
62.683695844190815
50.77334290454075
37.414490221904586
17.30852690097788
46.16065676257398
29.99470930974713
26.41350268789425
46.806510568613035
45.6737832715834
61.356249122473066
47.08131904792407
63.943276837613396
51.61210533324283
41.61869171855224
62.96803529410445
57.961053604501004
56.52655662900129
20.257992327373216
44.27445651680243
43.77026500994138
41.68214953469843
47.96084198198241
51.195672490082174
54.73189838457609
59.820842051669544
42.399810143322185
25.388716677399884
33.26637563628432
48.21689950530234
44.47352363978149
45.84656484598922
31.59343371264856
27.466364870802522
61.17491611989436
21.400901039853153
27.185785241254557
15.955298672417044
52.34908556226406
12.048345161654481
58.197761037714095
48.32379038364765
20.073885723677435
30.318959502808667
53.401891040783696
52.6041075404323
30.28064605272769
39.3057560013053
63.61791482008588
31.86990772442752
63.856158455369744
62.62592737421356
4.30535305355847
46.781595894015624
55.92134602130732
32.352181264612355
36.879055617990204
49.94367280619002
20.413349351704035
53.56092147552611
52.629572616733455
63.03212912749091
20.61993793122297
30.687631683574807
58.38752140876362
48.46144474521797
58.176950865759096
55.83043101156777
37.72209961758321
41.230977448994956
31.81353690921523
14.206873489138019
30.003695678858122
51.38045620494796
41.410289997896015
61.517472359615
41.9509616743163
32.33765381308216
33.027552340005954
38.04800201412333
40.90083467724071
61.08063004648558
5.365724559544141
50.080927021015654
52.71202143500095
48.13044561144636
33.91873481602747
53.25395006910563
12.639919247683217
37.96542213073616
13.991148452410627
53.697973549711264
35.37319262094347
42.442221098631805
40.02867039666363
26.578796854270962
25.702956020337083
5.574162619749146
48.42630493055242
44.04369911426267
40.867168419466296
36.908922487286226
54.05371832181219
60.004986537266475
47.36165100056937
34.20059528965224
23.33746251306956
39.60504819496873
26.51831449907108
49.87148696556056
17.641111300147585
61.23609471888638
54.267769118470014
53.79129321207125
21.52751617515029
39.57338469018258
34.08661869547649
49.6177990763174
62.492242323466506
28.021111517789535
44.873759057885614
17.58393187832373
55.59394136786275
41.202048623783426
61.70955518933716
19.796373952751125
60.703686369436056
35.999339475325385
23.986829141352338
62.71875792656782
52.80173245680828
43.74705454584665
52.638804432381846
39.60858561893
7.36539914237904
38.251266348146366
62.26865012878404
14.270055924369316
42.87326524669193
60.44931300816269
55.05000225599452
36.34058996098044
41.45394251839681
58.10513015238811
47.90772022493175
34.49686698177884
54.16158194066549
59.46752146931453
60.79630431944128
41.53092438653391
56.98867726090407
50.53664441908393
30.326532388058006
58.26559463363712
44.2779939581245
4.830663840297468
21.769774816815413
52.15440474522066
57.027041540868844
58.83594226908755
13.265754383609334
53.26670556061413
44.10258031221642
49.94803784362224
42.04302341546301
61.14926844296081
54.00704998581573
51.21029555305496
31.597635672545223
59.2012037179758
33.693750114725034
40.97744894217309
52.82250243287717
61.02580071328451
14.099946560759612
10.923765595030623
62.12096651824609
17.85530730329868
54.03370506278328
49.34799726345808
54.87735477802451
30.543890742037476
43.52521845122601
58.46586294749264
17.115124265423404
43.05631512669287
58.541184742446475
11.992089713193586
20.954200443050695
47.692883734790875
48.16971398919084
55.39367389604647
11.596267405665394
52.85309887332319
49.73226380200207
17.824133682469565
61.19261934663374
38.5745773954772
62.304502121155465
30.68466178334706
51.90612818832029
40.63879768685507
55.28538473174583
53.73894525338661
2.125794524554202
42.32500832166575
13.026449257313395
20.219875094343983
54.48724388899923
41.303130676933776
63.87685685778762
62.301055064241076
56.651582862667944
44.858316648112144
60.45228296358666
60.920818753792226
54.80281979494909
54.258380731633146
59.714540339278976
42.25019883413606
40.76984944051928
18.789485073554047
19.06934380984456
60.882998974227995
43.34428007616822
56.983596427757
31.783412710500926
50.622631115298645
36.478430294253116
41.57339149065557
28.6436880896512
6.757735253950244
17.107841359682148
61.84758402529041
29.681244931323597
42.586094101408634
38.53200916690484
36.84146537385666
38.862810407918104
5.935009587082874
26.594981608037628
37.71873502354192
61.55326133159819
53.63367340537975
13.51014820667178
18.034773487365385
44.53678989218987
50.55926740201255
59.67043842678066
59.89536630640946
37.09717331671381
52.920925829382746
50.343979575178246
41.680471727117876
41.10262218910452
63.143673263840135
34.791126245376056
62.27043049476839
50.12570980642336
37.0451659816177
56.483674379531834
39.75288690392202
43.7537879621897
63.28574899097644
47.93835437588039
34.93177052670214
31.512640683231034
56.19598761629972
25.009707509112758
48.64917861769171
37.22572639389973
60.10590327247841
56.19547075203143
40.267324337646784
52.143545205041704
57.70739924716718
51.82070450068446
56.26137044061247
62.35309256731208
51.00223634028417
62.956444502701046
3.164553059368046
19.024818564236902
57.32936171946203
58.13921438012013
27.020804370786884
45.779926524963
59.65520378748239
19.322108230372777
55.70262513080608
60.173076754308
36.1105384389969
63.645873920982375
45.23857540350014
37.44442992726835
4.619842852356371
56.58432983056212
18.425745886566986
37.99512528116449
63.70590099182967
43.342098053193496
23.667395556039466
32.02139476126129
50.109965003944964
23.701525998330297
49.46205610935136
53.62621051786325
37.65454257577112
17.585630313599864
37.19960552162894
15.131339832993369
25.52396253596303
49.746710132631584
22.958612367443358
48.46137657291163
22.228560649021468
32.99325432995862
45.10612084461928
54.52907653540821
62.56129198003561
46.290076983291264
55.86409492726875
41.55967895544819
62.65542879906483
44.06203040715175
28.510306433549687
14.143723236641108
25.999551077662233
42.024362347160334
34.31450453021367
24.083073765068953
55.93197499176549
42.393492358366686
34.571082558053575
43.04641675524989
52.16006723054332
4.369432380666488
62.367304209648346
43.120685237336275
48.36344744267866
62.03620179723352
46.159506192131246
49.344639228956105
55.08150546011478
56.855913457312525
44.15441331932006
45.59935382542224
51.9865235786271
30.939652704960665
57.84841259474284
42.65196016857275
35.73165350112585
58.15512317971176
44.459551887202934
56.072120547384365
54.13187819065344
46.37922052604774
45.77601468048586
63.259936662792846
52.628234816744374
49.654141812819475
63.44775436559815
49.69961748740916
57.55394785334209
31.85213546418555
55.89771553517577
43.27225487144865
38.605342062281096
55.963841504534486
40.50612799799127
22.04067373543696
58.21991800111702
37.02867637686694
57.253375860337265
63.72162936702354
7.240672725190798
58.040508738295145
47.63747603948539
38.50681379888253
55.08383733583895
43.831383908798315
6.824346663463558
62.11193779907664
4.524840293610353
44.289211911080855
25.43422774860973
60.425417856848284
30.699403827840513
16.004554137814438
54.547279841690624
41.16963268389101
43.485029873849726
46.625319548283926
57.198069138794466
59.08991838565622
60.565402927352174
51.23852039749148
22.400625157810865
58.70318969498312
54.848151274444106
11.32545861401016
40.62674823508098
48.75355830859879
56.894262118615565
50.45473240214113
53.6457532405809
6.224091843413156
57.189542809526216
21.575096996777916
59.887580234356335
49.17597997309808
18.51510696013912
29.128283867549705
27.096432401275123
47.38255259613452
38.755850718639046
61.090021330875345
49.98056267842868
25.128756051978065
43.13845555182519
56.53757268896119
35.05546776980544
27.455460404386066
24.343429062297346
11.884907322030834
48.302154223483015
54.013136282524265
17.20685598469082
49.1715851769734
6.541501212935103
60.69824912511016
60.10748444317699
58.59718931660975
54.545082145616085
7.100403767253567
34.61869675383893
9.546934610186277
49.95423075143393
28.588654242188696
39.699205000111824
59.72376875899947
53.3449131743236
10.90682891589693
44.9159313902344
52.89536260835163
38.88213364675091
11.027172232855598
51.44231022442302
54.31093298910396
49.84837423925402
23.281241497101163
35.96562932366491
60.59263297269037
55.32255881406979
52.24698195026858
46.83044009696271
40.61783626806448
61.81900310277707
58.27434555414356
26.492202392405872
53.08610221463227
12.687106577843963
52.76663902941994
12.251481579543473
44.10592169788987
48.278421226233405
22.306697209768032
47.739535574416706
48.5287719223766
25.32913277409385
16.733172699744188
38.84103469665803
41.59037107251143
26.42282303037711
7.680800019784456
54.86708464919999
41.8212821548521
25.213272269042648
34.230448334896515
41.00571942245637
57.75626809525455
41.829033265566466
21.451670051972393
60.728733590586124
50.922148560680725
45.048562004661406
56.304557338932256
38.329090940054996
56.96392030747017
26.87993622386216
51.15032668472075
30.851200708838306
37.3867169847187
57.2570275666138
40.91089847248945
47.60315356268062
49.05557337933046
52.200803557656045
25.39903530304013
48.912989034963076
16.589968595694415
63.65668958226472
27.357979737302117
8.766866846747803
20.057228500798146
37.48868622089352
19.501392472463337
59.228333570163244
44.81544556662542
51.83086211637627
50.592199021361964
30.63677311887409
16.33309845806854
30.458976213885983
47.8457838428635
50.08654437017578
45.760773438347115
13.833813560982144
61.10131095650795
41.690828779893224
50.57696006551003
4.820267523653435
63.9486507189662
41.4197302577152
9.388346361168843
56.028338930636096
62.397949179029546
53.057363422211445
44.473820949974034
16.612929223799256
4.755455844903899
18.74049189313469
59.15910600375737
50.6897594489473
20.232308757694028
55.56804188108905
21.245691281877775
26.07628517107519
57.582808581684716
51.10695027814145
9.62448037800219
30.749349952186122
5.139207824835729
58.16472239845205
42.67140785531506
26.487351893189413
45.539676940507164
12.603207305708793
44.5603500084609
56.1798550256374
56.5612285241527
47.52806193542437
42.51956595832469
55.33806618345843
43.36104963598372
39.69531329940406
46.4875116906954
37.00906530486993
53.95617012927711
38.71575263671818
11.103034496574281
38.53242113388609
17.488416664716034
34.18194660060844
47.68047728093295
34.94848272164623
58.72541287869222
54.10736184794891
17.579307164309306
52.33133588502399
2.0784419317861094
61.62999589758187
51.11084472438012
29.415622399679847
53.895307444181704
19.677661302304102
42.67500866295885
6.247748551062337
52.70519682022348
24.835628073283807
63.937399178042014
60.35944690833531
56.78250934632888
57.70823061406462
36.339323510155275
35.82431608921557
27.8145380132166
22.65590946028717
46.85488062606759
15.128407780193285
16.684103994686033
58.64732453878461
46.926101376354765
34.66856767625683
15.612283672304521
59.119121668493655
47.14421040513925
46.64028351832356
38.296894754702805
10.674388344822916
25.811684459942747
59.57250788425448
19.849827019562063
14.639727512359926
46.61108906979622
23.904686188744364
48.9614838657879
38.47568823487328
37.451792331494524
32.71751218742726
61.348200230602565
38.21121539761568
29.88302509201379
44.28346410289026
60.11024297833286
37.562780871838854
27.38640446260115
46.3360445937022
21.8040493967559
32.471529891238575
61.52354001847152
43.07614753551753
54.92771390325399
55.00123992991841
59.22168660671889
26.001400963581197
40.26890568063005
31.66162869632982
11.32105842188502
43.9455058157189
20.410953130614082
24.076403132898662
19.510001051207816
37.30479323228528
59.39538973329475
31.73988369939319
33.715989040583665
33.12656193148024
44.41426371072933
14.330650655700111
29.022368830012923
40.92748029167575
45.652403211678596
41.44793734141303
55.27516931923123
38.719628425479485
51.141272978954476
61.52206844232835
55.18385214609728
41.41725151560097
44.68537585573
55.60886496017383
52.277011532765364
5.8704406200270824
16.206037836572555
45.606371902015624
33.19023195425277
54.13395750162054
60.82768045062703
28.751587656828136
49.39307800436953
58.646594330041566
40.36892101275613
59.560641839976185
42.458192942000224
52.09603132511846
10.377487762711453
50.594408071442246
2.4282511529388415
41.678725750357586
60.49462432197651
40.41794495223965
11.712956820657908
32.45086691532126
59.060184638643726
39.13389199308335
58.75572641889282
49.01521712650928
59.53713380032313
35.66391292537573
41.31856181319448
30.33416733180755
60.56085335490023
7.695668971286743
56.02122015214365
44.056608570504224
38.41326259519721
61.9503402745722
32.54421908754571
50.17983469154139
33.82404352267936
52.768731054496236
49.17368062761839
14.951133232715513
63.31138609128629
47.90228849788703
56.86381666366684
51.50018512419989
53.94253914378591
51.99635190999859
50.14976524093219
33.601223634036785
61.188499980963165
62.57818022065447
31.043962519462468
47.84583663162684
25.91006046200753
42.54345010855457
27.068626587193094
46.573746191075095
52.170302146986955
43.530578618891724
37.506212334391805
7.782437349275277
62.57636408083635
14.266551477057682
57.03103433976281
41.78263798416321
51.454693695576694
17.185983837959057
27.92941683350434
27.688564830336517
61.27236721225633
58.86791713112174
14.266659698412987
20.528916709534982
60.29206162752258
27.480468373552647
55.56702645325611
37.89396071859767
25.83199695590403
61.7188747776106
61.09771188790876
46.29212971886865
22.74300953341708
57.80929409444931
63.20125510276292
41.60951322094208
9.335999868518854
52.682614924325264
59.92709132170552
35.26946266587828
44.097604530644915
54.82642604669552
28.529979477221637
54.75018879683275
40.71908002684915
46.43715329426002
44.714075194495706
8.507025271023252
45.385036785451646
54.74477735605504
3.392162855497183
54.10927571832892
5.516561288030914
56.78230097905711
45.98689445700905
56.137745929581286
40.17996109009253
60.97178920722993
56.06464679377245
14.643426023634909
47.88549124546843
22.377549537700652
35.995599202320776
50.589383843291216
23.313617254503455
36.54465056010382
33.52210514120863
20.206108584377
63.57831386645662
46.615494639028604
50.39577112874976
22.659037129093335
38.472131607668175
53.41978672084291
1.5149559228739236
60.28088528682031
49.57332639432492
60.23611560840678
55.86568112213869
48.907535580487
52.93632429990693
47.23849863045399
35.778174223464475
58.203172636821414
54.92764683582477
42.29592979513829
54.46152232032399
61.52958654904876
24.814551920295955
40.169189105495136
52.83188501225836
35.6181634156232
28.98308562595406
48.74831991010092
23.555626122141433
50.337070715620804
55.659777356831434
21.62436707372901
60.554167730398646
58.41940489000416
0.8197543266853842
58.25721661386384
44.734917311002185
46.59256391331123
47.36992785717261
21.506215143415936
23.53165612414434
26.78358555998701
31.155153896439884
60.31225803053845
59.41424490115703
47.92341809939755
38.68162477436553
19.62606197962095
16.945722132493692
42.808030488496215
60.799237489761595
55.58613693180283
46.57658779997854
21.746719952506695
53.395529621198314
33.49425018517262
61.006888366034225
52.93015091366494
62.96385656553363
32.56309211674731
29.44753045780009
20.396952100989566
61.547003477064585
38.78483968621492
52.19757231346893
61.148946358984915
60.897451801846834
28.539408442013958
5.051828008869812
48.35970736773544
42.48170454921893
21.656951231877436
62.618027979623385
27.76893965486701
22.73116330772602
38.103215206721615
55.093541853795884
42.889375468741044
59.664152631210094
53.245589539864284
55.151589846860944
30.461954270805883
56.49616555957796
49.82430912368099
4.958992375640932
32.75011477384458
50.607541136825986
62.7500136865129
51.08367300844025
60.5307325527785
57.69070673698824
58.23018609102339
50.35411259864907
33.09972750942738
41.76381571820104
42.99974366161474
47.50623036685052
24.442126482422225
42.50609639508659
21.832127264561564
3.408234649513396
13.504768193435233
48.9751191928343
2.148605784192142
63.328203941425876
23.999831998376038
60.93205050502863
30.165220093124397
55.743301318863985
17.451603801950704
43.45667656438742
38.26813430801711
32.21877241451218
38.24353404288154
52.86008523249705
16.385382009232828
52.01075554171709
16.930102874289567
50.199638666853886
26.671835478645797
34.979958169186474
54.5466960368121
61.4849387013839
20.996673359731844
63.85379108695743
61.6396643693067
8.907102560231557
61.289878062971866
47.260373603822885
6.862738896308635
45.48611915181377
48.73759410573007
24.005649964367876
26.91597986439936
55.49681527845871
42.645959076580624
28.85944440134162
37.113149450077195
53.900561145012645
50.44157385182977
27.70583324281717
30.604037970083283
33.90849826317952
58.343182313504315
49.230472964295956
63.801938335810924
50.565121010930866
51.61385147434665
11.646191294073581
37.881403355574626
21.071269929213983
52.76272228335877
0.7519907456490031
48.13816223269733
36.90185039486334
34.14066546746227
55.57427578145733
49.39936463695453
45.651012214437614
48.5894666367917
54.02969880888436
55.71510539656991
35.828990003696575
20.127250811416367
46.56392649228427
8.455640030555053
46.0707118834452
39.845774651466655
45.65726480750898
10.740770095694977
46.01879433794737
54.57580134603796
51.1694097575906
7.619813907012393
17.748293378302314
38.27225682131592
9.713118474327544
59.593569876905974
48.2575877546381
13.381583467368621
47.12086963660498
9.309214939555503
51.049832505095054
31.04281084763248
13.480481963193533
57.741781965103
50.43277737960536
56.33043130741615
53.7773432802232
35.21418297400203
48.423345544037964
58.37365429577834
36.571051729727856
63.52556406139918
50.0791026840896
49.260102517058925
50.8437693832189
15.18681098501176
36.49827455160928
43.36496837289557
56.3186673998572
35.56306597317792
29.760738124683527
41.13972026194966
28.263209019364083
35.81918602427179
36.70840412920484
39.752095919137545
28.2569127006269
16.95240318675659
62.48015721750427
21.420011737941756
32.55594649268262
63.546989882642514
55.620155424505285
17.057785987928263
63.4834844406115
38.99766701176923
12.754077207461137
22.5686073613033
23.801413802909913
46.2252181347366
26.612292116271483
28.546049361431628
21.712008417810765
23.868814551353324
61.13711428250713
25.586058816730713
38.31828009122353
32.71910688886469
61.661557259544054
27.100457076122034
43.48600663594924
36.50068529847161
9.266103677731323
28.30682162544567
36.01296359530649
7.790196917488352
33.38408199730962
45.05676533572512
47.46284890711559
60.00611671605381
19.657584145785442
16.926332214317746
56.9611044115192
52.87560388005072
24.68383278098414
6.437558986082394
59.323954694328975
31.453058028593055
44.68956675836672
28.297071108318185
46.73535474197092
8.47655771727542
48.8951897196655
42.45902287341859
63.3422436617663
36.673794103582956
32.199114804008794
53.24726209955264
61.36937120315762
49.331868674221234
31.422283621358204
24.605051630245313
38.216341820049564
26.543974400661085
24.85058601696805
0.4693063700489901
23.74039839060353
58.30766809511759
58.35891369933409
42.975312392545476
12.195189417118556
44.229225347340815
15.062294799732904
54.721524940406766
50.3778282073589
5.11483233889691
6.769216202734299
59.88603692165281
54.63452542259807
25.897353011654992
63.16011078611304
59.17762529103297
40.93203200001555
28.650271209871548
38.084003773326344
8.288715132683876
29.083644456027763
41.81796641615639
58.451829812748635
18.68400055746706
28.777952754458454
42.868251130390476
50.37496177564456
51.37602472540308
63.1321956309003
29.320272012151058
40.145844960034196
21.46316915764435
29.276132140295523
26.23457855585535
47.86934423189652
38.34088646720837
9.721738684531836
59.6818934176073
53.80807511318166
0.785199500181335
36.40034888767444
4.018505944401639
43.83427678660685
63.78970066306903
50.71837497987983
27.392993760673733
34.516594782004304
59.98050835570777
40.87742158153284
52.92941867884681
49.82592217983696
32.948979252968286
56.86827986644773
30.034203264906672
53.24819853239602
61.92925456906071
55.54624822569228
28.898395014014362
49.46013364969863
35.112943903567086
61.090841938045635
42.37994865336266
46.28273865341832
37.70941712461325
24.328042515990987
59.6889254885674
54.72094342729882
58.528166251841604
54.44761544535116
18.64692448554959
59.18062823698153
29.983125582493066
61.13215208956651
45.58376837785465
25.5062090924632
62.12125712973549
35.006796609401945
45.665429792764755
51.719186247653184
40.34429492943512
12.479298577616518
38.45280827362171
51.70869010003013
21.410192450964416
39.9451416735745
37.24337418721829
31.430354183431625
27.398499359816903
48.30594483575844
37.25914184447031
21.19549440562946
55.71798587009196
45.61303969264927
4.203193704041219
20.992554293042275
25.133776569069447
54.0266369565462
16.419046116398206
32.50292038739536
53.261637431593435
51.846796826711554
43.76628104963542
14.295088865607688
5.0627648204916085
58.83431814880523
3.393328111101482
46.92663735089428
52.03358145854965
47.514817233326596
44.963447689243246
48.844755623405334
37.84953438890523
26.377454809635452
12.518660794259048
32.812546967434216
52.89689197284434
13.762672158053718
46.68244285700122
45.49959643671466
31.17334319286561
43.97804464551116
36.095341559052294
43.29421112366448
14.64980433605016
28.68612249820442
23.71856377785746
60.39019387793105
55.86294403806288
57.38703961536326
31.828579858663694
14.273972718027288
4.424764959535224
59.761599293875825
31.499739467716758
42.77181580006514
63.10685808249687
28.462510051128113
52.812330553584175
60.890711337201665
38.94136159127156
55.282139585706325
42.17978923984518
33.09441053941558
38.03410652991258
17.12218757584464
59.10617998373819
31.954763680407147
5.209500304592687
45.71153094932565
47.79068644159958
56.94312690876098
21.760015937797576
62.969702305498764
54.17500658328568
60.23544962577261
48.52603314189544
45.14958576749772
33.30070500162151
59.63323321397331
60.333171345411046
60.59738892530375
30.093661123090506
31.922698840397885
6.915702388478195
59.422463589441094
61.50384294396968
55.81569361650438
58.410903891259
48.65499712067259
2.3915019409214295
7.803093574820622
62.89060149168978
48.704712444396
54.180469598034044
47.107795422296874
58.179087892272875
13.906520379545562
52.74804980947797
51.56173536532212
34.652149942463346
51.802504581883944
56.41040014129674
26.596186427947323
53.458126277932664
53.59765932671493
35.89607597830144
35.60661690908955
26.51056716428154
48.859679378260395
51.407642538981946
44.89961325665601
63.81061996121775
56.8052767089068
16.113862012667767
35.40538845469712
59.39418376513819
24.412552492668155
48.70607521056171
25.188962125645915
34.367718770827835
59.78344173413494
59.6679388160723
53.37339007674462
51.70801308341156
13.924519857626635
31.320196706926666
51.79826633604655
54.488887198335334
49.425064490462404
61.33893014383603
18.10828589100499
51.68740933866576
4.7491586232198415
20.515392997313683
63.51979786117414
62.3740944028621
59.46963399899936
49.849115543565404
44.354043686777864
10.950977463308305
13.415176847104838
29.347139621757755
37.20429660849553
52.33089340558371
42.09795046064092
15.705473443211524
50.75043701399066
4.0592704849910035
8.34669273801633
58.98485703861722
19.481365383704834
37.423629555893825
46.86190866340754
21.69995313416174
39.30978443779042
50.69840167623513
11.546305071117082
40.36488303207133
7.324630647839022
58.01145053687282
23.77622903348854
26.063114965601336
39.30329940172756
39.29917781930045
58.43476553997166
39.94880422680339
44.47245637935737
48.004399683893176
50.965024677246205
61.25965891224235
52.14230375717403
62.46328280563253
25.49002542795607
57.47085882739419
8.390381470772184
48.23471597028375
46.74002707649494
63.90482677823967
61.633455679112615
58.77594809705604
54.341876849310864
40.07690203950986
39.84703313787411
59.0436645928108
24.7866495069184
61.47766138889583
60.9612036098495
49.34881641461569
32.42426011019491
61.429101969449704
50.218670097934215
59.09433774828899
28.70512076366669
32.00417859668747
14.329154662489614
59.7560120912243
9.024567919274666
46.54706327357423
62.491869111328974
6.767988104542688
53.84486253424054
15.858190767617863
21.38078479362637
14.10556155355286
42.01168386571037
61.039335395719526
44.89813622056546
32.352998340602355
31.191413184131655
36.109692535219274
31.510856270261947
14.38569418263333
54.36192096032646
26.24193807180493
51.70324532869325
61.495810787508006
39.26298685602677
40.38835646524094
31.987433206096426
25.190813689806653
32.06529722570819
53.953445891505616
44.75693726499945
45.24554968401287
63.24856335972509
45.207831031036974
54.22217020710204
57.03922066116399
10.895686948095012
55.19826704777496
0.2014056347525539
54.49524334107158
8.632062173921994
48.59962279064292
59.34051677139576
31.60122285332215
32.03771747321029
46.649353593874906
61.65948073205173
63.67279513483707
32.870145229165544
40.09808133657891
22.573254946138356
11.490183278434188
29.454725720049197
54.87593260857681
11.714279151174395
43.7955444373754
9.91348526013823
36.775363757062394
36.47898945004542
55.65520188626844
49.17008094741709
45.27497591003924
51.4879198521544
15.305400106070323
46.48813884511101
62.69779349245253
14.318420869088811
44.519379650249135
58.53716426746895
51.458135178526064
18.869035802579404
26.813269623281002
30.18781531500207
53.33890547527921
12.708752899417988
41.302077294687166
60.521845344970636
47.65297112244093
53.370285275226486
33.06666802486309
36.09281625058961
55.34373777398958
57.986507416677426
22.203454259416553
62.373297078856204
60.02435391195465
53.99346877198296
7.08218393939277
34.45761655338525
59.26068552243251
25.212094017949383
31.647152802434434
38.94697150649609
47.18376669314538
17.801119885442617
7.627631308878335
46.763847858300736
16.529203021753673
32.37183664317265
56.85085811923957
41.17731691954492
37.79679616068849
60.022645596871094
51.68365852714419
10.53036745661528
60.84779668137095
30.933045687471264
20.385755721077707
30.591603549436336
33.188626073786885
63.83632732923613
46.250577274429084
53.797651783796624
27.685108876152462
62.755473281886445
19.407618896263017
1.1481771897263258
16.980741295543112
10.861747891232184
8.727294119055834
49.674861898188624
62.185093831383384
18.15545604343737
58.14974983293364
58.626649427897945
52.4744191314903
49.6138269999972
22.643005989535077
53.27383016727626
59.60136817646458
50.72084003147041
19.122823643603176
48.88198631934452
46.9652701833209
56.95768203530186
51.302149625603874
31.653874970848243
8.390152978765165
24.000528126452373
6.462860678533069
35.60565057196217
52.389535283867765
59.6862233334337
16.18215053838523
1.679990761984783
45.48646280615968
47.60050860943955
35.23709311408591
61.16555211738446
62.17588132067142
14.820845510798328
45.50911047484005
17.41642896735211
9.426591304373744
43.362069860324326
44.64147067774749
37.430987766494695
10.921426887215162
63.08679633401378
26.074839572241707
44.24076799228423
28.829914633986576
46.41142655775252
57.068467887290566
58.09802132027236
54.22766869288092
12.15644207095152
35.98248320210713
37.80700672588317
42.83653255113126
50.969812415169535
26.779656879869982
13.987088513957481
8.568351709703464
58.94712856153298
50.26313878686365
25.464590495557687
61.163813030628944
59.07674301702148
54.318269678537135
30.726399604307787
43.93750253257135
57.21287994185961
49.65106131833069
33.046385170663136
45.940082537175414
62.445781447016344
39.889953893410365
33.20023793912847
52.95739649530744
25.238314567469892
61.91394031092059
53.322322461010664
14.436454841517737
51.10818496613757
44.05538957477687
25.03232986883983
42.67524007423107
57.2746046589272
27.68633742189477
60.41546237521457
45.894407894944564
36.61437463280707
11.91533030082006
60.83647090602573
18.270150149689464
54.38404021369719
55.203801494022336
45.86597747818615
14.609790927976299
59.622247546214716
60.81722483408796
30.05820713474165
52.86407330125319
53.43388632154053
7.867605123791272
44.128740916659325
27.76939915745728
25.120943077274752
36.60070994424192
52.179966305024436
59.32021789097885
52.70186580883116
7.235045995006544
32.554543922154544
58.6931788973967
45.331239302375195
18.11070907677746
26.98646294642846
19.95735763847003
45.73235068226738
37.890880180298986
57.43932372899207
35.31660286949351
30.594074398624443
43.58901600607017
44.49134044062055
42.52685010200915
31.348532551817286
22.453434493884707
53.60425420810924
39.08185369060613
48.093345109088176
53.38167831556024
61.236649351491394
14.991115202130878
52.210560893655014
54.1461466969253
25.733405481245626
23.564888983493915
50.81665872749137
34.608405231214206
41.74411471175756
48.92661189347248
41.997120570610306
56.52024543087408
32.16110325331552
22.8235588924397
44.77777863157678
42.07753190015153
31.33598736587703
29.84640440158298
42.222619008382296
29.07959383283746
41.50077938284056
11.238090262723254
55.073513921969145
52.66946057747207
49.41739546174111
34.05461465665107
56.258552240336925
33.548955913896584
31.364011156218403
33.11682012874314
12.440580797676049
21.66225035017309
0.06346847146551937
49.141027877059024
31.325074403753867
18.877612153020728
47.90871325942511
40.23948709278618
48.58125122625566
39.569737365430115
50.11209093947112
21.62352370800665
50.548362040553656
56.58501319817699
61.55967197463629
23.36964403118668
25.407698638172207
11.929855557372612
56.06767493137364
49.41171941103485
26.211104123516527
6.342825311060132
43.25529681358002
61.05337074287696
30.868035620303175
50.84678459588416
0.9713884256465448
61.5257627797894
25.102340453111502
41.65786205067927
46.17766910326263
26.497792728719972
54.397342641714566
63.225235841527834
20.790391094666887
58.56313089036631
36.784546539602054
61.46082453247116
60.399281065538936
46.52424349370247
16.039600087865054
46.38415331773242
37.472641128727545
54.002013779347834
45.43708834341398
9.991080501817137
44.66107998678579
42.512163380617245
57.386685472394035
25.279206142746993
28.80989105421485
61.80781064243508
7.950891488794049
48.23037920646104
37.09598290222319
52.79379819280393
39.98206072411591
51.258611690613556
55.53518776621168
41.0072246533921
35.350499059754114
52.182590728158445
18.894961103311395
4.211095167277961
26.807860992810944
52.33222053756465
31.882383195208803
38.919736470505086
61.21520946339258
41.61003036922238
59.27868473732472
42.04459740217793
33.103455777045376
10.730391946611604
52.949292261959
49.04791487739182
45.51454806913188
32.233083211148056
23.30852154655819
25.281393708629132
1.4675337223959914
42.19480280125809
41.95071571864048
14.793318993554735
44.79721893408539
62.77322607120501
25.58488393576775
13.346383458906914
55.9845933964773
63.488186380906235
52.32539970847198
4.842809827255699
57.463273204624976
60.624669689707616
45.91965147620062
25.823774572669215
63.45868822068795
17.625932644445108
62.75038278056664
34.11912107323893
26.733514703108995
45.50610701959019
53.331157319312375
45.36706295560692
38.22468665848984
37.30510464000143
53.223083740399396
58.6937225764893
2.1777212013421376
46.90737772290244
16.68998677643308
59.379688761762814
5.752857384429269
51.49334512087859
50.999168749728874
19.336828843194823
40.87358223339427
55.65560794869452
19.28635690794308
50.27914054721501
42.91502827492353
60.98347049570194
50.20826659882947
29.96020711497085
36.33368137299334
43.46029455761389
45.56201994346695
41.27359088500131
44.01734516758995
48.76353310717534
38.313937821422556
42.2393223916894
42.124192244740215
16.425355315352945
38.24009316893182
12.1290409622815
48.20028346849405
14.483099719127587
49.00314198826426
44.6657493323952
62.76352032148924
49.99971120158544
36.13122212179233
27.817242097183524
62.81287235371869
61.96775182512973
10.918660696668475
6.670114179967783
30.857287790206364
45.94858494036528
30.372891502380256
54.15858571802267
43.38573102665005
9.151616490236655
52.77724831494828
55.764442641981006
20.848841461872354
23.9077492009486
45.82726773520996
38.61303529473131
56.322699703966705
61.44362231583797
62.37303173241291
46.461002146244944
40.27704145916566
44.86819897630317
41.913300542498945
44.85114912666275
21.31475243103725
54.43903779420451
62.880094400429854
28.810813764572295
60.23204966852186
43.842665089865086
59.14685016149059
27.89582154868785
44.52115757396916
2.7261526539947027
38.45773650683866
41.77588029329635
0.9793620422865246
33.4012026470147
18.444326475875407
54.41843163226038
56.7405713453413
42.1211119652325
23.863919256912766
40.67446602095286
49.1813505054081
54.09854953318351
9.931150052885187
63.804672430649866
50.02744756096737
56.26823971269899
29.75319287182905
53.72566458661308
54.99020168183213
51.89741438942876
63.83398581663521
54.63982063711712
17.57882051966869
48.93746760889479
21.701225311275913
56.43243865652337
19.99014875940911
52.31885332859629
13.034450526330943
49.69358818648601
33.31845854528881
15.421828988645665
62.452089854076426
39.092467665284616
47.14062648780856
30.26244817511278
54.76273510237806
43.35881084488495
43.95201233809958
42.92623445833304
57.24004979281806
46.42681288667409
46.43564582071227
17.489228843362156
41.92628967744169
25.10810221799396
25.754624140231215
5.361522678270063
49.53691141506971
60.838987937938974
14.939872391697136
7.869345870674259
41.38011554722991
62.70593191077736
23.95958952057196
38.09343929241904
56.05940768551399
63.98092953657747
12.636195729128616
26.440263026977505
29.445787789742084
59.92319547340662
57.57130163487304
52.292259878995104
24.810108176249017
36.416190556445216
26.798230717319328
55.609327764060836
56.59551986438317
45.932957705289965
37.09416856116472
30.656175296490268
57.807449211232935
37.98807128005255
55.517781849513966
31.324733433308452
3.973612536452066
46.97213335578185
34.488671158050295
58.985793436516765
51.77265061820166
38.764824814571554
54.42131952278946
52.45028927584491
38.09135578092963
62.38794477868442
36.83298079950989
46.212817868859105
61.965497956831484
38.749279035795155
22.67240817497609
31.238477373789742
54.46501325035455
58.23966404658779
49.825034998630166
22.314245147860056
57.783494233016576
20.62579281275078
7.1200562902225855
55.73099829369318
63.28528162764955
54.533025919829605
18.319251260886418
30.568485672422163
3.4770282697642685
39.396559868140365
56.71701599069622
22.82113641995884
57.14599178166401
27.30884014027587
25.796004686393204
61.31986454634446
6.612076965532431
53.6367900478927
41.76012910701421
39.59390854212087
37.84937921468818
53.19550763564947
45.05436501729317
12.535071345170891
53.45422899694698
31.905792143552034
55.30228813027434
62.757597092380955
40.95890442768528
29.147626067231116
28.535491135067737
58.92320489696955
14.981677019728991
35.563896277218404
46.44916528357506
32.312165602908365
51.85087085559742
57.3053136393938
23.299411751433126
45.71192625911959
60.67354917665327
43.85148445575392
40.53349772311443
55.46128766345117
43.91841024965963
21.482935043955116
8.230480470310212
32.612784724248904
26.920820418145183
17.132565130921975
27.152067103392213
62.96628349454761
40.916539445682105
58.21929847152592
55.70665909734435
37.167546633892414
51.80390449118073
42.757654424912374
51.31960510304872
49.726869008459055
61.88521613085082
12.046796719966515
38.960894608064564
55.75576317271069
58.64230168609788
32.404027705527994
27.95905290366396
18.243438111505
62.47538026561123
41.463108531540314
57.05972243682689
30.34262493539881
40.48295297664319
61.74074544560259
47.36635984609382
1.382314477831983
45.445679530493024
27.77134197774395
22.79897503676515
46.690527372196755
57.00267837629939
19.628552046068393
45.963576994902056
39.948965103433565
53.488630022642056
58.37359995311992
16.820903937674373
14.219918854681815
49.08750694304811
8.873232676548085
23.147835182357532
36.382326336020775
31.05493865579256
52.994143587196305
62.786892174404194
59.86109410776196
61.33407843722399
55.01898105882054
26.42749998818934
30.849071588776667
56.36900295992206
26.151495019397586
47.97280444026211
37.46492159281942
54.58331212206694
21.386502876019208
59.76264281042041
46.97273619401621
49.56064319966252
21.197240856021182
53.874838963894454
63.458224088325444
17.455412078229052
42.58960455287075
45.91388698035192
49.941058588353776
55.32340194741934
60.10473415782353
61.6174857217772
35.632662605715744
50.97230474215312
15.424980364140126
48.06811663115392
42.88809317140845
22.07006223460889
27.805620817260404
46.15440734173252
35.719340881913325
3.2639404562457486
32.89592657624145
23.30083313638073
45.28995071922833
63.21664226599737
42.15825614401821
56.5444028825798
40.164716186731745
9.576032540223302
55.12779193758014
28.25990455514441
19.116823088091138
0.4233681333898289
34.63544158315894
54.579877442329796
40.34547830214032
38.5402578037079
60.713894413663226
33.26377692994488
52.41981452689008
63.09280902197905
53.802968176787836
61.74174563893992
57.46520374595051
48.64026166068945
34.95654069061751
31.603187159324385
48.64867319377652
50.396279754659815
62.938754428202344
5.370449109508222
34.839229750752196
49.34558834844871
50.34945833096695
40.124416986669445
51.131515933269455
34.29729783189006
58.71678886767072
51.744755661931876
40.97559726961779
32.54268256839546
46.46984154194419
34.98676214377201
14.77890835487365
17.226364869426327
45.2480632123398
51.34296969838528
30.207722963289847
54.26640718162924
55.38380426618885
33.16458250025579
17.153010732371783
32.9322790047141
47.48279914552771
59.54472176500474
16.95013720316694
63.5333622713722
28.66124369562599
60.62994548495526
40.6280579932842
57.67169596269135
61.31628015308488
31.24130172923087
63.913428507691144
16.254225349084088
63.757858044471085
13.863746134459639
56.00430416347789
53.12288678724525
22.85455122208822
49.37219869058284
49.6999686828521
42.12918267018172
52.44655068587065
57.703354596868714
4.180679095531438
27.93592046938562
53.5527741294283
41.75869672845329
50.137224390041695
56.772572789331605
13.037909646604874
51.98334469682995
36.3411150609637
3.872848984730048
33.93069785701934
20.836756830225333
44.90754763355129
63.680215571293694
43.170009905423015
6.295472305817242
17.26541744899506
43.93361311807484
38.94872334926656
18.10072576304094
34.917502878583164
41.23333894308361
61.292873464751864
52.54710392960979
24.04344971527204
49.41945780171277
31.684667084243266
62.126588612449986
45.80057521596766
50.276361119100905
49.93220868595226
48.74929380536585
13.537552286575092
46.9278927337369
49.11012417526723
43.379241184865734
19.051399040410388
45.94213485014524
32.468973095447026
56.995622479476644
6.515659906363325
40.025767378237006
57.11831557527769
48.272498778508684
33.12850990658245
30.16482857201919
58.986299640519135
63.402928380459095
3.037547071460189
23.07586000386771
22.4855103276077
51.223488798810166
61.581662692701336
21.978321952772852
51.214018747685415
43.201698176251924
