60.503055336950325
59.84813944237184
61.06555166883129
61.18407170449038
60.432917269295
60.76277897349795
59.28075292610896
60.401205710989245
61.582061083087424
61.11438523047994
61.25705159057494
60.00189734432802
61.57376804308555
60.8876470769791
60.454854771540624
59.76185023906157
60.611157191784606
61.6642697668206
59.54905581451125
61.822460006131834
59.82788285880341
62.33352631279581
58.71608432517065
59.133469696158826
61.77935143219696
59.66207972251844
62.09570925540576
58.94639358513086
62.54341573730206
60.20515197931221
59.16097686713092
60.690071180192625
61.38376809549658
61.23137628539584
59.5719748640307
60.746044122203436
60.87836542322247
60.2288288789778
61.462975634829704
58.21967743459003
60.91148995880123
61.157461783952556
60.183459919735355
59.563014248177616
61.80921703075024
60.00148995347784
59.10463067372496
58.93465886378617
60.975504414925915
59.96036660924741
60.214422993671455
60.70571545396692
59.45203008757757
58.958026115654285
59.060542035886776
61.458989129653766
60.22520678927816
59.33788693167755
59.76522198045898
59.72044093351334
60.0020160225547
61.535297471883
61.798296374223085
61.185667887072
62.33173751897577
61.30089747445351
59.99378028459699
59.29786308016643
59.25757220463824
59.751464219097564
60.0388623766791
60.64855901416298
58.761429082323964
59.276833511093294
60.9527434971482
62.31170765307597
61.43431133808924
61.36653101819589
59.03661594432606
59.83720208063197
59.4443244624357
61.553315360449375
60.17155160802872
61.675365397886836
60.15951108453744
61.02164080453781
58.937950283138555
59.78293687075489
60.83226488322931
61.07730637364486
62.13890850787594
60.67384784174453
61.418855113863955
59.53284854908149
61.49287668186109
61.45001089169699
60.65395138188039
60.10010801352914
59.861125569201796
59.61089383253273
59.53421143241121
61.310136644774715
61.75275481512003
61.558203801263154
59.49730066758929
60.28953303389623
61.573206957979984
59.2516178962374
61.88222227418726
60.51875699157172
59.48205928594859
60.21961872701335
60.24871194378273
59.58224039831487
61.25377532818082
59.98483581829075
60.78693230100912
61.109789250074385
61.60811591087007
59.54322774968551
61.56220436023839
60.07890557482499
59.84332157582131
61.594087593085156
61.11251077308964
60.95298150456751
58.65666513241425
59.71762674315479
60.029868574217055
59.80322665876044
61.219470691317504
61.94237818521439
59.122249701863915
60.34156502759606
59.60714846804251
61.000246072004536
61.45041596066327
60.86902385259685
59.91624387299027
59.708177410721184
59.58007152004279
61.01860847197949
60.28278042265368
61.66768022013222
61.26633180011859
59.588628001224706
60.38908987028225
61.32771864022884
60.905003162495134
61.72596329909931
59.95236980493252
61.08278398373022
60.341557180790666
59.36693056112505
60.89540824142417
59.535931630304496
59.64574088398912
59.98751412582493
62.15507302125701
60.22175367351083
61.97462248999878
59.73843875080416
61.61576429157333
59.60133889976685
61.90129587472176
60.818572772642945
60.89882808769347
60.222993540185605
60.63349048580421
59.47340724705955
59.690418724505975
60.356328303166904
59.12033676424705
60.13471923294675
58.956626329462615
60.75374027840084
59.91899959059415
59.49251884515395
60.631634355892324
59.56261285465815
61.42842650251845
60.30123701089939
61.355335085456815
60.26559348983548
60.45431886395799
59.572025352967366
60.36172706632546
60.07790471511501
60.65074536010562
58.89621126122076
60.19439261984275
60.30062563007316
62.11624839782668
60.76728956307283
61.04436457396247
59.98362866060467
58.11963408492386
59.93847417642444
59.356661875873186
61.87097307009583
61.364526595488655
61.11935952487322
59.83641004522893
59.91076126188255
59.34801703689086
60.50107837487166
60.801432644420764
59.647309101513265
60.4478576530246
61.20166075987645
59.16960689205202
61.45936963912469
60.32811120740433
57.96781839594212
59.51095368017558
61.79235174548742
59.95238712663276
60.52083393396374
59.82706837284286
59.97295992644722
61.77441953636303
60.0132264788803
60.188483665001314
60.919184216329924
60.787435143034266
60.09967695585544
59.93040335020161
60.920625175536244
62.40756287623559
60.11479490424296
60.9596154749389
60.8636203563374
60.89480015427001
61.639529332653915
59.958706934200336
60.937783356003024
59.66559833886757
63.03084457352058
60.900859344787946
59.22171001576589
60.38087790222836
61.07020419360813
58.468934197572146
61.26292627317512
59.24213216723334
61.1873599948925
60.157739762757224
60.614763390090395
60.64473368367645
58.928641565593196
59.72460715939172
60.57256205294874
59.67823829607844
61.19700620892584
60.900889472376505
60.38608572061872
59.51846947790533
60.964491916734055
61.52759036668041
62.977072938289666
59.399348184289444
60.94864577752811
61.9119483431801
60.72080733127803
60.032333388360264
60.01885683124424
59.665491141058986
62.6774078847182
61.89539742418201
61.5292118865001
59.8439894326842
59.87456225817686
60.7709586359137
60.97214659952379
61.22906740226596
61.16145194946757
61.07494401398118
59.64753761150859
60.18033931216922
60.14518428926228
60.73316417046126
61.17487972533749
59.994853114296
59.797486352581274
61.00329217684521
60.94406129424733
60.416767973174565
60.26559546186581
61.49434989545304
60.147996934095644
59.4754108976911
59.375376229887664
61.17078154878362
60.37846937423007
60.40133201717438
60.98502303103637
58.30322416982015
59.5304039952677
62.22440430965942
60.80657799085861
59.67648942329669
60.28611257897115
60.15589330388003
60.12821199070225
60.146414531640296
60.300449787397184
59.62997962201353
60.69716186697165
60.43238681065476
61.26833864430053
59.42613861480966
60.11431225425437
60.180546616642545
61.05961384818896
60.59146104099074
58.651422063652305
59.825965405782725
60.234550452932616
59.79343995986804
57.811242935553494
59.81104088290322
58.58222660351251
60.41010630540265
59.55865611716887
58.69089398241522
59.754090888426425
61.26646555079164
61.17574369070287
60.145220674125156
60.64118398168566
61.38630012527101
60.45455631726523
60.3473816007175
60.8894366798515
60.05294897206288
59.16636835646623
60.905315034776194
60.490657985542676
61.59873856405396
63.25283333364878
61.12405537769758
60.869507106200444
59.31340536077991
61.200825624805915
61.3090072979001
61.40024823969737
60.10737210185756
61.1260807315967
60.48878088202373
60.54068109448944
60.39507545460358
60.12256576737504
60.67992769796478
58.255178387334354
60.946910991596255
61.099373419181596
60.37054819866041
62.11723656822515
59.794046646242634
62.25576515588812
