61.01970575298159
58.183409005235006
60.87050659426544
60.43828496076816
60.10732447755774
61.27560813735787
60.030928959679365
60.56205514225121
61.961466484831405
59.32959636452519
60.53068708715745
59.586048559463755
60.814628170977045
61.31481738436703
61.26605232806658
61.3680946302799
61.78494713649709
61.31653648635377
60.83943961904635
61.704124349435354
59.77768812028567
59.81438459903179
57.8730421091671
60.380260633078805
59.259837627531596
58.6050489710418
60.2784387737795
60.04355988516307
61.161310746037735
59.86586806904803
58.826673687955754
62.178717350063856
59.095617979552856
58.85504347368337
62.21008258927716
59.67672188696041
60.46796929231864
59.46388270983199
58.40378155825681
60.64546315592731
61.18920679020193
59.48098459496031
58.82084650355663
60.56333430015643
60.864247832861196
60.52353797208745
58.30453366308893
59.49320906695722
60.60752584921112
60.318593575387446
60.467931076087666
59.31839525553612
61.2340364590469
60.57805532938132
59.49057610172217
59.9584344187659
60.27495356095927
59.847900643324664
59.76063240574611
60.992884327625895
59.21736555042649
60.053097938354746
60.380446471090295
59.32289400917941
59.103281865537596
61.59169609683802
60.39745399891494
59.84316174630013
61.2536275312943
62.81005532177229
59.032983018560856
61.5669735537909
60.782585063173244
59.45811947276481
61.07645143741972
58.5025605857948
61.027685352924685
61.458644923267165
60.58478560947283
61.769595655366594
59.64908112951374
60.02213235613594
59.909502686572885
59.82224531762902
59.97369549768558
62.114866179779604
60.96696985796075
60.83129662737457
61.19743874892894
59.40956274841391
60.089465043644005
60.75552727828762
59.14362962625148
60.17732808186749
59.810774532478824
62.3038037389863
59.069677890345865
60.563093311552606
60.94944446965454
60.20269494828387
61.43918747302161
61.382857144318336
61.67343512010557
59.288507387365534
60.96495190340374
61.906986563315556
59.75871276945735
60.703974031227276
61.91768283520268
59.51140114899154
61.06889394356535
60.13256614211795
59.77316941721858
59.46919595242639
61.003530467541886
61.88634790676682
60.23095949174868
60.975585114146895
59.99837152912231
60.31613038794745
60.026969772564804
61.066620735838775
61.065639485384345
61.623786438150674
60.93146203042612
58.972913329567675
60.23203255486767
59.052324293573065
58.44186851523903
61.31672537395898
61.558127515349
59.817556119623646
60.2857176911254
59.71114681279916
59.75735257487986
61.437338678922025
61.930662090576796
61.890609951184274
62.198708500182576
61.30791947171793
61.757908675366984
61.02219718796463
60.210766449996484
58.45045394489833
59.738795619062614
61.58345776156382
60.23752250669152
60.64217719793088
60.368213896872824
61.854898909333905
59.02861211090104
60.141441302764775
59.306186822339754
57.9009903545588
59.911455124447194
59.972107931880984
58.66672760536021
60.157418775003435
61.25183628579383
61.423122769318724
61.770535369963945
60.067856369329434
61.00013178297555
59.81220433805253
60.60955872248695
60.10159831494938
59.786198876741004
58.61844882357984
59.10476553765008
60.18872877471215
60.14336628252859
60.43839090697467
59.214840844943645
60.33195869307352
61.20863388019688
61.418579583902805
59.10030779499565
59.41256811045705
61.20524703019165
59.96724864379732
60.36290841660055
61.04994649097525
60.69068159773549
59.72708319905324
61.14122297092874
59.13204153617637
59.982752801405404
60.3884374676226
58.53349574558549
59.169152729542226
60.72711721914496
60.31651166821037
60.43148147760644
62.08434250476178
62.213310492779826
61.12517802366741
59.61648703983787
61.11358149196604
60.112388400844196
62.66509074527431
60.536204128692795
61.806544600017105
60.98789161112297
60.33877804210083
60.057410469752355
60.84717057657657
60.73243832048111
61.00431912575443
60.66970066216794
61.22718538310268
61.25887278865391
60.377243049871204
61.029369909014704
61.267317233050285
59.957200503604696
61.06090371646726
61.74884370111812
59.89041088863924
61.40302005866889
59.94046495212395
59.18582538336198
59.52787107092137
60.420672248672794
61.72049033679372
61.66660592997472
59.73045614505877
58.44400400801417
61.57323143776171
59.99229130607582
59.22843171095225
60.86750330848549
59.85145269703321
61.46665981266499
60.88603338923968
61.0140428158029
61.47095336130623
59.26873765362512
58.48583730281419
60.70455327725758
59.96191426169703
59.83433000234144
58.73297364988643
61.90386450151007
60.21703091586317
61.05471525845145
59.27949486584635
60.3308178586451
60.542113450899244
60.53380961765906
60.78288820213082
61.04095501369196
60.21786339489856
59.91562770382863
59.7378060108023
58.80909799831751
60.881239984025584
61.08838515390488
61.832816499569695
58.517057293192686
60.75329858863207
60.51297930190703
60.13070287087798
60.247979526241394
61.95095145354552
60.06811982493558
58.15584683404883
60.14809720351073
59.61922385893784
59.19409306239336
61.03264178863099
61.6788623437109
60.63048259122668
59.88904365128265
60.94031079455852
58.98198878140356
61.310882408352285
60.61267536536848
60.46618494303579
61.64925231775383
58.74284092210907
60.272428494827004
58.90749275461417
59.54353891445314
59.30840395883789
60.68212645446009
61.95428055928873
60.91736816530625
59.58926512112343
60.85094735640131
60.51064756422136
59.931131219016294
61.21207027026779
58.78510486311538
61.65159895077486
62.113580800031684
59.74427856532061
60.56099456152427
61.65708900908857
60.13234206234143
60.35039620185751
61.17281968445292
59.862417256863665
60.0284195642427
59.74518215295919
59.12948195108793
61.02498276698806
58.55006953315835
60.509666610104006
59.832197454657354
62.060191553553636
62.294580458366546
60.97617393822299
59.960351669900476
61.03155589835388
59.57168073627897
60.82678656814773
59.91538400695769
60.79506121126724
60.19091209866189
59.30139585462731
59.40993204096935
59.237449035885014
60.99240123097907
60.14946288457021
58.916984900001935
60.377058319527826
60.63569749493428
60.744529723866044
60.340870519882046
60.91875993661745
59.32669064207176
60.40377141954328
61.0177115808244
60.97866595710222
61.20879560247112
60.8482248883047
62.28883408929749
61.099170241092196
59.816020638279014
58.976307689485736
60.23805067360694
60.64701239961099
60.6492942801177
60.61566090017145
61.380502209596145
60.374997636599616
58.962780614961844
60.37925546893764
60.81686340906431
61.38579741882798
60.063599899407144
61.48770196899909
61.942863539988856
60.51584115730692
59.661459529721576
59.22600854675385
59.729487966045156
61.32553682863868
62.1293210590636
59.59762361542075
