61.14048867143107
61.230505865742614
59.59896302382762
60.18100153835033
59.29161163787026
59.52757253487241
59.48142120707406
61.38184515241459
59.970886971692046
59.8888821262387
60.42295724994883
62.3895181342411
60.762679309591356
59.881241485413504
60.58131752681596
61.45346377951176
61.71589846663988
59.344096583593775
60.09297373022761
58.441724524366826
60.1559468687179
62.146560759658
61.4067850977003
58.987429338397845
60.29892084966243
62.26132505621119
60.907347648996875
59.85586662909894
57.905552498127406
60.719152213426064
60.55664347753167
60.2573004820887
61.098942102228264
61.34135130647212
61.68196682843471
60.96228278358958
60.89256982119888
60.77862333704623
60.543463517144
60.101020840012616
61.645472285430564
60.721675123535306
61.539641351204395
61.507959092879524
60.72246985094204
59.74209845683612
61.152827225256424
61.09301790658474
60.43843501162567
61.014134591845604
62.59131417031313
60.89055896531942
60.84168076815726
59.85395672635632
61.19581457632081
61.80654502898651
59.89234855651043
60.89842813124731
61.44246435175695
59.74760814891962
61.36898295818674
61.01893781335352
59.31334622061386
62.55924849374114
59.28782446323036
59.3702807197057
60.04880072250669
60.11446352827473
59.07384852233751
58.99900005625647
60.76228530766702
59.86857212546898
62.18869465595939
60.27911241137347
60.98348518277357
62.53968802326943
60.10372536403946
59.15224755558509
58.73633293870475
58.52678918492196
59.74559430925036
59.40511298016584
60.41957951221125
61.931817987679466
61.05859885681685
60.307331574395526
60.77283756152698
62.08048696920126
60.90937457036939
60.17253447500623
61.450439388560234
61.5903775590459
59.4983249477153
61.07305881220494
61.11259744101763
59.54314242874868
61.114195451560235
59.86160416426486
61.071117697373296
61.096521417291825
61.07854729100442
60.21411584540311
60.02185873809625
60.601568750664974
58.90626359551266
59.5439639046626
60.10564743502399
59.48960416773013
60.187207595861345
59.624442714893476
60.720206849730594
61.8597772688917
60.317573029715334
59.06447325199938
59.77491927507082
60.46034140334393
59.9329840819235
58.39037169116158
60.173249969054936
59.862311720949045
60.21364423939296
61.144278153443665
59.920520982972526
60.80460772662064
59.07410872245231
60.6499914708338
61.418668327577855
58.58648627459949
60.458233589429184
60.42288978646848
60.329460959840645
63.19775109145146
60.46729835740222
59.966263763052225
59.71880274900878
61.14061789443247
59.4271422892233
59.35840970146583
60.081383739343956
59.37675656469122
59.517911875795136
61.440632452735194
61.926616242371644
60.229723752545866
59.57277159267337
59.11309149813439
60.4992873201075
59.537365997600254
62.19043161611408
59.62630683831878
60.29066511341514
60.008251178622494
61.31681964352943
61.50007245374661
59.8922506719895
58.39480071228286
59.93368482273876
60.92552494933894
59.44258851818215
61.32950424291063
59.81011124722289
60.0581924232373
62.08654848214238
62.26228878659984
59.950755852121574
59.52179520382788
59.92044039039117
57.28772415036959
59.133857822744474
61.92334351490326
58.69438928413892
61.07650953475247
60.38231831212402
61.316491839889146
59.83726583451525
62.57911084614326
59.44656111030533
60.79282396519072
61.00673320803162
61.146016663717724
60.8622367009692
59.8675400607744
60.709709851592514
59.85344575319661
59.90119326047641
61.23785833481177
57.60130357808344
60.906815383001984
60.33159114879657
60.81010694956078
60.2807285627303
59.039473256198555
58.94341484213916
61.8274342021567
59.65851739917584
60.84697522008463
61.17819792292669
59.6744154979162
60.75830114570987
59.904974028924435
59.52320987971192
61.84977615796772
59.59808519868208
60.20388603704182
59.40605670485028
59.06190531175893
59.963778500921066
59.73087560929971
60.28949307952322
60.51797494416492
60.61723569322152
63.24230989364437
59.24796442630207
60.034401262867966
60.01353994092514
59.04209843079905
59.8336386749262
60.39841367117267
59.925700469466705
61.30069693108641
60.88911174078144
61.416389985382565
60.08827332606684
59.314082705253206
59.950981035595326
59.95429209519373
60.616077088851156
58.83019543283283
60.92214987423883
59.65238240932781
60.12340665213117
61.13395405752258
58.41809283290613
59.23544789552244
60.02854163065765
61.009676004563644
60.870600382106566
60.51057160944516
59.70317726044557
60.5313728756413
61.84863228777317
60.75742110592254
59.75108738092892
59.799854079094075
60.547847912185254
59.662201833177456
59.37357206417774
61.938896565537476
60.71412427267533
60.95229878421391
59.77624793241372
60.61650963641517
58.78876295245885
60.743605751759574
59.81674197584855
60.11873506032685
61.40785619763821
59.757873544233135
60.87625726394905
61.97203919504883
61.533160069204605
60.30118166232642
60.01173831203756
61.28020516357252
58.943301202510234
60.46661791431688
61.53864074204204
59.814403857632655
60.71471126299016
60.542164614958494
59.119992849397875
59.568029365473976
60.120979730063944
60.71148537789738
58.94472435701988
59.03721531824057
60.364801261701686
61.82335844623512
59.3054637234442
59.64700622969418
62.22743824607411
59.97938945062828
62.35281765892742
60.806305385958204
60.49217716621057
60.85193064793007
62.036154871442285
61.27562328187096
59.13774466318878
61.27842206166831
59.351939862486674
60.76557396163417
60.597158591143774
58.987657536822475
59.911612070435986
60.736756488178486
61.00330058231735
59.57482604239396
62.42550024206836
59.918399180979335
59.00127722708508
60.61553155042169
60.98376920349676
61.16880964202229
61.185792140146695
58.867235479608524
61.10337415249465
61.44984651182966
60.41960437427929
60.53227241990034
60.24016409546117
60.485241108796934
60.83962487829541
58.65093740571796
59.48241200535868
59.21655868405448
58.06181663224234
60.42251883887374
58.77550931042363
61.224863452618216
60.27037079444125
61.19245436202078
62.17532255574813
59.59319784905943
60.82205537649081
60.793478667210714
60.50668963119179
59.88345172214992
58.30274330745024
60.44821913720744
59.96911969221096
60.3646286970246
58.75817233066137
59.32510523835132
62.67476062058855
60.06176524186964
61.00624353621398
60.79838761730096
61.51367336644754
61.81572336558528
62.1904514138166
60.371961993231565
62.244797843716434
61.0710593437404
59.8684923639232
60.795114099588545
61.139826937024345
59.944052552911394
60.16163033298423
59.87889530554381
61.13350942840307
58.9211372629452
60.31963466585634
61.205165050667425
60.077816553620934
61.532109893518175
60.29590532950901
59.185284825690125
61.69980934253992
60.95447007082907
