742.0529139300872
642.6143490612162
831.38428882551
678.6738653400668
759.5415899355562
732.5676672722476
753.529796419316
979.0753193939763
458.26851565242544
870.0363196721028
885.8261232737195
321.7687520069992
653.1805093722337
833.6337992009271
735.3547543425374
823.0235741230109
567.6276541269328
464.99875026911707
588.8315387037485
467.1362584241733
627.8359925088172
1001.3687346402033
32.672913991771566
293.1829321179365
680.9463840227013
915.5127826636185
750.5559440726997
484.8907512773766
942.9805669329202
359.7232341379806
626.538056753544
302.9948432157728
935.7702346466225
178.91086498621166
858.8459358560374
651.8086376325123
678.7092943231
724.145383706624
326.18849936189827
881.7393800421717
237.8029634706287
319.34674121874036
167.96060749026117
773.7884411218132
758.8447443159664
852.9578851693477
213.6281314636825
549.9744771389214
935.6239730887656
271.68779450614556
1018.7628288207004
838.8247315864619
1021.6432297858739
962.2907684897746
908.3505659990344
214.92162269562243
453.3478433940769
921.4484399344631
492.8246504127685
747.495604151432
299.91292509982
429.131802159151
925.1993692774815
613.6384517615392
891.9238059633376
554.5842254253723
897.2935110952593
222.56146089621222
828.9376937364162
191.87547548306395
675.6068754312514
864.9726977025423
888.4994336217261
649.8039579447221
888.8177214530965
637.1830171938615
782.8832539592348
585.9657453012594
721.2615640814906
654.2926526820207
348.98299715517885
963.3537827682278
193.8970168167782
295.2953261223204
201.9708654597606
544.9559050876894
734.5791209809585
354.28808533871177
570.8420224504854
371.53361213561755
222.10265101349592
262.3495319834235
699.4095456687112
838.9168422573255
460.55458057581257
411.4130319391444
624.0035017793894
870.3757846962865
935.0801219319645
777.2377715276806
846.1123031412583
803.878847522264
1022.372275361271
200.45717452695635
514.0157995564409
484.2414375310972
1003.1929066055867
773.4260798303235
574.844282444252
711.9835167559078
947.2847721249171
160.66506998555838
244.71181501350077
582.499996160283
966.9551728782144
862.6896602331162
799.2995215397076
217.90933063639181
623.6953543528111
828.4711957389592
666.5595864813015
438.04869394536263
951.0681475227499
1001.7221395092398
542.0897571391682
1023.2464127750519
592.643291263865
558.5830084218226
1023.6337713907395
461.80894926532653
417.91431616841135
929.0449032198578
751.4506705517305
301.5627935483667
471.7274915364711
964.9604654418483
692.8565256265344
352.2783368221068
896.9230739025206
856.6661099774744
919.9193955424658
251.19968560320353
972.1523956309064
969.6993915449708
668.5137521260904
899.8667901086721
619.2596387942187
721.0485752256814
377.12733448542735
319.6744749927924
590.2983896502078
750.7424185784491
783.7296678011353
199.0099774613243
633.6828517939214
543.1023782970508
866.3740738969439
683.334616520878
921.6107805143766
420.9392982792616
771.5518727270071
684.5206119133534
592.8580741548769
688.9975165361457
461.473228580365
616.4722566528267
436.64218192776
732.7197193623822
356.1896256190046
514.7812584664848
167.4052752017907
862.7664340744587
302.89444787233856
660.6974585617127
826.1103362412698
394.1468878657382
848.9962466029766
971.9656071158528
477.4560280989756
309.2732521891123
582.7938448984262
881.6100521143165
967.9965707183065
637.662345642565
632.0658297997761
313.13099810795484
147.44902107074938
216.18031362344857
689.9782506414085
649.9925976470126
711.8677933645283
512.8378853548573
862.4150996258322
739.5987195415896
925.0733772629555
893.4898349562251
749.9774064398397
725.573357634908
789.349951144651
773.5562961913998
305.53803563080817
474.82069217148137
984.3424495828672
856.6809738667696
1008.0906472730218
798.612991201308
333.62852189823354
66.33784496503336
421.29151114368415
876.7871753452966
1001.1891965547765
514.6165256283746
815.9401227789077
551.5914838815229
1017.6782260435135
574.4815831255494
505.85375046295894
1006.2772381112995
515.9894691156892
84.41940302106536
728.519542682545
185.9597663178796
211.92365451140756
227.2834556074473
961.6264728711781
797.7425724909648
91.81350101847454
573.0557690986913
346.33938171211275
869.4061090717831
497.2053516215435
1.6902858182668297
1017.256989503547
782.2984568878705
426.592765749965
887.5913947921191
908.4242703995792
403.67593817997476
951.6574230441789
422.781229091614
1014.601349013597
646.0848597411097
473.1699009831823
923.2885695493251
405.4227725388108
675.1817427168596
522.2947569391854
168.60483310028178
536.2253050945234
740.6718477105577
626.0843169876989
435.7996814808905
714.101095156699
194.75063518693196
688.0769340104684
825.4528187479532
654.9359204797342
876.7712923537998
348.57531138742513
426.7027091268203
969.9167978864168
955.108243784226
969.8544745981919
1007.3500897382489
539.5363892159428
731.2578559811966
806.846949071368
88.60320378713743
470.5466999927611
100.07257626697299
882.9113884136088
800.2444012366592
776.8986744965163
763.9347784789804
786.4027341339222
1023.3624228732212
1000.5770706878646
277.35207740863655
508.3803313956279
803.6410728072472
320.443647590756
129.37781563718477
1021.2181949788089
809.0402343364271
314.4922389907234
788.7727217873316
1009.2305210298064
449.4313882454279
697.0177133465568
825.116493040025
650.8180752791693
929.2481849871457
980.6703691279494
956.4159200763364
619.289775439926
323.78423546808153
702.7626628683192
515.0122360738858
578.5598692243007
28.667335266465443
495.4102762048558
331.26755071284435
397.01508492638925
835.3853272141687
317.7215089445351
316.30362026701505
513.2971031938407
909.7877767661797
861.2181227023008
644.1309192054457
521.6239031802304
994.6595053908521
957.7924270255418
652.0445751906977
644.4986674263614
424.804156237382
591.7809264652706
956.5335811579059
189.58821623964263
949.8500167275828
700.9026892527406
749.4237656753176
607.5299431784605
182.1219249209488
213.02444676481093
795.1852624008352
770.4252117200035
507.2175611339387
15.72944979917304
975.6018129710218
956.0631887000432
994.4166833942992
957.1616224416734
850.0825615401985
493.58462906107513
978.5048436087744
547.3278620392693
457.7665752531799
918.1130688428872
960.6358249270977
716.3554921127723
611.5214758367479
864.8527045267053
450.2338379373797
250.51784249444108
513.307096594212
789.9589848530925
838.6482325937815
773.7925002472087
980.5368629194579
564.7019426175943
614.0874799358998
237.29804248099924
976.2047595817747
483.40996088690383
301.8290537349686
522.2718216495161
1008.2843784377085
550.4198685809847
646.0880511862871
