553.8621007603783
644.1712052129187
970.9240709510586
636.494980241556
988.1016239419806
955.014132649532
826.9589887855517
850.3306458681614
690.2989921150663
216.38814891989034
789.0138617239506
691.3484149386252
545.3880401471037
749.4080364680308
423.106640199395
800.0559004791526
828.8627990684565
149.09306441803437
860.8501450746143
822.3344505847342
487.25225456416547
1004.7307402112216
190.64826877153814
536.4998191076237
801.64473860161
829.4087851248495
575.9654617369353
798.1825832977954
646.3164023030916
208.30429504901656
386.09752110985346
612.153154236111
47.191095239993956
540.1397041949377
230.22342080272927
687.0467989211375
759.0166197943008
93.54336037165592
700.2542542602023
521.3709449134068
783.7670628377307
981.0727711582072
940.8344154860505
815.6839261199198
577.4115305269677
259.69455609048146
813.7857235438282
568.9363806950802
871.7937437650983
507.44726773578054
448.0936067216071
428.768375711614
271.3900677245232
874.5701940553673
758.7245623778665
600.3648540474154
184.35642435430748
674.801258480032
940.7426234242093
256.8829379665905
227.70225572261404
708.8706820238398
983.1917922911099
613.5897944698693
619.022530244104
674.8576357843017
936.820784557357
166.30122479757267
860.9086837170876
627.6206657003089
694.3333518017492
914.8148604465849
1018.4420962361237
637.8763446133781
756.2067982598587
907.5182505169493
392.8776582839978
365.0603703590672
937.8844915651573
165.74790333048054
729.342760448429
841.3699493585858
458.38366451489946
392.4113384683926
884.6834783096513
590.2954993169021
940.8891104140616
871.909096247263
419.6573115489574
971.3013823266465
619.065305575338
459.55985402407725
842.7567734314775
702.5978981814919
915.9701449341043
124.88036047814262
322.60432670373893
822.7151256143383
769.0284025839665
1019.4065982343494
421.09307467406916
282.8652179280473
937.7288862989036
760.4981719097689
852.3598132967192
911.4294925515057
548.301777534951
837.6613206064883
860.8906265633261
801.7582161415871
333.10395810024227
917.6582380516483
1019.210392484152
353.0589562333512
471.8075122560747
459.0122469353795
939.1222270370858
688.7277070497787
825.7053644156117
805.2584233161044
647.571041705886
683.6820791082641
330.47991441209797
869.981271378888
631.7150142488604
824.1867384068727
560.1757899961157
559.917892698978
399.2127053679926
786.1375509057249
964.8525154445499
513.4958950147727
342.03372864789674
174.19809592170634
578.2064607399402
255.97229392223608
939.4292120573316
919.933670499683
823.2565210296991
641.8935631962772
602.8704952881329
539.965105193113
701.9803105535516
2.067706354138295
501.2609709763757
401.47405952857116
676.3511510663706
915.0983471915603
947.7121128916633
414.7515914581221
730.185654533225
771.6172960682088
882.6766342555007
604.7400890080885
802.5869616527095
393.31979846113416
875.2165852185457
944.1923256312466
884.0898618559771
991.506086546881
850.2819412401841
954.3887610709247
84.92801227398536
595.2797730632534
788.8529831898215
622.6428263569885
603.747605264886
774.0080086365449
1000.8976804259629
647.5056105962965
127.91878202247722
846.3110275066724
823.5812018556055
570.2519900138554
513.6626811251431
775.5164695793364
822.2619979010334
584.9733231863675
462.1926593656053
538.6750765434213
834.3695177081925
654.5835652991339
76.22222950452863
59.17009397107654
583.1382810031473
796.2352196175157
452.4381359705112
804.4552126547901
984.2924717210379
785.0437133429012
429.09184292488226
400.57898740372843
586.7874854838187
515.2111868486156
246.6268048305352
817.396907719525
408.9418119341466
114.20541387966261
788.5148700798308
653.3317807637043
446.46421083684277
827.1118265379466
824.6214850337739
751.6097063775094
876.2255210611557
532.191170431581
796.5932182218742
755.6272304469927
798.6895737580684
644.5944526864662
670.2594026326532
998.0514273172257
383.74109542867143
907.8624787872573
898.7733275399221
443.09070967773596
788.5044475370688
707.3899097264448
997.8861032179058
852.8274182356008
594.3132818908307
447.26037566969626
277.37056084049595
579.0524210510014
549.054605752091
989.1206695171857
646.8844355198323
944.8179599885233
432.900558707503
349.48946309767086
636.4445864286337
787.4610580235891
175.0103410661559
747.2605694252109
325.126463374378
553.4243226918245
83.1447302407239
971.6433847675379
584.5910537561651
408.9996194111368
162.1507511148285
927.0308110203588
984.12475015279
383.51720093371125
775.168491843496
58.41178691984055
791.9819323877945
858.2308319741051
321.20950629522076
274.8081345007448
603.8959688195437
914.4926761559187
667.0767589499801
829.5690454558426
311.53613306190084
724.0273617807272
966.5218066491213
42.62225595790437
502.0633554062674
14.514562627419537
33.477508262657466
279.51850796145754
716.7292344337382
901.8717980599117
649.1593347845053
181.5848089092966
359.8703437857081
612.9298951623292
307.20377638344496
888.5571453854936
672.6849797012721
780.9289400401997
835.8166001643455
612.4745459799242
104.37987520219042
532.658195671024
364.4647703569192
1021.6382795004288
943.2692951629646
707.4768888627743
11.578947494765202
574.1458800351664
809.0604143043697
835.3416560982735
570.1474002379616
3.8782996949476
593.3894363009058
394.00861305731075
736.9736021716419
730.4781169912242
419.4907427098501
844.2292328758338
961.7591209872255
381.45865845262756
323.152546023436
657.4392193997201
172.88455984928464
974.4711504527319
205.14253442100608
297.4441091505345
389.49605577832074
698.0487386478842
249.82474220228232
809.0120723627388
995.219869212746
584.414101584651
798.7033210768825
89.96972938883118
411.4684254536112
603.8045092007899
115.05133003868173
326.7248598948622
268.9717986142821
718.3979694732315
135.77148468098676
96.3737991894618
592.9099212421543
990.0109737912258
173.15513192621086
977.4781424897878
637.0540319276465
458.4533625509524
972.1185389472821
428.89238256385795
626.9818895134058
491.40382952155255
523.2080277467852
681.6999405957165
48.458884253383644
575.7593415577521
323.62398658487245
845.5976330414694
688.4040357498861
407.5212455927409
825.0296013931252
961.309602004087
540.093335460944
224.46288302699907
889.6147964002583
930.3155605932262
778.6625202843477
14.203213388998165
874.7363398338125
382.6110169516179
82.2529729549002
601.0788378583434
331.96126309611134
668.3706093746438
598.3999374492513
563.6848162731469
375.77759404015933
472.49454158299375
1001.482535311145
584.318390513439
692.2903355744634
35.00168015358474
815.5487437326534
984.5981392539035
794.192548517585
842.8037539590428
