151.86684402363903
171.5478390604501
179.68477108717155
126.89598828231303
169.50981267844267
164.3940390651934
138.65579026885803
133.96523240633127
140.51402270981646
125.94907274240776
164.44144109588407
182.48324811511964
104.33802340936035
129.81362230462713
168.35396715368415
182.29388117815492
142.03099460878246
147.52727348607746
115.77008473351049
173.2435125242428
103.67051354118172
174.34907623396813
137.32410343926227
152.08161825402937
143.67141869762006
102.46743071552774
183.0697016121186
66.71903479249245
157.83971792549653
152.77591026580004
172.032836167224
180.43610199183115
181.83410781473583
89.01810443241632
158.16259734986136
171.94037804733642
176.88548297634168
148.77001761792081
173.3976685993607
149.96273438259252
130.737340953175
161.18195802228408
172.98354048495915
172.92917700983918
143.17031595839933
171.56677275048443
173.82274273648824
183.67669324919478
162.28465232337734
184.93928896114159
102.798252455878
162.8018611982774
164.94586527910417
109.5256821375406
151.24035207965926
123.49982217265779
182.50903222984294
123.58348608316741
164.70216800026284
157.59633749786457
107.64553027943175
146.43800201908175
173.729670174536
159.73777666482704
153.0022782096724
135.4789362390829
182.686419730526
144.79822976002637
154.4313483387658
156.01994081190372
148.6960385319127
125.22079665939282
152.15778380396333
176.82707024760987
101.86695030397844
147.7096204429774
141.84178144000455
124.17169999671438
127.39093276202127
131.48942242338356
128.82775611247064
123.59883508950321
129.36381874642478
150.32886308079446
120.70156341007464
151.99282394650479
132.70602635461867
160.92729304034546
178.96362960953678
140.11693233247726
110.07973440654354
181.8636358863437
141.10869172913968
141.6709110389403
145.62764334849697
173.9290328700294
169.05418292660718
143.92429899279776
130.10597524902468
146.0462650716028
142.44359956900615
163.94911052215267
176.11407088129647
129.1550887600556
130.75702456914627
123.2529309831699
123.40754387803139
174.02390371637145
107.34269872717087
163.0388038871619
186.1095549349035
167.69495944013335
179.49508241379624
151.62146412501738
157.91488407514316
142.27805045380833
126.12365030343307
116.68695778660395
120.51478168402988
185.5724361681315
166.81335937320122
151.5366148088453
148.8149098705054
179.44146737019676
155.56197959963518
171.81483895543886
133.12496443620756
169.48157262242606
159.91101863134304
136.9208572121137
147.95772167682034
152.39323987367962
179.33221052753206
168.32538695733192
139.69904101683971
165.79399181953474
156.80704341334058
160.89314013254625
156.7094935782994
123.88976789010417
122.64279865380657
135.18925668165554
122.65227263047564
125.02023293147434
159.04353601972338
161.07311647030974
161.1468226704504
160.88675943746645
145.23491179778236
166.18830060296278
162.26488725722922
177.03318846925083
175.88267958716162
108.92736894835491
181.8498850260256
170.5426152005967
146.55673538340577
101.33560955251039
179.21456168926935
168.0793553992756
179.49895210425979
148.93059110759572
174.98693709652517
176.78845672386177
132.0690925426336
151.08000425786693
136.70459290975444
173.9270643006533
155.80646607930444
70.78712766629558
172.39658370197472
131.65608518047708
148.38565544224684
184.70067447935085
143.73491337345897
160.07163898125418
129.10402283673585
127.40569872991031
151.59293831141284
176.84709750137193
117.3743469620288
182.1954272661568
135.15558134615353
154.8241061525192
144.2157093306513
162.89994737723183
164.37240636789696
142.87991629934234
102.52188047644793
108.30737924028207
119.51723150417001
182.87475502537737
133.1109644838951
154.9239017958682
158.1643394924927
160.05375237108342
99.34206122029548
164.42512158549516
142.1676300136013
174.6838370840103
153.76935660273907
126.99282846581754
175.9475886377107
131.72760400889743
133.6586592850271
174.1205042145247
165.5615046513989
159.81628655186617
96.02066043446507
112.31156331456486
106.42687176099719
164.72329126987788
139.77089506070556
134.05807417193722
175.8446003890665
186.46655793974494
115.26055314277997
169.20501476516228
171.08181839456586
106.35752588373875
178.71585152349357
128.70051643902238
149.46050359809968
121.65040547713659
130.25148263731364
118.71319385041355
146.9505178191787
148.89043893325504
137.96003767321582
154.28778831969464
177.73762868117043
115.65819571054416
151.2112598516351
137.95785472605314
143.60710587073243
114.1722997313542
146.92469039346986
173.97688897193862
123.69995803717498
141.11040140456788
126.91102604476532
89.68463019127397
142.18067301552512
143.17964322660308
175.71180187237027
137.0978921807908
153.50098749430052
144.05796396084602
147.88836692465907
182.28006277277186
153.0334660328849
171.20154278877766
173.39305888373514
139.74632411794707
157.31785065376303
156.9270847724336
162.31786262338116
163.63451300290737
135.61097853825342
117.92107299457481
180.31353096800981
159.36458585259152
177.04213005667202
133.69690210808892
141.28108076867656
173.68434957902946
132.9391918512416
155.36605770479255
129.44185625835556
88.45431720871152
113.21975503113865
95.03725646484054
154.00845139368474
118.05875485715737
141.87702887871993
168.98980601325843
121.6066451333329
159.6810101225564
165.10658199889008
168.42488718267776
134.2487152028825
141.63108142080483
128.3917460559369
162.96893316057506
144.25957263274478
174.21898841899835
137.235375615875
156.1646454855804
168.09140084345893
152.98518648828127
162.4041257536121
172.3710101160135
148.6735546981256
142.47085962820927
186.49100910912702
179.17355316642943
163.60028211790862
129.72592902924646
166.72902137769478
180.23651999365717
168.21373034592384
158.48263267840062
168.4042890819978
133.68190802604212
174.4601063645735
163.1914731816147
119.47933903802888
168.81816005542024
147.0399401980752
165.48636299811443
157.2229330244271
160.16225101747392
163.5216516266325
167.2378100914264
97.63726002744473
128.73949538062985
112.18904782480973
140.95166233235418
99.97823632679116
143.72864501989307
182.58950083241547
164.2376991506063
110.20384807549479
120.98476045256653
155.85801058150895
177.58319853387022
181.7473783594992
129.80029254862802
177.11861185417882
185.4415463559891
131.0527400842263
149.5156038373947
115.98569207982302
180.65905885552945
138.0152364315055
138.3662857896326
174.4288598103942
153.17324220841255
74.62069007807973
153.76567122017366
140.28256554856884
150.54604458057457
173.0038849700511
158.23119991089845
95.49672190350148
166.20120817662988
185.9965649387686
161.1324109393418
95.23395342427858
111.66473751943839
172.54410527441095
173.04909967432698
128.1929842511778
173.0980797151479
162.91952541555347
135.43181422714264
150.73123718024337
165.4220307435405
165.59514537944685
119.10081351768216
154.84731754146858
119.67021946290441
159.69530433577862
122.89033003565982
125.04550407883133
170.9071099652313
121.77878593411478
148.8192691433885
155.87140364789218
161.22639830761
158.10154650010972
115.38934656092593
166.36037577024933
176.3605425652373
125.2308252805721
145.8636272294979
149.38166165046096
173.32505598635848
157.223028041814
183.34791128376855
148.3252254421438
181.1340111258413
138.84162860508363
139.58466699520034
159.12604249116046
92.00539552372734
132.3021544498669
174.4846235415353
159.46723545741676
140.83820010251094
157.5496994526563
146.13219737472835
175.48693254003933
157.5923414980098
151.3991700543174
118.91603827173543
125.62735184453388
147.64401554903932
153.67475261421612
167.34386271133926
158.94322578676315
161.20904257494885
156.58345690025794
166.26949030696892
158.28822021099253
127.2745646324663
161.24758985309234
130.3327888942637
134.998759715054
90.28078937709526
96.63647731675725
146.9712409179237
129.67553529539077
142.94043643941046
157.6766645033758
117.44946000735362
147.12505211672953
155.83235500811318
123.83728265776735
153.35375294159815
155.46809466627536
161.0577309219242
173.86527819056533
186.08329613354633
120.51988509864917
124.8754758298617
117.82045508692312
163.53210735099864
173.61890187970164
131.43795258201249
120.85469528291338
180.65875303871974
150.21693780693238
126.37567160627432
128.73373866115813
99.0241752837109
141.76282364442807
135.78477154790045
148.51883789174013
173.33245794575816
144.48251747565072
131.13020094853425
150.9183155232399
181.69770103212167
134.13463104266398
140.769028622882
159.51229220168878
162.7959339741146
161.204449208752
144.58162231118123
119.02298566535309
112.95969509475123
158.32470337882674
133.74238034332245
117.784228946044
160.8957432163235
159.0895508039917
170.78454932386109
170.38778504416462
140.33032302772455
155.51958310777036
120.53739778607385
137.83005452921398
160.09256814144328
128.24959642380713
168.01861645078202
181.69561753969109
155.11710260493751
159.7758911771636
149.46395781855566
185.23085987621664
94.7638950332524
140.34741210596002
146.72705665930684
174.3495059206128
163.96573955345437
149.76170005659543
133.91820758840262
146.74629479486168
167.60524889768806
185.5822050141968
176.38566666527183
125.77162012290286
145.3760958490894
141.84445475180343
150.1392935964036
165.72960407809907
120.59313156326057
155.4394942143487
134.3539010389788
165.14819367662074
163.27810178204612
149.74377726078544
151.02271039337643
184.122377692682
135.51752618635564
138.68432214783962
153.2846401682443
119.30113481070697
139.94604023378406
147.58707390877626
179.6231567137605
178.21962477864756
147.7144873090156
129.25642699580175
159.85226358747593
179.65974674923632
173.40204634188026
177.20611354089763
124.30008940301846
123.52474046602289
157.06214469144635
145.13077415325714
136.7502385948304
113.95896375580585
184.4073661012791
160.32257789141923
180.3014111181103
147.7352389111455
156.08297827944727
156.77141907820652
140.86235762123115
172.28865701581387
161.60819406966877
144.30410071915108
136.93140211600183
137.69551514884031
126.0555153023451
146.73541957621293
140.76307704271366
110.83791399208593
154.92090201084198
134.06131668608205
142.9759189800708
173.3646449037451
124.54209133472924
146.08066241056596
153.08860131961623
164.82700754800317
108.42403909783425
164.2686132529117
182.3199748258115
156.87743954135576
128.51326548297354
125.40879759413203
158.76119148317468
133.08145320360427
116.5737475531235
104.35076627533574
175.3172491758994
180.90910515130733
145.00461178350363
154.45147489357234
136.79260863408012
122.01447164588257
140.82258893054473
147.77269280405963
160.25108874347362
161.13437029128033
175.72501402044992
132.69445444022972
186.4851361222423
131.23188110900074
179.35269241983917
155.56075177548405
161.6189383300648
111.79630970293593
148.26969157506366
158.20752413166224
184.26007081850503
137.28566184545446
132.8540647704646
113.80790733819173
173.18335040353605
102.75822722946141
177.6245540861479
151.90716020349984
174.0397603343192
160.64382013396903
154.39729223688036
112.6153246756127
166.08699200465523
150.1357313869086
177.05257109002451
162.74280194701035
151.9049998922579
161.6706714483653
167.5733765733399
132.835312617099
184.8475656562361
165.00084126859159
163.83200295011244
156.69061391760812
141.87742091652748
146.8265613584247
140.66155567164827
102.81972562640725
154.01266044814028
158.92016066013042
181.51425155234514
151.14363952861655
155.15553614010534
120.92432377864569
155.32157013545182
133.54326241023722
173.06316188034003
149.86143398900992
152.6695907861658
140.9209874355856
133.16129179270686
141.61503736164485
173.8951576555188
148.83890586359513
152.58895211711987
165.1185037341659
159.1371139642919
159.29983848588256
141.09656915648907
156.1581518684202
146.45633600362152
127.16970260518764
154.78987756368647
145.7967868243411
135.03000348687078
163.7696060487588
111.78413860810495
139.6707352456329
149.56495178886905
184.58864531216813
163.63942426505704
131.21414264381667
184.53040853955417
174.85226690703965
127.5266428644658
141.1396505493326
171.77709493376565
149.26330604046228
174.43696852254325
172.03102727922789
133.06173184861774
173.04424447043385
70.08474885856158
162.261094472232
133.34163417052096
109.88741077035341
118.33936914127088
174.7788066903243
124.59930244139778
121.67721590392549
183.18249056370715
107.0238706640082
163.4881099204833
174.58009577422513
115.6211196432107
169.24621543723478
126.15597460437773
120.46162431985064
140.66242100057735
147.815602993392
146.20688928741816
162.16466262316246
161.07127881453974
173.9880176844125
136.8567653187891
143.49157912763903
132.4894742901636
174.82681341506884
153.1989910469036
161.29536086998846
183.1784280149117
152.56577791514954
152.03183913552016
112.78243845877316
164.10455881869825
176.11922123656456
165.51587766516388
107.31208132827001
132.12849486557036
134.024840341749
180.66959250239367
165.27010569767899
148.68274426319567
118.61856969895616
181.7543345664256
168.22257333857922
171.25710947860796
139.95671412564607
181.7212409967546
167.42879438109236
137.9196470787305
146.66802914811348
141.21850500882323
150.86356508600375
167.2310656436531
186.0121925797913
124.88115737721236
162.7150161052133
140.20535466165475
158.78754076302744
158.71832905412722
120.77495549202627
162.66200419604374
138.65796563177355
178.8116157815927
154.7249537099432
118.09157581433087
174.67227463575483
145.99124353606967
163.870191477752
140.4665081213359
146.26353725561404
99.4427937287231
169.76361526297805
136.32672356473188
167.11237433658613
124.5541842536874
148.8524915069773
184.19227324951353
154.10545356578086
143.22511934026693
164.01788176582767
87.08706057638479
165.49165885916074
185.6986308498293
180.34712895205433
148.10310577809975
166.99838068619317
134.96183370792247
157.67367928320806
124.27542762168646
141.61066837329466
173.43122663345198
158.94087010322423
126.76581491185827
73.12951629665798
142.33283449126577
166.30220541880834
121.47388340203855
120.31997395535782
165.15025186712663
164.07181438279872
155.63094834584373
179.8049892893651
153.33371741471572
158.68994367169665
153.19523678905585
183.7832069613703
182.5839503422875
151.62408589888696
177.64063017312867
143.78540110482237
184.0031749776275
138.24469375336935
149.59430483320384
104.94473734561996
171.96543088625262
185.4320942556447
183.1847426242406
122.29509895851999
144.5958765054135
133.35529329652445
143.30920489806041
141.07614784083665
149.16700673500165
136.83639473033742
175.85881133096458
174.65210745297264
132.12985087842395
144.47527141302007
142.8900007678327
133.82516624956466
172.57142299451496
161.83553010290345
116.4423080238096
182.40209411873835
82.81827919648566
160.32345355697143
183.35699524058876
148.88274119294215
127.26574966197094
132.77671053965284
122.50330678054175
153.46836896163651
179.116955970216
120.75176821500241
153.8426516334461
162.2049599525647
118.91245127331774
159.7285526972211
155.81978549272256
178.45852363150388
154.5709749394865
145.27222029451246
135.75351194143403
113.1808898568201
165.49727285612215
102.00111286896586
145.89520310282413
157.35838605120728
151.99170543929233
120.11302018439358
163.41468214307605
161.4012827924098
169.18411203880797
138.58338337659154
148.63670714322816
175.2225118238426
119.55721939480114
138.49443321773035
134.9173649656367
174.30587230071885
143.0762790749842
164.02967462071473
183.70162167492666
149.1226786128984
105.01540774129833
76.94347394389142
156.86652774086008
106.11720355393032
102.32640473465767
138.93038195470146
161.49117852049358
183.9474470228111
112.64640365403278
161.519828256329
135.44137880112675
152.53336598545368
148.81501468330003
124.11670917687323
149.73269744811105
123.87105948989941
92.13061021792562
175.33576309886968
149.1294616039847
182.46548647600198
150.70682173233723
174.51968280697682
169.88790329655126
166.61760185069187
125.75196080689105
158.61811333605516
177.9863903932207
87.254829017005
109.45011004597106
181.00429338966853
138.66741409340094
160.0561189577775
167.43624431726496
162.8443079312571
176.45047099968068
143.85582029266476
148.4753943759256
157.27688895402423
179.7827083854619
146.5701504601583
125.70759699435173
153.68392335668537
92.20121062274674
133.7920724973152
123.21181220042368
129.6436686000173
147.4081431351275
163.4208727389136
143.99094414603755
184.70774465930688
132.8367792086302
177.78072364969
87.9615242031984
125.68723526768301
137.0652922331032
173.268956943487
154.45830604269148
186.61951821057835
125.71238775043497
139.19476184402617
135.74288547259454
128.0343125778024
152.68617062709157
177.73297008660734
151.13971920309692
184.21705370221167
110.91937479816359
101.31257952911093
185.25851811418812
168.85169388356763
131.2369049816865
141.3226214992037
148.7062535658192
167.50490806298464
165.8665970035448
130.03044740716047
157.53925624168664
124.99150394435833
135.1119630229875
136.71436475254646
174.54102610901415
159.53517949005362
160.81079856571105
150.66892652730556
138.67571258733568
183.1557568093608
171.30339164197497
165.23826631301318
156.38509778269602
160.7449843496782
107.94620593641315
151.6627643105678
138.09394897163298
163.89671043527383
160.69592532072522
165.03314223672905
145.00224715031015
177.1635785906219
173.90275524682806
160.8903219081991
157.5594213212113
148.48356716545024
131.7245258376804
150.0103539657434
161.88512657264204
111.6868214183168
176.9241852758037
141.84042241738965
121.30719515755635
156.6116653967846
153.67885249509703
167.0300276658925
178.21155024612003
116.54697151854805
154.3587729665747
125.20448792223982
153.61793810010354
143.56352817481527
128.47805329883954
178.7523194839154
80.92054810613794
140.98931748559963
143.20363435654238
147.28291284266632
96.74219992205019
136.60710301272758
157.70972292912876
111.62803089444061
141.9113874284844
182.64219853403227
183.6249260974346
159.14578638344165
155.1986086965784
147.38873536764822
137.87928922939614
173.4905383868889
99.57556201977371
128.85022467267913
144.99059267464116
177.82601427113858
158.1602231395872
161.2904769726143
179.0323101931324
126.72786164037558
100.30278285601987
85.28388070033692
172.35995778848832
154.4768734371866
116.64078385314619
173.3617926079783
169.7011121525086
165.37931966130904
150.09510572402655
167.6360521638907
174.04492626557956
154.74911834905112
135.02035512238405
184.2905427885204
151.28334012654545
169.3380116490206
180.74984653540903
136.34352919004013
158.8929009363478
132.1821483906748
133.40551512642054
118.79091050847097
136.40292356468217
176.09784513240797
145.81106619276443
139.64185005415237
152.6077790808641
158.4029103556172
166.79879404821602
151.94204640339393
152.14984368088278
157.75920247136594
153.0816722144496
157.20339030056482
171.861611202017
173.34283006935163
177.3849392300275
183.5916524834936
115.51019847935706
148.3157529058018
138.38574144831497
134.3865116472612
161.88313474601645
134.22302990370468
169.0075901402343
152.99581197545308
176.11821071768972
134.1838447714185
185.8538444235395
118.57684728641577
169.26127727101064
105.40679928607219
138.84001002457043
180.52204099455747
151.94563554802775
172.8034207180392
155.89464485423548
173.36123555442526
145.54307948582598
115.15936753983193
125.3013760615561
168.80564451127847
126.75499037196273
126.21920871593188
168.4946244612174
167.48436842750803
152.00842282635392
141.44940563628822
185.68739278153276
159.39537515368062
137.84560545862638
138.50017418781638
141.8212811120263
155.25868012824944
128.46681753223226
176.99490927815293
170.6185052205465
151.39585699543656
93.19896516155805
154.9645128562403
123.6483881498825
174.10227312505864
144.36847318477976
102.91954837645147
171.0886145835816
113.4709939637778
136.7811621736118
124.7337455460377
150.4012063040164
146.01989166127967
174.1694383330657
104.23323198249827
183.92408430773725
158.89642672016672
173.63408849687622
143.3809182893002
185.23069344425693
162.58656729286383
160.77799780200962
133.49457861848157
182.4778593768469
151.00602968248347
139.96865116409796
132.96332923316064
183.46030031910598
119.92023867755117
130.45979217445125
101.02449515295345
159.12007766393427
136.70022797877303
173.06660587176032
113.1311368182823
149.0290824196555
162.34035375533298
133.3333569777449
151.89252910880845
174.3095882648527
164.16851424203827
152.2592743938727
152.58527187557297
173.27226435310476
149.6695030627354
118.4184182883211
111.64555449349234
167.85690958081796
177.88476826688355
129.81539112774266
119.84802643480728
181.719085337439
161.92641384637082
157.01107164318202
121.26154607177904
140.225740939814
132.32077111871754
162.56985412274264
128.77823807838894
118.04233508211232
165.57668985342022
131.39725655896433
174.34882653015424
118.53742365966497
173.7715267311759
115.9673559303755
125.38144964520379
140.00187144919747
145.25403961705018
172.0195024177075
156.85212828431577
133.91008185158984
169.62200203694974
156.15742680685022
160.52126519639958
176.25933009213526
129.38584987506545
164.68246960021446
136.99356114008867
173.32211124479855
117.59523854795356
141.86227050370002
131.63951825384513
180.71681514533117
163.87898336298886
146.578067957311
157.36983774357856
94.58921099943576
176.40837525652773
175.2005468514267
166.41573034361352
141.34862387021906
144.39649896341132
109.38652132722692
179.42166292945507
129.13407705745195
133.1248574219757
186.0386115991249
157.82228864991026
114.87347504330458
149.9015690461246
120.29193648929117
126.58877846551923
122.1704726114109
155.41271608025104
146.85141808918348
156.66618916064508
147.10383814334605
166.98256959186273
132.08831372395258
156.85794806160442
161.52786044586617
175.8730284880809
153.80230143410805
158.06228615095264
181.78958893128208
174.44812200205754
125.66630795611319
173.58128894988477
169.3467958247479
97.77100890176811
125.68592665575812
124.3329098148547
144.2219864784817
146.80361609577506
134.25159485601952
176.29744034213917
130.39641443427803
104.77048115339284
182.8564115374151
124.67879137581225
170.7118483102994
169.82275884871933
131.56483544459326
139.23355771918298
157.43215300101463
95.87992591865682
185.76962773620824
141.92436195255232
167.36453963733052
168.72102065065405
127.01460377885667
141.2580546544175
161.51921896386517
134.9871479842924
147.0744824430555
148.49270705005094
163.64809289337148
140.32619906170896
165.15055072081935
134.7315029199304
164.19172240743876
127.34338573849911
134.25568552722515
146.89362518688526
159.565564755358
161.26296384868664
178.16997868179445
147.35523830451885
153.79817597919404
105.19747488023742
161.3442299555205
169.73523710573104
183.00712510421425
176.05908915264413
154.0280406316559
104.18338596200687
155.84841050906005
105.48444709168166
128.11557617802407
130.59151527451388
170.48294316845195
114.79839419111833
133.76655702609793
127.2089724215065
185.43291992802324
145.21213427608308
140.9130087336763
100.55647104525235
167.294604729247
111.12578682419172
161.64986454270712
138.21687217993522
137.2734128712296
133.02076669863112
146.80693044774767
139.97856244752586
181.72166116823414
147.59122606670812
101.57652410469325
169.726576251831
147.80036949595643
125.87778830224521
168.13321402286397
119.14923030463673
152.02219346663765
155.3585001104118
137.81648590817898
123.11947740308663
163.52907248359324
145.0558239850635
145.20619474192029
87.66420641681206
122.28735627539837
140.31817911294235
106.61770325081375
119.24698859100744
154.05736224632074
117.41039831196514
145.88889398948243
130.5197958990487
156.76765834111154
105.05111870554853
173.22348342911042
135.45564476691735
154.55563998523047
149.10935471204508
124.02017641931394
124.36600231504683
105.30223453196822
142.31482967978545
134.21336672132975
172.06473083704392
149.16605529917234
133.4127969981126
156.2845713143137
160.06231455762173
145.5961489742542
155.75201892593984
172.79201753041693
123.89897957172602
177.09843732646863
151.20811124437625
137.7511345999707
148.93352361508687
142.55455511398293
126.15318945404721
150.55907003769275
135.12502171793932
169.7635371395637
138.4431587697992
156.88669079865795
77.75688405576228
184.07228469869295
136.64227837381853
129.11586910916043
154.47500429582232
106.71057408189085
163.5246351005577
186.09984771505657
184.65800675339744
143.91307154289922
184.1496880969595
127.22162432108196
148.29049146467443
156.4089998291214
70.5769944161164
170.59390930394224
151.08474701649646
148.84987449472533
136.68477377381257
86.95101658489557
154.16605744574113
119.2329513409666
175.89179675061246
175.98452399128672
96.54362274284871
105.38653484719353
120.77845706977773
136.141644160025
163.18269612192395
158.67379385103408
139.16572877448257
182.00899870403256
136.99823012368006
170.25346690479435
167.90729140645226
178.37624880011043
136.07138031117327
152.4350409997225
134.23780435839552
145.9340336770497
159.82940829983
149.61402594106926
154.99779443606306
184.84891974818407
153.8662725305866
127.55397225766413
65.39464517145022
180.35317315998867
119.96838418059139
186.02075815474416
122.2014665945562
177.9791035072357
133.89459437528723
163.84923424541296
169.4623894855283
124.67088415440485
142.74515609324752
179.30522618714045
138.7286632766394
181.16307496192195
155.0818147954599
158.7288336240891
82.94516118407532
160.2419988440399
146.11345672994406
139.30405065784592
184.12048531837902
172.18093497919668
104.33204147777063
147.73265680670963
159.82848849785717
170.74543354137262
171.8352129528414
165.80910545370477
148.38687972322404
125.43805975943602
117.87423096265681
125.94670815926531
131.81752298738067
155.65891623756968
171.30650611168784
163.52628268852402
186.24528647636583
82.81141068885032
142.50742788733442
157.70976497262146
153.892499001177
167.66874516357305
164.78127507879032
165.45441367741165
136.67138231463053
169.39737747391146
146.35365040341264
147.17284269759622
81.36061956956596
121.8150023875856
88.7474307970491
181.17766422293397
179.56973190130375
162.0750753000869
156.57893497389216
159.990642541887
175.491453685455
173.22997523092155
162.7936062062802
161.64135716594697
98.05888982724208
184.99128734559417
132.94866214463815
154.28623693830187
175.57803876810712
124.31230425838748
139.14586918879405
140.85392899012732
166.78454533704064
155.22732276234606
143.7021412026208
173.16747381596642
126.26840634551041
147.96820614959518
151.3546647199073
175.90053424334056
165.95787992165916
147.55915894907923
132.6997847158714
162.3626681988311
139.13857715094204
181.0171408772307
112.66391045388775
183.94419888581842
119.16919092738058
154.34899736063676
164.17855735174348
129.5970218073015
171.2086735443636
123.90454528403782
172.0291561467737
182.07200116908135
186.189467155564
129.563389952217
179.57333625350697
169.41149892665047
97.26078588548796
131.40516779983454
175.26675368090307
120.48688044701481
134.24704725214102
181.7896558977801
157.49524401394078
143.99662766054612
146.57754762564196
180.8624130164102
159.09748574744253
160.70599535784962
103.11638754043915
152.14513152434003
116.10557851199749
150.37101052344715
138.59165971657552
149.2265669768309
159.1778753123582
130.68582022806117
155.67771101341606
165.49503185973361
171.74491896145747
165.34414548500263
177.4650984685458
164.08182102238953
173.0680838121285
138.43353479119145
144.56189345553508
172.26522063078858
145.45236447927005
184.38581441308398
134.1419035468158
118.84112811057824
141.3096661450559
145.23514964451078
149.55311579661782
140.7032325206223
156.09254570971433
120.812738892358
112.38739115769874
146.86601929449074
145.62151222647884
124.70026024903586
170.06348826569808
159.20215610325837
155.99403484026323
132.01077036420517
149.89301689747185
117.01327118680834
134.63696224713564
138.0337417129035
163.06242572108016
170.98986040126837
133.33536565865808
167.96093913471543
110.82889068484211
134.84340844829072
135.3302724015094
167.25916477083945
157.69738821772432
169.8274375295642
171.2791912318046
141.65813433584051
182.70720349618625
124.52773076646673
137.2595526935278
161.66028818559317
144.08770641146427
148.3399397801606
150.495268021859
172.2778025101822
133.8056135991543
161.17596370136897
125.7667140032796
174.27475971318293
79.53911546553715
145.9113460045115
156.5260367887089
140.08895716427367
135.9341500680365
132.26497741696596
102.05530516622835
119.67858498762396
168.1525134721773
167.7871725055028
176.7359000022091
167.87168573744307
166.0378517822574
170.08511329445494
130.3781828420139
168.61834944823437
172.65302914677903
120.37604337913112
154.0193186576949
167.01816153843015
131.8660872550453
141.05234642084542
160.28892775029908
126.68311506390367
184.9782540404959
150.38061855054565
150.067797356601
140.51118478077603
162.05260416574126
154.21020852239837
148.83377947070588
184.17391209510276
145.94974892591273
137.22906575530038
134.55005305639713
180.5131286849718
124.85877355811354
118.2725136993052
137.60255267224846
152.04682190844056
129.85731165342986
95.89615870667552
124.33238466858154
153.74831057125
166.01083323397765
184.62484442112984
159.5757149157092
180.3638370236442
133.93449316215873
114.26557677600347
149.3638457478403
163.34363486046112
163.131215862411
167.72481049465472
109.16222107322568
151.52288342581554
172.79832924273953
182.631038830901
129.4379268915813
111.63630266289334
149.4123361796294
133.2383130148892
183.2328080351043
144.94008366997934
183.71902949364613
169.5296042271556
93.71248573621041
114.49431745902862
167.6065839447401
159.9513314514051
169.70241353225214
158.43713256646257
159.1498831636245
133.10005365936988
152.16757549920646
133.07470452203762
150.1315893390483
137.8275020544589
148.97949113983273
139.4021883083365
146.14897023368104
146.75680384001268
156.43670412827342
103.1189249813643
151.01012946171508
146.57652624384548
166.28284394079253
149.6193504642885
152.54157441240534
149.32945686503535
130.950191948562
161.70891730544386
144.2372258480337
165.53188610033067
159.12092624842032
166.2971593752646
106.56016751798157
142.8579418226885
152.71534859303046
131.837563859031
119.10831464204989
134.85381748844696
115.2694456712693
152.41000723073137
131.2036035548838
155.46600800051155
140.4127776234483
107.49710710857403
167.57378995750395
155.37242870216795
185.8389976824705
160.48180674510502
174.90877056172536
169.64999725489872
148.65527572757733
141.96932262226534
114.30568978650902
163.42195713265667
142.5470685684707
184.8038378071029
128.1946530689808
105.25926282293734
164.15303867357562
152.74022081466097
177.07056074300323
148.63337413863627
148.90037883812482
154.88871561147096
150.41848999461033
165.4697428567642
153.1818337754076
162.9403915118832
177.75940789302274
149.84853145634827
156.34345313667478
169.66357633964356
162.65727764426236
144.04666816844264
178.32042158625234
175.76182697009665
110.02980864348696
128.8038420872606
186.56780812357198
122.95760845062561
118.15660816676187
159.65460029168298
182.90118571331408
152.7475768287864
181.18972488369604
182.09098987246963
132.6670057767012
163.2571089719122
183.5583770182289
151.32653477663848
138.5860769043875
153.90259247158167
162.32221772742565
162.9241328262542
143.4318039667713
99.01550506859466
150.0039374701849
120.6053645824274
128.72952147085473
174.44590473412993
158.1122152647204
172.26808059472808
142.56246162784765
151.89893495376725
166.81385962759987
185.7324028817873
172.5523644573323
124.71508087649377
123.72233123857063
166.439719549445
135.79564371930533
167.97234797273532
133.34143371557866
159.47754946039453
124.49980920839897
108.8111241901031
129.02056534991993
170.25345207325364
172.47189350043448
164.9079007152773
178.15849094075526
150.0302679074149
182.91171412026293
164.85128430938653
152.0144493881141
147.68852765669004
170.83170066571842
155.2092594045514
146.89697837131973
162.0452982257983
115.49519483508847
145.7443546852405
136.06965367107554
106.3174782908682
135.508183226574
159.32300627839058
183.07749457548496
111.15282909078738
174.27237317419866
155.96376076034034
127.95454297974489
138.73510202738476
155.42423771757248
166.35115942068532
157.34378499155056
177.87875018420618
143.83480488146816
157.4093581832217
124.7034722798376
127.56663632570546
109.53536803747161
150.51497352294606
170.98872787554288
147.5066660078111
128.58768962952024
179.28082863339682
182.12610061474558
175.29109687666173
150.3147799160065
139.14297814458945
160.18707829773163
153.16146561885466
143.90994840933197
78.60597657023601
151.73237291503017
167.95366527125665
142.0811388667442
129.29181181614172
160.34478853753012
163.0696743106748
123.11108612031848
179.14936480758357
165.194704393839
132.62691334381546
130.52966902606903
168.83922117758405
164.86643332300196
144.22696332490878
127.53515108764483
132.08508187487521
186.4235593297413
153.27034623383105
136.9675273374439
150.35682215965923
138.98147146235465
163.6020792540914
147.39258764210672
172.91893528235246
157.24018720314808
172.63014542342972
184.83357834424265
184.1072710818952
121.84318313883637
182.40881564353566
140.09580077831185
176.63425373028548
166.85145167892057
178.09401433411037
164.91586814305072
175.4160777424617
138.32088805217796
181.78080198665032
134.8792194081584
168.14519463007818
166.37204306636716
165.6454536599844
181.62234798122267
174.79863223758557
157.37481727142932
161.60265982658353
177.94138706886002
96.55041380781128
185.4842655130728
120.99762492345741
161.6035412790551
157.8408973355012
182.71730382258275
161.9269065403892
160.81079774970303
186.30606677729176
161.1508083724922
69.46049450329517
182.63982052105945
116.98047341796584
124.82077943055072
132.1764998039424
163.4904665565844
141.70164865515312
153.17973361933454
115.44619349974303
138.25139109933076
128.2042003010848
119.66265891526228
143.55162617090042
144.3920345441369
183.96787980233225
147.11182380121022
171.6159372300464
110.49463640694798
148.91490268630903
136.59539620911985
163.7644696982701
177.52233930021373
157.85976404185539
149.39284091835916
140.2334698986244
134.57792681412832
142.67309785606682
136.05245033923018
92.25573646285386
171.0383271027105
148.32731794682934
157.32648700427214
143.78460987370815
164.03601274574237
167.38570335640887
146.38719359364092
133.20313620438782
168.93981206955897
179.96245354237
169.99076359706717
178.94309230170288
166.0913204973919
134.45182173631014
165.8995025115262
161.8399243855815
174.01637620546103
153.6248366714089
133.64192147491855
105.59166905349105
172.3693149938726
164.8727822420902
121.71032586415598
148.65941793589917
160.83727972322245
150.3290766451095
146.26849740668519
138.9254377959279
181.7404196376205
184.23929342086439
118.77305571303111
184.65873679928833
135.97690768738062
157.83583947444205
161.62889860878715
167.92085947943323
174.7620946594267
167.35423547973764
146.43532936643143
175.19963802636877
132.05138446530793
110.52013884328903
134.8599706252346
167.212033813784
116.33970807303285
173.65315512967499
170.31134196689416
142.27707746878662
180.20633249936822
158.83509441876492
171.55096324791154
90.57715809545276
184.1052135023515
182.67615630169396
106.59365438517307
165.63954074141535
169.82237515464823
177.99990206621152
155.4477100940913
154.98649549889768
157.18953037011374
178.47898261140958
180.42415372584784
128.1054747853906
148.66253962311598
145.15588098642138
172.75191052244512
145.48026769571516
144.86245798521375
147.50593351193984
163.88741035411573
167.95187384079682
120.48301540710827
178.24521085420184
154.21823311151772
183.7632837626782
172.88364437111542
153.399277170465
149.7513038077186
118.94659062124919
164.89510721312814
127.63824925897575
133.5719055066816
179.6311160505465
175.69901609747103
121.42170894688344
155.8325931727065
119.32832615847272
132.77560012692723
157.7861911622262
168.59141303982295
154.05435981993392
129.83078838298172
142.8079398982975
170.83867926930355
108.08369809586455
141.5859881164516
137.66411333369484
176.6854900813941
155.05588740019732
159.17358435504366
134.88517090618862
147.01173492292202
157.00793493908424
117.9095034798919
180.07658835483565
120.74453153312473
127.37286450969552
100.37940596062079
185.36430085203537
152.1223176265248
158.575357159032
135.35077042314708
182.42370150249116
118.36156380820354
137.87042767118461
94.8038863085293
184.78597690640086
168.62489505039204
176.0200466580364
148.16846767549742
155.92980781838733
178.90220799626985
183.46165261542984
161.10406139134832
171.47719842806458
159.66073045412315
176.00466295076134
181.1830317101164
154.757734223621
157.38671569890374
184.1339138065157
168.64531043666662
117.90183494256814
107.90443650818793
123.87032897517143
182.56036620763047
112.03106084166038
154.5211648671666
162.33023294833964
183.9683653194556
56.685260240594346
150.57914512098654
96.71937352977038
140.30547485212185
179.7592639044512
160.67396095289945
138.62488127949814
173.65549640983622
167.50229336837134
178.97228538413876
166.94611786611014
146.46302098299878
145.31614093540742
178.82368548485172
137.45535372370836
169.83312012727032
183.36815796804635
119.9246642016369
120.67516283540596
155.86500649648906
153.83913095830272
160.21744585439075
176.85280527722804
168.92073120849207
157.39901732397402
164.10269133788256
172.3161821470442
161.2545917304748
153.44490598784992
125.90658769548827
181.33503144532187
163.57895235709776
174.1239085561908
163.9833408439415
114.80920500587766
174.45903762837054
161.51059450343132
127.4404307471007
155.69058287868503
155.333249967322
130.25400890474117
137.8856973874176
165.82146269930558
124.53906484146117
151.46391446339302
116.05408036612582
110.6749579453909
129.60059451919275
160.7175111020666
133.51363733929077
175.6609341990315
170.84633197178763
185.28491152955104
85.05216887519806
145.50950305537958
143.48737717205512
137.10968279387887
169.27460563683312
98.79076037135212
145.85679891901955
155.6406229126518
145.19863151583735
132.62618866347697
151.98560641403807
133.94881336546453
180.5141956514421
150.97304672659956
162.2995525431868
174.88861455756117
148.7221729476685
123.53723403201823
166.25760512881297
171.02025684164312
153.24477635861427
174.9787528830364
159.5471559263287
178.28615277816752
180.70324272283648
135.04424876680505
181.62415855128012
156.6035988912116
108.5109520542162
145.3305495353977
109.65447054103933
63.900699881998406
157.9609115600007
150.67277162814256
135.13016595582468
170.85400750541734
160.66192367397906
114.81537029046196
141.64708998984162
127.33036472270724
162.25811886971235
130.78998750374492
170.09787678709014
127.63410705822898
160.02249178383545
169.89054775431197
155.35343167287903
131.44966457345177
101.4070530223864
168.30270590064714
154.64447928515483
163.56553074492976
153.92535133676006
174.98455723505205
156.077472204954
88.37632420163031
107.10525723891587
111.7861251784201
112.84623474711893
180.56287868775524
114.8041733863895
121.95382047314699
181.8173752123837
160.0516764982906
173.36344486642392
118.59739679111554
157.2563045014289
151.91825805198687
144.29392594260435
137.38220638879216
169.06136833750975
150.31624661879735
139.71736817908814
180.95490301063623
163.2784872968624
170.0298552040564
118.6490844578829
145.2218820428029
141.83862069137683
153.2342623043233
164.81976985014322
182.46450526172714
142.9939661914132
138.60145517187465
141.0479317191793
150.60848093020263
114.13342507977619
159.17976452971956
169.0053434759789
164.00406779560888
177.67634853207753
118.49671845002877
168.17708304977464
106.62151640430724
175.91477528300396
174.87942618147198
117.58298254853597
109.18627685104849
139.11540786178912
178.61512698459194
170.5206352767415
149.86484256046046
135.0151128708481
150.91866466945058
98.17714465268895
144.49209140726572
141.12570782716918
136.15306020360913
182.97626262378802
158.1666555389001
130.08447049189732
157.60786325837216
182.8126414114885
185.41097700747667
130.19396065541812
182.0818338443174
160.2374865133461
93.55613731626191
183.19518166418385
103.99498794480738
134.3391538282611
148.08142005483117
164.55762411582532
160.88777992418392
145.26880266363202
166.42439623024137
156.25632290753157
176.93735613989017
146.33915845328278
168.48792514811814
111.7115506923985
112.40494215935483
90.009882406617
171.56069659725685
165.03240143345698
161.93385161870012
124.0901248738937
177.5661616277052
127.16591147635589
122.05897319590892
166.40798857341636
131.73046949832354
137.4228099674451
106.83207232130991
127.98054686904408
122.4770736088928
152.20955945587897
177.21252128894173
182.2837835399888
180.90595753049251
175.50241477651826
132.80491724147296
111.30408321348312
147.31085555963688
172.5046111888696
138.52516118635424
114.46361335364415
175.89834195281728
149.81176600947825
154.13030598823636
176.4142042815152
161.2544517087117
178.16479163515078
157.47170967561672
178.90190342967
186.42240361957246
161.53974666733893
165.97312235772438
148.42801825726912
179.3608693729378
120.89242872463876
150.95111546310667
172.89642702525123
156.08984373110007
173.44059601967888
129.80880158267888
128.99304311185648
144.7790769615073
127.91362887758655
173.30143708514748
158.01096384903468
159.45202219621422
176.6154120611098
140.4581078702259
172.26918927297837
129.66323137379914
134.9492197470645
147.1961856547972
139.09070486747274
183.74279969383065
171.15041747632995
136.47944424655375
182.34380032968213
131.83174261088595
135.2886068811852
135.87990915923794
136.04823675656343
156.5263176367949
182.92200290856474
107.98340385026543
114.73474673274848
126.82996735536359
165.0421164634836
185.59691035526046
129.86871259222406
166.87278888867542
174.64211088941548
186.03868735486003
146.45619468694701
134.0854453688744
172.6231683213783
171.00344398645757
183.876886721249
152.22981718749023
162.87805533596858
123.67373089144097
174.1107305928334
172.56422036035502
147.14632045653403
125.72917640455528
166.7758201321138
124.23906375848283
146.5009215799387
175.18631795504143
169.38112462725863
158.6998900599086
166.79990330422262
154.19531141526323
177.7117118557673
150.3831758737014
90.07308479867866
146.05575493240318
182.92786236061016
109.4739149299948
184.7696485831794
146.36362540414657
174.48090074503605
120.03235608442657
183.13447535716628
186.21935549626562
178.5903746714941
67.49318167019845
149.50346930810034
123.85513770682383
146.17953101350088
174.13637269702335
175.88506076797833
127.37703501517964
137.79083259904905
183.35739121781307
178.60981167284558
139.77118008947147
114.06486668105438
167.90637474577503
139.59469033956893
89.9913877353162
178.14219349414256
150.65093276946246
171.7797250023969
145.26283194926495
168.39693805566498
156.45297454238198
182.9057347700243
150.45205078106605
149.6879930964503
147.7980988559392
101.61838252430778
140.60669141248692
163.70324260333197
158.53766792168582
168.84202831831385
165.02009934534726
127.11462615039915
143.30547382367882
79.40011187724487
140.4776311533003
172.72490667519259
129.99913304367433
145.75642657414767
143.00726901753706
156.01279620960707
142.33430033928008
167.80213484005645
161.9678891716733
70.86998961187437
140.11842512358663
150.95953640502398
140.15572232865892
171.60572899299717
178.0458567753959
173.84555261629865
136.61294036043202
157.86424229153542
152.16065183808308
131.7610222212974
151.78748535507714
142.29799070904053
166.82705151386068
153.1318037040689
161.51729183024568
125.34293359553027
163.34723425229947
134.35139668875817
175.39871758660286
169.64238274217658
169.54307327958801
126.64774220377177
159.81196431410316
158.97282228842977
133.92413996478558
164.16957904669417
152.3516150902862
141.8698949345835
130.0523442709679
164.72607683140424
139.931200455688
182.6360425452834
172.56925804398824
117.05213444007043
164.68371995823497
147.6054173856945
175.49781336689978
108.06510570662593
164.76347305524436
159.5147121184959
150.69065616793134
140.26296141232524
161.34092392960176
103.42307753663168
186.0422138811989
176.93592549984626
165.2049050151302
98.5619324546444
132.58591614605066
124.88633767758228
153.45258413888814
164.0858560334696
118.84162189209441
146.81190253571455
118.46370550262566
150.55324159059373
147.5838942972762
180.3060767837882
138.40326999526215
135.9766755770819
142.9479116589647
166.88223147774244
141.4189075309983
166.5071906409947
157.37640605284895
160.59779389572793
120.33662215454208
126.30283707774356
174.74181005983039
177.90822485854173
141.78647465002388
183.1391465656729
137.92449234587704
168.88500975768605
132.29795807429323
140.39495435828366
145.28703080090108
155.6880301560934
168.84931060671698
144.07246953584237
145.7517673065985
161.04478269192495
160.47881947933922
175.85543061167354
132.19799759244734
143.19964967678462
104.77530447633961
114.34771102210391
159.9640666904543
89.96861304929097
179.04924631728662
172.74707337116507
150.31796665808932
131.35255022150858
165.71496134421002
141.15606655652147
96.93701723906342
115.38672680450301
113.43947850999436
119.07038939620602
110.39248162680644
108.05607977989355
132.42074678823383
166.239264277843
142.65963854909785
127.23038559257006
142.69296275496646
164.40401731172358
145.33125999568122
115.98518466516066
99.71106198865002
148.3751381270575
115.73513940957632
182.9144604086891
168.5813997231309
168.66023008032934
144.4863860278397
178.37869982553994
173.60699107487596
139.47312731320164
184.0232179731339
172.98745823976157
133.87183685811772
138.0104271124472
124.64554197285229
182.9626664173081
180.10927710290008
143.8657122290584
127.71893923566311
162.94759612378118
128.95721507730875
180.2786655070195
161.36770419227295
126.7159863293812
153.71409902285785
179.75898412804997
170.101037770174
148.09791032284096
138.5626273608964
125.7296087326757
156.88326446210448
149.99345127138173
149.08608402003523
153.9742644966492
130.20215595854754
150.92816186706222
135.18752756716788
98.08727830574745
179.54201384797562
176.89728619037402
100.74527824989683
176.50494682441285
156.10328460100868
138.96775067309795
181.16411383114578
171.80244059713914
154.08142125467543
159.53699838527493
173.09516719514605
109.55292989676951
173.03137655266048
166.1290070900572
127.43827497486706
163.6147419176575
179.31265567722252
131.3244292528286
170.75619140976426
134.7389209649016
136.77417999426854
181.55695753186137
165.26491529458096
153.3611473515158
141.4130940303179
151.8826792545201
174.4375503940334
169.2815424098978
166.37364652671062
111.72357821619555
168.95773177959043
154.73082936997415
181.15898949674812
166.83478328589115
150.22009299782883
182.16397047838424
154.5979981193957
152.2576246565135
154.99862399110393
153.65254755142598
164.68550209500805
98.10548243537335
142.9166786883911
184.44480445914533
156.09636274528935
131.1856291501336
153.86584371407483
95.34194703377953
148.26595344372663
137.8661286498532
140.05537546707893
140.35164796068068
161.84002771781243
103.01063845641119
159.88245708815953
130.40783025706102
180.5696415216677
148.4643673323134
164.53420812843498
162.33770277717252
158.36867063566294
166.8640802797967
163.80404507451183
131.48685764267196
165.77366128958653
158.03380820856444
140.71604261219895
147.03108566662755
115.83344875931029
152.41593105686022
140.91852778877185
89.96589790410555
134.15469107790923
183.10998096448557
120.27507237590484
175.3964053420075
168.15926458076123
145.74152945629382
135.14243508092758
133.3886821861135
146.93989012098677
178.96492021372774
167.32163776333599
127.11080060905331
186.34210233966314
133.7271962466239
140.93612823517185
111.31077823943765
175.7195781856916
167.18910558287794
176.72982036302162
137.18011125458963
144.2458805289597
132.69968029568867
150.11342874389686
175.95458115957288
156.94597206337411
158.04038281474158
131.33568084380212
163.48454937101712
142.68643170644071
130.9769211145808
160.50169798179908
137.9876389476867
148.63497104821815
144.43300321488766
135.94580794183383
144.75225943151634
175.94483261059122
172.73733708859578
150.61498399365652
184.59489673046633
163.83638994941165
174.1424444070749
154.67668262636772
159.6173994895332
145.84759306327163
166.94562050132416
141.5576868424912
176.74020500938747
128.55336338078126
166.05704286539518
185.62416294599987
130.67107925553682
143.15227873274964
181.74804813774628
154.81394082549528
156.7565256597671
164.94902284192082
171.45027760027517
186.29033937457206
177.84071458137652
176.8109958307457
139.54392794789817
177.07908211710918
120.41428996856766
102.07088584944572
162.95938666159287
122.56144036693487
120.10745026875347
157.94825808030004
183.9057397810376
171.93071554539623
169.7493972342569
157.21359720538544
143.69571502954673
138.8317677006783
172.9260068935876
183.47738465856827
142.08049779510984
172.0763041429799
162.71143541094364
129.9946475211885
153.0880861864117
158.18866488903294
171.64380154504195
182.40790738657415
169.56905293874385
165.4802476958744
154.3191316034773
162.61234436730598
149.00925935049125
138.08325946821952
143.78728043213815
150.52062008714256
131.19738876930683
131.1088874905855
178.02702071576007
125.82137376187484
159.47749545409584
122.43314847820598
140.58534057868042
157.51774887206642
138.6324515432763
155.52877914061287
159.23686237222648
131.91806989641196
96.90199623479008
125.13199246898495
164.59839846808524
169.15430717840795
164.8308033536269
129.74848362559243
184.3476157722382
81.06864447009326
166.02294751633943
172.27224377390684
108.69991493908898
173.4630136181981
116.19239146053671
133.2862120475923
158.0619706290686
155.15833838318662
170.6179166968803
124.52443289901399
146.85725533276081
168.50047403462924
160.7829788025171
167.23259477341202
119.6851752939309
158.5618391896966
108.62623531330547
161.88231168154624
146.58513647453628
141.84243515990786
101.49952236179179
167.79471466644318
182.04707501300848
167.06953307409412
168.47349933091766
169.54814425097084
117.46287222550518
106.92652933990759
147.3092467146434
183.4196075429909
174.23747036208815
137.8964697337257
149.73651171464653
171.24045252263474
179.56404940935593
180.3287074889334
170.89822289902486
155.86688805554047
133.50402162006088
178.61066246054702
141.21487578546822
131.55821237968496
143.65524292425104
149.87739378203335
149.93921353106802
126.93466802950536
120.26326242544687
133.77672856581933
162.0233890313394
182.0049905015793
171.7287483111129
175.11662726726294
136.65945186623935
126.59124601447245
150.21537304259402
160.60066148904627
119.34080882047729
141.59132819639237
162.77426099631606
120.95465247401056
144.9124203702648
153.6192257784664
164.27175215230113
175.22819454334697
180.85356423644006
105.45708426269219
139.688097549589
133.13143732131982
142.8464839874973
147.45290930162037
159.26174919591622
149.09625899192474
141.25694962559513
153.32839333198132
121.71567036489947
144.81223117992272
119.8678078875013
163.35418038470107
171.44993746609669
174.31361359604864
138.81416210421654
160.29541821145583
177.1765236143403
161.36687840210232
182.91384471345464
158.56007961029715
149.82819452530973
153.77604786927927
111.59635696075456
156.34221960056644
169.39485413004493
114.21809492343066
174.4992037783488
127.46836981264235
174.80760398937912
139.5500505142117
144.6952449916256
161.73612979177003
135.4827063923107
165.88829801195325
102.65477001643444
152.04211386760235
142.3836686538116
167.4967086237186
175.15687511958157
154.70746867291822
154.43560161686761
145.040167581098
111.26471564396402
171.7143426606631
126.25529649669636
147.93893158557313
89.41455636569495
152.21862864121735
165.59413594468134
121.21449832361179
176.15624225091693
177.32817946261824
166.85499348950546
116.63351523089068
157.77535812680142
91.6493361667589
105.54721188366057
125.7576648654898
176.9691232448666
117.72458371190123
109.96884533379847
139.6448458195473
182.47275876908787
184.82016664065122
173.09011486201183
154.7309247671134
142.45247049375072
125.43493931262839
165.38425731677734
172.70910908807696
153.26904220983903
135.9463425702174
152.25729860674534
134.29702491451502
134.1500518330497
109.78360952459212
127.99750033484965
107.17915437364002
170.51171857793835
161.3358496081955
101.51549973874765
167.04882185932303
167.23088737667743
132.41816529297145
112.41695291222051
113.02926593412035
165.19969189716613
127.78055575697623
168.07863872406435
156.77988854876523
122.2418056863026
172.713006222537
172.66390322319182
142.78982291144695
128.17913454731237
135.54832084901844
154.64023780984195
177.1877413823692
160.33473046230156
160.69125005252775
110.57051904070974
123.37923178041319
146.07590932342768
134.90796149288016
145.4352534677582
137.39482360405884
148.92207947558944
157.73186341186062
160.96873451440817
94.90100199161941
176.12564846231072
173.10072565137287
137.55934127683412
176.97353406869723
134.65918524588704
140.04727238313225
181.2018753803313
101.91179723124876
155.7099115278978
154.45977633268492
140.54189672334564
133.1965377315476
182.7174314423881
135.283117963809
124.72871738567335
96.96529738305435
165.80765521909683
157.46186561826963
180.75189283882318
179.10863778844458
149.2414671898728
144.55510004615908
131.1088358022472
146.71861578424188
169.0934534838011
184.7706882156149
182.43746042008414
135.77542779520456
145.69396256211348
177.6431462772667
175.8093966769148
134.8907139046847
159.49232138362353
178.05159109665158
149.31479075696475
167.72175811880345
112.97867343185113
170.1538549278825
107.0995069887999
149.20298299764673
131.96332216268462
171.10872039422918
175.79817527306628
155.7122769341999
147.01404377837721
151.57554426891483
169.7434516592608
180.92858731522233
182.14779920473052
144.65043309353285
110.32646060812391
176.89387981654232
153.59449137135496
131.7468580650431
157.6379668347432
149.82238345888973
147.16532149081098
132.9389655636262
156.4726063950522
152.21076161694165
133.82140049475635
125.50088663845477
132.91349403933378
129.16481381712822
161.52620142015732
150.49159293986716
161.3989628562842
112.92372785668167
172.67972141749087
186.17987070269976
156.21481868070103
164.43436033447546
148.85810033794266
179.43259497871293
180.59257583671294
146.31456432907524
182.76106512701574
107.51497619558303
135.0293973982185
136.143919148108
138.1789842637861
104.25527560165195
135.94977880514398
136.39883844659894
172.8915377896177
127.2433366623778
180.53762497471
178.01157598965008
167.31081823892674
136.86479154842053
128.21435517491386
140.30878995131727
82.1435704846319
182.20767633688993
146.53887117168102
178.23389711844655
151.8568617275789
137.8872904156661
179.70360134017852
141.07731691272795
132.93488913769772
164.68594706721757
142.31603609812348
139.15017569890256
182.56003376546713
154.79427687366655
151.95660292413336
172.00663185025496
167.82637402440147
171.9853383477076
172.4014472420864
98.31468552712647
123.90582932473836
139.07452408917305
139.1083092270635
135.54697667964493
172.08139850823105
134.93324062850576
129.42475092084626
140.21099906248014
150.45653951296947
143.25994790661713
157.17176279867707
175.23002847575398
151.3440589491993
143.24778533766022
163.18793788342396
155.44210829118754
154.7070396925457
150.4349403018646
143.150002560119
151.90133009078605
165.37131227427588
176.6023434857896
152.92998236543002
162.40396211921262
184.85094748251203
160.0952964222206
110.53930288758795
148.48991218355332
153.94228881063682
128.5637109666877
144.39827334282234
165.90555947600973
186.41637111577185
176.95458659572287
118.60819917630877
149.68224762538938
146.70836538965628
126.74118589498525
151.17349209831966
131.88478739829222
162.15604123401658
180.79897443486732
148.17301987567495
134.546714786346
168.8387931830111
121.78838470308418
174.18389858073812
128.67999480625693
161.52897499432976
129.72313167420526
163.12383252887759
159.23653777552994
181.746084134527
134.347965305303
167.58592150531948
166.54974436853036
113.97421986448796
153.12525960273823
145.69340290733206
140.4319325533674
144.22873244631245
144.15562840184938
163.07488492827935
152.76123679540495
146.0134525889045
118.81577933534655
127.95415535530098
110.36863220265835
95.83530851423896
125.5946069954187
163.48675422584733
176.4387079553655
172.67084776290554
177.77139617001407
165.76324263787652
136.25213194887573
156.82533341967675
145.04815717602915
169.20391486611027
134.35749598544544
131.12626370724826
167.14439566419148
140.7131671559423
123.85578996794756
91.40610557363051
124.80462744989185
170.75209759051643
132.34630654523272
107.24938461740354
135.0586493686282
159.38556596709572
147.4194928384525
165.89903808704452
168.5651921101773
133.65196035956825
179.5756071494027
157.74338378125915
163.2561785894048
160.97963077179088
127.76810256835597
158.3297082713006
167.19268124130164
184.38405516230875
137.5959066683415
159.06562409180336
143.0746067217458
163.52626226576007
119.52908521307788
174.12376032620566
154.81911302386092
172.47387753017153
129.6417301897023
171.04163454716752
153.18996269977595
178.02568765088265
179.5715884921156
149.64860855618636
153.9221331414254
157.45530880232707
165.76883003735816
133.05860267998676
135.5721952370877
177.7650542126265
151.45927343204124
177.1979277495176
175.56158180329064
105.29934718333634
167.49146232628195
167.72859586234378
156.6194878567679
161.73682263680578
176.92129711383495
183.79159366163245
164.22699474528613
149.0552369883498
181.43042442679072
136.48356632582335
172.87741865320976
130.76626522171824
172.96897907736408
166.90282020990063
144.2162032761957
176.11712992178914
139.48052221917013
159.02244005208206
175.11335598699412
143.06590823815935
146.5091969856209
162.18179334250448
119.61319454603372
137.59074874636255
80.95700708964061
145.9818254016584
158.1331896022806
168.71809007093418
163.76884073854677
90.01513548882829
167.40332506615448
175.45613871150886
170.73156204172122
168.96462552640799
104.08751751264828
158.03557681141453
111.08915883042157
164.97467613479117
150.3602890979437
142.8903287216884
173.54404785504374
143.80524034156798
121.07789867417758
79.0068092951903
137.15654988587528
140.7420085643285
127.18216137916632
162.56851911940717
134.94783665390256
179.86001578595142
142.47975308928375
174.19601975404146
92.3495941840206
182.2948842006837
122.3226728751088
132.8804506789859
166.47773511612763
163.58201494346994
142.68918945835446
174.42069082980456
118.83215408474484
149.5031679598207
152.68193608489872
143.84795637560805
151.59483558509135
153.05976154324267
137.44915441791073
150.81254485397744
107.06173053785241
149.84428651108118
124.59297830942717
156.2523195189471
164.64127248162453
119.93582027829385
153.20918395900085
137.78143839336985
140.8078765740103
131.45199821259223
150.84894624398612
167.09483352026706
155.24510755608816
145.2161209555155
115.59927104558483
152.4575429635547
146.82733088902086
154.1483881986327
145.70612007117805
184.2224319220389
161.13262738505784
175.06269344162928
163.13171821526714
158.81605303260034
148.2069270823
156.76804124599744
142.50477275476686
155.5528806680564
186.10013519947645
158.08157969796795
174.6177526681699
161.87814779595152
164.31563078339505
145.33308595258666
180.72876665310065
114.64215403156955
166.59008728979617
124.00666701129052
117.0674009327123
161.53854423690652
178.0785474132983
172.0269322854114
175.14028448379977
142.2414222855123
166.8783922014735
152.26313169684502
143.77124202470125
115.00879149236673
117.44485393750173
184.91566781913295
169.38017323384597
133.2459928432838
163.768361755709
147.64392189975584
168.27178891949595
139.35053352850616
154.57907016042958
132.5942838137706
131.03411025740343
176.63547487010518
142.88101572163006
184.63567183730174
118.76820200679327
142.477307330406
149.80203774053555
176.55104474648388
150.89429699981764
148.78091908917906
142.20759139571382
159.99290039891068
169.59453530582823
104.81043213844173
151.43916750140923
146.64102840545365
141.5578274413547
146.73397910479815
162.37708551720664
166.49666165887857
169.13712367314827
183.22607314239863
113.21314774919635
114.87296420495542
123.32808895170868
118.24799052596025
125.86076309573656
145.93643206538695
152.94559890751873
144.71616236515897
141.77865765310534
137.71940837848283
168.14006712770603
158.72652349494135
128.31565897102612
163.84818062624748
151.21405791826308
150.29825026645622
129.20658925414162
114.77211897788625
108.14484184604024
147.17850157920216
135.2536876421707
140.20010723104247
171.59657220844846
174.84800349696263
173.80671469366197
172.27455402724746
183.1065553771221
118.17164974762412
154.28817592631069
160.58755277393996
166.59931903898516
105.42786709223495
184.33129664512083
133.820294048626
175.0459461543974
181.84394441458602
170.84044943843432
165.15406059292812
145.32785465554943
158.58862430440644
185.95388256817574
186.06818180270534
94.28766832474021
158.79871269714508
182.62303059257792
176.99186453677896
144.81822701522043
160.82460650805135
140.23170804701562
105.73065484309282
133.08627031375946
148.70324810572265
96.08201683195985
172.78439236700743
185.58710137367882
167.121985398769
116.73936874135144
141.87895954023162
172.72375659853117
152.02611620475258
179.87844013533808
159.4091235778379
104.27840658500779
181.3629944087986
178.28307427733677
118.67042295605378
162.99429212280947
120.91451162044103
140.84651162962598
139.10663044795828
138.8424091996256
153.70791721086334
176.60290561886686
95.10214412557838
176.05601961451782
131.67320564157663
170.0671009606419
152.56142977976728
138.11470145581808
139.5910675757334
167.11282047734207
111.60356184163606
169.01617901849255
181.40770435772956
157.4678036923047
111.10176642624324
186.33753488420825
154.701224269265
140.6998411808162
163.9982487485204
125.89014543118259
107.37809563086583
180.06338084352782
168.16110748473426
166.03419529942585
155.85961905209467
101.2137370565851
174.51977647109538
129.80364668682438
164.3263468972627
143.60149962531597
115.38696756277935
144.35671665769678
173.90596299811682
157.18082706279299
182.34926884224487
125.60053030510629
161.79636699523792
162.9176392274095
171.41823969606153
163.6385188715104
128.79315114147664
137.5615788522765
117.8337609193696
159.84599265984767
151.95305632607764
88.84778789234902
179.02342661398626
144.0019396180305
125.43095219037228
156.16319735427055
141.5805548085602
162.20938848864537
142.20031731629734
131.19784416684453
156.08394391174303
157.67397217434967
109.79294701974206
150.7471434033976
169.04634274178022
162.60811600872987
135.47574129077864
165.78819372751718
171.0383492033474
148.5488200602003
86.1539863536375
175.38577390365396
130.10970725333073
168.97790967143453
177.44741514939412
148.9316972218914
113.44020001884411
158.52142954137832
174.83922160896813
158.2891457395069
144.44868977228052
132.92735712635672
126.57618052875117
142.51233224073832
181.42993791763217
159.31224891042018
167.6531125140938
158.1463991583669
161.90874957973307
153.32219697815796
101.68699135032506
98.08906090992971
147.98543710716962
142.0179794862875
162.69278949617132
158.48557345400062
134.8888568380112
178.29909899466315
176.8353906251217
125.34128092410376
123.18204704765552
156.20986042612205
165.94828411264828
126.11944007756438
168.1168073357419
125.02704470797985
119.00721302513861
176.5470083964588
172.5657370931073
142.6568836173607
119.52108982099381
164.14954494979662
148.7166191893492
127.791806653452
141.13653982951763
164.54020053845485
162.7347834950129
149.20194579167432
140.68439107906534
178.00917317576642
168.69324915632615
166.29099775793657
167.73728019334987
163.94680982116495
102.96208285993504
141.88556620291314
129.5009637896589
152.78885192241538
183.65426919273696
173.19028518272873
132.74467007172984
149.09809628282656
115.9207213410636
160.7369284633011
121.42285598095211
146.94114405908442
125.87047063923302
145.88556688988575
175.84930377070322
136.61097221824085
148.14958566069686
166.12522953456397
109.82847084797666
184.57233212902406
155.24052436594067
103.22132026468952
180.3067876739529
156.3582021352594
169.43085780788078
119.16356504387528
151.9313181845397
169.48582933612394
133.80491963751444
166.5013734663558
146.68104762320843
178.39921989171276
112.19449873615656
180.40865770504544
161.82889362507944
154.8156641627775
136.73307319081908
176.53362740616646
183.09802789219177
130.50516242363466
176.96517647834705
147.87017864828638
96.37820943874232
152.30654758960233
161.00741306032117
151.7661102948459
147.01193181520546
80.06001156009606
159.44291258292174
153.50012090942352
162.12103726452713
174.02800127304945
160.51161206052004
159.3781147298005
158.18603488508234
125.41830809507883
163.11537753734132
148.5025792809102
160.0998914266916
150.2409145223256
147.6809437363281
144.62259477994857
119.1362284702328
153.4277592813588
155.13939789687535
123.43502672692398
153.5091549311727
163.2597762342385
155.39681109941694
186.1469764428246
146.69654211994754
146.4770427587661
122.08195998663933
170.35461003780247
149.37627579870608
132.41838765761761
125.7654955855275
182.65209474776347
131.5312170044046
150.49793014046247
140.50064560116238
134.71239341871882
151.53490961683457
166.30000667516222
155.27102088551308
169.28126181330308
148.69762489776178
83.55540903186501
97.11198084373926
174.1019913236103
110.40418784721342
108.5731060230577
115.73281131751611
176.9646447122331
135.0049567478155
137.15029338149535
136.2114199092893
111.98318617567823
134.49499007250887
155.3277590996162
168.44185155423293
147.22026195351825
133.85206001316297
132.6771443754869
135.84654222891024
122.78193019586104
136.56806329490684
145.0611192042107
136.04128651959007
135.19718355836685
157.9205260777744
133.95592297539014
89.15147971105615
148.37361931671057
175.06992540144458
134.4509432773814
133.99877268718603
157.89391711128917
155.89372153556954
142.3096632063751
184.39132727058538
146.50300770989534
116.76775021155314
162.2695107094421
85.80630280054115
174.87443246126935
168.29894489821376
139.21199029560037
155.8659186384319
80.6610174141483
147.70359872920108
163.07878410049912
145.1107879678579
167.625179265632
137.93270231239998
88.95062280250355
106.54823730441271
152.54629679321081
129.730222562181
136.33558534418728
154.93208641449783
183.148839924511
154.1531956635328
173.36295704673512
122.56621128495578
130.9009639214229
159.89804983605134
128.67447119272754
115.43459429243943
174.3111858231913
175.3224162106998
141.93722317518282
116.82225387400699
172.37809825945192
131.30974287739937
139.48960087580005
172.20535732761311
148.70492854549573
110.545196362864
171.77834133978268
102.45371980124693
166.79537949355415
124.01059196327675
146.448558291489
159.57330498036387
178.10164887813755
181.5729852716757
153.5365730995276
127.49359659143529
153.8082856127597
169.08194411463631
173.2368266395219
130.25276887854545
177.43198880891737
127.99883442151368
149.79880300288573
111.25209184133641
150.67573679838256
176.66246925766143
151.932376265486
186.46963922487865
161.58826368243183
155.25660295544083
182.3372095829036
101.99461571543478
135.73683585208488
145.8730116378687
172.26679126418608
157.92126726786825
158.74470770908056
179.38420981672346
128.6769328735905
148.4223106732884
132.28368592350762
111.50733455274391
140.13838437839627
165.87692050434163
166.5098692281224
157.67812339579348
116.23505497943533
154.63577816538145
127.15246235863174
132.63818102983356
154.05141191327826
124.4434192724251
162.14027335832
162.10633492321045
150.5458804718474
134.70120703166583
183.52205466932213
164.36219734076826
130.24678964655095
137.35628099059448
173.83699561585772
156.25596932621838
170.76292851583028
127.15867249896942
133.03524164308647
141.42727067895487
150.32313654563927
120.06721033082397
121.0075936895882
136.05104540406185
171.85026722101108
124.6634103175035
131.21857940819356
