141.79006908380387
141.83313694260235
153.43717668837002
152.1608588450238
144.86217774309833
168.04311127818303
109.42336199685991
147.7137619682739
159.94117977635446
167.09365690551695
142.82467917698577
129.37914462277877
148.00704021321587
130.3882065477489
164.25504246183883
162.39984286961896
114.96158799925192
152.3402829928168
165.98606332420468
136.67365950056515
140.1185490950827
122.90764392791861
124.67102293522929
152.46036552792614
164.05869180921906
183.5497850756642
152.54326999189237
177.11277506470864
136.84920674291132
142.13160455642694
129.47581830796454
177.7044025427278
148.60954077091486
184.75776930993223
117.81609855308082
139.2606363670079
137.51145781500327
117.22721674887254
145.0483918584094
171.77790528993336
176.6807968677423
122.99449112103028
180.90722957647847
94.80199917799601
93.21931047864581
149.2337600509249
181.95789425659794
167.75699559737095
111.82384415373195
163.47274740314023
171.05082723460035
139.91225121374535
107.40951182277338
160.33842027249702
169.19995654837757
184.70574098047823
101.41150698142661
182.80444138243436
128.0959723432944
143.0424473648709
168.13682094937738
162.8350850657869
160.03170788436898
115.22199239790856
173.21486112954827
181.97960392732978
124.06212721488706
147.79784312040115
174.44718754589033
141.74252688891522
185.4114819846343
143.71325059433713
124.65108840127021
138.33441157075683
180.1124721858422
149.91586251081998
176.51109983202616
159.6310331106458
151.42106366590772
158.3562753879389
114.43494321159488
123.52691885020343
182.64568382314437
175.2522727923429
156.15408468426585
156.13701257076093
139.43273852489793
151.51161686349596
132.9299187076007
179.97822190954068
173.95587443109375
141.7574384247358
158.15414305573972
177.06397476473103
173.02547871800985
148.23518396226302
178.2048811845173
140.85246846556575
139.9921550544447
110.18061579573015
173.30881644301988
169.59748693955726
147.1608703735668
155.28448011161527
157.04258574687455
106.7130250267115
183.1763157532555
183.56708117888326
171.34133488332193
177.18736725151703
180.2174344976269
163.97219244810168
158.32278594780556
145.8633452792872
174.06398952784983
126.47266738367735
145.9932018467914
125.54152916086379
176.06209969667546
178.56458880260755
109.60880349095731
160.43478340130767
170.560027993264
160.09705265840287
161.6523688683492
130.69299448040488
171.12688575188136
141.78621903628678
97.6338271837929
166.8408180639438
140.20075069480023
165.91320023904586
184.54113164035473
159.07831917148005
172.79667930915247
181.28420933967578
154.28650343001704
178.97489516110838
133.69790369762214
167.65692153701386
155.95471852655862
178.48909997541978
170.96166612761962
104.8594347562469
105.65605157316266
175.96465266428345
113.4929635775339
121.58157864576901
176.2606459219623
78.61253909310926
171.03740065364426
185.40192107597866
142.68018300683235
171.6578659037953
155.6289507496639
156.18461239065232
167.9883879068366
98.22053603783932
135.25138712412908
125.38876297344433
114.19097528008277
129.83914197339672
173.78597569281655
131.12695962663432
169.34872304719946
149.16457010179386
121.65333657254094
182.0556518129814
179.36683407001414
154.25308861087387
165.91319793377417
154.97432791974998
137.8826557920261
146.7409538914825
166.9720511907297
177.94448635683827
174.30937491754955
155.75369744767528
140.56357768393076
103.518144237652
147.4231082176004
140.52178206917975
174.52664005887578
165.2362325274513
181.05933461607313
154.35303428702423
140.86097002348714
145.18812912442687
175.02291920514097
164.62561342191987
101.62523368840782
152.40206587624513
162.36159062394935
176.0271365936779
173.62524116043423
140.6822330168192
162.65707122518157
159.8609629140611
117.77846214929846
179.09162097301356
153.0733842636016
169.62563613516684
186.10407278193927
181.43347152231163
152.6783007657624
158.259612184913
139.94591807255304
128.3040701799689
144.20927777260104
186.15659354820727
149.78911546664565
140.6632526384816
142.15194952910886
172.91031743021617
183.29881038727322
144.44838813395032
146.78157300299588
156.44986522160667
150.55130608128962
150.50648555179288
139.90457184034025
134.01311054716768
186.59098142928792
138.423298269572
161.66085246879638
183.09418596143902
155.3899982689142
149.38032974195252
113.95719322583768
134.5019513575515
179.2471289297515
167.39822567550934
177.6536052172138
152.7945609713758
181.63530649364947
92.44820738029941
144.3220111088727
168.00879218181595
155.7959643680006
133.9860742792697
177.08022085197337
181.1203376182777
175.12459280164646
157.48958309694396
145.07775031219361
175.6704141962233
121.03031847331911
166.57853559956473
173.45896389281813
156.53711814627854
104.52840485968393
121.13894645703907
160.8718220971721
120.68631503696241
149.0993044684283
143.06885420902677
133.54779312661287
160.3408567720258
126.70109573321074
164.04508280243746
146.7944272262388
186.55080044269317
147.66208593410602
127.81035198402026
175.41185461967063
160.9886030319118
124.65743546678218
157.02626052552748
110.31992826031839
141.03305396357084
149.68942981605647
154.87834033868643
162.63045645479582
114.71647141495887
131.98704806905104
168.49095156816003
159.4204695514783
102.59916009518497
186.0445283954169
164.7969334628776
153.95356984584043
146.21415608112136
102.30525478150543
170.37731208257475
147.81366213512095
92.46000171834483
109.34033270589552
170.1271521580779
142.50292102810488
174.85186456611174
176.9018174142843
167.07320877831194
145.40423579423913
165.13722747211284
168.20851926254
173.36863415624205
161.06032404377672
179.20716198606388
156.68466670498475
181.06026974730915
124.76208645910495
116.53280084211877
175.33644785988398
141.61883055405337
135.11297455172897
183.42516617448874
147.67702409466696
133.48436115728748
122.63476219704566
146.30072396657624
175.6191727641951
146.57672493452273
139.22627486126007
115.13773149331772
156.19077134523528
158.55454932052115
175.14109690804767
145.0874328915173
98.33579015793235
147.01214319976424
111.97163810114401
159.3042605486423
130.69366752732282
105.25790397790314
126.54459239532608
155.4652365813533
174.67232510596924
177.18626659036977
172.69529776700745
114.14259386509131
160.8912488075987
153.2504875039789
174.1110777157383
173.92971319276216
144.55618623909052
171.8325440883002
124.23355927970123
170.9213025168794
136.2521055548436
146.03092748515908
164.08860865477226
140.57572862157647
158.71226266835384
163.7757221230404
149.82680867625902
155.54858613998485
168.38249415217277
169.00253066678718
87.98315270804252
125.64068896355519
177.69080915332083
115.65802525341527
140.81049260361044
183.567555991539
157.80472802990016
142.43507585429148
170.49405905710444
153.92285894270333
124.51057540915374
171.53339428020192
104.45429253858055
113.10635265481672
134.4789806634732
162.84091240955627
162.29667617380986
131.49330060260516
183.63020670241036
174.27612588766144
176.44008731213367
145.12856753843812
125.83787954403098
151.97643256704154
171.0593995408303
163.94712600630487
108.08618269320662
179.4735160709459
184.41961809859697
185.87174252183613
155.61964580848772
186.35482510775876
143.8023072935775
99.65960777472108
127.81670712330722
178.98067731939852
153.64524844050288
179.0243230846171
128.0798136764501
164.5226862270382
97.81249982770234
157.92871443425867
160.555178821444
124.7949914493826
138.3653931040742
104.69716324334412
148.11397104655077
162.3025821681801
149.4392348551798
171.41389414221462
129.83424687152677
136.05291348987285
156.180909554642
146.06423238820906
158.13701468877863
173.1943222101327
159.26940113186348
178.82561513699957
149.1123775173946
120.1007703442358
152.92268618440522
185.3979521192529
185.51921801721525
148.8534866628571
132.7400298876631
61.80304465102154
160.70643164327194
135.69217032353606
160.93930747604077
148.4582044826002
135.67809950024977
141.84989635033983
126.66748185308252
167.2561107043277
146.2392982098527
176.14243034861366
144.03126223243623
156.09364998541298
165.679726970504
164.9457645449232
165.6198394973632
146.6752969403555
85.18781262926989
118.59192037000051
146.3896192288252
127.70108745230421
169.75003915277398
150.95162023708588
128.09433775791408
145.5161891123006
135.82832379022724
132.51423072324246
133.5002964027611
136.03341054133745
160.05040993372268
155.77852603599132
156.47860566697756
171.88363365711558
170.6709567822431
153.31972469422783
87.9399054206558
170.85358627542487
113.49362697840456
160.9997609673355
181.5829284594342
181.11613873469534
164.81421485314766
174.13816093736506
110.95478544497503
178.28045303477967
141.0355173534226
128.00766065774863
174.34370137742488
173.3209737591335
155.66830293923095
156.62197697815716
142.66026681767093
148.2693837456597
173.3748306663049
155.62150793895802
169.32212911145308
126.87217444507675
181.58235418634422
139.30082135360834
110.47534985335507
175.70455305987377
133.36793496992507
124.36464265720947
164.27819185755317
117.17450680461731
175.0510725634856
153.28284701800993
146.6015914486078
157.12185923086378
149.79493474221545
170.1755373679273
153.56388766991967
176.0653839912536
157.0355394552319
179.63064534558026
111.87367167290797
173.1162573083862
185.23092526183117
178.35043807234894
137.5400398195479
161.40222810501328
143.165781729191
151.1918379526401
159.3004035260533
155.91452709933995
171.14032924883196
167.75848446405064
157.9321283621295
180.43221658167187
142.35517376490816
106.81970731664563
138.59070960295628
169.24076724482646
115.09611831674832
158.94769144286641
175.1259075627885
135.7774668494321
145.5754806980757
182.84848699674995
157.8100609910804
147.35993360465295
146.42487773632027
158.74634720357798
179.87114033400496
177.60589425651077
161.08981688466932
139.61316574778306
115.35085189139582
131.95684781430703
178.84712709050177
181.91918837463436
155.4340591927654
152.28359647501466
177.8693718656109
127.19741631576298
119.11778641688741
130.91805253434075
142.22318493862238
144.70337681055392
169.93589904850845
152.61164842937188
146.66864622877995
113.90581460867986
144.32737335106353
172.7019655647282
144.69885374164025
149.38909502688043
185.42460628141419
153.5169017723062
138.9935341919327
163.84427811719092
154.3645277029962
159.53966215567635
140.28964024224973
146.97719750236226
172.54584535588174
156.90362887646393
157.38457146102058
169.6364630659062
147.75173434039905
97.71471213179007
118.71778633620089
158.17252784784475
149.51536905464675
145.42699034147438
143.93280424234013
181.54272838665995
140.69372266319675
106.48270060607783
146.9050714003672
174.9503883150937
143.66302511010784
115.35486796377131
157.98165230951835
110.82386814809271
149.33783517926145
160.5928379816843
165.04341120140512
162.73419544545683
127.80884200146261
164.4059719878159
130.6025882194948
102.24252479587813
171.4716090330615
110.39153118133248
171.36555633933602
151.78373536756135
169.56078529120248
176.58863049904508
123.97726379500006
141.59869045198897
113.42018645832718
139.71043694822097
124.65309588908107
142.4147542964824
168.12852740557298
161.88268766904983
95.26881374783271
175.39527336974402
155.08223397043017
155.79447410798733
164.22912219687723
121.49956030427023
108.46826456988654
126.28905422980253
140.51825038474794
138.22995022368738
168.36537772952704
127.61373613746659
123.16069567493622
132.8390548186365
148.15709672956137
161.23425026917485
88.04962027529344
113.73482179527944
173.95627332876336
170.4084827825837
146.48562055407788
163.40611076967954
139.46220715221844
160.57251959198663
142.77909936297144
129.77313378914408
112.43998834404567
155.10967431407826
150.39774199130758
179.28991707295992
135.00493296660358
100.21708131740019
160.18048916504605
127.5700104149712
130.58136956687804
149.62210302324016
122.92837192253454
168.25349811849625
179.64807793039714
158.1012525893406
146.91457145034383
135.9128552064819
173.23798186432828
132.8329004726711
146.64313585797768
145.82703255007502
170.0442169681918
158.53367787456173
140.36723978285102
164.63907708199596
134.60512578046507
170.8964539168405
173.44433021348686
184.59344907869325
131.54677247901247
150.00442782311433
138.14692768619446
143.1583266809486
181.97757222130997
139.06374174641056
175.40649797064538
148.52813861112193
153.13829311745192
179.3978849520924
151.96701311843
106.76000279608348
176.7971029890053
151.79185131253058
170.5000725384319
159.0657201987862
144.17956462727932
66.66535969904909
173.58849576623976
173.84243847461613
144.75905743715532
145.7822763759007
138.67905788410525
149.3202269356051
143.9255863082549
168.9706060039373
142.43886160798067
152.43573533394607
130.436926071416
162.55228673892253
166.18869070595406
128.91020991806425
153.5826632602011
143.69331939036203
164.84740056044797
175.53232959752157
154.46832756374477
84.83525659551952
181.4644923083325
160.47803535431726
178.53777283601224
170.344681193916
156.42124432346586
138.00598615004216
170.68169010822461
173.44898038760658
158.39210569053634
103.27944134142828
168.4004161178474
159.8003975271334
158.53829823898718
180.833047379746
144.681644728377
156.26432584011195
154.81122493681133
175.74648339715614
157.4168838776998
147.8030051535861
168.89436997757792
165.85947880720306
174.57958168648392
174.28451329984458
137.71969664790427
146.61192671434623
168.87294952691892
160.87316037703496
149.2809132638187
167.15709100382077
164.39345094367167
137.5763646322858
162.27570575338947
176.75244022514272
120.32743845697411
179.19864597374112
130.27653762797036
154.8213424152794
149.84188590701305
145.69055094365226
137.4219939443124
128.50279670790715
149.65079923282607
102.46505094760005
170.14685181818118
168.9879650547608
183.05695884939792
158.51076714322886
153.37594217457365
146.5818819855575
167.94230441711767
117.57568896071695
145.32711305792856
159.15879530056057
169.85136875911354
132.5214294462258
126.06020705255912
119.63354778361519
112.55552018429653
181.9696769071814
182.24218364864726
124.10325575207818
137.07023759975283
103.46858175169092
141.63676776329342
161.02244804674203
141.02791228097658
112.94159837595856
161.8483142818709
89.31307582642233
165.73343448530002
109.9620899385465
132.6361456052062
142.1417562592589
161.47154875537234
162.34701553337038
138.06676248925478
142.28636015446617
181.21352986095428
148.19897155518805
95.53639251271798
119.78579825509604
124.11110971290248
169.56518690562615
154.7141371639206
110.32901713780531
163.7430958035627
127.39961066623572
176.31240167217695
128.503000341214
93.48717088198036
179.8354170865796
131.34817113745336
137.18029663017728
171.34848738775685
153.7643455550409
172.31723124942238
122.8357817154102
178.9972835960828
180.03240039900402
150.29440167221068
162.78100686296133
151.56339350130344
174.5735252734893
186.05411178213524
117.85393296886284
127.82775372813953
168.15238400963545
170.74713691800784
133.89768849326776
67.26266412526718
150.52452851658725
166.90017637391392
162.1423177669054
146.83836646569446
114.77700183322014
161.7472472180201
173.15860712052506
117.4177280242107
170.52543805888658
165.63613806403743
178.0528354518185
118.94677053109251
152.71480340481438
74.98541419436239
147.2618302128548
134.1306637005681
154.46750900556083
175.9285746371502
124.4202615176213
170.79112756981425
170.10363891894963
132.35095865387012
184.49478686501436
181.13072437937754
135.76113752062253
173.83919031340503
151.39858989798125
154.90254206493688
175.23979481581773
165.37862510394237
150.14010700622083
150.3547654893996
186.05888319325797
164.71288261309653
158.2893581456702
141.53092811645405
185.11042339092106
147.98669768619476
121.47503992615057
142.5091586414995
141.61797130656925
150.41447681401922
101.03550155278727
172.4208427274353
144.55668104568983
106.62097449803053
182.88754063337416
118.58375824447775
146.98287395807228
161.33880791920245
107.63985624325261
168.28153938565336
165.36367359647386
128.5891248836219
170.19981648534463
108.2532227018111
157.61579643006453
146.48579362416245
171.05209726075012
141.4900234530088
175.34341405938198
138.34030195195967
145.1996227086812
140.9496752496176
141.79153499661405
181.3515710365812
139.4896781164946
155.54908293752794
66.50417481601497
173.0834619646915
132.54954462151056
126.05988778921716
128.05348855852722
103.78743375652425
146.71317383228362
178.56160127639762
181.0602587264074
129.33416978023956
178.7565691473552
141.51722666266616
180.53945903017788
138.47564764421048
184.61028812558644
143.16664711348628
140.56864238840018
155.87762219806672
116.98906102550662
139.702027525703
122.17079872420743
171.1998650080099
148.5418973776571
119.8174259461459
156.5489521326657
179.7241984071253
168.255869168279
175.91025159260494
122.53115070473373
156.57861544228362
163.03411812879045
136.79038851374636
178.2978770392514
126.99093749845211
143.08807102000912
108.54753783653898
160.57317271072245
148.90110948951815
184.2649489436891
160.0430694409627
128.59139546008572
103.29507698846078
182.70764782607756
169.76019087262813
123.28011929822804
182.28046260055925
123.14789028737319
178.86499763986828
154.57321081147245
155.69499915582475
185.40393910732718
117.89380945916679
155.79227045799885
149.03256996901968
145.20080305898438
180.21045666599522
184.1274932861024
142.97020684163138
177.79438298942253
156.20535872739117
177.07936962034844
64.08585815755744
108.64355811845122
168.46916704364872
176.07531622079077
157.4371385569429
136.0882101220759
173.68579352272613
112.52201581989635
154.34911969909064
145.86061431958802
142.57340563458754
137.8017370057704
104.31025584700643
171.2835712006278
140.3835946782793
114.58326148935987
119.6061684409471
177.91010013828523
138.65067944117035
116.52234828218135
173.32787021914697
145.4356452826745
159.0481091609
180.34645767683867
172.03906088408303
126.17556544693127
158.05418377555887
178.07477336904708
175.78610275331354
154.40108441401463
101.48722419280287
131.64143594404305
127.80680755425679
163.50232753667717
150.37188628512183
110.68900935588613
137.5337464509749
110.91511405690576
170.70833798015857
183.20369843660652
147.83402879513952
157.6117725159138
147.17478149079096
128.5113810607879
178.05599720017884
106.44700776178382
177.78959460729257
138.06185909299782
141.45780189118662
140.26775141517837
137.50513441162366
164.67606229875565
121.85100781629863
163.61241506519332
104.81832371954631
144.25117111801984
126.16966165609385
185.9447369436244
173.95954287203227
158.37129995337773
110.91645842770257
180.72658663131259
131.8464464806687
180.9305201243783
124.6761731161447
149.52091788607015
101.82504857687849
106.47046924428962
150.3673717385795
157.65794831119047
149.04037160723388
121.04370849191244
160.7162791340469
173.23705284061126
147.80018867821033
143.6754034232816
177.95917013793314
168.75104992514713
150.41270068490874
129.56740620760803
109.81884434676358
165.9704555445737
120.01012735097643
178.5602453056954
177.6359478552461
158.50225306374654
120.10521463764888
77.56953961727824
175.75290739846065
144.4798949564228
146.0906694794487
175.0442048662522
142.06606037673794
173.78437618113105
150.45214704217514
150.72703659176273
127.75823162476081
144.64536494415535
171.66282198756417
171.93578287915528
113.2387368830019
139.4615855236929
132.5852362306525
170.938915946675
73.91011609004866
160.31441086063123
177.68424228853405
94.40628004810151
87.72732841603874
121.48949897613201
150.66219936369185
170.04133686431717
154.99117021476107
162.62671450791055
119.41004473007635
173.19164875639967
123.30751235045906
110.69228077304061
139.46853409626183
174.66157812443257
130.82721705079172
166.58500027339835
112.35129883327599
152.0622477267503
152.3237485130917
152.1454773397443
157.41105178044563
122.6969451894187
107.17284693753939
105.03159439344962
165.3956911357038
156.39977243249572
111.79538456334512
154.2652955672431
176.7982932603729
135.8309701740797
127.04896770395641
181.65369890160724
164.31716477449916
126.16679308329128
106.191497764992
157.8994166267299
130.4864735266254
128.61958816547875
156.82977278599606
181.56825070415934
163.33456562576086
159.55864390317848
163.94484878377142
118.17764880263519
142.75745397559132
123.79723794799878
97.61771889627607
147.1040064525763
153.07139783231236
138.41634799097795
135.89152383610497
154.4715354566228
147.94953015769508
185.9596676938876
165.87204049898563
153.51683409472403
157.52173538729943
181.32794357460207
178.34073617863234
175.1052153239147
166.36267676732805
125.86204683861669
172.97270490937848
145.39267590029814
184.87940926720987
142.0272024846144
129.46839058253175
102.19136047018051
142.4217104786663
157.12169192803307
168.27722986674559
161.43213170257516
175.977951838814
142.74919272891188
163.77810017485967
145.90887501563552
151.5637080457069
135.80240124379372
175.60617270751683
170.19427917276457
161.02408635656766
183.3086680423818
174.70753432419943
145.34628735691328
168.67293479459394
132.0944119511797
143.59341424290227
182.36686379080786
162.57367147614795
134.80163699792763
133.07483164366428
173.1474328203561
180.1039153230314
168.5556101215134
184.4932858725268
168.1449233142078
169.0370542473966
176.29547828546941
181.67612339430897
182.23529622093966
174.0584248205907
134.7328514026892
174.12546557830825
106.13100329077189
145.5708981148728
171.28040240615636
125.11805656989839
179.44678672565192
130.3359818997444
131.86423330332772
123.66462991531853
156.08172594574518
153.4846610083212
163.45165985741338
147.314102964489
132.24186223689352
127.60941524896502
138.0130017539359
152.42625194218238
100.0552708884439
133.6716680789334
150.00973156153273
156.65342741289166
154.651967577463
169.70795349790367
145.64694488426886
140.40631203479987
169.9715478167943
134.53546869408098
138.10479096012085
146.68475278134855
109.58752306852594
165.79601034289178
137.5770194717885
139.32443523932682
128.19039202439063
150.13281973644962
130.53787841173533
181.48508049931453
132.93696127674346
107.91565376407263
178.48097320294477
122.95599680453046
167.94818838833993
151.71100044073268
157.35931228055182
124.48460340194053
149.52457097745338
143.91777382250368
140.78399114573412
146.02260124793702
174.76435020664627
185.15077705257698
171.02448333744226
154.52013176299252
180.63352701164368
166.579133078568
146.12870097891744
133.81785298325596
141.75279661109994
166.4123053530735
159.17389528887824
157.95876202252916
125.75307289135343
163.49493994401286
183.48180559314906
164.2683309337699
163.27700845345055
165.2961161942238
121.25329462105503
162.97392381047587
137.30252217705478
126.69831830505845
165.88663669371226
117.34408980854207
179.81172666975908
115.21785059952512
139.4870930434411
87.17974723287676
108.2403076569371
154.15234247573363
152.9562861940103
133.01106381501893
134.89196934395875
167.1395246592401
104.11379415213926
123.1283631281388
183.24686001108213
152.14446179952134
163.008158631723
163.35599059861897
167.26544549621192
161.54819215013094
169.18877668937765
144.79692106277292
111.83508799548787
112.861236373146
140.76929260631496
160.78791369161246
167.07405414928454
131.49574845276646
148.16786627548774
175.11444286174668
98.91931602059137
147.1614687438405
183.97764354281662
171.64966442250713
170.39125721479567
143.08519307744268
144.45960953488748
160.6937081312168
165.9299819676784
127.24800290236453
154.27256308998923
148.99436807978284
158.1568774397242
123.91765130119971
83.12305366235732
172.94746185375433
155.50816075602324
124.75779313861537
171.06684428757242
148.1304154877421
181.80395315023947
167.4167493089924
162.99133269230788
165.7238873806277
104.54726325335398
174.42122022053582
169.7743072878953
131.62048990786204
164.3076255131978
161.69209951046415
156.95063528378174
167.03543363455486
164.46171597961876
176.34644527454446
185.6294687238079
178.83739325959885
160.42825397473328
140.18789016820105
125.42203839752696
148.39007282596233
136.46753449412813
128.0993378911076
151.02408168902647
131.53346279496895
145.93549513415877
121.17137810400718
121.0404307933945
185.99742798627642
175.44137760580006
113.87591023270431
126.71014821749611
134.49644039442725
167.2288771039593
153.8651277647358
148.3445047289247
182.77212426676533
169.92488506628266
117.6663638317816
134.53666891749978
164.94117071420254
141.7799776296821
178.42916041133782
127.96561058338844
129.573502671112
181.16011095002236
123.57442261038706
128.34710808094934
171.68881524200353
116.00527979941796
156.87192316045915
115.21277888402665
185.47785000600192
157.3900402721587
170.67616692987121
153.80671030802299
152.51132327412887
103.66671940702534
122.69511924767042
186.0468037365067
176.9304389857206
177.43921586793238
160.1516070699727
184.36850728772455
170.46367408909316
133.61649269627327
112.58022794695863
179.04311449269764
157.00079004737958
163.09721316593016
143.26695545353314
138.55711974622972
142.35145585490622
129.90786061461546
156.91073929548986
151.41222256791585
160.2789862599002
160.27671406537274
167.73231352949915
137.33235046736758
121.48022652562808
125.66746301500984
150.69277422711423
105.56598227817213
175.4477321069244
104.66713013368727
164.85740665357753
123.64573297131244
171.47838234770097
168.4506017256699
137.32280867999071
132.6119126184532
164.42052605495473
128.56713223801341
141.20488788514336
141.26565980010702
179.73776531271977
177.92556286308877
177.1707976742984
182.67918299922803
108.56147710075325
132.7807834304774
169.6184653979059
144.85074615970217
133.1798313453827
136.10065912636603
135.87226572653526
167.59344558381753
185.72212277235496
171.37271519341388
181.04028987503855
163.76939368855054
172.19923036572985
142.78450054208164
161.3690829923169
150.79784993861693
133.66210029661943
142.45077948655347
107.67123930860068
159.41161818028417
169.0077032080921
164.7568335187764
154.58751253617953
173.2550527935787
179.69680384461105
184.70270713259583
169.86489136532307
146.28994876932933
130.15377294325376
159.224517853231
141.80032424728807
186.4996786736355
132.78542531153815
162.30135508707986
152.99458428405845
146.5187767425063
159.13399087391213
123.14954474795334
138.303752195591
165.3518454571757
154.0615201596752
179.07096210391526
143.3392976262932
147.01083992205272
173.38428269858443
170.1179793406714
165.93931943105574
154.10038231395004
184.3480892260663
160.1196252502562
156.05932092258686
172.78341440075377
121.63971493058136
157.94858185689517
157.10725638248624
160.0526629746966
104.29582973705607
145.25979414648342
167.93439931902782
121.18664246506725
178.7459741601354
174.07124020820746
155.0671982500897
166.41261131625666
170.08384883614568
137.957078165082
141.98628987879297
130.31952526651088
178.76680035843788
119.00829955889245
167.9721324723221
119.71401181219237
147.2604813237496
177.71292429993386
129.57502609729883
138.99384063925714
144.1964081458404
167.9543241265184
143.58674771127875
142.83465290497972
142.04053065450967
140.83502045075966
167.0817195132749
182.37304427971412
183.0387584020877
136.1230805176347
144.2869347230918
159.5857783754954
121.30092326899822
147.15847727324638
138.78126490243787
132.08193230418198
185.37437890985188
147.65556308478082
167.8241083050429
159.23414316972693
169.0095488442774
153.41675568103489
115.84335253753738
94.80937251983534
165.3665884487637
142.96202819487684
177.58814912912942
177.20703232554544
181.1619033380095
162.11994201086597
108.74881880144116
179.8867481227021
91.33838282836682
146.49369120436378
159.68653199905856
143.02263941487075
139.84015613598726
174.62457086596604
182.30897333107666
125.80092730201397
160.58679438589297
157.61359225949775
152.50007990846453
120.28952136392849
140.27879538342972
159.77546870194882
163.77850873474873
171.87579122889133
177.78385178186537
160.89231630647717
164.58822927023715
113.63867848325854
133.72404119598167
143.1865878651606
151.76269052944338
144.01346397106764
157.67133440798176
129.49369628420868
99.89234352441493
129.0160779098651
155.56610452584408
153.95490554346807
169.0132298214202
153.5669183491162
139.11572222594094
142.0373776591266
154.81370619602274
114.27462626410004
160.63536254069854
134.75061830150958
95.36762556146553
179.3256513180632
141.6771104336284
165.56613062430446
130.5032886113689
161.56006086848203
131.1508255093804
89.89068047716663
131.53514176099884
177.35669878305376
154.46605933725309
168.42415956789048
161.3825443456138
157.66485476108892
176.42260770255143
159.75274130094286
143.76655036801674
110.1444881191228
162.44568564937586
165.71255213241463
92.01683095118103
176.44651003583718
163.4007267142227
158.33295099175905
179.08791523754877
130.1925706012656
106.12740049406915
113.42002515610618
161.70627603028137
183.21990493584693
144.86408423034314
121.78290987084472
110.0383071215382
143.97513384009613
132.8169913327732
144.13361448736592
163.5958824209423
178.51656962928882
180.9868009380966
146.46690916649095
154.0586425397094
176.38041959826563
180.77999722998288
151.0062324844496
174.30426077814192
175.81429363820462
156.6564356606271
124.75403094477188
143.57284579428045
167.06827990419163
168.4610016064655
147.4010400643901
175.5805356726625
134.40252769877705
183.04424364762983
102.05084506578271
167.10036050265822
167.92026435239146
128.37035345985436
173.53308769468572
169.79620760440994
180.04700798762784
160.1051110746688
173.96941681647212
154.7141908241763
161.89440275144102
178.089184345854
144.18545471806272
105.4697941861657
181.8847067385374
129.2526602262899
129.24292155836864
156.8304033708317
174.74056232986402
107.43244213135054
141.22465127234292
143.2662043833936
144.287893623545
131.27999984664382
103.44754557538383
149.06284746080382
184.1721081859976
147.78604308165384
182.16808313404252
180.6802725589264
182.4509094928815
155.74052286021885
139.41104742697158
119.10521738134372
151.0953444953038
160.20800944178373
157.3198251819399
146.5649553424265
139.32242368957967
136.62870767462687
163.4213827706048
143.95316641678227
147.7761495857743
172.25910950115923
161.78460903647942
149.6904317130272
139.7647067931985
167.6056377469109
118.76240987136151
136.08646207435208
110.76688561541577
109.56717040381143
149.82820525380612
174.30405226787957
140.5355829519903
173.59345859418875
157.1686637130087
171.9475132255454
133.81858178439654
170.84248328819993
150.71408467931627
145.33857303336328
136.20086190212749
148.35728434251197
160.36816880974507
154.85855164711086
168.2335438971915
135.70102850620643
162.95359399808117
183.8395511405254
116.97742593099242
149.52097905503817
182.6604851841302
163.16213332703438
160.3183138717497
136.36016193076847
159.42716074610655
162.32147718358854
182.4779199247455
181.44654556381414
121.29672442921371
181.15695349301095
142.48042762565936
127.17589466219454
124.23958551682078
180.37284068803913
133.99069440151936
161.80106115761618
135.89845307631188
169.99579030911053
152.79874421325707
175.66448356213462
162.12451861171712
169.8548939712354
171.340513350225
135.04068760632714
140.3836790911347
142.5440177108792
162.67521059746375
140.0555988287505
154.31177276160858
109.72738541195255
131.68582915600723
124.88397977714473
179.56318117367493
173.5632878690349
130.51468951037393
113.80353798975992
178.1399947091166
164.0047375941024
132.36645740024633
137.08092832315612
168.75699635166944
166.0681411730208
186.183193970419
166.39955069086176
127.11774052875492
133.70644815443038
124.06226122067807
184.83138033661498
139.40542015753044
153.98532735931337
186.11118262481057
168.40806096546967
101.93873954434333
178.2534784210628
146.36410490389284
179.7850438076112
147.11987976918866
139.06393268425282
117.40237701248917
175.78984870666946
137.1117888996981
173.71407659258077
169.05590495022105
116.31171738589333
182.85898166765352
124.06576467930762
152.54934406633043
185.07019700708562
143.75641631377601
173.9709655307304
147.62822563465136
126.8691766955359
131.15049031087122
180.21752146520487
171.83207391541896
132.5335402443241
174.29988072412814
149.85504554077664
170.75555066736786
161.8086481875259
166.52513236558596
119.56244834657244
111.17565381889484
170.70297090602574
161.362393805021
142.77087073127157
107.76794825163603
167.84035768855014
184.46768965627894
158.05792107596773
177.0582367736371
146.67394680808624
164.073551972553
105.25393878675547
154.78179589027025
142.2298653556581
129.49613592228826
178.99869689818652
124.78659492408808
129.64125870759923
151.51522150409085
154.09341011050364
163.64314531899737
173.02952889764387
157.61753961605228
156.43171222313248
162.52143275227382
106.15706938743824
173.66730508919548
130.56727026486058
144.12202371709458
161.97915243592365
139.6960414762159
75.77298281643223
177.13015177868527
175.80364195767396
160.84866876951273
167.6099865097158
152.89128022638238
169.90627274545946
141.4944426888933
120.96514739336575
104.38899461534632
163.90335411721986
146.60747859641484
180.60839527094555
123.39816832429187
142.09665102871736
147.98492543870321
148.5149488631979
172.25525332219155
175.76618131090828
152.9779936326015
117.1757830761247
138.9740811534771
119.07270647539603
176.72765329297218
150.8029710860229
138.53658640206112
157.20065919081057
129.7647902152254
140.57103063767573
177.42635961290298
153.39544197039478
184.57717832040098
151.88092422156245
91.85280022913454
146.80724121947725
148.67120255106505
109.59015799959585
170.01991061820894
125.68427983968309
157.3370377399916
153.2844699472596
131.73461223195062
173.57516564000258
165.85593250984707
141.5109624580537
157.92378832936456
135.88719773810837
174.59473617120747
174.22739532822425
85.94099993424933
159.38239174898524
147.53656779832045
164.74730611844456
147.6851037089558
186.2484601599003
132.5609139597808
148.245218472099
134.79212589022845
175.5662701160631
121.48454655322658
169.9808396114591
64.60978990576336
108.40032234694337
154.4373652374033
146.697228974696
169.33980256775197
183.38531479592672
148.44162602139158
142.4260234575907
168.2723556853646
182.96589742251086
166.9227337239466
103.7783732272166
144.91100657767947
127.1122389297746
177.05056568874795
144.29571722083458
162.70343482725679
179.93441403834362
132.790515605863
107.54241285673768
171.48599519203802
143.14562592878912
144.96692056138642
167.6758862523571
180.56760170517904
132.08208251705028
133.23629873467848
147.3793228183905
154.5600070672619
127.68421655807668
135.05362180345668
149.79685960822394
164.01289616524173
179.13008839669536
161.02405606838582
152.50811058513108
163.11923428518193
185.19748394186098
169.87783086931591
120.90449304285708
157.5525991643247
143.5949774696833
137.8441852973159
164.61395985485808
164.40371836866947
153.75276206420168
173.01240018405244
170.4153606905124
142.9385665773042
172.57756469482382
154.09972930438866
128.81056336924445
134.5856639379573
169.51101058735483
162.91327836339858
152.43787365302194
90.09348068515718
134.108075644355
150.162930340832
109.25205281837432
153.80804189487577
122.78785888543764
152.97633685751387
158.53614396031244
138.2393556947764
144.84070277222858
141.26534544148078
169.63133710938007
158.74069950434608
173.59502227220676
182.93071493645274
139.89273487971678
81.6381262922879
150.6945867609736
131.36552621900262
185.65218008523257
130.87607961289063
136.47606359635776
131.5108524646922
160.30813925107535
179.41934079286676
133.5158128187312
129.97850621270163
161.4916379086301
140.57907431748822
161.83523328507528
174.81375690106034
164.51884027193455
135.23889559364898
143.80110689081434
135.11222991374746
165.71968275085882
101.61974265415303
135.1121059089414
152.89058811720622
164.9786361328903
102.45017840433148
167.95548347368697
135.59939409364156
182.69945239523793
127.76897516608825
159.04917537853822
183.0288128452106
169.5680166811473
144.6150392991362
152.73328014481578
163.12471789813495
139.31834786343876
120.12764809276473
160.425036221999
124.53732328688872
159.69709938349087
115.02246300766893
164.1990248983287
154.45599094975339
159.31401674567738
144.06988991512546
156.59525837255813
181.65095535607495
132.5516094038132
158.2665803712543
114.39686552187835
119.12027351600894
166.64547419966863
174.91272701338983
141.13035684351212
139.86630006592702
161.7810796030035
142.38439001157488
123.30685714136949
133.17578306427566
152.9581964051673
160.33315008351622
139.27221895715095
143.59682228600448
135.3909995476153
104.49650419796983
117.87962234298419
163.81187465510837
177.7294050310337
142.65171736591412
177.86876417615872
163.24315925702788
171.97586446048678
138.66086929971462
144.2977835908347
131.47829626039663
155.59621194201583
158.0649230559821
159.50272495264903
183.14443527799256
123.30530572263305
157.61056571432832
175.3897089284949
126.58477079682875
185.43062815460712
169.19088250029682
125.18228148119807
147.07928136475
133.43335325555424
172.34937291871515
135.61312861451827
151.50226399085372
142.93303372595307
135.8316526033096
129.5242875841015
131.94078381184573
173.509997914244
136.5525689863237
117.37698096154432
132.99444709167096
167.90274478540846
87.60086140188028
154.03635639582834
173.0260568046177
123.78886555006957
158.0444128685159
164.76149415748807
153.1015189630492
156.05642163211772
100.65989980480289
165.3507807583505
101.24690471085322
158.2994943812895
141.38237080455687
161.17791458033838
173.77575394294638
180.91988324679133
145.65847459312286
144.65877624890237
158.51996425803145
146.45633568703016
40.33649811195687
126.88435920254653
171.01753118755605
144.92300450670274
140.18007980819226
135.46958247138016
136.31023242636337
101.91273019538441
155.6624452032592
130.40098255377595
141.0991714543327
144.67573284479155
180.21840122982542
145.94494407053773
127.15711489575267
157.2801469428816
133.25261572153363
149.93171753368372
126.35452073717862
145.7135976787716
116.38954497459795
139.76130286663098
123.05877341431614
154.0396789369134
121.22007232899728
118.71506559018701
160.02388387473346
179.97701791471715
125.67406278324032
137.78162710048474
181.28066812430188
115.58865976923875
160.97075642885676
165.3688486983465
105.49812746792648
174.37638838789675
100.56384479562911
113.40982184192286
157.39067285836296
128.93315455141314
167.6071506470036
112.32680311659013
121.2848254697779
158.12809823919753
141.3860897407514
129.58877796722925
96.7225414445815
159.34414235644783
151.11102422784694
164.2707101072997
161.66807968540908
115.72440088277628
160.8188380916202
181.19559340038495
133.40744733371528
156.70777850412142
149.98094545257914
135.7958666912155
149.91674941976868
124.56527989883065
169.63448440318143
138.71551996548902
145.14774188789437
142.55258207379234
94.65030039980147
163.00624430377724
160.799816037612
154.00779449715245
183.2695254277647
83.23060881009053
155.00402183109736
155.37965342516665
155.30416189601542
145.46998404069296
167.4239588708742
161.97983918043545
94.26198715997364
177.5248566533863
114.94624836050956
170.10890958166257
126.7191309683665
130.51476493968252
162.90761168225237
154.34690552554284
138.51232429657495
107.25997773938926
183.82721915243022
139.0586992698307
183.12324754420194
141.57342896671545
164.62143664607166
154.75125885497684
181.77249454742957
169.64482461197548
130.12577717965374
156.9064852356926
164.85452351370364
152.73208228894146
141.24544571493985
183.59591704424622
182.3630585040978
145.07324983960223
131.6309289047897
102.94223029077119
165.9195111467188
142.06292500370793
130.73844157523968
142.26886139802866
184.1921282077226
162.09754311531165
179.2073907402102
140.28942478576542
123.24666253155956
130.41312158300605
154.45626472590143
152.30971907970337
167.5208342887472
124.99146969898555
131.2984738039521
181.42909524796823
147.84436099937676
146.41452834718854
80.36225453275259
116.44049082625031
170.93692253349988
152.2941791295572
185.4637733804549
171.37478694606753
145.6333865587556
126.00244127233196
116.13626113681201
125.17046646577023
115.50619661105982
132.31138138838747
139.9607433183173
167.37107781001802
162.6069008650586
155.02396397852215
152.17672417335464
137.94481198547817
129.57516002028868
163.09864993387413
147.58227745214978
135.54775211290143
171.73100417466543
140.05143451460467
148.8664749807609
149.19543862019876
145.70432499098337
130.67425096926996
155.492885041814
184.8095057113704
73.51793318294376
107.25539455699513
132.02573892745522
175.89734280252856
123.23541302845044
134.1422495496281
140.1776277115834
121.3898979852342
184.74375113773408
139.02182684157975
161.81588169298084
144.13658319187957
166.04469632596414
177.86471516596382
96.42325283388394
113.77176338284242
158.90834409817958
143.90449046477943
131.75439529691462
155.45250937224301
91.07904723386166
124.28418753680904
118.97023192970525
101.50057024937416
168.93956233813094
137.19354358170375
141.41590329198198
140.4191158784676
103.71725161537232
134.60692266081622
136.06145379774821
157.9603263108748
174.39647134568335
169.15747284919738
169.17534185105816
182.73673166209923
173.07373364044045
153.36051566637664
161.3203274240113
126.61398238321496
151.2037400906294
143.01139189293994
146.90359790761667
174.98829736947928
176.62590726026784
143.13496091862112
167.07326058781032
167.99676714145886
104.93212799298999
144.15878258202653
120.91792920794182
100.7968949126367
178.89262008862895
127.59064558857423
184.5481999656023
155.88815912717862
167.09408809812106
149.99471147712455
158.24102300358584
168.5618377877753
118.42906163735812
173.4536831292512
123.15347332993039
166.80052941438174
138.2180198693138
128.47785503788813
140.09175297285896
142.0604361601608
137.7180469778605
143.9690093363622
138.24423266444066
171.92718387492133
180.36861744419278
152.35836913769452
163.46935911571182
95.1460907678917
112.23122794571032
118.79567189973406
180.03359423257427
118.08503689921179
83.92301450363338
171.4096532852234
136.619223240421
110.04040981120478
166.76170791862796
147.44270632246685
182.52190906814207
159.14321612511168
147.0469071846309
149.75146951796114
185.25867389227128
185.64280610673526
124.15047622720775
161.36645371872464
182.81501867997255
162.38833822849185
159.65804153750523
141.31439559351114
144.09781372348164
163.93697054973103
135.5570342821377
129.00992339745335
142.3862977441601
121.49352649711969
168.2565014943701
167.07674077302516
149.58413894521794
142.95486046052972
154.7596267755879
139.84704233877977
184.81635615147496
162.54562449083167
180.0497167726853
165.55562902848908
151.0188684873443
161.03002613338845
160.49945616828148
154.59673054442945
157.5128671061425
166.90164775882408
113.21706664659767
155.53327695279964
97.47499114765647
166.86680596975884
181.84779075475865
117.13902331126866
148.3643620897941
115.6403686291497
163.1819788819796
100.55506389747369
157.08673365331364
184.76757325569253
164.74490168268412
186.02238235826317
141.0083724508905
145.86257949507052
168.75803034354215
103.72147838763341
182.03713722765443
155.02685266910237
157.62245801995627
146.08966755696486
136.0018510496599
148.23266613410465
151.0298063047707
149.89580039845004
152.9846483482581
172.9964482005893
92.8152383945834
163.42674980606472
133.91554067390956
152.69943380535176
160.17521098827643
139.07007328801103
154.71683608604908
121.87447651755451
163.18222291634356
164.3336320175376
171.8863131524152
86.76625898482828
127.7100600510089
146.76775478123992
126.98456552189049
167.93656255915204
162.75939089948142
178.45871969653547
128.7081986602199
161.98847045708334
164.0233758369269
115.61654290228978
161.23566817104287
150.15273977621192
114.5360150080891
164.08565512319961
158.9909983574703
181.6441652942024
173.9823550491297
128.0673424940394
152.763190319721
151.66045831802646
151.28722356087724
184.68865901084106
100.61652643013471
124.72204890105999
177.34040099650656
112.79229723569594
124.66989210797445
179.5885825811835
157.8877570407077
172.29902214413266
166.63861191204572
181.1214636483407
170.9891177982352
143.68229713004655
129.79716945665683
166.45621133502644
119.6809040743353
169.81723428957244
182.0833805419414
128.25091779034764
117.85826091994046
118.64156100802535
169.17817550768015
130.6674140770892
106.4921978426011
162.55256780833287
136.80907369685116
150.32014223346457
121.1617026178017
145.31641826770104
154.13163011491747
164.37456130154177
160.1086854263668
166.02032095087822
165.18870450910526
166.1878463498866
138.13383642895195
176.06946194240277
121.72240356564082
144.7489909162739
137.85886425799006
147.56431630370798
163.54294107358447
104.47634693357409
179.4553158349855
133.8586838388832
135.28357312284
153.76231664241195
166.87661124559958
180.8710782800593
138.15904755657616
124.5978106676545
177.12112809036324
116.09302568628247
117.56435393026513
120.5682487271405
157.9030450593906
78.85895899797123
151.2602924241528
181.80988044287523
164.24485226055825
129.7345532598161
181.0585655700675
171.78889975516933
123.03028959318388
164.2552921964867
111.4176201076819
141.19591495342556
119.69998924993607
182.14253854878234
160.16111495208548
130.8190047521344
137.07527442891683
118.98754408177871
152.80935993754136
163.34687776151742
165.1531462721147
176.17070886634116
164.02650007550352
125.40062581102679
183.39940727730257
177.9581899130449
126.31493560651745
144.93318637332163
161.21121586054912
110.90831538465221
147.9359057004569
148.35632123361705
167.7272463558229
138.47613294950966
118.18075508823719
173.70374868690607
177.08781685141975
148.99401593079995
118.28028105755746
129.03223342637514
174.1597634739781
163.02195419190133
161.78630291479018
136.53030654922736
116.91645084730447
152.6794818816605
185.54792930888487
180.0895956778849
184.51360054355482
90.52720725207509
131.8128023676701
137.03089167216044
184.5020944956816
170.50241060392125
95.25209938879874
141.38894427071358
104.3719997801251
177.6677845153313
153.04856230020002
121.09805776582158
117.86007694078792
147.70562447421577
149.01540565648966
184.24284802577932
159.7143134865953
85.61045343481514
145.33646037690144
182.5440970181502
137.55132869606095
142.45469239316242
174.57954731869629
168.00070702560265
175.83805886660625
174.01867356494338
111.8052259037234
151.5687935987221
165.82173850535264
154.00882763557667
166.1223541497286
124.71169670344744
139.77761194366408
165.2406044647133
160.30969334416963
179.3220369635294
182.55513121941263
156.28694446268585
159.14167564567836
147.71138453231268
169.76696760424582
138.50411473213362
169.02292833015372
147.6722262241752
130.11980294943666
176.56898163865057
142.5768144507499
161.24241529799198
176.172693721059
114.12775556116455
132.46304554163783
92.20094747528927
126.66489411714181
146.90602807274286
179.45850910587674
184.82862673615585
168.0787439715731
163.42175854332373
181.64046746718319
142.22707937590172
155.71689008696265
170.02736528850468
168.61995385109148
140.62496463366213
169.71095167219775
115.37044984174689
106.79898602207489
138.31132683194744
183.3155540713455
140.15897574736903
83.92430124251216
173.20262567977397
175.06035140831588
177.20519205101303
150.64739609237486
171.1557739815909
158.13952395039064
157.23262936543208
146.55370943499494
167.3795478670287
146.68232557608914
155.1320967421383
181.66558923168662
113.55330539819457
180.2749333961104
178.45040966741217
170.68285873982248
161.24718907586956
93.22918673673367
154.72303032712955
176.444167388249
144.95845378031797
156.43703846890162
136.27536510647667
159.94887934231508
139.40933258992467
185.50342224669967
123.90668924261038
138.81574688917658
155.52845877040934
177.33289750642217
180.68523221372234
171.6932985562962
169.8247091986134
171.84013823073866
143.17411461929265
119.01987031756626
151.69625228218592
173.7798083467054
150.66340022230483
160.78196579322548
117.13876219803001
173.93626161324022
154.65027973393958
111.68019912833776
153.59601496809822
165.03572527015697
162.55686580761704
179.9048349460481
118.33488003888093
124.78674283710434
125.91656918102828
120.54022325809609
140.1470018315265
150.738397707944
140.4902248894998
154.86463298908893
176.91645202007263
178.80705032291357
159.35773873988853
135.9836315930435
183.50890128727482
165.80961065197377
182.31910493683557
183.11355961919793
173.81968484267114
130.9049353103716
167.6591041482518
171.5915725420325
172.36394084698674
166.2704709006815
183.8433785834358
186.0201435483724
158.68388740257615
100.82640306282903
158.0767309118961
146.18572880609344
146.96295164655493
152.6477254200447
134.294256976209
173.7791734694707
183.74669876835586
160.07588795336292
121.05694791172075
151.96714204016172
112.26519497715447
159.61070540668473
152.73565976416344
177.3233766849542
151.9874116188094
117.9211628659639
167.02685198536437
180.26023262165643
108.76245338927178
173.86050323903584
132.1755918349795
150.7419182428657
177.82870680087393
175.0069130313546
137.64984467190294
176.87225831954862
157.11159012248166
169.99876510835009
159.5336646310053
172.204126883809
159.20737163495934
147.19885910023066
80.65393935026093
127.58169078262563
133.68166852817387
153.57721363260612
162.15941729775963
131.4676234304687
170.9699658211364
154.84171376807853
109.95854041127082
185.00162028053865
66.70141346762469
180.37711695846934
161.59478536392797
131.06136897093435
102.4743261618749
154.72377402888935
169.188915789495
118.28105142147504
129.11922304054167
153.81434445701026
180.8850632969946
147.41830417909082
166.68411599591025
177.81340102767132
134.5769721902476
113.9573222953891
182.588870763501
118.85607968675626
170.1781112668302
143.91164276135535
155.54659384326297
156.59991715596573
177.7678184296419
176.12461993605325
129.7987434645852
152.36463120697945
173.20017615930203
161.83388932311038
127.10264926225663
134.68788626098046
149.02343810705264
94.56332317017021
138.75805491861678
112.35759912952463
138.39338457509947
123.14386132671046
147.68209416663169
165.84038851604754
127.90358928331743
155.28490112213262
176.00373696951488
162.45233362586185
138.17192328509836
112.12542648760065
173.36588767733906
180.57564089223087
134.04188119303015
123.5404443963499
128.90253982720745
178.44143008041684
129.03549914678644
151.3943258021113
171.70737626652146
163.9619691665913
149.2527230475943
177.75571166192293
177.51784977225395
157.0789785928969
127.85664820140461
142.89199283779612
132.03001029415535
144.00563897082327
152.55642657368074
136.76851514198842
160.28264937991128
169.9261172008629
166.2695509033312
184.81380013724635
160.05614607448786
153.96731316835024
145.97825573490908
131.41217721024933
164.36772971034372
161.9199206495967
178.77106653316497
166.93780490433312
153.24617029452796
157.01889057242417
139.770220281484
98.90259392271236
151.58894830619468
168.96597271301317
143.74705858810228
140.65536481233858
135.1112230352437
138.7882473884862
148.33961922378768
161.87320902025283
169.7964946524559
119.36439419616215
157.55760851977217
104.99489587681055
127.5404967785183
151.88920662837023
162.95272257659823
124.14172315630591
169.64786192318863
124.91739599597224
155.4115527029839
167.05156286053287
185.8673916297854
157.82645315744702
176.3884246690142
137.75294571512612
129.26234612220608
176.3902492349867
151.48643861676447
136.3948952471611
153.4006825199687
178.39723277447757
135.77786763411194
161.77843030901852
139.0845933750358
49.21818170070685
154.92547333756002
137.710459838133
103.67458675207594
158.78088911206703
115.34543251199962
93.19250966277784
157.84543062124936
147.65842998509427
148.24909758812612
137.67052992793265
158.36313177116347
184.6109384087351
180.30045724702876
153.1239367704336
125.91165616058237
172.91344268853837
100.96837586276678
142.0320007119294
160.2320172938525
132.0970119432612
142.99609826332906
181.34019640279925
152.67398575773794
158.39433636473927
182.3136971224797
147.43559761907815
166.70924579442257
164.85213514200888
162.5159808907206
126.60856856576439
113.63975219546788
133.20531657929996
174.37866900612073
116.95333928517117
132.19422512086905
155.07589514356803
154.89766324338996
176.86703010962006
129.8858311035479
184.0755137099695
159.28768495536738
161.87893348819736
167.21258784186023
176.20963117920826
114.03704777214175
186.5350845242747
166.85948518240133
170.5904822740978
158.44439075636703
147.67333737648343
117.53241254359773
147.90237942457983
155.09012860924705
146.895617609995
161.30043275109244
159.5268192659777
110.53530372105001
112.47361423363256
168.02246403145463
151.1917030906456
182.6771280540463
109.460518005487
147.6462655994617
156.99520929799553
169.50189184688108
164.3957103952586
133.3868967221856
160.74057922145337
97.06548347788625
147.4244604315801
121.84879315406235
129.60119450499758
168.17427132620412
170.83335697881066
123.77630919903801
147.24437694837724
138.79026820079918
140.1496787501717
186.45343701102303
181.93652406610138
168.0536333169163
156.14149051725545
169.03105382067375
157.46659889571484
164.47468305956434
121.33231981433514
145.90016951187667
145.23650728158236
167.110624479794
136.24247021099896
112.86534394839312
123.17132711284351
181.7587121148565
179.35274020528965
106.8776999680522
101.39732441929635
137.5927359816839
160.3767444602705
128.08360571125314
157.27190600279724
106.99868241118338
181.70612424402717
155.14624537461216
182.2935503622981
171.26482227418342
165.03811602996558
167.71670982822374
155.12087028225258
139.72260283782336
161.25592004947714
146.16445098221683
170.59446485431062
151.47249107498686
82.80369672327417
144.02480056646064
135.94824543374176
168.8197458345213
155.56487923658506
163.53742013222532
119.4008652709015
172.77848966394706
141.13233328698783
159.8837592376288
167.12781177845142
141.68546114256478
137.77805538706545
100.7010109602065
143.55127561356358
137.98347600679762
167.27077281164318
119.42074157288721
145.47658844006017
145.42795880434372
184.4300571211981
92.47996629144465
171.87929357543308
150.31306599290758
157.4926106711559
147.88658877293227
173.3209579807029
162.8212063750794
185.27397999621837
129.42016931462706
173.8161456421496
148.65751681870776
149.99143098980403
161.73409582140226
163.04509102857247
182.69951039385444
177.14718856539122
176.280441311793
139.5098684415036
182.7476895021125
151.84739801840325
169.23377018687648
173.28955630414552
153.1889051058142
137.8764890297618
123.20516874156401
102.96401638251967
149.85868409529579
137.69333507457102
137.33047005373274
148.86331486813162
145.8078426244813
138.42225172079299
147.95073060613643
139.34467103849508
166.7658848120749
125.15172051635724
134.2430427976515
156.4457835515084
174.64404338822234
126.63913010981463
134.3591602138771
175.49792588002126
142.470899682914
118.60577606181288
170.68771457073458
159.9832150093162
105.87174933465512
140.96784286419125
126.49711395833577
105.73796751777147
123.08449469200798
142.9670921592567
132.30332080174975
157.76127052359706
164.24619265201065
142.30928194229585
143.98967494235447
171.0398591790455
130.35652331375965
144.7624426780789
113.8814166803678
154.31287826888374
131.75925785403768
110.67642354005991
180.52636143596487
183.2197144615202
144.33356775268766
119.91185156850037
141.12589954781603
142.13375557770362
182.81306107702346
168.1999812191856
156.57703544148526
139.5493553902284
117.06037694425622
185.4688708684598
169.23568098113975
164.9833094472139
175.97077195203656
129.9653329941298
175.31555814336468
154.1894092712398
141.11071701415477
175.11564021803204
135.17683701205718
130.40167912920597
170.09582274956918
127.15697301020285
167.83688058158185
155.63575839949516
134.53964052496238
122.25967828298198
85.92460294074414
186.4573934032335
176.9893415169753
146.65450746036225
179.4840300037352
162.85645522261436
184.69565187383967
163.95594777440024
61.44243478543679
140.8660795424812
180.92633383117575
158.82829869590876
186.20819129823417
172.36572022056137
98.79850446950883
149.50406779545702
158.35203544257394
176.8781888051976
169.1129630202463
164.74888405102135
144.28627339232173
131.30825274081076
105.58449960622744
145.03955465374682
110.94310857397392
181.36511959067786
148.27917030838023
125.54394672589741
148.0823987745499
139.13568582007264
180.5179034999473
166.26014133831205
186.14190793327904
127.9582385882161
100.94988550793664
167.43469769887196
150.5936591257789
151.90345219037528
111.80674971637224
144.2148767012204
159.54261655109948
142.16539959902343
117.63121399289363
152.37988480312126
141.4832197883924
175.63001102136298
172.09533865952326
132.2844220813862
128.78173525341418
123.92904195587629
103.27079103629075
176.2015021305783
161.98023039995948
134.59565267663834
186.27724556097502
171.69726925378686
128.90164104364374
142.20405924965223
157.41732499731333
165.9214700610887
171.33800296167055
117.89052637859274
149.04353637503425
143.50441619332372
153.48062766229987
161.34618044570942
162.31017769747467
140.465824221449
159.93801381308808
177.8679789183519
182.6309732521198
161.2893569448901
174.28634421263675
160.15628281943972
113.74601648969164
177.5681666598935
137.90449389728883
140.24060413909115
183.53292421476172
166.7032620610278
151.00198103817155
143.02501983981838
180.362199445841
161.55812222546092
140.4991199064173
181.86926422305032
174.61988699000898
148.6963725492846
152.65269454996496
108.90675539947718
133.15794586735808
164.34881255641687
183.7790179391737
113.25479483724058
138.37830389834465
156.86377343317642
111.17152289746744
154.24844725822007
161.7251115291751
73.96239901764879
146.28613069020815
151.47709654351996
131.29097572817415
131.82400843073077
178.43201866409598
154.316102084197
177.58329978446193
182.7120408934484
125.18400026408031
155.79232002164406
174.99903238616514
181.75554133574875
161.86422197376794
133.3901869625533
162.6278340947522
161.2838458818874
129.78334132416444
181.15259479085992
117.63282604163946
157.5597685177213
112.01650718977695
140.6287960635012
162.57336207746116
139.4778873308167
182.23768174105274
149.12582727880564
141.11072884579067
169.68877989041206
152.98414710312318
183.8611983496411
157.43724067879748
167.91077287930293
107.31722728268406
111.54080763045309
148.98477953826895
95.05020590584259
127.0491288923626
154.91791904636688
176.17417602956706
164.53697039510664
159.53732380886638
132.8843842176264
92.84010034592158
169.35735557684595
162.9945283696996
152.56783955531083
170.6993326546363
85.87868259820782
152.66269011749299
130.6524797537973
164.21102304545528
106.23785085402992
123.23663912203016
176.86682748417775
157.41040119562834
177.0003946656676
179.05654915855268
175.90572754618609
180.61304287672002
166.13289133440142
165.80538606878312
120.46450043881717
118.61357332605995
112.5950915247883
166.39799920451756
180.03716490382902
163.97195364319404
117.06635474384338
170.10544090779788
159.53351135309507
139.31828804696383
106.03835859675493
166.06009414741362
102.18590072137972
113.12930489308835
126.02172140780249
133.56968866681802
160.26707893414505
99.16783522754196
153.53097164273913
150.4340309753952
118.29722843146092
111.15474037334214
181.99010260566342
94.34627611809154
185.444495790114
150.4802208729694
182.4512355880088
148.33395192267173
159.86483490852567
156.84623234329896
123.67521230245376
121.64023433407971
130.63496105162474
125.09012213353755
174.47488929330953
175.02253302791436
165.63449970376334
166.55332085060286
148.81164056122307
122.0348682677481
150.10327159072625
164.98427350282648
131.7828834282914
129.24738175482528
129.09395296624518
159.79298543877164
162.66468352733554
158.4907199251115
163.08755965069432
130.1740261833931
178.7017057428454
137.90793138084763
109.1297941764143
172.98066003794608
180.17026643858725
158.7923710945365
160.28326568728673
181.31717963684002
124.95139076155658
137.0524682036822
114.70691272552531
177.14180612392113
173.83548602130566
131.10451242056075
145.68079364103272
172.52048140406114
166.18043269626375
117.46611981143043
135.6112165319619
142.01579661635128
138.51735367745138
163.733432024178
142.5527528112305
165.82755908994395
164.9279688821983
156.4236070742955
163.31560976110313
89.73583102365068
132.8082592528834
169.91722800299823
135.8529555558269
138.36714025471713
171.07209065922734
173.09442644811156
156.67590309637114
169.61781116049204
120.77702752855194
134.81962145734153
170.86779431759004
186.18778542186422
166.39627271534337
151.35349211985377
162.92545584976196
183.97015067175343
132.59360197270973
161.64507763793938
140.6399734696024
130.2069189179876
84.6287780590826
127.23280308640662
186.3284658022754
149.2153707724002
158.69436081644392
126.11223848766768
116.59503448351593
150.59783215738562
133.75395409712013
129.30780658351293
167.33652090318049
123.41311514535653
159.95030536813664
138.9518600289585
169.2384520797296
163.8071078935447
159.39243422727685
136.53360759898473
166.25498635360552
168.09213221035014
186.5487264192359
185.9996922544349
119.14390924010866
118.02455891138413
164.30954737896172
176.6309995877418
157.69215905091613
116.64687267002466
145.09075352742317
115.63613206527829
157.07511042895976
139.0875958838294
121.05381882540814
131.3147930625336
158.20604540322086
170.76269917774516
127.77841173421658
100.14441631427202
147.77528556442533
132.60608311991123
167.57476106380608
113.95524322727576
184.82874315317335
137.94634367107278
158.00912761617346
137.59927705693622
136.63998625621463
142.43390868781339
151.07196222194813
179.09622969847823
132.2715614443946
136.89695179358458
110.70290487592237
183.93164154557886
156.42412415773177
175.82317854565997
165.03512029452415
170.2412612054303
176.70108494480223
186.28417606938976
117.53287910416662
138.56308347736194
162.53852368948685
173.2161807780536
167.22713865708454
137.84432884151084
179.54787158799698
96.17657210431335
126.49609427192038
141.66752345421094
153.01740576143712
149.86489358860916
97.09716198463283
148.67085735455802
156.66971761392185
167.0232902259576
161.09267276456438
142.22902093112168
165.08104354730708
173.2307349432727
169.00918951111422
150.15029657512875
166.89951873103453
184.56268680566606
175.6470954149617
170.57460726385133
128.98403522792978
159.8271021732786
171.17472251597164
129.0677400225998
139.5290851710146
107.80581729693681
172.68384134794056
92.76172734476698
166.3041591916578
134.7355175218179
157.39750302674412
155.47563252702716
167.3789174415525
161.58811436871514
181.42021803261898
172.5499232628317
121.52975382962973
180.0241465731838
167.931570809365
154.2819352190848
104.33444031586913
165.69958803908378
98.79621958308286
171.84523797116995
156.33875014810212
137.23384456439732
155.02655465858675
152.91052783776976
154.1378644382812
177.73625497799924
133.76887049874622
175.76190467944278
162.01130320742337
129.55480671621825
168.31283412320056
155.4855029156168
124.97177922558802
129.8397165352307
170.36714179038364
176.1624273288434
81.59556203819042
182.7107520970675
166.7484996066414
84.88906240048327
153.88760763858133
165.06166552240398
169.35668836272893
152.98504950842099
92.63112625001675
164.6051167562677
119.45999922401955
125.32663592783857
152.06587449777533
131.7060378363313
154.64247334482474
171.94232381975195
168.0857313228425
178.69193305289332
178.1442867155115
142.81872070566683
179.68250814122888
155.82895030476453
147.98030201815072
158.5756859514665
157.14088665588937
143.82756883106148
125.33462347423152
152.62849733158714
142.58593354387264
147.51282055272992
133.6488379504452
159.3836831629914
128.66243724425746
171.95619235888182
138.11366952911848
143.80059067226043
116.74972836565438
163.7355830153865
178.24437062040369
135.41525957529046
177.96865413705376
148.67937806802502
166.92254053819318
99.70737864654026
137.57756353036686
127.35196777506548
154.87393404195674
150.8758388375853
177.84539617184203
182.28324233636909
158.43156783936604
171.27920512011946
119.73474348151538
170.7555548771531
133.21569315734456
107.17360952291705
131.86098696157336
138.53131625188124
138.0501625973451
162.6601186049223
181.00826683847197
163.6618338963283
118.57415629979675
169.22424154196946
155.85240844383787
171.17368127723643
183.74211440071522
141.65327279390021
148.4123801326718
151.4257907083551
170.2711345688112
128.7131519877876
178.80927478685314
170.94627724410168
163.04388759586547
114.37036946861473
151.61407858931642
178.1512141245252
177.23112527236617
94.16595807718363
112.65777863926854
157.0047712906027
163.03855332843443
137.6639908704212
144.33826792177666
139.82375748709464
138.6996188562326
143.89967504654825
166.556262244063
121.34579259592581
166.04567103512213
139.3751185432202
153.07414170298196
150.1974606301059
166.99550758893605
132.44255356545443
81.51172942782459
143.0286260004104
173.86610877736263
140.21436451904987
153.3888396977359
163.46742608027463
154.55592583101537
163.17114221330087
159.69927434815193
136.8159036045913
150.5789095989115
123.83050297896406
125.5096971968988
181.3338975500572
146.2328707843137
91.58969538591523
138.11620390317705
167.2558131559183
150.26334410785498
160.93220607458167
180.5521651203666
121.85892500465316
132.54223086341088
127.94264091049642
143.83580916522163
121.39789885093842
173.27725919670348
178.097001097148
163.30333860837928
122.92518105771691
144.5166999767277
174.78023925388072
165.35749257266153
164.74319543943906
132.25175270959895
106.6561606127849
164.67000135538487
154.68002545774024
185.65078218347335
166.7385959489947
96.1618961670693
117.26149351652774
156.34922406051382
160.67968332022016
145.14423506257054
175.87221265768895
169.5513743458755
165.71242526171955
131.30710604441498
170.55136375636977
167.81340930717113
123.68306032334726
145.54087956221483
185.38440114362285
113.42670835974666
155.04375471765684
131.2874823126738
159.45016458943488
120.69141205013176
174.03166451653018
164.18970252548797
132.4628203726465
150.5133819823024
153.06159033389383
126.8984707550996
90.68787007381444
129.87280590430737
148.12034609641
170.6806125831232
175.02839815850712
161.63617720209243
175.212705259555
178.48553056183533
148.64526795800955
164.01368232435237
85.80580888708053
156.4394550356062
137.74324000462323
127.0342379077021
119.07088119780317
134.30511838562063
143.7231803702196
98.73214747929484
171.34123599788003
175.81445252005742
144.9948002382379
133.62956829865442
150.5113732045146
134.97947546246812
185.26619751537584
153.5137674128581
152.89929470553844
152.39327267541165
111.67976265947809
151.43617376464985
108.02267207703227
136.35950897128419
155.51944205493407
156.13639291919156
179.12277166394887
154.1826960247911
161.30021295399686
107.14050256905354
165.95133423202904
152.88556846753798
154.31457394614807
123.90166941530848
166.87700082405615
140.22808026453865
171.98203962636427
154.8438863714647
181.75137987256318
171.66448133342033
112.36184971217949
120.00467504451976
170.4891190179781
156.57535439043727
184.50575885408833
90.60913958382903
132.78131448418247
167.07901835301396
120.0670867284168
176.60841257618415
170.64900400131458
129.31551420407925
127.19099628920665
84.23567220664555
159.63974641888547
173.55586112489956
135.6720076392616
166.10835521230226
123.20864834833907
176.75340194735645
153.00633384156328
157.43125772899865
179.31124393195088
184.94733797235506
158.4188323334479
143.79348963998956
174.44563109884075
160.65395275747295
162.0921938518321
93.59332863702372
142.4458210499422
153.6735715783068
144.04375939873313
145.19582907203963
119.55328316965978
152.93074689592092
163.70118796508442
169.26682626581714
101.26892842212271
155.89899925567184
135.25369354812733
177.72784151559748
174.99488600912386
103.55457658602162
181.635488422797
178.5429574944473
151.16979849288555
181.5299934784823
118.85353215157397
139.35540027465385
132.6988983268034
159.92329031490473
184.74375521735078
129.55762064703504
