172.60670936184698
169.59655294900062
178.7110336669529
155.58398866942284
108.27716500990539
141.76172966211263
137.62504358604758
164.03471614997704
145.14362884520597
177.00297373401645
126.55903069026695
156.14527113090423
150.73284140875478
172.48410744591007
112.2576549198117
145.08907766524285
162.97025398411537
170.3063347185338
166.08716030316072
175.02707242229633
171.65024192578753
172.36077773209723
167.77727228848974
170.37012006783738
151.35078453617513
135.04961085411009
131.75218580832254
181.84094190980446
132.3947820087871
143.4352527175356
141.21652138024837
169.47471197629915
177.53288063551392
113.81205065380217
174.52510421121357
162.0107896231104
183.66592283975564
172.3344125874338
157.58136528959096
143.1740732690481
163.65757473036246
181.15398365812766
138.24102279918
182.5825195587074
118.59332150813125
132.780867920432
121.85236052915465
134.6164173880204
131.2580879378942
150.92398273565524
153.76296140221473
115.52440417824037
140.50448700910763
118.99385102415252
113.27681778998411
143.8589613960623
109.82696147129529
118.63863806424274
115.49710993501151
173.74139586143897
149.35617232017458
180.10048226239346
161.34963099216864
173.30388457584627
172.1704711024882
97.62553627719448
138.98149942939065
131.992678378446
185.47664364444657
133.19439621590368
138.3981158667336
150.52057636257803
139.67898175927652
174.0410831912532
138.66587515731413
141.19391707766175
175.60010570061038
113.91111822629384
181.49464342313524
167.16670698901527
144.59448066373642
170.96222656915756
163.32977417533107
173.85269599352142
182.43754905553126
174.3134866846875
175.37079660601074
145.42401212395373
138.14243692274084
148.3544772111014
133.06056740008876
162.63289369858518
136.61483463362356
157.44375735633426
134.18949549725636
163.54033769978815
181.38715660264987
175.64131923063874
127.8347251768453
169.78500148240397
130.33975274749977
184.85014014747745
153.6022385959223
126.15384530613491
174.63529714602123
169.00356941863336
168.66968336283372
185.8399333937133
101.28427823429541
111.32182478630176
155.1641948786961
154.96962025899032
154.66564729522548
125.09403616397495
158.4351633646003
172.96051069899144
147.35433217312448
91.65727894120965
106.78483135381313
107.8101224889383
148.6131007810294
171.70488225532753
142.2380415614676
133.01865703968815
161.12212967166926
93.70045726399776
151.89307580867643
175.66997463228012
135.24784109799657
128.0226109926002
185.77846269064844
141.03914305640026
174.32561448129425
150.12103091005787
164.46439696508614
149.8527336508755
142.68470847002683
153.79339573073014
123.8726600078812
140.3157218963974
109.3667568784826
159.63342176432423
177.95889649238103
135.3101860375213
158.45999703814635
124.07137203879202
156.13800150508118
170.13255983400586
174.00336847089
152.22770161125433
180.39547638033335
175.08932383409476
143.01273863031142
138.64522059513575
113.17272581084451
141.4294224294077
165.02915666574097
85.50663021769611
117.37661930860824
106.4772048313008
135.68599057978597
148.4002742531672
122.23600383062353
159.32454314936373
169.29443222725934
168.0807002640483
126.96450729560732
150.960216423534
172.1104386512537
113.61751416751424
131.6415299529585
134.8283614297444
175.2343721922884
145.4640663284426
132.53206925351424
138.1803440994741
150.74633365209448
150.61175326016792
129.19188908154229
165.7859582450746
181.5557030304254
159.63318730497116
133.93545544035538
168.61704579844266
148.60537032227862
140.44761326356124
142.86481336556827
172.7114930186793
148.21416648305154
138.0764426591939
154.9875160668131
157.87877569599186
152.40108557644555
142.37183114737678
160.08590955365986
162.36293774815493
129.31698899606124
138.7829474378961
153.8639252140336
162.10379520018338
174.99433600730032
169.18675204333033
181.08714300413848
184.70382847270312
139.58212057584996
167.84654470916146
162.30341055616333
140.89438676487194
186.27271622952279
120.48079727352027
156.5540223543108
145.24057538724412
133.45889923000237
161.99604116774265
123.76850873165853
129.9981711079817
170.30692081599997
144.65178650699175
177.94223089991573
89.60884550795468
141.88773354314887
176.6126377152047
150.5737548832316
145.57541164740962
146.8093532604081
139.50527105588571
148.59297378024127
175.54210389428383
161.7442594435415
162.09734872920194
157.32153344271438
135.55385859346515
171.3113146320391
137.1628801712717
145.28555490807412
147.93819565991265
111.60618685846444
183.81264374225051
159.3898728756212
149.87464995823376
127.60942996263866
154.61419619367098
149.9837739500933
167.03847668262242
176.18042340211557
93.16630428496296
146.1379369571186
154.01043380248683
153.79200915265935
139.84726726172212
139.8189624512684
177.81034416021117
94.41747299727415
175.27362255212864
166.03461452377795
166.4816245291659
159.36698773754114
158.7188649941458
181.74258905864946
152.69738441638987
121.99034658113884
161.53670511841705
136.00050713547
134.17152808689644
162.62966341798798
136.63566275388433
176.45194744405154
167.7757173215661
171.78238402980736
122.13807825970673
136.83815344150366
88.53123279654729
155.8323680821077
144.42437252215547
162.03939795841174
131.93388523491598
168.28475376222673
124.64934683176408
173.39472958243573
156.77502689878816
177.2360577216569
167.9096678959231
145.6831406391691
181.28781829736744
169.86406648781835
141.80873845494295
172.91914409002922
161.16353471577366
175.6547151641306
143.13023378465084
101.70948144740541
126.8469182390742
118.21267028983328
117.20619576124771
142.14332338698622
130.76932371025697
174.1672620274948
186.46736143673073
166.56385026833456
172.9645423138712
166.49949658553655
93.12692819754126
125.41249104969569
169.79075625168142
125.1971503207561
132.02728937598968
101.28293902732722
144.03078219446104
177.99659616600985
101.35227423065459
80.79542165760883
145.51251765490375
155.044815003801
147.39307772707275
163.81984436431893
84.1898708495754
160.5921883219041
135.62116654837962
167.26379068190974
173.35303972920812
131.67735040240836
106.80059834641068
174.09957951852914
153.40562381249273
165.83483179927248
156.8506561275003
136.77580597400177
134.00342328913217
156.90966203466746
168.8402546329448
148.4498207580008
141.12941127609244
123.35911600725925
181.26142102944232
124.1989144730905
161.85192261372708
184.7747891022301
161.1357596361376
128.37404569600935
183.62895672433567
144.8928770125865
180.81704752851957
179.46196120885264
184.20294737325884
156.3175436447673
179.6821569721732
133.46308561763993
127.39057276583966
139.99926585914034
178.63754836560966
180.34982167259648
180.1868036544147
114.43797055371044
175.9349694372361
136.39595476653906
132.8593271753349
126.63465862615635
163.0889568043805
170.0212449006113
175.9144869194808
133.44904619163697
80.37307987221904
115.03275685893328
166.07279504836657
128.23948505258943
175.62098149223343
128.57321418672564
139.1492866508804
186.12847964247385
166.66619682104803
152.12904553559463
82.10295540619886
131.278186294553
165.64037250161363
181.55978693549304
134.449690948134
135.67078427721555
169.6962061280401
173.93197716465937
150.63639517576544
130.936890717575
137.46926666819837
145.56435988407748
116.08600436676709
147.77491569359782
157.8322934949308
110.69708410905383
134.0538238597419
99.5341817467768
134.53869690131057
111.51575403242826
143.3828911370674
153.4388109461233
140.820338589053
121.78442357129012
172.92148305068338
159.50147025824523
99.27002543873726
111.20182994100816
175.86253815203978
168.19050751015305
177.13728053607582
153.47438065265084
144.35411467054203
147.3334731663184
171.71478480775548
165.13904236125558
159.73588487923277
165.00042076021316
155.26266807881902
129.2050720780295
160.97500015571313
177.38350830946666
139.34912118755915
150.63859723880697
133.7277594739789
116.38793212494014
160.15972905631173
154.08652057358978
141.81423192673685
155.14194203416878
110.2793453726083
179.107445819565
171.7388925882908
121.6387109579676
155.02736187778277
170.33773792871222
137.79032703118574
156.25189864745786
176.3785152964193
174.02753302409567
108.2064376953196
150.3269927749825
182.44592492992365
138.54386191783811
158.1525338799923
145.41440373154302
154.0636947003704
103.00833255165259
147.87248959594254
161.33221312933478
145.59126798776478
155.70475044318144
165.95192657326925
167.50133854721622
140.05880454801272
179.3515781654974
160.58646948785054
185.69396211710026
145.9045899120406
126.77189524436646
153.55382181497066
140.01738814361332
169.10933006004174
143.01650566539672
124.98329364906692
157.75182512958443
104.4871301159312
181.64746682220394
171.05282659834668
170.09688534334532
185.06227291729323
137.76502104075445
177.01901315747082
179.88023705923138
122.44931161882788
146.30872337728297
160.57689328548219
134.78782576999433
173.53606696292667
144.71115834418143
160.97830516457014
172.6279797142033
180.23339076886916
170.93723809321983
185.4496533691693
148.62447289309046
134.34663044118878
122.06798724980209
141.4033723611436
109.89312841781367
156.90267838409403
129.5342954269174
171.67460385553056
171.1045983162298
146.63433689748965
154.92043969825383
132.64194454484075
120.2939472797281
155.41691915185828
117.47654456254006
183.03363505702467
120.61420111286704
183.13390323084764
129.30106612678307
133.98074961741165
179.8411867953878
145.6309139786496
119.30462431358976
167.22741404500212
131.23769826049508
150.54367789579007
158.63020507837732
177.14628449364722
135.9855461404751
157.32142311507866
175.9359111594971
94.26403317745387
141.84713857732228
165.73301874980967
183.74439437418354
99.5544172882136
171.06120166461838
147.10024139125503
135.7388319264129
146.78624702442488
153.93422763970207
150.1332004391877
180.07347343202744
133.35442187778148
152.35553016598692
172.69529310672985
112.49645741226328
168.14986570264415
147.0752208453581
161.65596108452303
101.7638490384442
168.42544742952845
91.77585360775088
152.68028725476196
181.9020406225751
129.94474134807717
165.5774272875153
129.97162915981528
176.45920232817363
154.39503546534775
129.6772385355179
182.80170223978325
121.3826207937498
150.28314116531683
169.62575783231011
136.7331676329395
111.55874733835205
126.05721529552939
151.2470698193621
132.9853917956969
102.29968663562616
110.75099281915743
173.98588516618406
160.53687750211358
157.6782482133909
139.3679922548931
158.00757234347446
133.92718471764002
141.88609625457707
183.7413370638208
167.1325020272781
167.09716804201713
180.44222254175162
158.63079223428093
169.22434307584848
184.51118391363352
164.32443298145103
137.90113432202463
133.44691703388642
174.20295500459497
168.50318088967856
161.91047150000617
178.55995212616037
179.88884412853625
160.2782215476675
126.23628382049753
132.74890612789244
152.1960825794247
154.68253518749074
154.7812322352765
134.40030774317938
156.04168417114707
175.02134886806698
153.98650334836182
148.26722079217836
136.98756621979862
142.43206925148118
161.7427979920524
157.80018513219974
182.6970657210937
118.93386738880926
134.80014186331587
120.50133261118461
142.84364852434572
141.47561652900237
175.951970296198
158.63840960409124
143.08283930548154
179.87833224643336
138.0112377228832
182.67663969456495
118.16172442231594
153.31907055171968
167.72626430321975
119.13486873991468
163.8383969707768
145.5346112849928
164.506948201488
158.9920579317948
163.31458839853696
136.07038847483676
168.06375867400956
117.01439546620502
135.0363955584429
156.5542773502066
169.9595016583142
121.59143195443804
170.88649718048907
147.32658827775808
138.71101269115073
160.50981483765145
138.80717062886464
183.18801946367805
171.8123811699925
172.10710960910012
124.65731066381719
134.10608418383674
148.99095466397625
180.71553063210982
162.67445974242906
136.28354196154368
141.14079867994738
150.84083919709207
136.82000178058254
166.6224875789614
135.36498926304472
154.75549057042696
159.5239695040989
154.8481686831903
184.88405619559452
157.68859545462357
122.72367736982523
167.87968637492162
105.42630495767068
174.042040150743
113.40983935157854
150.2584773662265
104.38152937599261
129.0014883836879
134.27014101161944
156.90991507586142
182.79350281744615
134.52174684223036
162.9710996366416
140.08483807828821
172.7161714513592
179.81256722275225
161.461761145304
144.75445741143628
184.953849493688
148.38330528860013
131.73845533415852
164.7778893437856
167.59230818074974
179.52254495813796
132.1222586580352
154.2531129552754
116.4137362443449
116.81255455634286
163.3724160890224
154.44759014155835
165.67354380846754
103.80050259988576
141.65179559978085
142.0233702905016
164.9106433947715
148.3957931008304
133.32079896563454
121.31260541083424
166.52282159822022
139.76424187382935
128.0208147726306
159.50686101504948
135.25960814587262
144.4105647201877
137.16371411935532
169.25983060623324
116.94631006490994
159.04098165102417
150.22745124506244
149.98424863723096
179.97635882869736
181.41130754199546
167.38719071478636
160.8989925019828
173.13048380364015
113.07220934516184
186.5359611807817
84.2272730190915
97.23164835646274
146.96317795947738
137.1577577045268
162.93161470066258
153.81017038997953
167.4816413159597
132.50711434124312
152.68416403114165
154.0792995223739
166.15254074568705
158.84776350018097
136.9545097117239
155.03940382807366
158.63331888197803
133.72671256773896
98.93031815525813
102.76625164500086
175.40064876347373
182.0257234501792
157.8774634152131
161.8242355276781
185.80352769273395
169.2735830895319
143.26700102817978
178.83945345873212
141.4173351996732
170.18293946858532
138.5003637826943
176.15456593578327
171.91332564566264
129.22211471662322
184.03708164886734
100.97300771313917
162.63806986790746
123.86542267860733
164.11380515988608
142.6237935818612
152.87038736606615
151.8437523156462
172.59976244851003
182.95034955963658
139.62664494459017
145.51108545376576
156.77608815090665
159.12074355263223
164.02860407963215
165.9567515914498
114.0617940775943
150.42161342421963
172.7743659511367
108.51257984636703
159.7234044273094
136.8034895322129
146.9168847265474
127.98611029190329
129.23221512522701
148.54751376940752
162.85193962477499
157.82771782434077
185.86709603382042
135.55857120085025
148.6020817382313
171.96765993140264
173.77088398774893
181.48925202895637
114.40303277043465
130.64017282380624
139.21518687800838
119.51407734427544
145.46730628417916
182.1121593979693
180.3702957055829
181.11156595135898
171.90616300686298
163.84364240239185
181.7252553691398
161.82928894026114
152.24531261642122
119.46001359117241
130.56887616568125
137.90489717683263
151.0369129522713
163.8193785831755
140.30680949068244
168.88327622214274
157.15377984325713
179.6443049151403
177.9894404039597
163.21214260921508
173.86073333233205
178.101958936971
169.68501894897236
147.4840667108768
103.35151163645185
185.07791724990284
113.45887103598844
166.2413181182823
164.11309507200454
156.30460253389992
160.97869316726678
139.50787875095142
174.03671905905554
53.33551398458596
143.93514363881997
174.13674966708706
106.8056976569287
146.97578695928112
161.70759393987424
142.95730863384017
171.99797164675678
156.80825693047888
175.44296609827504
181.038730205231
146.30221116528023
141.71172782519525
133.632147064163
127.84607103620631
117.37581242835509
133.98514216143002
173.25969378413933
186.5905700034175
117.61935353031635
149.6116240943674
165.37571495295944
94.19787841170911
138.042460714996
158.6742568683872
180.73681636322257
163.2446472531396
119.87864247154272
169.2803086154454
163.38572112287073
130.3032082662269
183.64839497574465
164.61534737943026
152.26830286489036
161.5371041465546
110.52315974657961
163.54524120005448
139.22879892818096
156.8363827711955
127.7538726581154
163.73245638263083
175.6731050583398
141.59228026958598
126.84039629344764
156.7975950156471
171.75041731266393
159.85704835239542
173.8856831926925
151.89014940080688
84.36524241482047
168.5958622236751
182.4467777899046
173.00523754638746
126.47655192536448
116.83681364755049
156.08542399025032
148.11657879870376
123.2757820639093
110.14623017821502
176.6497616730988
132.7344718405218
88.44189675658026
172.01561927499262
175.6181184938366
185.17936298186874
108.28148772376126
145.97041409372426
156.09173874136172
181.26658938478383
135.5559661618283
113.54240042510328
147.7986169656043
155.71491407091872
139.15152934605368
115.64749446426956
159.64067689620208
170.7737378267373
159.06306924099033
86.56350866481243
149.349070932901
122.65669366035326
128.89360964544278
117.37501640380162
129.9516552372954
173.12761264552518
165.6497312098765
145.350841572951
144.8927147207962
162.9724630680438
146.38977858880585
142.67937815758444
144.46154618969538
174.30180281560018
161.7273516696886
179.6497315916048
164.80787798355203
144.43665829482367
157.97886805333104
169.30818332434558
158.95320706379115
118.14366416660468
154.79336648932846
146.85782974343934
148.45109169608887
157.99438189917265
143.65391694445537
103.9191357345477
172.4141980183472
138.95465436370603
121.35465809813766
176.82541697080012
145.71241283463445
178.15920397852258
166.34226411455793
144.88606088436475
136.50690858058397
130.536301507995
138.9014313130444
141.73087255596525
158.6427624659242
122.43400224151841
171.45917700310696
128.68764943127078
122.76744677150073
68.78048840013597
135.19242241225942
150.19966214287044
135.16119055248652
120.82168280951636
157.71771044209106
150.221163778289
143.85381185464152
122.2634438491879
181.2878911171401
139.7612721263603
174.90406097566878
153.2722955920518
179.69709687359676
182.4208858493517
179.2565481215539
184.1793195619514
107.67667488035872
155.68081669750853
105.13692157760592
167.59867560845746
139.189882633075
149.01719079894187
146.52505074632109
129.6172004908229
146.50551048382636
139.21069801545195
173.86273606948575
131.00408385076668
139.27621761399024
154.54026150955005
175.75566077588812
184.17954843397132
152.76508028900804
122.99932454015725
130.35787606755125
112.41004152816109
111.47240710519037
160.88162308834768
128.83412462260543
169.65050262913127
153.14110425228685
97.41166547672026
121.19238451154021
149.46519803800288
181.2681301501584
159.3960388848551
161.8749827421703
180.05221452091985
148.54567461800764
144.9681105729598
143.88001853529374
175.45096885168556
138.77943938351
102.72074662811184
145.57655477264194
112.3048104620855
113.28733452029115
161.66995078473116
168.231954812354
133.2060596464841
112.05721029352455
163.00762300446868
159.35953630881556
143.32233324305804
169.94826556709424
135.93589110406768
148.62124029297587
163.62577676477977
92.08198105379432
171.07259206116876
152.26750108047264
157.79943191953947
126.70860150634765
157.40145087959408
143.3665660322306
155.72860252151492
176.06264634977225
138.30183271663574
167.832115709134
176.7359394834786
181.7640686017341
96.48456681280751
169.658807356546
138.13417724667488
142.81636002148088
138.2090079880449
161.43026037717306
179.56816119090976
179.24555009946022
162.47184540108762
154.5747579110697
147.4716462573293
178.94136424336787
123.01071040898177
172.07699529912165
141.39009152700683
153.27357788290746
123.30017314412794
168.9764482329233
142.08878102038418
118.17578265970987
167.17428412822474
182.48561700590903
158.1217258058586
169.86629297801719
173.58885675159732
134.5415798771232
156.28390322239676
176.77891425699963
154.82079149327492
164.99722555855828
161.55405706703877
172.1015913612341
169.02220778821209
172.7807323238896
164.470713888287
164.06400398666764
154.2171812498846
111.47605034515212
128.43453072462745
146.81056202967397
129.31163832564275
153.81287466686553
185.82339849214145
120.06382283090932
141.3899952631804
170.92505697461905
158.142714143031
84.83144614083997
174.41929530947775
149.06555714751704
172.3240301936133
117.85619790968397
173.99022538764632
178.68116161513558
176.34786720157442
156.92337220176773
162.08797612095043
161.40335048870136
186.1117247963861
158.2049888965335
181.1569632961016
153.72943219060028
124.90285550217109
101.53274133293849
165.1991115134582
136.00580029102852
140.47608960627974
144.7911005536324
153.0272977304288
125.90536426352858
144.31053599050438
153.60352986104374
161.685342369943
173.89855670865555
184.48461919979812
175.34148164465768
148.8107766153374
169.22275610922836
158.7334660285723
143.70260242278664
157.3347007873904
145.00911677554933
160.57594267405165
106.36780792637673
135.34128519048238
170.34502181471294
178.6321565512246
152.08283760541735
152.5506844940092
118.15944231024848
153.55030061510837
134.53268124873148
142.53567498729595
99.59112893334962
183.86977203269444
161.46125403412572
162.48865607005476
173.39206197447587
143.07756001081555
173.86635380852894
111.65164601645738
156.51410391991553
135.08948108143537
153.5629371698499
164.75530958946104
162.03449157023522
102.61729120984191
116.66664807723575
147.52932043803597
148.209447662167
160.3110106396235
130.943772444527
96.92313082309609
110.15702178084408
114.83596781025778
118.87246523250893
182.70572829507364
144.74941448323005
161.5077346367116
166.8243426445031
145.3867128784999
151.59930215350056
175.24881181722068
154.70455064047889
99.35002263921143
125.68298125923619
177.42257562422535
108.32062015484314
141.64924763156023
109.02340491269038
131.20581848262455
136.78138912589074
47.853240466694004
155.55557374039478
135.84015288348968
170.22880011880426
150.01263804721174
126.03611262129976
141.27464818935488
142.15076619784162
161.97691371247973
171.8104377494349
183.42113076332745
132.15213616772786
139.0759569076221
150.42006266451017
154.34249268543115
150.36411432382675
186.47522329207064
173.1475086618913
171.14106349103048
185.97929088885823
148.24206776430725
180.52216354385652
182.66584145775664
141.45374894994015
138.12525625862975
181.1647457110678
125.22616312225787
172.68934115851656
179.9103356401222
157.887498256567
162.2047247047862
172.38721339616342
120.83901918681573
179.3459091268904
176.88693559512456
126.65888994675431
137.7755284381673
155.72133762573128
153.39281308409838
144.888338394861
161.3384152309849
142.20982945311337
111.61659106579492
178.94569225764167
109.2385363620457
164.5700835246824
150.98985914240427
157.56733258881908
147.41051917040903
126.02885401416745
165.53715523424557
106.35914985468315
92.29585193763188
155.4124257813332
184.06627192483253
119.77568729300805
157.05814001125395
153.1822778356919
159.0206939669553
59.65289084066795
140.46400239082274
158.67569538656622
182.23658253152297
174.1450199270118
128.8791227527802
184.14881852610782
147.53913956206617
171.15814923943606
110.25221339721843
135.60116250855526
179.32100445428347
144.52590790221043
180.32242568471216
130.49759888376832
109.500787937931
165.9531870852285
156.27227391290896
174.5900047697424
154.02129689189235
154.62644478311694
178.08162826865302
179.39461586506957
130.04730737372495
128.42185572002356
142.00675506342589
169.2759928673577
164.00117510997413
153.6079069769123
125.06697685227236
131.43475607524553
135.1514593061131
154.05633692335047
186.1689182898837
137.24542915153552
134.41552691571226
132.26395243751892
166.18882683534136
141.17029982661785
169.3624832700354
156.1023242216102
122.43889396447203
147.6494457580251
150.54467131574788
156.7605829694639
183.01415790876695
154.1679639226037
183.89193358510164
158.50952346385964
176.25757002969303
138.20840392698895
124.09315192863839
151.10332992797723
152.69409576069242
102.27867165726566
144.9358999940052
165.9694820865871
159.58276555711143
181.29300688318952
164.00144277289724
147.31738700415207
147.93142457182145
165.5171454413669
153.6872008468476
149.5435861188739
147.8568326657356
160.2169446049014
176.9735039298114
125.40776582335369
139.9636137654302
151.7789611797195
177.49300777098873
164.52852073120513
132.25063878662377
95.01375527011206
114.01831616427106
143.33425788313406
115.2822623809575
151.27904034552557
138.85988721245545
176.29703500788378
173.31130426539028
180.5358160953273
167.54961922960518
140.0578654516324
168.59935978430184
148.34886231603434
109.77924804488697
136.24959602596385
169.1088468123488
142.5222271840094
166.40580804549967
141.41660985549
175.48003645142808
175.4052707333567
131.54727044256506
141.51336834885137
172.03779560377828
128.50482871420596
148.19813852051772
169.52333105875567
180.0655208228247
141.6271504121727
169.11141808197664
167.7237556170854
152.61615023063732
174.86771124257928
127.24541813200878
168.71737841517344
185.81194999394492
183.27763108725992
172.71965066424733
149.03885606041467
143.99077997789846
91.63761441666128
174.9342067810166
147.1464896203237
150.1701138890714
166.27040194848632
159.53756715342865
144.46716848869596
167.0266394752345
179.96933926311783
154.86800029717804
181.22579291247322
119.76219540837856
133.79157204937908
150.3107201344319
174.21267032806387
164.76890732837361
127.32944480119117
180.7567104455661
154.0358559706203
156.21623981311978
174.79874748110794
182.9587497668901
167.72007842501944
159.56661381629507
142.5689902209436
143.05805400301495
136.15752771062307
134.73808121381023
177.8218825295304
170.3276713133729
142.25942727339907
104.01251149403325
114.48206011083252
140.7613687810595
159.6341981003345
120.20100108719603
104.83452475258845
141.19403685745428
138.96352759910445
170.48304383222472
145.7337962239969
139.02400746489306
154.05823017656414
183.55865262641095
169.75079604074062
144.90619633776032
168.84007652384025
135.15268220064135
118.93634558118121
163.85027479418525
136.91284977565715
140.87107004194328
93.19469684509376
147.9535316896045
151.38181390702763
133.53266069910578
138.70270705212656
176.48164169232712
136.93673215439352
121.50935530280503
135.99776914107827
155.97489629286966
116.18884702098555
124.61772352777379
144.08169071818577
157.24142136197156
171.67852967350476
157.22921192625287
185.41731984038478
152.67130814638722
165.2971138351907
175.32111914368318
152.07873179081966
174.7121160931214
160.73519723465972
157.61859984874062
161.2079415870862
128.2767307412484
168.158699855531
152.15242722351033
121.50018746200882
183.67163180225447
139.76242672274566
181.62716912170816
175.15652903979804
153.55019059402414
175.464728956168
149.81280641126614
166.035205201048
128.74191457519964
130.0172470621921
165.96755389170525
169.2903270101055
160.19901318610155
126.2651927248734
152.34530389383457
158.7353473131596
184.41053591123577
139.88855806235324
179.61778565955305
173.93043471514034
115.28764968741893
158.89561973609463
184.24486605439697
159.83563501270754
127.42468456999819
129.7540038684977
146.58738213205473
123.97329150390641
174.42159500577458
184.29943213888336
164.61284600958012
152.70475128926478
165.58717205515987
157.07545644470372
157.3809102312368
155.25983539341198
165.30726106324764
175.18229202651176
130.71270284877792
125.31217463947979
155.72732935693023
121.98781559073814
168.290925980824
159.6825299528122
135.73344043479884
90.49897855780038
179.20389630689883
171.17243468272076
129.37733832693033
132.32766817302934
154.4846396814051
162.51626720577158
160.76806597229609
135.8261613923448
158.0792108998419
153.76227197717722
156.58624441963696
139.59447548449515
120.59046963308987
177.3985977310342
178.73375280889402
153.86504326307224
186.50264962037315
156.88546721262898
131.6771275900245
161.91573657919687
153.06832544213592
145.62325121158952
144.48042052489245
156.1709221270823
129.02978363269352
143.94194434583557
133.5548556794859
120.85301055491902
163.65981166654728
135.98272924987384
138.14833455275485
158.26785637612375
143.91070757526913
168.9224741242968
148.77425340372235
80.73857081814913
123.93845380024212
185.32984177334217
145.624534763393
124.40773698402484
127.80144830374937
104.02972594374042
179.52267619896816
160.41697044986262
102.70477509159761
127.41330469443102
147.63978576651556
144.81981231039055
176.24843811174728
159.17674157936125
137.86379457385434
134.13116181610843
161.78527767968183
124.03838516689885
169.96566350714383
165.87394665256198
135.842585777333
129.52298628372554
183.15952499732524
88.90288613333871
151.6091303361379
162.8833291998526
120.91311559083731
170.98956587823835
156.20372039549886
178.2808856971951
177.01773156988577
186.2568929417468
127.98246642266542
139.07512167826215
115.31098650025581
143.29511315098242
122.66499425715028
166.85500028459424
171.64962111962117
135.16991392532526
124.51786689801301
167.93122221523402
178.46248366697247
158.17500718578572
133.86387761859893
178.60442752398197
157.5444720262607
163.38865272191788
139.0391075386491
133.9655378210571
123.07223226708062
140.2084928358018
127.77892536426916
149.548784145892
159.5524388522829
168.74206958605606
107.9271934842229
176.09451501641354
133.98932247492803
184.2599328697682
161.65854985209785
150.60705346465554
154.5029712448862
95.4181216103498
181.30399253232414
137.02381066217524
146.04554470999634
151.75224431778778
164.8539487767295
159.52139742022692
153.78980471047535
170.26565122461182
171.47918168150832
139.50251976033496
171.84920339937761
146.5339845224801
153.7259062305779
147.6658504896684
119.62418543386298
180.4823061230963
186.3571361361483
104.7452268944317
163.73143511498756
130.4930823287634
143.323353981062
133.04338232709546
170.5931610284453
139.70548504076737
152.647120201053
183.07810569509206
155.20884061904462
178.446482797417
136.12932538868188
165.23906186762395
169.5950962409041
184.14252531685347
138.5809707191514
146.00386382180116
132.86447477758327
119.65150820675083
167.02461619068106
124.57270087076355
90.10145713486338
159.1370346832289
163.62272862590473
167.17631056542368
178.61686872971003
146.04509214368855
104.68031558006676
175.4514206603182
83.28545236652569
135.4248166319272
155.6427920387117
183.1374278121939
152.0083120501556
128.0554729998905
176.3175633573854
152.15344335605104
185.75980149767466
131.67875320848916
164.08379846821
130.5122871966583
170.68992149346258
144.82065650678507
109.90900427508214
165.2016935089872
132.1673980456784
142.62714140630294
153.72430201588162
185.6878878167561
130.61712096226768
168.81035949502285
166.55680407446323
174.83873709814293
146.55745706377823
155.43072017721101
167.75709858949418
181.27266669916207
116.54763599438772
134.97394732176403
165.41341972186925
160.01706545733074
180.6714227716863
175.38796499726934
185.85727290022973
122.39002597762871
185.02658696875238
144.9353443237608
161.62364698053236
165.72838038478977
153.21227926772454
156.24333332686314
139.35162250616193
132.3769448822187
132.36050071339707
167.36022457719176
156.79213554773662
149.78346972821058
157.71089681649482
116.36878592739788
186.07090359246664
172.2421367374645
131.50116669658166
164.88423366204984
170.54782077534313
170.63560411946935
172.07160433983563
125.6318049750849
179.18456438639532
176.6397769335775
155.50897479704034
160.87807561822694
125.27586737176632
135.45595617768387
177.70800429837183
154.96211216389008
167.6503467953796
144.96854367113323
177.9454763958699
150.3614709803477
154.3532930629138
156.5381852685708
132.72550605777536
139.69304675689006
158.24849561849558
181.56247998045248
119.49519252636132
144.3062947568771
125.50552845983248
130.11104692840922
143.3060458980381
180.73219456998333
90.76367202424386
142.75698267829554
161.93188322152986
117.83804347517149
177.55632679031743
119.60003104780033
172.33260344586873
120.76459415609168
159.953891391217
165.10879217921345
148.27703833550567
163.88722309988316
180.1147908882908
144.1628107983563
177.74441034234826
135.17796427048418
136.45769928531362
144.15258587703744
176.54791902787497
102.38464166485812
167.81186526988526
159.17898819395512
150.5538846035914
116.47736273616597
118.5497191304188
157.1573869277371
125.21059114222771
173.02269839128755
173.3346322896992
186.31059475650449
148.26547183671724
147.07561935260372
181.40344553990093
172.35234730053944
120.67563601423072
158.73213371615137
127.12405715725096
141.88102495639058
138.51003025604084
169.79838337583803
110.24833957121164
176.68946695419177
76.9447387620392
169.52395578123122
149.20493922905513
145.3673857191269
156.51793707043268
177.18376197659032
137.1687935821331
155.6492042976258
154.5705926463653
156.57772949822268
153.7531758341954
159.5888764528144
181.3707222088964
135.00452080974782
164.00464138963562
154.3786251825105
157.4776626285455
176.39310587123748
142.13906494254852
173.66706599142492
139.29281474048003
146.40020177010018
129.50856018569652
133.77811516040617
165.5126706611985
130.7379296600008
159.90763263069584
121.31234667372155
128.25087370430097
131.25975535945426
145.88618904682139
133.79143122984783
142.50080383176225
149.88497095570645
140.48241713904378
166.44499916410365
150.77919854903305
125.08621955428862
167.00822237603325
106.22960939266525
129.3083720337651
150.37762164488814
149.421330552173
119.15461560694936
173.73587253090926
173.05714320248273
177.95951543578303
146.3595627401733
173.88524091278944
131.52620289202838
164.52256153512914
105.40976284912742
151.93703416962322
143.8434615456494
169.17150625012516
179.62723723273731
167.02526153144913
154.28560141697915
157.4039493081119
127.22604538031919
178.01934206121902
141.56852573217688
159.4402317929442
186.29006193931588
166.56240235600094
160.3804623861481
135.43455233268827
156.0651130699426
100.42963520891925
154.47348287437327
174.44908787108704
180.7776847789711
180.0642534810272
154.96972470961103
152.5818963292458
158.11475438837462
118.32503668832086
181.72879900415418
131.8692808086127
164.1283677334835
150.60932051591618
174.83213385855083
149.67957406363843
139.8739472339759
130.37942778681366
134.63218908699082
178.78813758103206
155.80486979431964
132.592798516615
177.64297034688846
148.4368258696653
167.3431675867593
169.92370190026372
161.040054153951
115.79743830965245
153.61909961880008
172.3314294396224
131.61293332034126
148.7563802143321
172.04440316764286
178.37273738685872
101.129466838187
180.03017160470478
145.29684731495922
162.2576221759344
124.00447242676655
156.66286274191938
104.85333939614762
149.6422986714114
144.18760613568955
168.3582354277846
154.69128878618488
168.56387293172412
125.1088294048119
138.179632113739
137.58903822823618
107.19488324149225
166.82329308383223
144.26108104068138
169.07119273518566
150.45868320635202
128.34340149025437
97.34734991150783
170.88602990895816
154.1116861688535
177.94925674960933
128.08847403816807
153.3821028432688
183.007644272292
160.29696981704095
146.6973105336539
145.48591379684927
160.52758884866998
163.5784034617126
128.50092934939397
149.38020169439085
115.18082415479938
150.89899541892794
127.14371290284913
173.53645698959477
138.05376529086993
173.88137234175977
121.83317997937989
174.23139000601412
162.72948847365615
174.60345435202169
165.75250242122198
173.70162642435218
149.39811770832085
155.74031719661488
132.7440812487501
144.64388597760814
113.16765504187703
135.19811169319098
144.64261411065212
108.92417869886687
158.667965707789
144.6953720717803
165.6653633374655
128.93565881546877
165.7313652420024
158.30505436661707
183.627916935065
139.19470975890644
179.9760739828893
181.27085057468156
178.89528378794537
130.5713686198748
139.84482346178228
131.43250339105532
122.46239408367089
116.13267721368463
139.08191338604811
142.81493694571014
113.93710451327357
162.24802788802245
172.24374491414065
145.95870585960972
152.8001972231575
174.69752088165345
170.31297816832335
120.13828404500765
180.8951272876178
137.0963865835076
181.42313105938194
157.97514075573554
131.33728610960716
138.9339790481945
170.57611630434187
157.88357300624014
142.75052079832335
77.00897317390262
138.32748257050508
169.36260665778994
122.28768601109229
148.53887322262688
149.2071563498755
176.45767951339684
130.39565657958
124.46441929850114
149.7446989159933
165.72971771440714
139.1461800920639
179.98002697367264
157.36974993683543
158.91110680006145
156.93777601471749
185.76264800127962
167.64369901277468
172.16553383537456
172.3871635177591
150.15203995377493
155.03816250335765
168.50659890301552
128.19207247505705
177.77424546296305
155.74567528092928
155.8802223863765
118.29476834751301
143.72237440637937
124.00308412476303
167.1800625623029
170.65557565514368
145.011006280989
158.03378190174956
129.88068525185847
94.47916351119635
111.57253169763686
176.94115462251887
165.39338237463437
114.20400333878735
180.58186023586578
148.54023826712148
136.1752081004784
164.86303596501557
117.14489841358622
135.96750646516193
148.51176908457572
158.89251892084116
151.96370224579425
157.2090063320121
168.7096963951745
130.5643931386001
176.9829931661567
134.66138538631358
103.84895159093256
146.48275237979215
167.25160982709724
122.11732588248968
159.96933331805099
136.20255672630978
147.66182111104087
167.85973697237057
100.19562092080207
122.97979611191357
107.6438574261373
120.47530327508228
130.23879518012123
177.11219463507967
156.1299713430074
175.59253740960247
140.02171793297973
115.26553514081282
150.3265585738581
135.98171381375568
104.3406190926644
103.6131201945347
169.6415565033873
158.44339588080052
167.4438246199962
149.42788502680287
156.89996939725958
185.04539931317862
126.83452520523014
169.25484490465732
106.92992711347975
127.1643438849283
120.50089726327212
179.26473992017216
179.7697776598514
127.55878659855838
128.09403226838387
159.15739281088264
179.88101282745276
181.70489486676817
127.77218534898634
93.11148640113971
163.61492606472817
146.66127126946262
138.67051481451531
117.82585679655804
146.95580406261791
186.335152553401
175.35333145846153
149.56311845658945
137.6867387312296
176.48758497606622
186.63321043207043
163.84376275981464
121.37205587806343
149.25224604595383
97.66746373809897
172.4769115735557
173.71029941037335
176.37917300273398
159.23767076268848
133.7472135182781
87.44711952661042
159.2822065503242
123.37610012528094
124.65116131461319
155.12481545853353
159.3489272585308
183.6449981246089
127.85520258733958
175.91604129444818
159.58283262179094
183.0859051751795
166.93875461280552
177.2601261681656
141.1557095942528
114.31187821954654
127.8759522827997
137.75990595831962
64.80204990168886
180.607980297182
182.83742104422882
160.9434804849459
144.63696145541036
140.44335750069212
159.64591216112441
77.10523728606537
169.32427045661453
180.8757106085583
132.85776666417007
146.44155436166906
102.96587133409277
178.13147033161925
184.81238302053083
98.61804099210335
176.74959958614204
165.39291178057724
167.67732480508622
166.27445215804966
166.00580913042324
154.3738825049585
152.1340630967609
101.68098089268857
114.29824873544521
158.87463639577078
168.26090465263061
140.99830153008136
82.9717947822633
176.87284783440094
141.5306712407164
145.63838818106976
178.85967176292962
162.1945842798326
126.18253530809471
185.12991029134275
146.22045388169315
152.92328380661627
126.40616285734379
156.85468585257178
159.6551901521338
142.6998291460763
178.92851771291393
168.6026186012165
161.8069584739299
143.32760667503018
176.88028777643947
128.7586581318911
131.89238832280145
178.76399954206553
162.85298126689392
148.9703875616611
121.99923263230437
136.46738803135915
159.33576821375652
142.99601093205828
104.06884151845549
130.931777570394
147.84456410944566
169.73293279468277
168.4647873401137
150.5376298688857
158.00053624230088
138.48640813910646
133.95815274464178
137.07802063551733
149.62061114763569
186.43483189639284
172.88901227899677
142.35586902929492
129.84854897779894
155.03510810645065
128.87325323649907
158.25195959564493
152.90837588722502
143.10984431564668
138.76128413975982
124.37372498523476
92.25048108183847
140.33653788587782
145.5995961749856
181.24061096795361
129.38251065361789
174.9856150892565
125.0363283433127
118.92202067658266
170.82332464149917
166.51785083313766
132.1534316704173
116.9678876580508
174.7535812689369
160.13192997889328
118.36347635213335
153.59939378187136
168.20548352280898
163.35291209603915
177.0356617616069
133.04127040234204
161.66242863443637
166.27666853759555
147.2425062773843
140.56216350935298
180.88252835369906
123.79492617153767
83.07632201909738
179.45162854830377
149.0159014638081
127.30607430027028
175.14277011224323
116.88691773347304
174.02132208950354
182.8295038445909
136.67107887415253
168.92477139275258
150.41172648642254
167.57610728104632
151.01879444856806
183.29696543816243
88.17606330829543
159.09600243403855
160.46011481727203
162.73185019005126
114.5851994565296
171.20714812298087
138.05463166051067
186.05602985726304
176.62085717829675
178.79799807920173
149.24962112616328
172.2813162342412
173.1845924651033
162.7573800449994
176.9390874304323
152.7150641894964
130.95899575822904
185.22653018394936
155.6842796812345
132.2200838989802
166.90434532713337
155.51003015172503
165.78161073832584
164.8980441396685
142.23387153248112
150.05524159102887
148.1592195087968
147.51394035429655
141.72501526309858
184.14410337013845
168.93796610983728
160.52344756871588
162.01640908407344
161.59028330176326
150.0686455058486
135.20051798729259
153.53532043395322
136.66841934048765
112.01802936999073
167.2797533079556
123.64556042916459
163.6230901554623
131.01652321568912
166.58722412120417
151.57201032647106
61.21335268517426
156.9209155362365
119.61670935766766
186.57628960898563
136.5131003455953
154.40283758144804
172.40360165000672
135.73667085876716
140.02722677147406
127.76939537229538
184.1836090291477
169.6868506050913
124.21337835343007
105.1973503870282
151.40443842023774
148.88554534436983
155.87886016331268
186.10056937394384
132.6447622328064
136.04006280704021
152.53064442561364
145.97471794607378
138.99870154974565
99.36939590181656
154.30036879918222
174.83556886925945
134.17848299359133
148.69534432071617
154.0863598275073
132.26274733763356
169.8763776092439
150.8865726905467
147.72154382565296
176.01729716780446
165.69470387162738
165.40159090183332
181.85332629278884
157.97231852873884
173.58656272231536
168.23806574610822
130.23382407733138
166.59201414395798
153.36103089833838
113.59968947193484
184.8326217933397
102.79136487993036
150.13481162586797
133.09360268629675
148.09449075205143
162.75475083763268
142.70382735127717
146.74460627214788
178.95765601710974
165.6641148666771
181.24717984463138
165.6105588285923
154.81308936709294
178.76630080729103
165.33425685602964
152.50264890069218
45.72836639190169
120.9947922477016
137.3554119088562
142.81927542905075
143.1249516207101
91.69072602539386
140.08654191305908
149.1825097877807
132.10988962862686
95.13250588939971
157.07962661336603
146.31914697233503
100.71350296207035
152.7528240937589
171.52199528238438
167.11844332288612
130.85281739563771
134.5620268259751
138.32791582756892
121.7915367047224
117.85679518850012
134.53267912945088
183.01803162307397
173.1181645325148
149.76720327252016
104.36329518890338
165.87076508459324
141.57575966092227
138.9383654710572
163.91717391543042
141.53858688557082
139.28762769422644
144.7410457409072
130.70680508532365
130.1113176141838
179.85965451641073
136.2023825867589
158.4814014799411
131.52382599004306
174.22292233998522
148.43976527017284
148.62233627032575
143.2154748487543
114.36654435825433
146.50383770898142
175.92891997925472
163.21709256580658
146.56645195057592
175.8491115206043
161.65917867826747
122.11520946648736
156.126702343395
171.87522037097682
143.3040808619376
147.9164595846051
170.30985257845612
137.42732416908956
183.52324025882123
99.98066837115049
139.24537288040128
137.1300393272811
164.06507873654203
173.32545725211685
156.3526786315512
121.23504087578283
147.05136559816657
175.91908251222728
145.9400784582219
162.28574063102752
168.29691878191707
172.503270227148
164.17125765525444
118.76138987413765
127.85712920487128
162.77051354665736
74.18381178842586
160.5429434398986
159.65946597744156
110.55309131959059
117.28935683534725
133.27215045170522
133.6496857263417
176.72801808014216
132.09087538430066
164.08901132588332
151.62846672808158
183.10424103784175
159.29754626482833
121.66330771560848
154.60235995923264
110.46765151366102
150.4884859964124
154.40074880453705
145.27794863811033
145.84101046927657
147.76999921288558
172.7346671465245
182.1921295859579
177.81830822369537
132.49065391565975
162.7753446059659
136.49928803023678
157.73587590244207
166.6812542171922
152.88210342854163
122.01773106623367
97.45706742907637
162.54133352126655
154.64089447069247
124.53464962341548
135.69745702784158
155.2516846931483
134.39095874811824
168.0560559657437
134.47678379036796
129.41307069136332
97.24537687072974
166.90783255845423
161.86423838614513
120.2804526876216
118.16406053634014
111.32673418296679
143.7333604619582
177.2211561625947
160.73132678474988
186.32115297104338
144.14058155784167
158.20394494611205
126.31983511984028
144.09143294506418
174.83914625190818
121.30689550632697
173.6314870111171
171.2704929232176
162.1756642489042
134.67245019728824
131.96507389360144
158.77377390531834
180.95918112303954
145.73748420278122
171.95139069442408
177.46893392247367
184.86780655538175
178.40647775697522
175.16858521729472
145.46394920923123
171.78824451966995
148.4027694202532
73.87905813127486
121.79216308481746
166.32322736960876
137.12987858521936
101.95010639727715
175.33190057475616
165.97283965280366
109.74863957410696
111.71195467302277
136.10149121528136
111.90314819807418
169.14782688138158
138.86469115226606
170.54212077748124
132.21451165934766
123.42513151561896
149.64470345402964
142.70584050192392
143.02988252504466
125.76370615774117
162.00429602611987
137.75081340193597
142.3008719969913
185.29316641174648
183.97615649456856
162.81566282368672
116.46494279116541
161.6672968793069
171.9728317034306
163.42509625781219
148.20812045935992
173.38167702409305
173.82869888500477
142.23998484179367
121.68642311715382
158.6829672210611
162.7935302286882
161.18660318760018
146.8165881504228
132.94462590050867
171.34191237368367
98.46628501160316
138.45848237651217
100.57690438561826
112.18326546353975
169.2575132069964
149.19544467855548
134.10201806824924
144.47457163371232
158.86746567214635
130.18920173576703
142.04826407197788
186.21170170356
158.23164741156577
173.77697213816955
122.66895436144449
178.13546985458825
155.87266760948998
183.2927515871211
126.02318344179618
167.17072556665983
127.52403405101941
172.01342879536617
165.54631429595315
148.326630122099
156.23554831122644
158.4727984253147
132.74890764835646
152.35637329355214
130.23635287160948
141.34228501308814
113.92329815313994
172.79989445403012
146.00112423603477
164.85204642967656
184.79737358298775
115.21661898828552
135.69475597677524
127.486190876673
117.92735871585418
145.34327362064056
161.6813633911776
175.55754019772198
164.24325511701903
154.04972146880763
145.99361279545536
149.4245390160187
98.77340691578591
140.33447915802654
170.64087627938397
54.41011605663897
153.63212973979222
186.4671448130969
151.32735996006605
151.76775887624535
151.4086965736333
154.2243653136087
136.16561068426714
109.4914137585213
124.29179730100678
182.81985995445677
119.7643296124044
175.41938235649488
134.07970571630042
184.13983461079928
144.86204458542005
124.81814357085446
148.8236203341984
168.56718647954636
121.32159265673565
149.7530928725378
144.67688941226973
145.13086666020172
144.22783137397698
160.10061090305825
155.68493015957733
128.85624886292632
151.76076477228324
174.63061945446938
127.7156256907644
159.70890565401987
172.29511797352288
127.9782579123858
186.62890269309807
178.97478515226325
159.4770232816786
176.68698716668072
157.63007763120942
156.82812510639766
155.73612456365947
152.11268798203537
185.6366303017083
133.9170003268516
138.46313902636578
156.6776839252538
157.86397260150696
114.25660286335447
111.60440774577617
145.69781172301668
133.90852960422555
168.5733005222217
178.8244969273865
140.03026797280177
186.55586808032416
176.12889891310013
116.84082630917183
152.48133463554532
133.93050808542748
104.40969018211393
140.50165280155085
174.80347447383662
141.25686550850125
152.68909064696282
140.80299793898936
112.33196855361595
176.73693393663456
129.35992094195313
175.10156631136383
108.69994431746451
106.52895839978675
137.76646431142677
153.88437936016192
110.54211682816056
155.89372038035378
107.75743452444738
150.5431283979019
110.69482644737373
68.42953981061899
113.95157256873503
161.28588906065374
160.06511900984418
160.1365485388945
149.58930169212346
182.85848298151018
164.63425359869248
124.13849425771157
145.9814998182207
181.19524590192418
138.1614849748918
119.14462230340328
107.74820255015942
162.37909675758178
130.15499307165797
117.57756962017201
103.85537863766166
172.73006414155915
121.29871395598788
181.53104220666123
180.74101713785168
156.3103619027682
170.24010039758346
146.9417351298776
172.23326963692185
163.96286154485628
133.58635947973755
167.2055478350312
180.78503376008862
166.75954357590788
152.67776243642953
172.13776088478068
129.2196783736867
171.54657684126232
102.46014774122648
124.38759114684277
99.47812126835905
137.6701149066752
120.70205673660917
143.90550347816773
167.05141469441358
173.92061370107507
147.25968063858528
177.0185284816757
91.26348526154831
167.8171550345948
170.98188510151863
158.5331556558464
124.54202089155919
171.09149896389326
164.53371104508145
164.79716944487427
153.34105606729045
185.35154399992092
185.25733088895504
137.50897413044686
128.7705264255342
177.62368539464242
129.32477471136258
180.71635515524838
116.21322727017953
144.67406534472354
162.11400502243922
165.99798143699454
160.59842815187886
150.28000150503385
120.35400341708115
173.58229805512806
186.32170013668912
141.1105068329779
99.47333815280123
159.45143869591178
177.62468584981963
175.08059532128948
172.1872635535949
135.89548776436
162.87440043414796
150.22239430121397
158.29030930845812
145.70165241262129
169.87850455704327
160.20520595643208
102.44335161054349
162.82389008902274
167.1144361656676
139.55300732940898
154.79572892664237
86.89528396104272
138.3552977464821
183.7096892936153
159.71945586326933
185.83483561431558
119.95190723690777
122.95587008247645
179.66486445725837
176.20248821594805
128.12799579218716
155.86280869236057
186.10703186590018
143.7235568853189
139.7482456619556
165.40573313217797
121.34966864992207
158.7048208170899
108.43232849233294
111.47079148966765
181.28949729692508
100.05225650057989
153.90893539194764
174.4926193582591
151.91443475678207
171.36119865305972
125.49013814727917
121.52586381837492
112.6418502593585
126.78328286400371
177.9550612037998
153.62468763802394
178.94342039169146
117.2220466046947
128.22732218496708
178.74107699081284
158.00924243150723
129.61685541218316
143.9150546093047
148.3435660567103
149.96665633911118
139.3667533567764
183.32254294144803
123.72405331152524
171.25126623343536
180.92980732378285
164.1046246303721
172.40719751644033
151.7164799921895
104.18321380398947
83.9503313614795
150.19870654606032
157.2909765909145
177.6459099522323
165.2022211577475
152.44213492787125
184.83429656134766
151.4238367917981
155.41501556113784
183.90105433495555
123.81711289288387
181.9007423244717
169.8920489240038
183.6285610658372
122.9910009794041
169.91462228820276
98.74643561034283
165.08929845459474
153.54449595497093
171.18072180168676
169.69397199579672
156.65904399461488
126.14179482278303
152.9183268738754
169.79175897804504
125.03306296578413
136.01935282996413
171.5818519376729
149.98394987680126
172.32004845904027
123.69180611111472
168.68233258558848
152.80705192138868
145.93815076263638
118.28145147425994
173.26890351601028
167.1977366451908
116.89293617123622
91.77925657524813
125.90448503190729
153.2127548580611
152.34304714795528
179.01338063022507
114.78071723293054
160.6133776820262
132.72864596900405
98.91866626559353
178.28978390787987
160.45019081214906
168.11566130619602
154.79051736925825
115.37658461568365
178.55821415941813
159.2585583360372
145.1246244347446
141.3580523025388
140.87452264032035
150.62722754623192
163.37552573131273
181.13284803403621
186.33709507076375
150.09824175522246
154.35271815345322
114.49362980840817
179.75921356990904
156.98495339572918
169.46557968088098
128.85807034004702
153.26796695208807
152.2045533218919
171.59864525292892
132.15119447180774
181.25674057710242
162.26197654061232
128.35392250448353
154.5499160726478
177.7320864809995
141.98677659764144
161.27182737553824
120.10371222019413
171.03759939463995
146.69657599052667
186.07210299281013
167.98187853666033
118.84342032725222
175.8166683738093
174.45573982933848
161.65985212539255
173.2042494624993
163.20041555553556
162.0067147856264
131.944370647568
162.15580192215003
173.86259157475556
175.3755100392702
180.99115362380837
169.3114425221295
130.45062426507508
155.48296263737274
149.75826493879086
118.24416169796629
122.40936083339871
148.88130610829197
181.9511146702451
126.01785137548637
126.39820698904663
120.33933857815393
141.94770955822904
141.93227314683742
156.7862720150409
169.7715392234239
115.33940994217257
123.3159076970488
112.54826025685082
163.03500786691149
161.6884510335051
154.4097327547255
167.89823624770736
149.32604379167003
108.71591029877791
175.85352746722737
148.65620582274568
137.27927312428704
107.24172828513673
178.96138420376533
179.59277344519802
183.40809256290189
68.18706339546391
152.3840351122082
136.62378347113457
113.74152137941147
157.86023861509656
139.17628425128677
130.45687342318146
163.57901291958657
181.1121677496853
112.16176686922137
134.83859165843438
155.16497921305543
137.8768464627476
135.33518707950645
84.72965632670503
143.65590868052806
103.2304441692859
152.7144833045804
175.5006981639046
175.5138576528217
163.68750398832768
114.64733779428624
156.55702050341867
127.36531298679103
164.526284302434
169.98006113583054
169.6997063988931
114.53747350808376
164.68538808680583
137.4055415416712
169.9398995183196
124.26472076327875
184.83906279218866
154.90590856889492
160.02921661906598
136.96156453571786
152.55347833848205
158.47256660184598
132.9062062922614
97.11923508515957
115.14868448253688
149.36027177750344
179.4255669700443
122.09055684183302
142.15614237474665
182.22673167124992
84.13369906185349
166.4447264260577
165.39836226117873
173.97487757283386
161.1142846334774
182.08371694135647
167.57361970844596
147.29743066073303
140.86786885166302
173.8345956467792
151.82348075690916
131.57365240070345
158.77942334957237
138.21316617180975
166.6703339675975
165.95888466461156
163.3008334847574
167.2299843374202
134.64418385734103
139.89900324652706
131.1641010844716
146.58083624194558
158.0894422839945
157.94024647956965
157.28203437487846
130.03726998694324
144.40286936216995
153.42650748140048
155.60159239846215
136.11300120963543
185.32411628426692
182.76642613901026
156.49210541008583
152.7728589648674
166.46543111587656
183.95190481212995
162.52507225725705
122.80142475831025
166.92961290507967
165.82117434480156
166.72136980331126
179.77749087966515
162.6298954966357
142.3654939953946
161.73238854089635
101.25057272618487
149.43774852846403
147.0894216683335
170.13465001774455
177.44829629347237
131.03543462233245
136.91265738100003
140.59403151014507
156.43114232056635
174.03908528561436
133.96267954296272
175.64606654730537
142.89003147139928
133.0920683723646
162.5952710682359
166.0078814947315
143.21730712210004
148.4130087718308
172.20408463286887
156.6614012878386
135.65218217708286
160.46040101001344
133.08172838469383
107.93754903100739
157.9673965598683
177.66900259679292
149.9903242218929
150.70761440632495
142.77807139155846
126.64515312023181
134.80121793820118
105.10898603439216
152.20140238027528
104.88241731038977
141.29408496103954
147.21160594585663
121.27944656523434
180.17353647761195
127.32194431451065
130.20737816626075
169.98908821922785
133.14194419773327
146.92454933826457
158.9747760843591
153.06046427464076
139.54554948295925
155.223301397391
121.22548212468601
144.34478961891722
119.57268891180686
168.0725307386335
140.73089557349007
148.58677280432528
159.4809564041066
99.24119038063037
168.75905756744126
183.91051076923256
142.32888351742625
93.07215580124463
154.65543618890598
125.37148879768355
126.6580948368449
144.22072723231415
147.5621513778706
174.14897453346566
166.49713880844
174.6793744520382
158.2605756156899
166.99085763176595
168.03340248872146
139.3019723212643
166.0450103784443
138.63703562514252
164.26974613181255
124.85665013307656
112.11343490364345
104.08990579403682
110.7663123712993
116.62575347669168
175.04275340173015
154.344169641997
151.50480316166718
84.96741466567184
179.77245076321907
176.16799313096567
143.15412064183135
147.2423303480054
141.46489767364668
151.63970296727362
135.5701182713751
126.47566799086833
167.95420795424886
181.49698875930324
136.9076753397022
144.98491333903425
148.736529955871
165.80406727044416
159.2757273498318
162.30105253500338
130.81741570931484
118.03440125308025
142.88810539852872
142.32155310239455
161.3769145413652
143.05030469794815
154.37733649385723
133.48508302829026
166.10651265584525
182.13759279032342
160.2181279782778
128.92296799068959
161.839007331732
183.48380315906968
122.47753629555777
105.67896834887665
149.77653736052753
141.69847939325916
153.6951542011688
174.55748095539835
142.73580380534062
123.10608882586745
143.35352272577592
185.51841071843617
151.89474543938888
178.22944763926657
107.47383163101198
137.0570045462437
183.97576708973006
156.18047113073754
124.55634656628126
132.08451539882964
161.319498274068
158.3340898880029
159.54596467980778
130.58180095714067
163.41116034396762
160.74769753244806
176.3251097675882
164.27162212523208
123.6350257807766
165.0707333351814
123.00361835923741
184.97736933404104
171.6531043479421
171.61498539580677
142.08793705213458
164.6175563876616
172.41685584177657
148.52863053191237
173.46931728224126
121.62852141691204
168.1315075401071
137.5517878772551
163.82980393960594
106.10859914294997
160.76358074103936
123.64700653470405
173.07869468230803
154.45370538974774
142.50375203882402
180.77320056114235
116.7271611078246
125.78094861538061
154.45389282129463
108.25884510280193
172.9368315527073
117.70348207516577
157.93246041408207
184.87833338884093
156.38681440569297
179.72173669936916
122.39973901996571
145.21220898384524
151.5865158034071
136.5301507699656
183.38740056368914
165.88735847779512
178.4516830489352
171.78647745964696
149.37090835825478
129.90538927063747
156.38508385961038
131.10615719000324
160.77301605496177
162.13509046408421
153.86131512668044
113.46911069225492
119.62908851337029
132.3037884385779
122.74140204400047
147.62929392432702
165.25255637782908
181.59204761759537
178.17411012947974
137.8904294440762
111.86696133925497
147.2595212799735
145.3558268801381
110.00771117237213
121.87796543252077
152.98514830075231
138.19121280503552
161.46076870496586
179.82009449775558
164.65441177649322
142.7575705900906
153.19248494992567
167.37084266339434
171.96817385795035
126.4015527540372
165.96075434722934
106.95928771734856
149.4040701157478
181.1039224458641
149.96065849525968
86.49971396600876
124.9115613002474
175.08344421125372
83.25333359725599
172.555285619354
147.08282635369267
137.50887690175398
130.8406693719876
143.1249728778946
123.6120583049204
139.73890297996095
137.08344377913352
182.68724563557993
160.537984321988
120.70978879489908
129.78538604213534
150.71293394951013
156.550589673237
168.79063707123456
137.072576783051
174.98828041137835
143.64930724760842
144.499286888674
185.71038696919646
123.09105502024624
99.48307069695156
182.27892421027445
97.77871810423483
112.83471379007986
132.27212153490692
176.5405956084631
146.79712912404486
123.71961983665116
168.38577174755846
172.44102582418554
182.89304174568343
139.87253559342193
119.72691251467889
111.63519560942007
185.77080231343828
123.2701287179233
178.6896522660416
117.07674386265077
133.0175570424774
150.6864112679705
170.24710564432058
154.85097146241614
146.79316548343158
130.6778091345784
185.35089803287164
159.42184689429195
176.56469063123066
158.47152689534246
158.6476315998816
162.28699471600382
147.78725293831306
185.34564901638387
158.92704070637197
101.56699646771051
120.9144443579282
169.4771098648664
156.20038886515377
156.9322120977359
150.79905280621838
100.85940323370835
143.83837154045236
160.5056727360185
144.70167072466444
143.4973576259819
148.20280086796856
132.18900449503064
163.8850923693138
185.06469976839628
157.21392586480894
140.06423911671433
124.27936372765433
139.1167481567651
181.71575120553672
115.79191309971534
147.26332444425006
148.52308398558574
158.20891742007134
116.21623316459068
185.5720684075742
124.92598177331324
147.76432328628613
148.9020190861622
140.71042304197437
99.14639696893734
178.76693880657723
168.617239549846
153.40738073596856
171.53308233259727
166.75658446559248
166.60383673169596
160.8399954689002
169.02809269018704
178.11837891027324
151.5177502559133
179.49472745441244
113.55653636666165
169.22820241109994
155.75633650287526
108.04532634198269
139.49846495823226
130.1077642725063
166.1132023101073
156.23615589712358
183.04155593480664
154.75232827607647
127.0237063465469
169.53530867417905
134.45834461793555
185.287224403729
165.666206078858
140.21198090165143
117.59841972096926
146.32855411365415
152.7229166274618
135.46135067192046
177.93759793365973
175.027464216664
128.73197730282183
178.5195217972101
175.84544789079538
125.11481504352258
130.64170466478893
148.83976161793538
132.94049616804264
149.766583418606
121.13211206984481
184.68163613869058
141.8613922640779
151.57331659925055
182.86944498634054
142.60492835162927
157.11596917136322
154.27736713807914
117.97574339393694
125.9771504180745
131.07125591743366
185.4347559536689
161.76583482875773
141.95360870954238
150.82282147827405
161.12923592767615
141.26087700898023
139.35794306053089
143.77122353936514
157.73399293799355
91.70610231104627
163.31835162164504
171.8639933359699
140.41584466150312
169.26688327949606
139.84175078588575
152.0267140538561
161.45069536471854
131.8633690866899
135.44202885985956
172.92141782055984
144.0604765226292
158.10898666460452
181.83167361363368
142.38945258375244
139.3040909092337
173.20835097989377
142.73500297739233
132.28276942024613
150.88027488087786
123.27097300138925
136.7586369759214
121.6176186822352
163.60193479925388
145.6449706509309
153.27508049591802
133.03112373170666
145.49443091189917
119.116456789016
161.80062361812043
163.08571357176785
186.58582822981015
164.24410229750114
172.9855927666072
136.69457739336482
175.61617989426276
179.62110225082606
179.22560845975602
166.55999635565587
91.16918324780775
139.54601200028543
178.1403158766413
98.80896062663376
139.7196374232333
105.25612069574497
123.52040730690427
151.23814145274957
157.01590378049966
163.0154417360542
140.34365232229717
155.10007864182293
182.38639917223574
127.88132660508198
151.05275090985134
185.7357925091003
167.00918173734235
168.69607674721863
139.1126111409473
105.53760112344955
116.07042694509073
124.45177316326408
125.2766816225992
151.94144329127303
164.76681171548054
181.42487500655545
153.6801209758872
173.60601369674393
144.53926815874559
170.6362764880921
178.96740024535757
166.44247285118064
134.19434815561308
166.13811859394139
139.76269421291698
122.88949716606018
134.6652402030476
164.23692726688253
157.80894563846135
123.10893960847959
109.62940363172095
119.26260930923627
138.05817922763234
159.4071090272936
151.81462578551728
117.64797001421476
120.1613920225027
137.88658699905199
183.97311996598575
158.2161024862142
174.01950496642468
142.60751211007135
132.28469772724213
164.21028428748312
116.40924870480279
125.7397120227267
160.5579273993216
160.309582272821
165.56499069535582
143.82663511654917
123.17469244379969
141.50436203144147
167.75162667266235
145.15507696878234
124.71294884932183
146.72673312621097
185.950427307856
137.81826887393908
128.05557825932988
91.69884895524379
181.34416425246937
104.88659789531725
130.0751055751065
118.45464315187868
172.5241850712306
180.0998271442773
186.61243131812472
151.66357778719208
112.2425356197071
181.3152714145137
131.0020840191988
145.77020811727502
126.60121002127872
138.95658030207494
173.14001092261796
161.40168373478593
171.34164175922038
166.37614025175063
121.55244600482305
150.75953714261556
149.90893046646488
114.10451735206797
113.68250241433279
139.5597369005524
137.94674741437174
136.1816840585289
171.8342915925493
133.62789351859007
143.25694378050116
123.05234301159534
139.7522167085069
133.2000712066355
137.09793062834
181.68487822954177
178.96545145012652
151.47323501528294
161.70782466156552
181.52651391128404
135.54099068863016
139.33967854204082
182.1236754800135
177.5941600755375
130.8495680782394
172.88266714799394
153.91656947533602
170.8105785286457
114.08209223670573
103.32080588590766
119.98376447330597
155.2980362950523
139.5836085272046
158.99119436135348
162.74605602213458
167.28483756218054
169.9182418648352
131.85784283756695
176.6059433947686
172.1506626676927
151.73156682274447
124.93110443961885
103.87449543667594
159.37542067818526
177.8388192053748
169.90562546397754
171.609752251336
160.38543462994534
152.13473624185016
159.3258127904539
144.16650552982077
150.53954824006513
167.8483422806562
163.3901606356107
148.24588239877554
143.65463483084315
170.31721390424315
151.27853201655194
120.35756482879455
113.92736702554923
147.37966886787646
179.57918102324112
152.85910285449344
122.4638486250857
170.14776354340782
162.5607096069802
127.8631363148467
141.94591999952326
151.53118237990319
72.71871815939929
126.74725884367872
163.13502806972596
159.21403121201857
140.30092326011814
147.0420738884455
165.4785750043088
137.38291496327375
172.60785175115427
163.04406667172165
110.8393620287933
164.54237010879334
181.1696892839843
97.72346774979088
182.57890048034037
116.88249185368318
135.93707237464523
178.45391636757807
117.3244341035836
122.90317334721493
178.37417475112198
162.0916703242771
139.32546358310387
134.5075185415332
177.45456345946064
142.6562771238274
152.8081956096049
122.49919417733328
165.1730905473643
175.47905800216236
101.90781474785408
183.59988495714197
173.56441108719451
177.76160280165257
139.42064122713793
135.05226438476888
155.05855147272783
178.02014938554368
179.16005960283317
161.857609348824
161.9839757616578
80.88113359383989
179.14406330515203
184.11799843522388
184.58880074033652
136.98495344640605
138.63932824559623
170.6427801274187
155.32994005157278
46.38864843972078
143.82363523050597
160.0295751989503
119.42531631698648
161.34623156727483
156.31168311019627
186.6422942873155
167.34944399445024
126.46672698638073
185.79025921768337
172.45477903092393
166.37487298429315
142.088311526077
128.42168771405665
171.3575191228733
157.2990257233687
114.91919469900901
174.68407017362696
172.48564043943222
139.89265058603849
156.81615358153002
182.32693320188866
122.07318327613365
145.66051950844997
167.92270010136616
183.20258770316133
153.041103520456
107.96971101125433
102.96094892585339
116.91301630949398
113.30033920982356
168.673431753799
168.2222273070554
151.90410540297287
140.22842761771247
121.64527201900475
131.77149872726568
132.17671286790136
132.77817418592034
141.54521095946697
158.61867042424035
152.5505831350259
166.0580935750964
140.96391311104574
137.4350820276202
164.4413884219936
149.22078854039546
156.53726762308972
156.01522032834671
97.50649600189494
182.2371309577353
132.4053669950781
117.2747614539356
169.59240889380052
128.24398636690512
99.31134643783795
183.6990251049125
164.93452078275428
126.87216975041218
150.13237428940633
147.60951242003512
102.67864933067507
153.95639505731907
157.3643428039869
159.9327204924174
184.79997113216976
153.35109943257916
174.75086912488914
