175.27152972970794
155.75200196656562
186.0782754121828
149.5114888181815
148.82899158632267
145.17850827716632
182.71068958383103
102.82495195458654
150.0036312255871
176.2019647398754
170.25495627732988
127.69566197128779
156.35314108430694
164.0208330384927
174.2419220418098
129.79585047024432
104.82196363529496
174.33017984677576
161.8529169456068
152.02583761653858
145.2314444968099
173.84779557271904
143.94360827837266
183.48903709324887
166.7544463640919
167.21417569529888
112.30147278757491
125.28820828606567
154.75696488768727
176.15297851573254
143.051989499856
155.5885962991012
144.6343906237797
153.42232783453147
138.9664297636829
183.05656488435267
135.08911807456803
159.00532611596194
183.09783520655938
118.78523317352483
150.87039238155407
116.33830575315595
175.43340001762826
150.839899420976
151.61670568547373
170.69042189972427
135.19091113272577
117.15060619819059
164.5208475567823
152.0367720704955
182.80293089933093
152.65192237575152
157.2002019069445
150.8731186429926
141.30231454358864
144.87423946866286
144.25846891203562
179.88942054130183
165.0119706921973
176.95561821094492
163.74278706935843
139.26732593183556
138.27950823088398
144.55582027866348
173.15499486681904
161.95667084762695
162.67619685513557
140.85833872042048
132.06764931194277
182.19136923044653
155.59353744552075
158.16652358655298
151.19688702909036
164.87880974229847
157.5166609073049
117.67381853336698
156.84154829600928
131.9327609767931
154.32821744811926
160.2487570497828
168.83033172347973
157.0441004145246
139.3105384742831
176.14324959712576
179.17679142826722
169.1973366040816
131.20796468397577
136.51379659618527
138.01523564614007
159.38084878984571
151.72458247561246
151.02559167569487
161.41468222466136
78.05000997858272
173.20148162084152
106.86472595702003
123.41309429418729
125.75397101339877
141.74081847223172
150.46512707348836
167.654063524182
93.79146445443287
159.24563797788366
171.72488820174644
169.65729185314737
163.46953942587416
173.66655531209025
179.18973931387453
130.0303561057167
148.03934256093902
142.7901784814733
171.45816466627443
142.38037426394445
165.61977671324956
182.87826985761333
148.74284510316434
122.57510961745098
166.69035148310633
156.32042411773494
178.1433413713539
148.1135178160498
177.0915617798059
157.2745076381303
175.47867144056576
178.22359962295073
144.3594913463866
158.6606974903896
122.12041140672908
152.41766272986794
154.25922875754384
169.51870860585922
155.8074437945078
167.9539985329897
109.30455283533658
139.60067158555444
163.71694749766462
163.2726628068266
153.2051089944708
122.82059815447101
180.74622220255236
117.23089186065906
184.21203589547213
113.91849808696466
177.41207480728795
102.96090626263222
174.86787725860174
179.5232080758271
142.19241962904678
170.84219492014506
173.93630774294672
181.2548551924337
179.83155313467867
124.43549827349065
144.9475833368826
144.425361600511
158.91459808777137
168.55657530325314
149.92564503345415
158.78618180083808
150.00300404084362
156.7673319374484
118.86694461792436
162.17725342838224
152.142931466958
105.89505660453648
164.93581003850207
148.6024406540851
149.460226106153
153.86661424768215
160.50492270635715
143.98452314333446
169.9863133824324
178.16218450782296
143.33468944711487
139.33673890340214
175.89487995592035
108.20428449871862
178.7600589439384
184.56136119642474
137.92149640348134
156.93236200056305
135.49646089722765
176.82303373843646
132.63381522099883
156.18017351030886
134.56523043873858
128.26204442306266
126.71444420786268
158.19196077298884
121.12296942722796
159.37080646932918
181.303813122041
165.20184547330607
109.11620526463054
126.36806338162252
185.30164953448565
126.17907022906726
95.98781427006952
127.8721962116144
114.19374161749005
144.26737886611653
170.37900448992428
184.77928476344619
161.2368984026455
180.7134995233503
126.91207000678934
176.8128758068005
132.80905705152324
146.51937758518326
154.63975394888718
163.40382471489593
127.67519012290012
176.716319789821
125.16951077622636
152.5530774237305
153.3752153019899
166.7232234613961
139.7701191729883
134.67903765059302
152.75772461664647
185.08119180769154
168.03087150493377
133.7954384484499
167.3502517585672
98.55683836399284
146.6822789125758
147.20190086556102
155.50780261645522
183.53582957823403
117.39642336190369
138.75172847320005
164.45105648159046
164.8105250546774
165.59579773695884
143.17607634593935
184.85592046042487
137.2853583018583
74.6589899689444
120.51235042892742
152.2893545276703
134.0130820284878
159.73167162341525
162.61952977981605
181.68250170362165
174.63789901480243
104.65881577893427
151.1636093279017
156.1752437245985
131.59795605819969
119.67093169566192
135.7895526547953
139.57907327070086
100.06263678723337
129.51531832547732
127.0292878458703
181.53913014542152
177.28067884209395
131.39985186716143
186.18364609087854
76.40950469294367
153.3020037031492
179.97764181704142
146.87071929014343
108.2440123168029
169.2459478087275
126.71741187816266
128.3493024868436
182.10988293147315
178.01518630278673
103.31332261903688
132.9330269408481
160.17410413337456
119.41680051364449
141.6078730199343
168.26466079901883
158.24795373993527
105.54476852613905
153.68705554908445
171.72083348618133
178.96743221163447
126.14033512527956
133.1812490838766
124.17224578481854
152.0354231400696
186.64357534750138
135.49476739942492
184.34795100964868
135.09489244416642
157.18809245126528
152.55244056396936
117.99148868710967
142.06663437637295
152.05544005679195
178.18748233755792
145.47210379508783
127.35550049644529
130.06313927724682
160.02071782469847
180.99820963357348
117.70097532519998
163.38508151796628
181.71099167796933
149.0826596939487
170.24428070905122
183.37812660661203
108.15477097907794
186.64316506685822
150.66114897357613
137.31403647023296
156.92057619372142
156.1612426395403
151.87400537219042
154.9727441276405
183.14774207199474
112.48024851122952
116.94588637090062
122.58516705791587
166.24399308375882
161.75303886782024
146.7190270282166
156.3719615948585
132.39188695059948
171.6104779509037
123.22028400093319
154.76430201302153
100.58554012845335
168.3988250946909
128.66975506945565
123.14466654706023
147.7155613497915
158.86142156825233
185.09355062512938
172.55936214023413
150.5092333401873
103.17674202827128
141.84910720826372
166.75542936610256
164.49362594833212
126.28418523600617
173.5194844959396
165.83600451837913
150.92592542070332
144.73833017216134
178.52495985501022
162.77871351068688
156.51342040750038
129.09826049560374
145.8913457052583
162.70044184352918
102.66620424824255
122.60989951919629
110.15358933401876
148.0034182021724
157.8347210119433
104.71964683013837
139.17299663405387
64.71857648206131
155.29667515055831
186.1267841960089
160.83778787832316
171.51517561731325
100.08835920814865
155.60762692339858
170.05186364975253
158.6189551888895
179.80355403516955
171.62886888134148
136.78632617070392
169.58743281535573
145.91248512758798
138.1308358194179
168.39588114136373
145.576779685869
171.9543291269104
164.47099763633014
115.09164360256221
126.25316923980037
163.2915526917132
102.3413069639375
143.69051354229393
151.78691113607684
168.16459330406576
94.34784741460625
148.7707649166007
148.3275314819701
142.4949458456703
171.66659130459792
145.3871801248696
146.20887907709283
137.21300179293775
147.8668957646935
166.61684143178883
165.14908468213548
183.5673771410429
169.08824001510794
160.9240729431541
176.04132234302114
154.2247890858173
120.40843743640289
117.45328832557426
170.35619780584952
137.5316112400018
142.5951928323801
183.40939077854782
159.88493727074433
110.42837833389959
160.1432562684407
95.48490823860166
176.15659758614402
185.18886884128295
135.1320861240537
143.1356773142341
180.1318623693527
149.06025261387703
169.69115837243234
135.20799531116177
104.90086966524568
113.81813831693171
148.1296421204567
160.9270981066479
154.43908538082664
159.1616398962716
161.77818647576217
127.58696789831662
134.20150270208967
153.0855799426216
144.9869092682795
184.56854824594885
117.5006339780636
177.00130718420354
150.4848416227189
173.55943457081977
134.9400827018015
185.1229643951414
177.99796244053124
168.71915326746233
118.35324462768423
164.3108362582567
173.96187308885925
145.18033418875487
137.93029104085346
163.92874774172338
183.85904651616406
159.01294211480626
175.7846548362617
183.13981244483193
162.28411425654738
119.90296774407696
175.35513491522718
166.6228509295663
159.38199427190338
182.6246896635182
137.93203362496524
127.09922642382628
145.79902190406713
153.39932179089874
151.84255692170757
165.31888175950894
133.5840503973546
139.82960799562798
167.72813302510008
152.20607518499497
153.56451802220596
165.36188622713658
161.44973721000665
164.28955288677096
88.3442827943992
168.22989271943257
159.26068253641577
133.00898808836996
132.55802258960915
138.34799026399693
87.23037107496667
153.4231324410194
181.7114696351766
150.9197784706874
121.80935378525163
180.3868934932402
109.90698169779085
113.70505517859004
147.8872204901714
153.2556822081084
166.59820388320549
161.62027197898038
96.55597574241182
150.5788919105498
171.3570695476048
134.16481266575917
160.45077848085091
170.98215292821277
75.92651088706494
162.0495646421265
176.77938522406342
143.32592068794668
168.45830623855323
179.11928054414807
160.82584495343684
138.1513570422572
147.3844241180474
181.4628766720293
156.69048781647405
137.1647257776395
122.31364572757961
158.43367492699093
152.8641042158164
94.76465557251973
177.29543231895593
140.29289385099284
135.34633334801902
165.75217089451803
175.5766127414163
170.6160167725614
158.0967385599101
169.70121666420448
164.68228942483057
183.61146149891505
159.77897947705452
170.11792317928627
101.65046083670026
180.88228517986846
155.55826089828787
126.80203715733577
164.33076551761835
184.01059996168266
162.25893959006717
178.54794284578966
143.74078045504922
178.2350613523579
165.76810153704747
137.24293241063108
168.85571546096057
148.2584485189665
162.6890828844323
185.32966395102306
127.23887755134223
153.68646982799152
140.274578780552
122.42795578801096
174.7000234592897
181.43238391841714
153.18527164833034
146.21409189258927
122.33183264860031
119.48160100368065
126.28289560900944
160.94568431822645
56.4005433252662
159.05558177953762
142.3023836263245
160.31619600883104
160.76258648640632
139.04248442933448
178.80490964148063
184.43298072806957
167.2630742144524
143.81716296902835
159.87440412599904
171.86743850017626
157.42678528848046
173.39473219490998
158.0450517028801
161.75769888636907
113.06785086410808
134.6969308595319
150.83046102169507
131.96199381840677
126.86330983880886
126.20874344743544
160.40765575411868
140.25868025019315
142.63130638028196
147.48211537938178
176.15614383569766
130.03693856292364
178.3592553961912
144.24670075299656
144.03510789116297
183.04621568145134
147.4273566842655
166.04382509501394
155.49487331630607
145.17689931153043
139.58142506441453
139.8780517290799
170.4272501377028
162.00580396509832
156.42136693104408
144.85223382483724
123.12890146741339
122.09812188920486
164.71439030836103
103.30395357809644
151.76766636309387
153.33954041988787
171.68625586602022
168.18830396211345
184.09740036877395
103.49638979867703
104.05141865366018
123.14508235265438
77.60286220266406
176.1270816933246
147.25570396778303
145.07771571102026
138.32619220067173
172.4557634351306
150.23731659349352
160.85312031961664
176.8127111876914
76.53260722483381
102.01850097540992
140.51880877994782
146.99294813377813
162.32337752096564
168.02237359351287
139.115995085912
106.04950088473359
184.21938916422408
163.76920879237412
134.21957349523657
92.0293970101419
182.64896566629423
133.95956137490418
139.70588079277525
169.40222393631376
116.512459302754
171.0646348085603
181.39865572901167
150.52451044460474
182.91221256062212
157.00290368882534
143.10992427282613
178.47271746643952
165.53576807408658
185.54732997000264
96.88813400722023
140.8296440964629
170.90636170876502
140.54822379341144
147.9146613392508
158.10409183818953
185.1419699946402
134.59581358966412
142.50286374360073
179.40895940247276
145.77102613636416
151.19011270988014
185.98556163316667
173.19305931694157
162.99977861353923
151.9262077172152
143.67521361917466
107.86925927983165
167.3074386720382
137.48945406485862
175.71537321266138
153.66359170942553
130.30004665104263
123.03598062723198
154.39837129851816
166.9176578417431
136.46292415345917
167.00709237612932
121.96198783970985
184.66404221676032
139.3246558426495
138.67288761000253
153.45005538662016
160.0850647656902
143.73391700665056
149.14988288680516
132.12840204475157
158.2726839633857
165.3963820791352
169.99341205266975
127.76194478323083
125.37313026248685
101.53504888971949
180.60705970967788
158.88501058514188
131.38359565627314
129.47696443099886
152.25262343447588
141.37408107366394
165.95277757312505
168.26227280421514
140.1256889689759
170.6626351854907
174.97432895850093
166.36602041112693
185.77694496161405
126.9299990858143
158.47378971437985
177.25274741819135
135.1058626636437
114.38838008684269
153.0451739177309
108.14353344728136
185.8508856688096
119.96118114033976
176.17028028251377
144.03220049780543
167.44300632915585
176.72123207572076
159.73905387354884
184.70496979843196
108.15475594223551
175.35552211644833
170.00130544770155
160.8742033611907
155.1721742705246
119.38775024433532
162.96734309527776
120.0282282978271
181.1327524587732
148.50588677489768
107.87647990060779
155.86900058340714
125.23501382582651
135.0867756102667
147.97271060894255
97.46311540400401
145.77270544372882
122.72346375027671
154.38893254243672
174.15204401243918
74.1464504972838
171.55436363666226
167.0815747567258
131.7477309264343
115.07601077119156
179.2290912319477
160.162848655833
172.44909458796548
150.26478036573292
158.1462853220607
149.0825687732215
165.5208465155215
132.9493986013763
111.09887679011459
177.74195189934292
125.18468522137582
117.63555771903671
115.89029495879912
122.59470216022753
143.99706465328015
156.30673854240135
137.6662317731534
124.69708377037401
186.57813694358865
184.5799110602232
144.72584011540746
171.7527449661597
167.42953561980025
184.95038099252378
143.539281247958
122.1163885190652
173.56345226783475
173.14892718601516
136.96300648519815
156.56745094973755
151.3065138654658
158.43630710520114
156.72038920207763
91.67847615517513
127.2810940779718
141.28187486512647
170.24323332624175
138.42421369542433
178.3828457488654
174.77214589368236
144.2174318759326
185.86115628111315
168.7090598439395
170.8156946130521
178.91425286781518
132.1444951766022
101.4142868516341
163.19840026601892
173.087409779304
152.33686691068957
161.91373846251398
128.33933685340827
176.49442407003724
171.8299260426312
163.81773133646755
151.24090744338457
142.16720012856413
159.11918967874558
126.2620455247712
163.8950742818143
81.89202255202736
152.80401724562194
183.2534610770918
107.95328161407247
118.75413028185527
107.06160790006331
139.86357908559643
140.3794773111719
159.7466551084034
159.94967190976462
183.14254852128926
103.61324208974597
146.94074293868394
135.5292260626224
170.27480347117404
130.9102712068214
151.74801146343276
160.78298044487718
158.91236751044173
143.38432098058252
150.8733522576806
111.37847202421369
159.50481957033986
122.87709755502041
126.00924646923482
137.07409676031313
168.02951255366978
159.5383989499275
174.0403604309454
162.2811147372156
95.99368042314956
125.4133766933897
169.5859899078095
139.49660712015955
141.84582139791806
167.3791515520222
93.82420136577015
137.85154751341312
172.77848226894773
171.3067276613103
149.4456497197094
180.16161269991207
159.5691470150407
170.6660475874615
135.20555034250282
104.87712259264808
142.39686179728977
116.56573825114462
142.4721148224163
104.42759558038796
183.2441240624905
158.05002335702542
186.52449613395947
164.9822951772254
157.44089421747302
129.0151232436156
104.27507841274719
162.41555988140814
163.1529976097926
183.8434704075346
162.4395022139862
126.67956472713514
117.16813979318019
155.6904068710205
173.64117143521418
150.9644451033974
157.796363342023
146.50638109206915
159.39590217006048
165.97277926433284
132.99000391425398
119.3731170891705
142.26426721982534
173.8880791433889
176.63981304313597
160.814718631409
180.02751013751762
145.96564065372738
151.9784042181402
163.99821639926404
177.88173950134026
108.81720826304792
130.22519902147477
125.39947866148992
156.69598790221306
145.21623225687938
145.63311615165546
163.49279777718684
153.44908387283348
170.80989906586805
85.66052504156667
153.79587657544207
126.26624410649615
108.90275581869008
148.9114628590872
178.5620092395266
148.87978277600524
127.65780377528871
114.26070777686289
159.98509180660542
133.24344963728436
169.22213900333
176.10609234241306
147.49610103706135
113.22837747293532
118.56217609216297
184.60803851412362
135.76315560112988
165.36636917175355
178.32346675743486
167.64084350096127
125.53712921392692
119.09539935827647
162.17821106921093
182.95931410867672
175.28880287327803
143.11468732020242
184.16841290325692
134.37766269108806
131.9489349226954
172.54171008769217
185.3100737331451
154.51317320357816
172.99453979980396
152.59532913093648
131.79573396112997
111.76194752507521
143.03802809086346
93.27485418919822
116.17882576630937
167.88487753490895
149.4108518301008
138.47379374614755
149.7561691901106
144.66246491647593
149.79979601896366
178.54515272852854
123.58783681246686
171.227975678149
139.5758898321544
148.36744820172532
174.30839270517217
141.9772160639054
131.8833217642503
134.82412901025558
150.56693192959474
165.07608150829262
163.19649126091676
166.94650992814832
171.58702006405272
177.18532804327245
103.20245202370802
138.9720962376562
115.85311506685139
123.91441785238865
116.93355150659745
166.47207258651838
156.88856987065594
186.19636376886135
157.55024612512494
157.54216573150077
157.05385508995832
163.23499756890894
126.18848960975404
176.34641102070537
131.7293605618389
164.86569656358037
173.3691648647986
185.89362342259614
162.15900600139383
116.80723241933126
137.29184542636125
124.15620743143992
169.26568913467744
128.30167299424454
162.180638478489
144.34129228369716
152.40737968698093
171.20377731777373
154.83714857954828
149.0754590288523
151.26034847993157
107.4896218672032
168.74978114739972
158.79169899910443
162.8189351129515
141.5327135082572
165.27061953173725
145.26326983737732
148.81065213332266
118.23659906001201
162.1620782309117
113.6477932762128
135.42570728519902
177.4625123408305
142.1946425924493
123.85753868493043
141.60228583347924
120.65211209007413
157.3637939832215
120.20710028096465
159.61975413475483
146.84173690042607
162.54220274309986
186.30415336641477
166.12488071313012
146.10108976181934
185.97387082933386
161.79495246660355
144.1675659817964
144.8780335293944
126.97554505751935
128.95708319661404
148.27592552352792
136.11364819566384
144.497520554044
162.88059635893913
154.16384307828795
182.0127322147675
75.22786891073228
153.5165860990161
177.49182189616175
178.51889977330438
178.42893845991674
177.90620080063044
180.29671366862536
101.34857594989288
167.32628377251905
131.5978743487946
135.92010765462356
115.97757828329816
169.86052871078158
137.45754927868677
174.11319300664312
178.99533193768437
156.31264292355365
167.37999508818868
92.4151114174289
143.69204884839587
168.61874516090276
169.41797491453735
180.404454489274
161.37481407540344
182.58605323548417
178.85781905308195
170.81374745332468
172.59942923848462
148.87813580400103
145.18005695198173
147.2678490508157
161.01683563952918
142.29173513656244
139.95177114231657
185.94737638748276
147.32497152157035
157.5026951178723
149.84025397587925
109.70935337887204
105.74261343865155
146.02434391218657
115.55552337711639
116.74486302627434
174.46260068771372
156.34313295691337
141.3559328053481
137.08507812977368
103.56208217517792
183.517422414767
95.55223646892297
179.42049517647038
162.94791520665544
182.0333162942274
129.65427594794315
119.67779623192615
178.79555659824786
175.54090110709902
123.75526170204051
168.35339478205273
118.29887737032402
123.93957619732001
171.10193964163676
157.0175439085316
183.58207767426984
167.70586948411545
145.51176328717605
148.44194124049548
151.74169232624405
140.10609772925804
120.32173543548848
100.82651988229392
140.11807399381644
161.57148272207627
170.32467712564815
132.7969221428213
124.74156352305846
153.06960398810935
136.01279832365577
141.48428729055553
181.63508227816334
104.80851408972998
117.97832916378307
171.12883866503432
136.4509644279857
164.14316521525961
148.9444458323367
140.52679629856095
176.94153334873482
127.4061032103673
138.89346056571696
164.1714335779965
148.65560010021855
134.91717894176062
145.4140533711539
151.503230127248
144.70523077752654
155.88422002135147
176.61116355881538
152.72881504123416
138.13485128216675
126.25073634535983
112.31560122890156
121.34673462980541
163.50994162264396
143.29103133099278
173.88669669985316
149.97456472390124
167.20307293331462
113.42998008868273
141.27913537982715
178.17581372460236
169.2169168205097
164.23058635771767
135.13476867914594
139.61616605731237
98.89320817976834
182.42359211512843
140.56067035828795
137.42036291125453
178.07086474392233
160.61246903982675
128.59806386745657
133.6775586961027
118.91703456969803
108.1566259318931
147.66956535829345
150.43688598343792
140.2499244838185
176.2846540553525
168.38367187451996
162.44510139101604
158.4671898953257
144.34435988010588
182.21667090560192
140.9251160909458
160.94942675820093
132.79149446456836
172.89377894676576
101.5702668487071
169.96422387025922
176.27294773661407
163.21031833097044
150.53316141344266
177.0894631732421
167.9049341449463
173.71307941348786
134.2985751450407
154.09037369379803
156.16035897013677
116.94582417857269
131.28939083722614
156.51960886688028
154.57682142757488
170.3093476743075
161.75673062982818
149.0365162961221
169.22737337980922
116.5950309703378
142.71191563977885
177.30400001241583
145.98872240084108
154.5296222803192
116.84410344474762
134.0734466211918
114.6770243836688
145.76503666087507
157.0352439822525
185.45340679478807
119.25389049010477
130.20063928902323
165.41609580631822
167.86457943687554
176.5501036594139
143.68248943157178
180.4336643198537
169.15163693443463
121.55360347549126
171.7593924364565
137.4714914441398
182.2898040851466
125.84443878547619
164.49251299307275
139.39666698208708
124.90320657221886
167.75043127850967
137.84585277813528
168.58652969716914
106.44562929312606
171.04655644761138
110.49335867372113
98.95974730398245
173.9023768927904
148.23631199833002
132.93410403026093
157.4840797648687
177.90886240155024
184.66841490422937
144.26754391336806
140.5247307763131
117.73337015415257
154.98492206343403
166.08791105942194
108.85031851522216
146.81913430566627
132.22990228260755
124.68024888382212
159.57798712861535
161.4143837563883
171.31528373451448
117.45781762208551
168.20984714301395
185.06462143170364
161.5502512470765
160.50635383552998
159.4783728520818
186.56076846281502
171.45873853119815
172.8265972972644
173.11942279297224
78.27121374598083
125.37196471101271
150.65645889742268
180.6920401199813
124.93334351945192
127.22954416843866
138.3869005078515
128.42625957968198
149.39479988560788
184.38187144542442
170.1709328627814
155.10261975558237
136.175640468851
98.20903955015535
160.84829946559998
157.34576404858333
161.47961480980834
168.9037240364467
173.33097357712262
119.67434318222175
166.07286059791147
178.41039973016865
173.89698168979706
164.23050012836867
148.31310801613108
144.65970114203617
127.76398094842796
179.0555533814303
95.62213139452466
110.6035315114253
121.52678643288345
152.65164738146586
160.5721296342678
142.401818197282
76.35600838202691
128.6358460025057
164.19563485657383
102.44378269567872
148.9541937840768
148.23113928576575
173.215904811731
124.28223246780014
154.52931052213916
161.33206119085017
134.51052052111265
150.74936473027955
175.88951565844897
141.07316399183279
121.31907597201712
175.87698122614935
156.3602415157528
147.95929014253142
102.13595044902675
149.08979383137944
170.07370104743308
182.6855928021716
140.8847576048484
165.33321747688964
112.27291366550128
173.6195973500716
159.2713822875494
135.88591377128807
145.13355319331052
135.87856252805176
137.1493415330795
174.5568104483835
147.4794220178547
118.791930293388
136.35812671190212
147.87487661670002
111.92993100510044
169.55698688973868
133.57117441567314
116.92767502272517
117.31776217496156
120.08884430552324
170.82533182835192
93.78661374084338
157.39482163577938
144.3551058871753
136.0666190331499
177.33416755867404
177.84824990031547
171.85896258997153
148.20093816271324
164.88919877246087
127.5429288059889
128.37758585977468
182.0586161613597
185.5074306025548
140.26209401624388
178.27214603955582
136.9369126526665
147.22769647166044
144.58365389762167
133.39917241293907
147.46786639508286
76.4286502611718
174.28084466949198
144.9349997348351
132.80284364263883
157.36215276421208
170.3150842084981
131.0340130505846
152.44475059889916
119.11156560647514
132.361105957424
154.72645137869375
140.75384265469717
131.25870040035332
134.49856963614087
119.30197280120024
172.4016512304049
100.71131649546722
166.19288232202373
148.81104121888612
138.64504251075394
160.9529945570971
96.94231052323738
113.24855940367988
133.74663990518619
137.35108063948476
149.61720266290172
102.2442903917663
185.80181458905386
142.3976997431406
131.33380078418764
137.75879527601515
131.44093075394133
147.80575368604048
172.8441726133159
165.94656164497786
162.30021791794354
162.84273778595121
184.03697927975008
154.69821430569908
165.69150769808775
138.68760726894985
121.58322552274213
181.23867563562195
148.24327042170498
100.95825160354579
157.43641156145173
131.59967864192677
154.29158460567476
132.60940365200355
94.7258914004799
160.25914187597036
153.02438061292986
160.66180547643927
109.11326713970251
174.91581590199024
132.90462045556853
153.8243992152655
178.9089608194501
169.51436411818128
129.59358390833808
177.2909998262546
160.5156383621326
179.20415808994312
177.09060586211803
135.73901402677296
161.72122580616568
159.1131916445059
126.00695165828665
126.94479028780887
83.24988134787502
167.39483160395602
174.46477157571445
170.62234236084058
132.1988958000171
148.73325782733954
90.46182757202132
170.97281321219666
137.98212693285174
170.28495778276573
139.9564771862711
178.07407943900103
182.20766049377406
156.4464110317811
88.71436423306011
169.39483026620368
128.56067207067014
118.06032686738696
141.74917732610714
138.0448949064107
169.68089085550997
124.67391035177327
115.92151152918996
139.10585483543474
174.83467480040463
149.39694067250568
176.84784418879545
140.4070564258063
186.10100606387394
143.29919171211847
182.49154727651967
176.09805789555568
141.5210839925272
168.80425611430422
136.19721712695747
151.81580595293494
174.59511764160496
145.4275731765012
166.29265458905746
144.85580224567408
145.23451047947054
185.23018200213002
143.79506648229668
124.73912030183665
149.44334730059128
178.84847842182342
146.948455486851
111.24919199631165
146.48475604098076
98.36945201757946
108.54138739494209
152.75341460803267
160.960538674753
147.63882436220507
127.27529189471093
163.80685168145405
153.70034201172362
170.10068113131587
175.83749951718676
165.17384027005406
127.45577692640526
186.20861239890053
152.99502244273523
120.79264011001294
134.97012300673512
131.04582474835405
185.65976761432862
126.94273454946591
177.1726028166379
137.73883277966684
144.3889718940266
183.6124331172625
160.03067502234552
137.8959333739502
130.4166832212742
116.4705414043743
144.7154392369557
101.17350384190979
182.13073364972325
125.01066723288443
137.9317681542513
84.49085060943601
167.50195683404615
147.4569495770457
174.7157663790004
123.40948520633317
161.9998695440425
117.90600875318822
138.7247709572882
169.5275367128798
154.9455392206747
162.44858488007873
129.54917111997764
131.7030296578547
153.20214552585898
174.4910983296102
150.07990475034356
170.5986654510292
183.01123922161128
141.84446647663484
165.88450058200164
102.48688400597888
143.33787775973036
161.16410225846738
124.36207684008994
175.23345003412638
135.13467417495332
176.96068854421054
175.74274770479047
131.72361183804597
143.5384187083683
118.12446636037849
164.78185736262589
171.25262781680615
164.8663026951122
168.82837096066095
125.47952054710558
183.30829534123515
167.00695543881503
183.2843156905706
150.7517038452283
173.86813865018678
128.56231586317932
135.94867319517633
164.41371988326992
136.53764263467647
162.5574521303275
151.6073877144701
157.087836470841
128.68685549371088
117.0788208926104
169.40508093097765
171.45291487561892
137.87185757403537
108.64369083053916
182.4455944166301
123.31191295786898
150.39436169078135
137.6541808104723
182.07347895124332
165.85724070465193
129.4479828811665
169.61036390335022
132.16919681444233
164.32193306109548
182.14676860844645
148.38818669773178
122.39637210801686
149.6398542872978
147.3122638764669
171.49075340142082
128.16594930949185
186.6077618815777
182.17640227239013
157.7052241653505
138.2833900836485
163.89385897179278
182.73053056209227
139.73486970023643
151.78058429556702
157.1512111878266
137.8048058942105
141.86537020402164
145.2516856024881
141.72009512565683
169.60308181323708
129.20717121493058
134.83831492948778
160.18871286392937
130.84749750349195
181.956897286201
184.385109804005
168.2221356813317
127.93340773080666
114.5863230431815
173.43948459893375
184.71610504537983
169.76453409382637
160.91566453262757
148.0066802199883
146.49365442217592
154.6174506431763
170.82667272645887
148.75064104818097
134.18621782722732
133.72822908874957
113.21844196567444
147.53101108155536
127.74890786532768
134.0606118003575
135.7043789314754
180.5203186698197
177.10747554148506
179.76391928252033
176.62713917258347
111.96210246804517
169.71430969016507
170.17450126042633
151.25039056856653
158.27801754512245
164.039149151829
152.29884637244913
169.9650795026473
150.3460890112526
134.58424036236372
178.97717023722487
184.78090413101313
112.0458073040555
127.82324211099586
137.1842428152322
159.78435787178506
160.44302426391678
143.9290889862824
74.88154718035166
161.42207189703353
163.32094833327133
178.48743319422618
139.38909569866593
169.63454789906274
127.54803432588965
146.5404683455498
155.0524352105922
137.97220814610515
169.25291647825256
137.66968656842403
125.941693453835
179.30336901328658
184.72313787644646
128.3599177796327
169.57644774503635
173.12627559224882
168.64500931069364
152.99418671295567
166.04533430842858
175.78002181766837
176.23448102951286
170.75715781397852
152.29623340692734
182.68207483539976
145.32770130981282
169.67904697355166
180.74768821492134
121.60787254538057
144.34599261615543
115.10990583272496
150.33049534927102
162.60133558829938
145.92597037244258
164.76166751758998
155.69432246319315
179.9547325703648
146.76822042778423
81.15320484317485
123.54112144170747
162.0602644351231
134.9810470006882
175.0396127036156
166.19866191556835
164.6745583748236
167.8253634901606
149.33748242584903
174.77041840304196
158.25624313494893
169.30979303113617
128.62777773361918
163.01880319058012
167.12159418693946
155.68802828174725
146.61065273373623
128.4852696705004
154.2704945396589
142.9831698881468
172.9345569269073
140.3452263563412
165.39991724592085
156.51600970836301
167.37860608898384
177.9303188511788
159.31610290371412
143.03043941607928
87.34255595648057
161.15678682020538
165.18194518833357
124.54142867546143
184.3554013098066
129.64084746205828
148.48557254248857
139.8585851504329
128.42406560754344
155.95550161771766
174.7788392767326
135.56087905894952
177.41955879064767
158.0470881862069
164.41063108879024
126.59702475614642
127.297680014028
155.26652313455145
167.4272321567483
177.99486017781348
148.6323517163876
155.20506130879363
159.04577432059293
147.640673207732
160.88712701071816
120.44030335149147
148.66960407093566
178.47858868457556
162.25071880567606
181.9528596141804
152.72920151188566
130.486981328277
132.81919004809626
115.01211635470601
179.24926194773155
184.51041833124168
115.86829077405181
186.44822080916288
185.55897691390422
184.51207572679516
160.11996996100612
98.46437579738618
148.77437500186528
160.68469152014308
166.04366916429632
184.65589516391844
156.55975961161167
185.39065797854073
145.51176731173405
167.31589941762758
157.27583172996074
113.44800486325676
139.5922371827192
104.25863755714985
20.464564028733264
132.58900313900838
180.99562480842775
179.38704347775115
172.92762707363326
182.87906425618914
98.61777598421352
151.45600521808962
170.42797910024987
172.00806589900148
107.34882803760004
183.12662886566667
141.18005548465663
160.99278856667283
131.68536632852738
143.8880072000402
153.24406706839517
172.14767089816692
139.99713819419347
102.61754392439101
147.53257089579427
185.55044621044482
159.75971827766887
169.11290418663626
181.7275567064877
94.24542862784426
154.23029847761242
151.48625855488842
135.85947150105193
143.52872374131508
115.6919120060661
145.91873110682872
111.43884717420413
125.88109513564348
109.45812592189156
132.76799684610765
186.324691836318
111.70004229352587
141.53593432953522
139.58856706341257
142.09622901293255
153.5665720445109
185.41641613835878
154.80332765383739
175.11156347615815
123.74895412418451
114.06842727189905
169.81958609229085
163.80677939561312
136.73069543998676
81.74216558255308
179.63348377817672
159.08637297899705
176.19367147519097
96.33299891636986
124.22022462604997
90.2620284955652
169.65748115437287
186.41363787795729
152.50732275638234
151.31684717186627
118.2020329769783
171.51804068148684
154.95786038172875
109.24162699300116
94.12387294839152
139.56128614587857
142.13808143800685
182.30580406293961
112.99533775630479
143.96475203502703
182.06526807645844
159.32241526309187
162.69686219817805
154.71444416378765
181.574637092322
120.4168813177894
175.51667631200567
185.16617201386728
172.19505731301675
155.8292974157129
165.39497198650065
147.9388285378169
178.48896541392853
151.48226350511877
123.634370154988
156.76296044879632
96.76960491098592
183.65579593431323
180.96972102378345
130.38781696486518
111.12205932836889
153.59100168429117
129.78249598736852
151.94036313722592
178.4119046356173
95.95908431680124
173.4122054207981
134.26247561409943
119.65581941957942
163.39769810710843
164.86410311955754
146.63113939072937
125.52338034579223
136.05751407385597
163.51275421012758
128.0096780826739
91.63604266461682
171.47327958188106
154.78368487949686
177.4377858459652
146.53761042259435
148.95916704375304
134.8581638065984
125.8354014356119
139.51270645970465
183.10396763408315
144.62615448977658
120.04624630194697
150.21317452096895
138.8982878806735
157.61036177932874
174.58736123627307
144.8971371303338
179.31253577599867
164.0910374915699
177.69274517586607
152.65940900054915
172.1542388053594
140.3991066389568
111.9479752329449
167.28166152637863
156.5842171078809
151.53107582576638
147.8320643715173
67.64558202232182
184.65678689407486
120.58385863441418
115.5436003565409
129.96130185315877
126.03128656138269
130.38340519658965
97.97758130981723
161.0753923985155
183.66083350439436
172.2479975016789
174.05129336685616
155.4783712769351
120.83098186824114
115.73558099354982
132.0468562536782
184.4771955806384
99.80535744522734
159.78146712919752
136.7985332921146
138.9447289785539
123.08039995102364
149.79222746126
93.74590945808573
116.76640315810687
114.34426963965564
120.56194567875588
129.62927971987622
169.409562337494
178.9440453907903
151.2790156668983
146.67826285625262
167.50310171612892
117.11770669922976
156.534619542256
160.33944384869508
116.44253694894138
169.90875257805772
186.54617528732484
151.28330710977258
138.80263995883007
160.67894024952457
172.07665724372862
172.32520945948255
156.40660874187415
109.28221800275708
105.08787769310217
128.2631994488714
117.1115746366645
178.757479440766
121.39610855131457
175.13085949079075
146.86136617480358
175.68306635909187
133.2750681710939
159.26188702172587
172.05921283060042
142.8415660968137
90.70076610931984
173.32456344828657
144.78696042518087
186.22609004653597
179.0059591673535
122.38380857644069
119.85344985340433
162.79831821625868
184.22058440492074
142.8492338499502
140.77216836779291
173.8335940653797
177.442974461354
178.4514018492551
168.5143175006199
162.24880148395405
140.2213852310122
143.69065169613944
166.02275284950085
143.06924054464614
170.4201862021494
100.01856840589988
133.70703039007552
149.45847455056332
185.79304068344132
126.94051979944597
179.5763642678465
178.32895779275538
166.64085981707677
135.13337181442046
167.87008145612995
168.7945865672132
160.83717351424477
181.7095032424638
163.2682793593147
126.54225007497939
161.3290691846299
146.3604317040714
167.37387376365527
137.7143997913856
151.26364115643702
158.44151395053495
156.2028206530228
155.0316090501898
166.91775240608112
186.2087565307553
181.60505597440851
153.5454705737588
145.58406038302098
136.94788029330965
158.0943100062773
180.26105157200095
133.5637223311323
139.52473173144412
143.12728709061827
180.67343269537906
180.6381336162613
127.88855006538913
139.94177921630467
163.95392936395245
136.48505315355254
186.50522064316073
122.51002732748447
127.1850609371406
182.68948774303914
166.82850494681688
158.46071385091963
127.25222550785791
141.77922970872297
177.1950809881921
160.85210304915248
168.0715646482129
116.77502188926707
179.24972065082196
157.1646838843251
128.53129572902446
174.91807942317075
151.2007499474975
145.43185661773452
162.01304774040773
183.01293340125773
149.38697043565855
111.1422213612068
148.36514077651032
158.12873556813827
159.3787209337161
149.3769999467612
133.05834405715524
152.8885443994245
179.42759214354845
147.42722267161156
121.52163539872049
132.07923523642296
152.07416385517476
146.79671093601306
139.0050831350284
102.75667573373643
147.22533450536292
168.26085887960926
144.21408973263684
154.59634802054717
142.9466858255087
107.04807964487863
117.93854989101254
132.6258026552614
151.97826682378997
163.220820075798
180.6715015337589
119.40726293142873
136.50959610231394
158.945452221213
148.3957165847092
166.9164783306856
172.59846622978742
135.7389081800375
149.08577593949224
135.7943861624812
134.0678583026412
146.18826559650316
88.51591606139002
141.77321370444383
136.8974355904402
185.19173216048378
141.97782270002475
171.7329126620643
108.15897712849
156.1101195435687
134.27083251614147
167.79828346928923
174.81725195389973
182.16184377051184
183.07455812795845
143.03226467865446
173.58700775502052
116.83313923994311
178.02611707251327
112.60202117751493
169.11389064439183
160.20492421920017
165.81631909487885
150.86435220698488
155.12228166348848
141.0761239265894
108.46977034036092
179.7111115346286
167.4006499066692
154.91823339467163
176.9398027157036
179.02829980954448
167.09400315222635
136.97962863864373
135.49729966992965
150.65067474080587
132.8138216925379
158.55791267248145
136.4679008725753
110.12594697393791
186.13672948839587
165.36265636239742
153.2779975321662
184.33070273993528
125.70223858282347
154.9896906754716
148.75097701562987
181.32393270128048
181.09340489151208
168.0895167074395
122.1025059020419
161.09275582335977
121.92450616695731
184.2349373540397
118.48016671746093
168.9608289152505
178.37209141098865
127.77698431577825
79.50489284524623
161.105398514364
155.6373332104977
180.55825637624181
164.76140742615098
167.9499491704191
125.10342470042488
169.7294709431416
135.21544721384748
182.41335955534743
162.57393849506883
165.40573259511723
148.0215413779996
157.5228735631448
109.57800147820137
147.97641104885815
144.86613972129888
185.0052924424578
151.81784800853399
153.544734683251
161.43620929451956
132.01407212118878
154.90462170801618
180.90159785366558
129.16810198762948
168.567383869536
178.8823330638407
159.96266248768157
181.33658731821234
129.30267703817117
138.19663574597158
98.4265201174768
136.82966233173693
167.4408533190314
183.74098763781853
77.5724380594946
139.64964701217164
156.82198992769258
182.67121708250474
140.68680382282383
162.29713138578754
122.11353981478712
141.90347018518747
125.43447622994503
139.76433732470824
180.34955821333736
166.49703739178705
181.5478803276002
148.07576331056086
152.344322534311
146.8483844250806
149.4415986022434
153.13945457546689
174.1987476051991
107.34386470887489
64.69623764670169
130.2308284487477
128.89001031773174
137.72379778062205
146.42239705488305
176.35442621511197
163.1738308281562
172.77084901040172
181.31681213191766
172.18670836609147
166.54175845486157
114.0933251561903
93.5850533685477
109.91853183270835
128.7157477244472
168.3370457354243
135.34934876653048
173.9732558299956
154.08711693511663
141.62971986143367
186.55534085404588
111.36884595142273
166.5367681193962
140.24386742568103
131.7719127009561
171.1715812271905
158.9318629012932
161.6920227235916
157.18122848515267
184.2372329756724
134.93522683531768
136.7867174190598
155.6427838786041
177.63619939593056
184.27995911778012
128.63600838317885
127.81141249078247
110.34894429638946
154.8100616574024
100.26454985488996
130.91352533149444
175.1637675299203
149.76012891888195
127.22873808383326
147.46883965848184
152.06624923873753
148.78877199162778
62.275819471790285
160.93479266357437
141.53499582800532
167.03135456227508
119.16930602964962
136.30746413010132
154.33092906416883
169.25933962983686
151.53159736222693
163.16483887681625
150.93230929468328
150.82724264330582
156.08111514827465
82.63893217830501
158.36991803328021
128.03520993691848
171.85212340831268
143.98043298198067
111.39559206069917
98.07634644350046
178.61556362547415
158.60204231782473
148.4790869204626
184.7963522954966
138.46456197290607
151.5960406042943
181.6777014027572
185.35833864421596
165.75687623958626
147.63610991610295
148.5996776917603
184.88293734402285
181.31098445033666
171.38067104524632
109.84210261102439
127.39758302536484
124.74192513855556
156.75105921766527
102.53216629411577
137.40313592929587
138.72157446935606
142.20386603148353
93.07345325301903
173.87783834488567
115.26079020224957
150.8374612517879
139.2771207650578
154.54106553319173
177.52129851800524
144.47940189780334
171.0269330390548
116.9567809628506
102.71237614907102
133.23600032555385
157.87183201458618
146.12303132170328
132.38058266246762
130.03101559892517
86.96933863956326
181.5192515272959
106.00104484873125
164.8832794566596
150.1986131356501
164.02715729746095
146.70545029937898
154.80101553379865
174.01297453813532
185.66716503053587
178.18114017504357
154.84329604569385
185.77474814952907
136.70554709215443
168.96501286027984
147.24292273606954
167.42441627167517
118.38366264193617
176.5308182171732
126.96401263992922
163.53748563051968
128.23129741377602
172.75545636785532
160.10878658848236
159.19681087328067
121.33055928007786
168.14988798629076
130.09329570093698
89.4484830940205
128.54126496036645
131.6342897881785
134.52976709520567
150.6628142808651
128.34032969627782
175.07936102430872
137.69600222721954
164.86484562516333
132.94241461953712
160.54251865610775
129.08328849597956
138.6547201153368
159.42507244082523
184.79645610654475
152.7847501890117
160.82185867531953
180.17247639736698
156.73503790811017
173.968298545092
125.47413944530211
159.62914589632874
134.68901671931314
175.00989651826555
174.57499294008755
141.35055380434744
172.63731619958025
162.2003020472169
88.01397275734395
155.57553405028256
123.29629854724607
125.23860274688677
154.81681976634462
101.06227363418913
122.28628735111121
136.10826653369676
164.17188074620842
160.49252823488493
165.309578300968
111.33637174389375
166.51271098665597
130.19788521035096
138.94183673092417
105.03947662571045
108.45218382099056
183.78167447269576
163.1504749159331
154.01175956391282
133.3957112286601
101.57532496392086
141.94441572983783
130.9745548002182
162.0226240768074
131.11402092436498
116.8752038593203
184.9731378588354
124.64855683251344
135.5980366942113
149.13814165956438
174.67863049312695
130.54689809318222
164.6483907122967
132.77918215222985
176.18826846777498
110.9105046933436
145.30762011784807
154.51154552860373
170.23791958941752
179.61451421372195
176.5027307403755
183.2821133846528
131.38082235487428
119.88040113189443
145.81111911975592
137.2019074822062
153.98266091769332
148.11166809277927
155.2964268579759
147.53097952473243
118.42301924263504
163.29814215159166
143.93876112665578
178.01170318966632
183.7425583702017
121.92910920958312
158.46186886074
186.2500067550767
120.1257505187493
128.05611174624272
160.60512928048234
128.34382792305874
161.71968452287842
163.37498734792067
157.98826377851475
88.2487406924867
168.85344841070867
149.15247980948755
150.42675423780048
100.40428237531964
174.89818025875533
126.45707847881681
169.73084591386285
177.04159467246348
140.6380762234558
100.41350295449124
166.29808008421347
147.5515203508462
176.8194147022507
124.2221017503989
143.74475849720454
171.5073973506584
136.96355414804518
157.80375625172192
170.89205427313823
131.93438750033346
165.33675427484744
114.97221266585385
172.67695413847034
163.86521294105788
141.21022623409308
106.49593927099875
171.46337941115044
152.4983231785674
129.9168502404776
184.52753987036348
169.8482625006484
148.13493808713514
180.50893983450314
164.8601948865806
184.0333678616819
120.43488807127466
182.5599699226173
182.309762571099
130.1800627165342
135.359180198979
156.4809747631057
98.2089430211145
139.71355895157163
169.6638806547035
115.90895329508061
151.1615160800073
159.24573623595762
157.7794624192604
175.23190049122064
147.2661032060429
179.35026527038525
119.77094133645386
129.83107708590225
175.41690757907864
176.36118507109455
170.19574740184015
99.56811534661634
143.96553994409015
155.15646763950662
169.30160626560118
160.87578815338225
125.28419825049116
96.75305679399938
178.8997764486565
125.55761645161968
175.48335287564657
146.98432945227268
172.58541563926033
91.68344924526573
151.5895420399865
160.06510108612537
122.93970409289503
127.75111288299202
138.27875476612874
178.9701129942077
143.36164604658327
153.3000493038644
178.93812783732307
168.0128991633643
121.74550840719948
174.43132468576908
164.84548545022145
124.92820006989834
116.07722259580788
167.61858362971932
119.6502433225757
177.1303441909253
167.39798564034402
177.05871011655506
175.01301446356237
133.7275525861046
140.52416805555993
162.66560397359729
155.642537482594
168.85415204181754
142.9184078050386
164.72027426965528
118.9297556881495
130.46422519173763
83.9995475613812
122.61115239270103
169.0351038067108
169.95055719341923
106.11304912292162
140.68707120025272
110.97000374452097
148.52006298231646
141.66801653798652
184.80339193948626
120.16464353711154
182.6140904879749
146.07418914885397
147.4645940414367
156.19075276040508
181.31937966891988
144.645989918444
171.43471702630333
134.41369045878633
146.81976237440173
124.344525362137
141.74628514797243
126.76481003274506
160.18816618318192
172.13922232593322
146.8815114862734
182.65964427921745
138.44161862177782
120.48314693247117
183.6642248034278
107.33749882882694
136.00030927787301
176.89902980611058
151.35584835191725
172.87192703834964
181.18655503915005
153.60136037602643
148.09694470641762
119.01488368641898
180.25220250419758
161.32938998943393
153.30171499318723
172.39596935854544
164.20471689013817
117.49054394994374
133.5821419809752
59.02502622014167
92.71461505853061
138.97780753687735
156.61621492041053
135.5018846739667
139.3096193512358
128.59911346913984
98.30499180823416
174.52015599753298
115.4469711938647
161.50395561870326
167.97111037154008
120.63185709347452
165.79152445782455
153.460498934718
161.82903937132687
179.83539342074943
133.8537584248348
157.60078844582176
154.47239866863518
177.33475700849604
119.34525615934211
160.48049130496665
138.32950429222552
160.8659504434191
105.18866225595796
182.28003183234338
136.95873679144202
153.37681647714356
181.089024811369
129.56251930391667
151.45867773717652
129.83763723433347
147.90981296521286
124.38212359377474
121.71395287851652
157.4477595026929
163.63157546040824
139.3698741047828
170.68855718653052
152.3646970180764
137.7155887700259
98.88411910185147
147.40813640532886
157.0233477608668
153.8061957351411
120.32142538189439
135.0135020813181
126.2381089714479
163.39514536257087
151.4875107322988
168.35349200881694
161.0074663403011
102.74468690808268
152.1297440263456
105.44291298898042
150.1883837965706
142.49702279188182
142.94373937551376
171.76496697844848
114.92178319546363
166.07364281550633
107.21205151606769
115.8016043646518
109.0593905329917
145.24523671939795
151.0988298693977
146.94331020640183
103.42542677777747
133.05358009845517
171.6240426765559
174.56553082920823
180.46979302426632
170.92955318502362
152.11005694382456
135.70502060054702
179.76708496029391
99.50870304914778
174.90801964864545
177.73960265987665
153.72381201839886
150.17357677973715
106.31814943366373
145.17644379431277
151.0814639860163
182.59682111404965
122.67635562816662
139.7710177239746
184.01120669854996
119.7581216788633
120.3942865768818
138.29903775292848
150.5258502699093
155.2794453213781
178.35408528504266
169.61497970593012
161.45989872247407
128.8732277785531
159.7328655621025
155.34015767179017
186.46463073976892
160.3446470203584
163.49882808617068
120.94971128183182
152.6833531799323
137.46116554432518
159.0040901731065
134.47119606693582
134.8438214254284
127.30757676056399
125.34393181840446
135.3759119996828
167.22076199379293
133.39672708014032
161.06879095775253
119.59684387068383
143.4313601865319
146.16338129810265
152.765425870561
110.22498074597999
110.70317407108206
135.61369817889215
159.5153227552389
85.54577467332938
156.8236572544742
181.11930254605556
168.30197755355567
108.43859891581255
144.81323523035311
144.7072981852178
140.94834282953266
141.9956559134723
171.39810266411692
162.57961719024576
186.55898346199717
144.03933182805113
177.4774702745788
142.66670555256215
154.66839079053892
172.8551603951597
166.76091837929573
176.0390083785925
151.3739475090377
134.84043948110195
138.17145503618167
152.04980619119033
149.85055723019624
165.67077226811253
164.43457591347277
181.3169550641135
173.69548640476205
168.7742049361618
167.00455613251145
145.96678914185415
145.7339265715182
174.06874249057384
152.52928914357796
143.14784688617843
136.57349001225418
159.09227466941203
135.2436345370094
160.4154153554218
152.04143165452749
136.3719552911672
93.19690514083767
142.57743353913258
139.2716273691584
183.52981273458346
160.13600612131535
163.214745862875
170.8308179425614
176.3338753609889
119.46553163640445
181.20317867699077
166.31273438793536
138.01121984965093
115.94643570778976
142.80040332257633
171.88565507198663
157.2785750626216
170.57542080885725
178.9858059917479
171.28819836341748
168.7547185240877
145.36630695711008
149.9310308244361
169.94370190889688
171.77115318618434
142.52734813561898
169.97602675432842
174.97739656552847
136.73127004525492
140.50028502850745
183.6419746952301
138.58454043077543
148.31086912069222
137.78024886483354
168.69478404690867
177.55349943775653
98.96373097124629
171.87507315100373
139.16570329356463
172.88219594381434
110.62146286646694
137.09730916592102
74.37683879678106
176.46743855764106
117.32776844611296
171.46375593347284
164.442159411729
170.04637537751358
180.50986541864606
149.58789693809436
146.61696037300925
156.8316332826162
139.34263693835123
143.0836426937094
142.15150706761173
182.78597929068238
149.89750026713557
169.39119168903207
99.87029504963957
180.52665242489996
157.13461326954916
121.70769184806177
148.62602053997304
163.06496491025877
156.78437283199068
163.97304751988742
108.85019758543271
160.5492865473135
180.0090527104235
134.51587035084165
168.9844532926946
142.65538343408713
169.12476778157472
126.66244939596888
113.49767141426815
182.0452942561823
154.53553140723034
121.68474503331998
182.50887094427594
101.19369943761083
166.5918433375126
173.6692944355428
117.22254530144868
171.14088675379796
104.05800699480955
168.80775223230347
139.66947715589032
154.10299422624695
176.41488000223111
113.11921608992776
162.59559015823405
158.30882600306157
152.45502981788187
136.44955549196766
141.6895412402114
129.73592541999184
170.16355544603104
119.18079524532911
125.90212601104957
147.1887599576715
155.2566447669541
171.83928063135474
161.86028189395932
153.0397983859715
168.51111245637864
130.0392372461813
182.3221127246987
147.67520780573156
175.05401380497315
155.7638264568822
170.6678788073225
104.76069349464188
152.51243358519022
121.13455483719113
160.00285591070607
100.0375461385147
168.86165380345543
162.16471728404278
128.01444230359974
139.76725558915712
152.0525713271942
135.77285478891903
175.9627225816945
163.49450843952195
128.08497448709502
175.40930934031095
153.35906692198935
130.1670650399909
175.72217804350504
117.60555493444107
150.80451990173236
170.57485411039968
160.60270347420172
180.02466406340963
122.10031274318405
147.40044629183802
156.61056853644672
135.02977133052286
151.26018626636954
181.03088687140377
104.50362337272524
145.6668679413614
164.96977095780818
146.6485321649683
140.80290039953684
142.5277472687487
174.08765706937794
167.65785559203607
141.4677564988224
180.32439570475907
166.0670522843017
133.1286762700886
157.28172148403863
148.68809298417932
141.91290570132315
139.18913783026332
142.72482219658028
104.6584429125138
108.45743304003986
164.46907687827945
175.7903436729009
112.5219343323561
163.18055745388642
155.89328078101693
141.0100511976793
129.47716066306833
135.64485339804037
141.11890610595668
138.26851441424216
155.34571955241836
185.5897123592091
154.45533030244437
125.58423289552628
102.91700537196462
163.78773570492444
121.81732150644376
136.02252085628146
156.1834348648989
173.7903820229998
146.97505777740045
178.96432388975538
171.86091110293336
138.36451255377403
142.2727539870756
175.2602148514086
168.25852587801438
153.14717225498933
185.75895493919697
172.40186280636414
156.63420353959384
179.38668097835452
168.8378125955783
139.5321101292103
149.76507838398027
136.93229004396736
159.07341494027432
169.99341737956254
160.04995170505825
142.7791577404762
135.78706045621306
172.07022712114676
142.80643940080918
172.18608187400224
177.83677209337048
170.04180339911412
174.11125884907528
179.93977959807563
179.21792857326918
152.5318808452968
176.9323517057715
178.80432458789704
106.00153518774817
179.94503509534314
175.11319415018167
140.93142209638026
186.24681050380303
122.88446290826386
159.01437911888274
145.87981338094406
173.29296729512626
140.25501492969997
148.61991749254946
114.1263705926978
178.22262394123047
124.79001485290237
126.11505247706877
174.61830864873284
158.26073220459995
117.29006009649493
122.25378362488894
153.43382722538755
125.89287359374785
124.73225942902978
162.0958901805625
126.84457009009141
158.22730600948555
129.46828120862884
117.9880302630834
164.74315533706596
134.15900094792534
167.36526123094885
137.49843052681186
149.7047956536802
161.6085148609838
174.58210752014415
109.12490099690746
162.36618934231902
134.92778649503535
155.51226981165482
138.74607241530654
144.6323126902889
175.50460707404275
79.11123058000364
162.1701337999612
135.59243956137234
97.07528796716647
155.67745927983603
143.68921224527736
154.91417429369278
166.20744822619787
142.90761050215886
135.8855725599519
130.74918226807742
179.4772939382809
143.98978712739108
147.54253192814048
173.80824097887034
153.26306320136706
106.01496989396789
97.03610647833867
175.12301553479077
168.46283082557605
182.64333814705998
133.87955710172145
116.52270902309328
95.33474532192427
85.11536981866014
139.6912658780403
161.49143531353124
136.31690191990964
143.4974699973217
179.59839816247813
53.77948453926149
133.6774204313222
123.28220937502678
157.7710648479778
162.13518436224336
159.91275379659598
148.38170501332758
130.84191015283665
107.54962041138654
157.11509252054336
125.98257455694872
147.61267508396367
116.93600746625049
130.80522853541274
148.84063978216133
158.99754247093242
112.2945523600564
162.41429096752364
110.72012031189314
143.09633648249573
171.80874299963662
164.55294658603157
139.58961171026337
149.5346785017696
161.6053692671987
162.60038157096258
160.15078406541681
137.77379990500316
120.1111962091685
139.95809535405016
144.5961114484959
95.14017082837591
174.19362602293094
160.54273552900992
165.76732210798392
135.76472629011994
145.12871523723672
172.55941418692723
153.7488812698682
138.1614148705732
177.8098417009293
157.39054535498988
124.66478581508605
148.33176059094208
143.89700264199482
127.62634640735789
180.67125340981315
142.29261517553874
164.63104904317362
155.17081279034778
152.4649378658551
140.5488937947697
174.42423879410117
178.74921831558515
159.18163283937233
132.5943958699963
152.0317472061646
171.85996937326402
136.19199903022314
169.9117633879018
150.07409142804812
161.5389310105129
157.63487044821687
137.28861362073047
162.8451191624106
133.07981690499162
96.40155821961594
99.6352750012068
150.51492025552702
147.0227227042232
157.13694923796365
160.8948140694597
152.28649645214603
154.6396101073668
183.13883842298466
176.43261241014199
186.1272710015491
115.09974619459945
131.03004601413173
110.60077930842118
154.00381923333484
169.16904631536033
181.98911518794262
169.59220776877507
144.71235304710177
107.58775978948816
122.44653226824195
172.2917478437136
161.84451678291586
164.78449766505813
155.27993782082663
168.01013139077912
167.73653074491736
126.67440314671961
161.54508859286562
168.59349197560223
161.96167262105595
142.53693177108855
143.20179460777752
127.95441955418649
183.0370444505374
138.43404003922362
134.7840968763222
154.7076139805799
186.37935495169512
157.21899568882796
162.14941833392118
127.34728929411104
185.70788743943206
124.23803712235336
125.51738417211614
98.9791619014324
119.17984371714599
123.02909523255839
177.67430236459597
182.42848160754463
155.0005269358525
153.71109482026557
182.49188572276427
173.29894520391443
160.7286969190408
170.97269698590011
180.74418437622876
136.26349356569878
111.07535184155313
180.71004760164485
130.62655142640637
158.205985105939
147.9706341537773
173.34033465510316
161.01309534098792
166.51350499177548
179.8693012275764
141.84047197316534
103.60256478897045
165.41014155549703
153.41634998960183
156.52159209432932
130.921163644961
137.44364442597072
174.73767422889804
154.7163607242573
184.59873904139096
176.46552524734233
129.86144557313722
147.6938611962865
174.89036303137007
168.63772480839003
157.75628004923576
133.7259438756092
172.66278393663666
171.40884736998643
181.59989078614507
156.0286622758303
165.9963269907205
154.5835197330329
183.30552299468178
149.99701568187737
186.1668347008408
159.66883962359643
105.08035795227528
165.8501769390527
151.33484433548043
102.34167489112026
170.42957451219158
180.42300782757712
161.8761515561431
182.97257193250877
145.42296072478754
109.26847246636956
157.02461715939685
183.5027477572557
186.39077879904784
121.01855037397229
171.78490923862265
179.82868765548267
124.90196583211238
178.78085428601773
167.94248764843465
137.6943451254281
159.01235286873305
147.58020405789438
162.7725487225101
137.57009975365168
147.04228686056888
138.87691463801292
166.9460462272723
164.12554513771354
179.41965874844084
158.14520536550347
175.7783686931378
160.15401242521338
183.50195062404438
125.62513910582163
121.05539032722595
185.0808281294189
172.98424104543625
157.4994656013261
165.53561810604296
94.34060235477634
155.87632602073904
163.62302110209217
177.49241187594066
166.82316501574445
153.49501497038634
133.30349764437108
174.11549667830636
156.90048541308275
172.29383270235735
95.69054227315587
125.07628636629516
158.85928789060097
154.12386955800034
184.75860978740056
165.2840426636909
136.6695888152375
148.46074946682597
160.10845997651924
125.82224445681516
93.27905319389272
158.4614280545882
171.38053741805493
137.93325478423338
137.69818488442382
144.69488632994347
165.53704056920492
131.62470899324202
169.0819859754797
183.70989343809
114.58816317244967
122.5712617522519
171.9045134863055
161.7474587410638
150.05054649290204
166.7836426090324
146.9515254701477
176.00700628270647
167.43932536541882
144.18661714319262
119.59981367390262
137.72357311452498
169.163417789218
143.27139351225782
162.8943100239504
166.046553209253
176.61574700033896
185.1173080192846
173.87600721520332
101.40258240344883
136.41598094786133
161.9728906524667
181.9693544454718
154.39091032719077
167.91569885244422
144.61467302364798
170.5654574063165
183.05558226751538
149.79084598115625
119.5188440180352
149.579271008767
136.74350175583353
127.91082460234746
115.36015968257342
170.8368966211359
120.28921103727177
131.2217793155723
184.8553022683239
132.14927081161426
154.1809916416851
169.4340235496211
152.7353389683909
152.6697224484082
120.89773340549777
146.93838178908032
183.08146594013118
181.1117919975214
116.1023154013482
143.7966383662843
179.77699782792055
163.5930685537887
164.27398894282734
183.42265551432402
174.96043998470216
171.1094258294488
120.5042175505271
177.03993080336411
103.18861273464881
114.75721254952724
165.75223205080175
115.80293918246846
134.63450237132392
159.2128237960768
147.39347090526007
120.90578328855744
173.3256016264254
180.81706693823804
145.62428435161314
106.16273055272404
177.39952092950304
112.49208210259087
158.69362106308432
142.70170074861107
149.11936328457185
139.5650973665028
150.10472421667262
80.65904019409729
173.33037297449857
179.89922595464964
142.56067849969136
135.80227661347914
141.08010484660127
159.19576730612695
158.37416939176597
114.46091354462472
164.9108243122319
68.17965235529599
132.9721533908606
151.7998089494261
143.0048387415304
170.95100043438637
164.02878822530622
152.63229978953956
184.18637248818695
158.66614558251266
171.00647510220068
157.01786056716278
127.12424597665755
148.9857477236452
159.98618082185
98.47706097136638
119.51507228995884
117.4927466993073
134.61781992337052
99.71083910310554
185.23980124384164
146.1790312047916
112.08119641919816
96.68225249885629
152.36128086218406
152.54302086425426
151.86302954873713
131.38917247110905
148.02293199948835
145.6926760203363
82.30717438024881
145.38610085731506
113.59787494303814
135.3776184730067
103.13016771066955
160.74343695737113
163.8196347855109
136.08813520521343
167.65012180428837
140.91717099739736
153.15552242204222
110.75725521881066
160.2321820927849
118.99412326020646
174.7436364567853
168.69863469528187
158.82739011926816
128.63432645923172
143.21007753765485
163.02288906842176
179.68632480164334
141.8673514108866
142.66777270473509
182.4710379511685
160.51461045469932
157.07317808093535
179.50770839695858
125.40972710941364
174.92401404410757
183.04105797581298
157.1986730537417
163.92210087831845
155.50810942587944
163.17119323600016
145.331648685581
160.19834259767975
176.35011316237035
161.56624251461795
169.60987602792298
143.53682042541902
152.89870147150447
177.79663534821617
136.78746590729503
186.42260088091624
107.01616956896453
137.4822825098713
180.12092473893534
186.5346464512544
157.60393481954677
163.72853655560897
140.07552120177775
157.24825177222016
156.38416697984354
131.3718360902524
88.49792896740016
129.20728206848233
135.6549993058661
132.71634622816165
147.6539306895537
128.15025346283213
142.5895672415304
114.77493590797661
114.60906535889278
137.52337971278988
130.93783375791386
110.53343377561751
154.4280873888429
142.56787212260102
140.37121791650534
168.60676556056302
156.48590545783424
112.08554503254098
121.93485392284765
138.7037211146724
184.7866019479697
64.96061964110088
161.14963239899652
138.7041544351914
149.67065607280108
100.62629212426417
131.09254012155074
95.95029769885969
169.99626432147224
118.10151828905184
64.87130041753285
151.2717458571536
146.63529122956461
177.52107466474686
146.8481000608872
166.01683108313202
184.83550696949558
162.8424009931218
155.84836184455585
132.3339551917222
138.9824666175339
185.43053047796155
110.11792655857833
159.4078568858548
140.35413876148104
178.12410888007742
176.79552733859393
124.36224915098703
177.3975267442391
140.26967643905573
170.29209290100215
143.06592276892613
123.21699742891755
173.50140647557592
147.09429000755767
177.80025096049428
177.74118227204403
175.9857678955181
168.125807578174
78.23750246800319
124.68156067842304
142.88317934362942
155.83675306041732
128.8336923555976
118.42399615252592
160.6800742063007
174.21941863049224
124.76590748464925
154.03790941138837
181.400525596524
148.3894617123389
122.38987511489754
132.51672745294582
129.4654902613132
96.78218164379798
94.30329214182531
154.64961006111727
170.59722162678952
113.41826795727462
113.4806068355478
151.52450591654775
152.9703235120955
164.06236056683812
168.89575512825877
170.59237717718761
113.55117398002864
123.08762640191246
140.70076185758094
104.75218335661734
161.64024161212822
159.09857255331457
119.9004338807265
154.12303321217897
185.96947107526117
172.1575858683252
182.33124764066457
117.94841754827277
155.09872870507022
156.47962110760153
115.00083746376285
138.32311134191627
151.57065936327547
117.68736678401235
181.03341055127706
156.04164973746225
132.96719496768137
143.0902392200358
154.59712240702666
137.21403059150856
167.36620778429247
87.19950837926585
170.9328889188914
155.62732593802284
185.1457763503263
124.35221277917623
125.9111206851142
148.44817040015795
152.11121722238778
111.33233096563025
131.1060447482592
154.9459751091929
184.7068430426358
136.66770243010723
118.63425827277246
125.39883370496958
171.54607437861503
138.97706468698362
163.66961609470093
122.53304794934769
146.56145384995372
183.8254144596923
125.10788530525278
135.47630999723867
118.54104282792456
175.0317971179206
152.7014558444473
124.54871401294989
113.7224812198065
102.16566581000505
153.8290914603928
143.82202155115888
145.3041768251244
106.01053452649325
158.03743533218832
150.04686795538743
160.59084381037908
128.925015719044
124.96702453091206
141.58865265971065
174.06980433440378
184.7434539646364
161.3424270367028
157.62243656641138
157.43697939721773
141.78581603953407
154.1066666921637
169.8276979081944
150.76990212888333
159.8701997083473
119.2455476127079
164.95951567702122
135.14901589642812
158.97243572773257
156.01864745341732
127.54017297340569
153.85856695405604
128.30820908790918
138.8926636433017
130.16899641557725
150.59549344177523
157.94264626194646
102.04122173518434
184.2761827773934
183.14160383403467
174.4525661891631
170.5815141887127
107.02080070757346
131.68865435511137
179.32525097486183
146.4091484801747
134.2636707412503
166.02773908801322
128.63460732848793
150.2624973322408
147.40538157753664
113.36147410118045
157.04340844044808
122.83641375522424
152.2747560834557
114.82535628043789
136.28367004916004
184.14143830607395
121.39497738030039
177.1847246371598
156.04417681398567
133.26032120036018
154.31701659829562
152.37886197002638
162.03259939512418
134.6202075821676
153.15172822789867
143.04078962362735
113.84515406545533
117.80609187204868
181.37887529646878
169.2371595720894
158.70699320822902
166.2175753014664
139.26416667058726
179.34268737139755
160.58998269728028
131.25280503466115
156.2148497349459
134.57499032404078
155.5488264762407
115.51298477057694
157.4898996516058
139.94634732428923
175.46446110649978
167.8502573641324
99.82146836840779
111.779670315256
148.26211374497106
124.84646404231397
164.2993513100444
181.16261397538833
123.5133065642552
180.7026417682577
163.80638455668947
169.37503103636345
127.14080522199143
128.61012948320916
