460.3700391373182
330.78981930408435
216.32964557126985
95.11782774964962
428.1686588658033
300.4049770878713
286.4401968302052
421.22632796424114
214.06941553482835
317.26514158271567
463.44651336254856
81.67089468301373
428.10204241421195
405.09550734914137
450.2834483262342
492.15659274729785
349.43413988707937
340.78192270358454
160.44941816947903
139.6611677888954
444.6976226739623
257.99518280800226
197.74258215521553
265.58476173031704
264.5641875727665
247.2381352191289
267.89436921491017
187.79849451094782
279.16350703862304
330.91268048070026
459.2170957986195
475.1935926054329
202.78393349564095
406.7571247874214
444.88084438527005
267.1092362620055
214.50431063097767
170.14761011052758
343.6181475214149
465.8360761768649
400.224118271649
330.9431913515074
423.8363160396501
453.5974341878956
64.35913834196856
217.89306405354057
182.5561637308985
297.87097322302236
15.818010637592636
392.07434665702624
474.2626211187373
443.59928998935663
279.02400325741115
380.35585774858885
299.64443132266786
178.47622782705008
367.16455655034054
371.49105743413463
440.30646703366347
176.06279721053528
426.39221310445134
11.45779874573293
455.5218012479997
494.73562164853917
62.222886438830415
204.77102986899524
185.3504645057858
253.17893768593456
433.7364312043639
179.85238259573413
258.03884041320237
402.8664125295238
421.3805829966378
262.083551092281
494.35896800148123
378.80357989975585
354.39995886662007
333.56507695072645
288.83947876108937
122.99281933183181
107.31040996478401
364.5338707198471
135.60495851435496
43.716707556468805
264.1539881478039
494.8879576117889
462.35785957533074
312.04286855387414
377.6086103535513
345.6255225276635
46.19720592807329
396.2560423735597
19.29689179754638
38.32217791233194
130.11975973674572
345.74674651260193
499.50468761628827
342.6702252496292
314.2231588747543
389.0636142544413
446.9027038659241
231.0538787601514
235.38054783557266
121.78238787410487
407.73499361825117
205.29522492322042
340.8680197598856
242.15053026040522
346.97745228160863
446.8932672132771
341.81890408934623
410.6090370978275
393.11913488685946
389.49578701867654
499.59147193518913
123.27283706412305
351.7485878594656
381.86130137032416
170.00121147006303
321.24793555467454
403.9932995225869
410.9869198204111
490.2537393748647
432.5633589553003
312.5831959127987
431.7840945751981
327.719668891545
287.18339410579705
337.01013643488056
67.9825067901138
355.5230363772288
348.109552772708
356.9395221525209
312.3531745508516
489.85779234493975
262.8038842554367
423.8948863182326
477.5504431551347
447.81764918038766
336.3669791370146
267.998024410295
479.4086268156687
321.2757063080351
208.0033059863511
470.2389709608044
301.69485972381824
333.2892473239625
200.33600970818645
231.13556089811243
326.0816500205292
336.4660948520195
338.39087094998104
436.07112278512545
313.3177212514973
237.39071679815862
112.19615358600896
363.68146119266805
170.66931196806843
242.3233958837111
456.14162816185814
249.40648984627526
231.1480747268809
368.2273794696039
426.14694797570013
217.531561825062
152.00403788435335
170.65806649252204
328.7193784003383
423.4757998656896
340.80804574748123
310.70886530437747
225.337632194484
6.48970670468816
218.0440918352669
371.67925692366634
158.92349515774265
109.1559151419774
210.74561388287162
209.4372423963876
115.25376404057926
392.6407688404662
402.7872550502903
271.0250228952041
18.530751248660806
140.73178407575745
321.80091824188344
383.64000244939365
360.06663928261634
366.38718092263764
265.6961665619139
451.3908830402575
190.32789983934606
318.86823441116604
455.53177427639264
331.640223249267
382.3643265870513
92.70612462522615
10.729536673910843
474.96218546821166
243.17370868835638
152.15582369673456
499.30567992617586
397.790587175457
361.10178410952415
278.8273869020025
449.28518705905304
498.8637990053459
68.87435417968891
401.0184338636453
384.9990725651207
113.37980772681743
73.86462648950942
425.901903566481
171.05930415752806
218.71715348748648
498.62005771391506
56.84103686427039
371.3261807243264
304.91263908848356
188.09955163300953
420.87983661235586
336.405846889097
460.29101378377453
133.47275504606318
76.76267650136134
116.36990976835062
446.42112522785493
284.2046325400337
437.47994555789774
394.3789072405158
392.267177175966
329.07462233191876
359.46268732638765
213.05568071049515
175.03207193507478
309.89862514291383
319.2771355018882
310.5974958595215
420.41170390967716
238.1168419020721
185.4121783626466
224.7705641175507
402.04180519192005
309.7411670795422
226.26370285578736
199.12514786540714
163.08028753153604
419.9744267876597
96.37903027735695
467.83410986884496
27.61215588991047
406.12252144496387
430.43343011116957
432.1741559954495
416.09460122337634
30.032955530820914
104.62136740036124
329.1330113842905
431.54296045801584
161.89928932078686
301.9860188373658
491.67762726479185
330.65062736556337
395.09103040850664
334.0407280865768
349.9286328551997
249.15298853522003
172.68626113030518
366.8840633165793
484.4169524818243
488.37829702834466
427.30719518159617
204.15694400155405
240.75200651361746
206.18919161237415
363.05643938955757
194.05454988074638
329.7533545608768
439.08971465016697
317.6723198926875
390.8585569952608
460.7430469187146
79.58713523487489
379.0022256278422
7.577918484727604
126.6180445687437
348.4117800289273
330.1651345714856
384.03816746797503
169.98041203606766
383.1005166719271
187.33332099391532
393.8211836923992
296.8743797824194
300.1384953299836
256.49073727141973
385.6306030986193
315.3749139980374
253.65328640198067
56.42101721126795
191.47034565463622
123.03084595510433
340.3367364791027
155.3435674346947
70.80122052466334
362.966786907645
327.51225003515106
455.32147969604955
480.82730319678586
86.17606658326076
280.1917358603571
120.28778300587533
348.1287460654056
475.6897541741955
219.8352575564125
461.30787873968984
205.7146457822601
462.0403628358304
416.48587074009174
352.09445786926256
358.09465262402534
484.4732934006183
280.66695577669816
404.24280820753506
449.42329566909467
126.5857399986175
458.0630555306097
252.82566722164472
196.06757964295133
373.55061651968595
416.55493367869406
413.4488670409679
421.12525708168505
458.86980563299335
465.827498817237
406.8479791218063
428.66684575460783
487.8053293262434
442.0032814039912
359.0328466931019
86.45960188426045
192.82496028180412
482.04707776834255
177.31308590474129
450.42717294590216
264.64997464475516
464.7455096285661
242.793138440713
0.9961914927977205
428.8186533005388
440.1181576324959
474.5975235129117
342.1877949230578
423.63174335868547
485.502874587654
364.15337461963315
222.75357525463818
325.0110687599996
498.3471685709518
427.4951167447851
