254.50673623611723
401.20064723285566
422.79037154393484
491.7556592761931
366.14818450248345
437.8232654633717
180.71163489810004
421.93562460278554
410.8392202966264
323.1623810029524
404.6198762670054
490.77133751357877
355.78855807192593
19.383964630652372
199.52673722413692
247.75028006462819
427.9702383336201
40.319344065280916
414.72441362185316
435.7522487463798
252.1632951350347
480.6031610473922
232.77690721493093
194.33443916927234
188.14164757092448
366.56345731743176
462.31844820932537
326.68770879397465
414.5098253554901
157.1483902752002
177.10481635037706
282.57341189616943
239.24048200304276
365.61100167278175
212.73923184307506
424.6784444758633
309.4735215206532
320.29071628858935
489.52587361102815
396.71512471192
218.23088110536327
354.32230530408606
353.1823555471409
483.18695691076147
157.49765452830354
287.0860030423678
498.0705245098259
284.1785407614127
394.74965795980154
165.27376086272903
462.51041741083395
187.93407445254127
499.7779763610009
253.88687972352562
284.02921162482556
178.2833529579715
481.371938167614
239.88431069839578
329.8786419880175
370.2134193698609
152.68844237634357
148.7279407993825
323.98712889343693
295.1950341846946
96.03085600855604
303.9066748877667
97.19268227821016
292.33252256822504
454.685406348599
141.0281443008002
111.6863900731152
340.7366517447963
271.3022083499543
255.80282879855898
207.31900478464877
215.2014744252961
85.8495620839862
402.88721736939027
475.8173873142028
140.44026371799788
488.27327831422906
395.49396027402724
469.2368285817158
381.39814420830953
453.8456915174328
468.7083472346196
373.03841238745065
174.11235097275488
179.77604568568768
374.79024238214515
308.9489131401515
212.84935409024484
466.40240359584016
489.2802879918439
104.89391834810777
308.5063912650256
424.7799023343897
423.71455246718386
488.7684522384113
494.74723258507925
408.103187258483
295.9258758733891
476.1659935433707
323.2694980184891
128.9189956658389
297.4518334963634
409.65408530198255
344.5241103965003
444.0139953996844
307.83177552710765
333.91597687570686
364.5806704217232
179.9973076763103
268.4385242763723
438.05487162909617
433.1545177108405
247.7221716605138
346.85533441963366
341.5597667620773
270.8161697032014
320.4733614125857
357.70484112217406
340.20601294254834
294.47694201783906
411.1794055200877
416.9778009542886
200.75735343470785
439.5870460139696
451.9003513934749
457.60210590376624
288.5873983521266
15.436320385816032
414.78231913831684
212.00814214160636
364.94972239347805
314.5220461665603
421.21385089635015
480.61750529758893
160.80677884859494
318.28531663623266
489.7793034729265
303.49844932795344
322.36904343269055
457.31669304166667
138.78060061146647
260.6272098775387
242.4079433180686
317.4603645024623
261.2911287971641
424.4015842287257
336.4563098058543
257.23590696624984
118.18428832650193
354.73389024996897
219.47210250416782
428.4380551910473
197.87771695723097
335.9161306693743
462.5250416363564
371.8033952588744
372.41163938079853
132.4340522437721
449.11234707922875
249.65868452097942
333.29035979783373
121.99920337444047
277.58575988195
217.83756739090154
268.0264583339724
63.310401893184405
65.77206956932429
374.8126782669571
287.1273155070764
493.69995209240295
485.2349701146176
434.688959772369
246.95727434302128
352.7003103203088
381.2287005453612
349.29238742530515
455.71747013604136
414.66031808101314
481.9496198548869
483.95032457722954
499.822855257672
159.85739761537906
62.25055338379474
294.4217454525614
268.66880236551515
282.6005360719904
428.13556716764197
250.44432683145448
404.01946125060647
360.774689374615
468.10917779661526
407.65201692247183
137.35390450348018
387.7614268118026
191.1347373216288
410.63882628272887
337.30188844898123
279.2800226964241
373.98061549717954
212.56851915838712
229.36444819502725
357.84109767076586
393.51432325197635
309.4288442906598
464.48755819774783
85.28121752975375
406.7675952675111
173.85864041363362
410.0062801208461
433.80172125345337
341.7361142452836
261.16173907641024
472.7320278572045
397.5144047408471
375.4087735044716
391.33014257162745
419.8071500635077
134.2787704852356
140.14609951441378
410.51923738997243
392.4267287530016
392.73975428635435
223.95620486358786
112.2314141904871
398.12289848139477
428.13658626447045
468.70733918800437
364.93859088904986
425.662771411535
381.968659789129
258.8928152160638
222.657982668528
356.38923362974435
468.847927244703
410.8291093118366
459.8338065291837
221.6503391085118
194.76194601697892
419.0327435714351
223.06429572386855
351.6970322179436
175.4378806311325
270.9085835453992
116.9616683811721
496.1581903830798
333.1134142600912
175.14551144213345
79.14325724131999
205.11827795657268
350.5615373002346
4.872586307255233
376.1369234196278
366.4043181690706
225.25117935718526
315.1543556055005
439.15927098333475
492.9319396053308
110.86417163693318
494.76988066123346
390.33548066551157
315.3977264281464
102.4252183623243
419.28393346079963
468.0884502476663
472.9849407979104
424.55556030570955
476.12375323339984
3.7795777355993323
448.61782557374903
419.757260205844
326.04703636810416
201.82643382171733
454.0091326844147
187.41117727175362
404.10378232736844
211.58319286224793
421.51089969058694
284.0745399731951
376.44378260883934
321.4136888962753
456.2401260342551
472.72303177227775
481.24121805248774
342.5395766674906
255.53909755057683
381.2227041759884
145.92042691420176
26.22479655770053
231.65005223946713
425.98536583099434
157.6697469912487
167.18834421613303
184.09710418737126
337.42200085908524
366.98431652943725
300.88576312714025
450.48260276360014
426.5218769370064
255.38344144330284
370.8962346604001
333.59847276346716
497.92365242979395
68.12231977835194
154.54061713504518
330.47038533554354
92.05602559966849
332.78190021977963
370.95775396670143
494.0838005209157
217.050869551944
491.7464084596166
339.243342392164
374.9010389281467
484.028148246449
404.08093477000943
436.36386784755433
103.80036795888816
390.25002017413686
396.27492169794607
329.59927462873134
179.09305462453517
289.2501653323867
152.228227999634
178.7990833481211
421.4898714467381
329.09138450484386
489.62064703230647
454.77678816479306
302.9997725618105
437.9609171242798
351.9991804140898
411.30763040758325
489.1493284974723
220.33984693696408
255.64629989459505
279.9022671206376
173.16124903333719
312.0041055013286
247.13452262431917
486.3942137446501
468.2090758732935
442.4884095984875
334.1443442448433
129.3080464744047
352.5413730794177
474.87354449692623
233.71415896740592
412.2824536105677
415.10762727678
460.4889553422718
318.9209221249174
280.5058228905768
459.8982451272543
474.54880822049665
277.29384459425313
449.2505927157965
