8.000808142084225
191.03992984937463
480.5310609401984
376.8150010399363
433.8623375855067
473.40059058405893
28.791406792362295
28.58274153119845
318.36404994360055
430.6044785778357
353.5726773577728
277.3548918026105
471.018868931825
126.82947192813327
421.49928723475944
300.1127535721588
415.5013382516633
196.35818045758032
376.47594890637333
398.2479015221264
496.06129793027407
267.5908523606331
496.2691950922064
469.41673437677946
224.4963960844613
426.8732749920194
203.74420158314655
295.6647671234159
431.94088936517346
489.647032899249
480.74943377116756
25.118629959587793
485.1301022423357
351.7988622338368
427.1692802832285
62.92218918241127
86.4812559268463
430.02431684899625
294.0320791933541
415.4039655868049
375.8319257022126
95.01945207669394
327.7291591151869
487.8814241233816
346.95012690646934
139.6963605179776
372.89758391941314
407.14609343352583
427.94365309414474
261.8821632391588
30.197253597214853
251.67335085043342
311.7903409469644
373.33035100684214
413.14822300497764
187.3512454731399
326.3234044128818
444.8462621853714
231.9034291907152
374.6785140984415
337.53791852490883
499.6130549489357
199.12517703902415
326.5948831149676
346.1959811715473
161.44973999391067
483.17694036010244
395.53685057536563
473.4718972111844
323.0934287896124
173.18462659732887
32.45110235480638
43.96379806916002
495.6246812166846
492.5003932410109
423.93294962620996
383.99427119603473
233.15078804821854
243.64345602031392
286.5734745913701
353.0987445576874
317.1452156069605
381.2847754762111
330.6520709236861
189.4265951394105
48.470282872619975
395.9153915969923
354.6011901233104
281.8603701160328
233.18260793243996
456.75459781349014
399.5818594382714
53.154490979712136
146.24583229671242
249.11913864226187
458.6051481132431
247.90265287879396
416.6194697424098
432.30237837985624
420.63121709526024
303.83688447162297
464.02471191215346
467.4684148173642
60.04295156226061
209.0556345276625
380.5595114510857
390.6162003982605
476.8581451386467
497.60871499995955
189.5508686969252
475.38927414539864
321.07239352102096
197.83948465474094
464.4254384225639
413.28421038847654
331.48736739486674
473.70581634785555
18.37505569980999
302.1116076697048
144.81318490057384
115.81797878473964
189.04619722470517
322.77054233658123
240.4015707926804
101.06525096662386
203.186266462211
457.44485118283217
166.32427270551773
459.2570345924575
161.91459575488125
451.558328436075
437.01342198758425
432.3295776605834
376.0688784843503
267.3883783836929
441.1534258412022
204.4462445892696
441.86633753120054
41.628423041180156
81.125610575586
442.5466876004041
334.68932935661303
460.6420327020652
158.44578417846122
485.2822611092798
294.01241502797814
307.51176351429075
431.81731029787204
493.7458002258005
259.73629517305835
135.17074558282513
454.80766440488503
492.1495194089416
492.21136278195996
128.899849870379
485.193982654411
231.1770518015851
353.3723119848711
450.40810104622693
259.0140889939128
189.20541255257956
391.53890943932583
63.980612209609035
208.45903920639176
280.1029247397795
255.48181421563947
447.5963922407256
443.52404003641925
213.23823596788003
111.35911085575395
304.1691051303863
320.3179046931341
107.62206933887722
126.02120836829039
445.3936955139732
411.1446995753838
300.0083816056798
356.3962686918246
324.76038074128735
423.7656698336157
81.56153162949232
377.79494591579805
142.67108104199826
393.11793356048224
278.49659191112295
480.2217226498217
399.5996039185301
497.91953436401553
380.54852752404855
45.76140330070484
76.41097661615277
123.97342653439375
466.954959349897
389.2733943968637
341.42408026527596
363.8635664495089
252.0336549807848
464.61166947557587
94.07003852685511
35.4901061591068
304.02204767766233
197.79652329661928
378.8592876228732
256.2958230371015
255.9578685012748
455.84797461840935
250.61056814172866
300.63528777730403
18.749999039761462
468.5043800625976
465.03592855849405
331.6639865079726
492.165580312005
179.95267199854356
454.7909205768352
30.298817774150848
484.6983382163671
160.7838477558915
237.14287504473617
449.63374465759597
264.3664218111561
190.3675804036984
260.97967528735273
147.6024877054938
451.14449674728473
237.4634189221049
181.7462812752005
271.2698498783749
241.7938007325343
177.16058134315318
179.00948640872548
272.8542520747293
381.0987448424091
213.17260799150137
426.7094745025604
392.2877905149254
395.55610336946984
470.5147641789133
485.77501677305736
497.41042336275797
228.37264842526855
424.8846183502648
247.951895633142
486.3392615846983
438.44327227021535
280.24826361358987
324.60080505763443
202.46482908758873
483.98815363594724
303.06911606294466
273.05621886804914
419.36671793677203
138.41347770337296
372.1381507338667
286.94483597762314
335.6685954831622
232.4116022040593
370.2459536827686
482.1462155286396
364.62126973732626
272.9979272420561
412.9157365352008
337.1916345356798
318.36606896120367
473.04495387932775
135.22692461198346
120.02301227671671
256.93496738851604
397.0208626001702
101.20157627818071
315.7861458243428
333.5501775470876
271.24665013161143
130.9831890855993
259.63287187100934
406.42758013261124
436.5611879517517
278.32539399457073
155.18564115580955
351.036094910872
313.41871909657266
410.16239170073106
203.5482029298833
176.5577428572485
448.9036058149549
165.23696080860617
160.41884524493474
162.11950895430675
356.82603684061814
421.40894161767903
259.3387726667107
459.82835942609694
329.474591258017
291.28439727781404
469.85148246191073
394.3660182769696
493.8149663337728
479.0429683845494
489.12541986337317
484.1635125926318
195.29904575679973
321.0637133556087
321.1916597095035
179.2424037972006
331.66762727455466
303.56625689271914
235.39774371025618
387.6772952540679
439.4986055641405
342.92561978177
229.0491198710074
187.40947168817985
213.75353300889026
308.3662631655647
335.6807610168843
168.26315917617137
468.2947711846506
52.24253207558667
320.58879532462095
139.95562081010996
444.22036650777267
431.49985528339863
371.08597390474716
244.5135928475385
412.03929570785675
185.2198184123144
108.49375172927836
358.0061839654577
167.67568783037632
357.3668877039191
246.85120364567902
255.8949858235489
440.1876607052618
289.2192508664999
416.7687539673812
483.24587557493766
221.38525476830404
390.6575212727985
346.56763563537595
310.62201167511347
40.3280153979793
362.1248219009214
394.19510116951085
120.13237027732492
399.9257934154116
427.2329265471196
363.0025409909016
147.6932159025804
176.10485481608686
103.42826958924036
359.5762383654983
80.72611091975637
118.55424845060577
449.5706770099611
420.1886922503198
409.00946712910576
446.35281125392504
259.0317284936096
467.7071378539504
144.30332459405662
