345.45818584413416
417.8712223222577
461.112239524138
306.9263034713133
379.0078174685866
406.00486352118344
334.66129570418127
148.78930059587043
158.72208630473654
204.17560775889933
274.6144999370903
229.0657084716358
309.0737694642413
198.47412634326503
490.98295738686784
416.503754752594
449.02501876788943
435.7485023850955
241.9459597152175
354.78974204694606
391.87047051147954
335.92955502796553
485.49213806452417
292.756631988371
393.9868548667339
466.7214344411655
240.79570079646209
373.7987200543322
453.19350079938
405.8026407441541
378.8029694610794
425.86877432865964
252.13726908018674
388.04937937436296
256.00534213066294
498.02459707404785
327.94349775097646
321.4564291681626
456.9855742091454
118.2336252011819
282.5296548238374
486.7780288529405
305.2088112086818
315.73957754548155
479.82186279529594
114.49094151344434
294.1915238631557
266.46027722180884
289.7212363219476
321.3615103641122
296.27253896307354
277.15955400867387
377.1958762576662
383.64743547078797
158.3635673748907
378.3397548250856
454.87260293468853
476.4135109934904
158.2249903074857
45.886019424132314
251.7847190969799
141.70020486894384
261.3827032291337
221.2840030210525
262.8707815223223
276.8354316620547
404.22418106163286
288.5094461880883
398.467167575432
291.8596292023693
268.95627533022684
214.6040045373992
485.1927233000247
295.3535047144277
324.0770938261801
222.70062202464356
350.7202267429956
336.49515615787334
148.8749329814994
255.24853861695533
380.94928316268636
274.5276738006836
444.74093756553515
343.8197353684261
382.4673512233538
129.95175437893585
283.4163021237199
271.96831067739026
476.9212918976405
192.5726161009382
14.615939927045645
356.68808082191947
371.50558057883904
334.9595248715028
324.3397452464002
382.34360425154915
358.4505587733436
388.1112215870879
388.6582919367753
202.66940210714608
401.1024384238246
474.01430875049454
324.169078378629
395.21845968616594
276.52421259432407
120.78861884287556
330.2710281110823
496.3110888729734
125.12387686135423
428.07468015595987
336.42853326902934
466.1376979803331
222.80273607378376
403.672630619632
417.84550827146893
299.80167286716977
344.84180631212894
36.192096885035085
204.74175084921904
423.63384073981314
176.29154701675833
296.4015305045425
372.86726358357157
313.1548614280023
145.3936712733239
97.86169394234486
220.93140984768218
56.11766028171655
329.53266162152914
299.99751796149064
300.178494489836
234.69695164912326
388.0343976395829
331.7812436713265
312.44198076278605
230.0723298812798
414.9029549757121
240.9337509276861
255.28022782341398
109.90127932938003
238.36792639520786
271.46902463034223
451.0666332685449
428.76111233773395
280.5960568814868
438.7226173479662
138.1957747046916
189.95958642854498
329.2444640700646
353.74018671684274
88.5069735780175
212.6897200605469
322.89396138130627
152.4987753677363
85.33491078103395
312.7846485875277
206.11727538754894
458.93051810887954
338.4703912343318
297.6493478475385
288.9896024622719
321.0009583501469
468.5882505216967
374.7608557474854
51.122829553667145
232.28998802952623
127.81265731892444
419.18337118433226
175.1554825160258
387.44974054763327
396.88280251691174
346.2784203222605
77.66058496732484
355.7808359745226
103.75890900626604
336.57611791637805
333.6888599920972
287.46317939566575
360.0290596688543
354.79740804234666
330.3557246686041
218.25558175764746
72.95438272177108
207.32930720551974
123.86312680083944
176.8636724091997
452.8133732424203
339.55947752832435
334.223020553952
61.33027950963003
328.3743438970066
411.38967326948335
338.6092088936068
32.57416082414255
18.574204327262464
241.7554988875304
26.713923783801533
465.5454440439429
480.68729446025014
239.15787900300427
246.57224292037338
488.0559655096228
356.7245783085871
316.4141077392337
31.246706811989554
255.1858577714922
215.8502466128951
303.5076013802259
204.89520507243122
278.5199711275686
261.96253823159026
262.4551385790456
293.0045872508038
482.46146976604933
273.25825580313403
224.389967997883
381.5147017290254
121.82180328833687
299.87860573975274
415.29150252051426
499.3636134036987
238.68773922160756
358.47056791217676
377.4128036321012
363.86362811419076
164.9074950050424
414.72588241859887
443.64173294804016
397.1970501020587
348.3174277482674
216.20463624332956
427.54695529769407
202.6011391436577
267.3686681678414
450.7335585134234
98.80337219940503
133.99492180978535
355.44355848297255
147.66986537334526
302.5496321627798
381.04620343102715
203.10677315800865
358.26662142664617
383.04158823033157
284.15909279485993
436.1230922650397
157.17794357404284
368.2284120893067
233.79157183170116
250.32489789955352
471.8695237158017
436.0717176314743
410.11258590891
350.76588823369894
132.54491192276424
59.12142345981306
403.91845277953496
244.65723864197264
285.5326132451006
299.7247276508682
153.06984555115991
328.5743612145245
378.31908209602074
253.3456626006868
48.07346132981644
424.30068999693844
347.456559559506
350.81069873904374
235.89839281132492
357.90119028192305
416.10578689013767
191.83999990097033
386.97547768949505
321.84509768175167
495.16961570628706
110.21991260353883
235.54333068977576
289.26802425262645
260.7740757908891
117.5936914880761
487.14986745432554
137.19096848347812
467.1348455909692
473.7897561921239
397.31105314182946
403.2201132430642
28.20371248973572
427.12083367531153
176.84965228740197
448.5824491926043
457.44257741472006
386.8519913519962
244.76249888546482
398.7831527065084
307.7428811918203
329.3605049385528
269.11150829953954
145.16281252995242
204.67260710202555
240.02389061386828
370.30654001029177
184.44199282832062
341.8008385992837
207.45529853412398
386.0320824300103
285.60856627863586
498.3370182735549
400.2723427465176
486.71293442484824
319.7252432819155
378.1354840312518
438.75918856176014
170.33131655099425
230.60443307365546
485.50123472006356
410.118831550595
406.7951231126524
447.0198068619403
325.66649089637497
220.90001646267928
376.88147536490374
277.93706722546347
46.49978394872778
50.08458345075917
270.35117391088954
265.51362597601224
286.3256467315998
496.74899166036573
358.01171418393267
472.27300808964713
376.52645169809307
363.41528853706495
448.1826547416184
283.76399733005564
96.9324994632941
336.28685679652824
14.953941306367653
254.0132936778095
292.8217600922843
276.1451818202009
428.86923883958616
209.43734564179346
297.89266142057147
320.0114717234609
12.238516068741603
54.96536888626173
290.64324779932815
49.71213957215025
76.1336136231302
178.82727059715592
340.4507876009268
174.7761256770583
220.3699577683264
182.22170909433873
235.4824231977106
493.4936638435642
482.92488185632874
303.6822723137267
410.26406929193814
357.4783531433699
