116.54788550848184
335.643501070949
102.05494791532851
312.1175031147497
201.48063820720296
99.96644944524166
116.71819757952761
150.54220580418274
370.1215035640755
49.54190654561796
480.97884946116534
440.2729950357414
323.40630101263093
385.513624749874
464.4302714868613
484.96938778422
404.0000713358083
341.20763179821734
454.77585531061607
160.5629903802086
343.2461712439216
257.3482541934057
189.04241832020182
163.8540404184966
287.6245493227069
371.4079232922122
326.1595173075534
342.4649481628944
450.66838215039286
165.29869829788544
411.61364328160266
130.1238768635253
179.0235823379453
217.1102009801707
301.12586066026495
165.35280654359417
127.38270315782319
206.75651759482963
380.66658364862286
485.491727802957
91.80031510109694
487.36035365860965
332.8449088923185
230.50605273437202
129.35757345099847
77.94247222287504
278.86199653817476
358.5974207215517
374.4272740473974
463.59287989267136
435.74944377684267
198.16277867309026
490.07307088090135
34.083547924051686
498.0191586123278
169.08334658107265
229.27026427365593
443.98271375936923
324.7492555623984
172.19965381654248
478.2949105430714
207.86039170827326
429.71127065982364
424.2638486500173
305.7251829709786
265.6150386024043
344.2359745110321
269.2201910350809
422.4742785672759
270.7919737207623
188.89037653127008
250.8624722668477
261.16983087474875
352.3139257413769
300.47466344422827
246.7237578074062
185.49553173661974
198.41253432130276
348.9359537651706
332.37313412005665
498.1322587999272
102.37357978793523
497.57435895637843
193.9420050356204
422.82157075513845
232.4445781835011
309.40760754374895
319.3556891675148
463.95170201215075
375.76033975052485
274.5249253119462
449.6090615681738
82.11990956995362
252.38014997376774
399.4781157933119
1.858737864153511
498.68220603914693
141.44061907098114
351.1864626233505
307.42912737686186
286.81481265113416
440.70097944131066
272.950061708704
260.8518510771528
475.91558739381327
375.81263437496307
43.20746859212221
467.92616205714296
53.65923107222676
377.16173485135675
225.29336237853988
471.4458558874762
336.860052825714
381.52673818582093
291.83744822986415
390.3441986542447
365.6935432231992
287.91819461505577
326.94511442060343
169.75543334430046
182.3020355274275
210.320946585154
118.49432355132933
451.4770836650569
470.46285386774576
265.2396915068899
439.69503762867663
461.03975444098916
320.47061846654464
423.07001402993444
101.00629337384174
392.4845754452149
385.4942098514338
470.8277869285459
43.996139267104866
103.02044888857802
443.75934611461935
111.74100229214179
397.99362413899263
117.00934001455403
403.70668511004686
380.71057181690253
388.72075905509234
294.44609271310264
279.047624163172
261.3514565287371
438.8578624428461
409.801221742108
349.27495627577105
28.08212166552528
443.79364700399447
447.1938782402861
383.76094064242676
299.9604332146107
378.3971968011717
182.3672654525646
486.7683218661535
25.846131637194617
357.99107536862846
380.9056733872821
496.0705793452057
376.56924560768243
375.2694990712555
53.12294536970944
230.62650206074835
363.0982188720469
153.51559155898076
370.6139792260377
19.001605282707033
365.92007428355515
300.733050747894
207.52091391147434
388.91916184196896
195.62630775975362
292.6706745116168
306.14687885849094
252.16124637984743
457.32725583407284
450.4879808747007
384.81475238004043
327.99702057914146
391.87928427020216
440.78571654545914
414.104498734097
404.0143004488152
75.11785420763141
394.5549573353344
477.6757586941538
439.86509479202755
457.33439916629624
91.76543019607311
289.51123031796465
281.56190937471865
318.7399558439628
318.3204389988955
187.34097782499492
170.6800968907155
181.30708343722677
468.8011471251804
406.627264790167
289.77673465850415
397.51519301709965
397.2573001584568
307.4522861637318
210.0012557279004
426.7259307510924
377.4759091757488
337.30449800668976
475.4134749695854
169.43168154503644
365.48431392360726
251.3940932283192
434.03078183337726
347.45789057203274
203.46924748851131
302.82618552883673
413.8678586944344
492.89341536420386
267.57521921147236
378.39418827088116
176.75507512844837
103.54236155352208
486.63950878765917
289.64679459932495
484.4098603226605
24.12531336852976
407.31846095296316
456.84492984949975
231.93905909667023
192.2372435162108
72.496000817852
92.99580513545834
372.6176998353809
72.16847631291739
437.6302439126018
302.03361384722893
311.41362496096633
1.1738639378901894
163.21577844009397
410.58619986997223
130.07002138469954
405.04144237761665
273.6196200376164
268.80420785821
79.47846401363194
283.007195570606
495.5599696176393
311.26722406292333
465.8777593911352
371.46383668516
291.243163824543
13.95848457763509
182.66746469082335
395.3185175617684
312.5682767486611
180.76947499559788
44.89766993937502
447.1636415158726
294.1124365771284
426.69928672819105
446.1236257039513
378.9222194616219
467.0677914309065
401.78784136539883
280.3309783956274
309.409030970544
33.030678787105046
259.5196728611344
272.0785380526095
301.7081380754679
40.17795882754393
456.87601033415257
271.18496104045323
417.03861884522416
419.01968940242267
370.2323085623259
480.93824310669464
275.3470448954497
420.31430842842167
164.8183832491281
319.3221064813906
336.63701222351017
249.37113656119635
398.38208083404623
434.18142046938067
119.16855052137777
272.40587923152646
96.12827800235817
437.19969295216777
474.559079827014
273.9265026780173
216.44388339480406
490.4372533592513
65.04277608095157
317.23357226654923
389.2797648012538
273.10575562767906
292.9341251368774
479.95855882129877
439.21006932831676
248.3974835402558
396.2486740514707
358.4042026176709
233.82101098072036
18.156507747701937
411.6476406318357
484.66287305670926
252.0693221863768
278.88218569327705
214.15181502641622
367.14845954661587
293.8702837476585
265.0954796207263
258.68423087060523
494.3369213137117
9.959004504891311
341.8925191474084
226.49786081381063
472.4795207423921
337.0371336181416
308.40489079388726
204.03171838171681
227.1505420417323
337.26511172779834
483.5556879808772
184.1810977505212
429.1482408682367
474.5762980625945
351.1053944519592
472.82533886571736
212.4679307520055
264.8613281559181
348.13918047841275
468.59341368152826
451.1975761201404
411.8648716032925
431.7966853881544
106.78480069909773
264.0892600612117
480.10016401159555
138.82752512617304
90.3202744019029
383.650400884479
199.7300894500695
297.2968096620374
405.8500873813583
292.13627124110724
429.4008165675795
222.27069577215497
469.83618122310855
419.6616773049928
190.223648997691
347.93132490311984
426.3830735009154
286.1889655130211
405.42052799478535
478.3738376057874
258.43940038197746
457.225228102359
338.9314197769696
