494.87628478604915
474.2190275598774
289.0569782359406
487.0600289049975
279.85648202920316
218.75677461986686
487.72778108037573
291.2608000150748
404.25321223175274
212.8251031314325
492.10428582403694
332.3332573036354
388.3358282001553
274.05285806633043
463.02407002591707
213.31375361770722
348.51039343563343
451.16966970933163
40.370783574600694
406.3912140773458
149.65031243282118
246.1257563555745
391.72818582053696
465.99102909603295
75.40148044202289
354.04126085344586
157.4214906478324
406.3104608890185
222.6132940861662
349.0711350444226
214.27763621182424
449.75890677382046
468.62452693486443
223.83334934966865
331.45195862314904
392.58526134407583
380.22680938824556
479.6328545519577
421.59034390800707
494.7149759288934
337.444810015847
455.26963897310486
308.9918812542345
261.9756562666131
407.83441033363073
389.6888932600864
235.68653796845615
191.81413096979645
189.37307106851574
143.46919703949482
217.40077534641443
95.89434906022876
398.01720442842293
238.77577168496094
208.47781990023645
42.647474440853216
216.4706716495901
345.4045957134593
289.27953428480026
318.13895902974065
299.8114966002938
353.230173385227
345.7066455970564
400.51355269483633
468.5063624157951
444.36581786871807
403.4607134515103
172.61993004412471
312.98260894313796
163.32044298287718
356.5532693700917
74.6233702676152
194.92243986717358
318.22044928330376
404.23149105627135
473.75804763381353
480.5686621289397
84.28242806046751
458.1689743606906
491.0877565090543
345.0084852242029
469.0935508260328
169.55197082480373
418.61353163288845
333.4782458768344
463.6891093937257
368.1458419113432
221.59903792870188
401.4320078691517
469.1256486689071
471.1963234959131
361.4844359361948
226.7979748230175
456.92078124649987
275.4237028586142
363.4962385857254
406.420564679299
124.25695760048262
112.97105825107315
341.1603815940768
487.2480888538045
383.9400826922597
392.65145205362387
425.24081225694897
484.1125385927281
102.9940282787386
152.16656801458635
418.4202858825872
236.74934483090237
228.8936653733614
283.69812809086034
334.96866111847316
389.6832669157007
297.6738340499319
311.3060028387663
489.6917466457864
296.1422254736468
389.4414916621111
6.805446247328064
190.48331061000977
124.97660887072624
485.4588008344691
301.49564786737676
172.03235308853198
357.2901483970345
135.0181979737352
370.7215193508789
97.00816737267508
187.51315381974223
334.1755813022821
171.33451955127725
265.1079923782953
264.83201933944855
306.43407738629935
481.96879737754364
127.75750847303124
291.5574782429647
164.0927654950297
144.23048002247845
319.89808593008
325.44661251137825
364.41408716811236
221.7250692203424
456.95335680511846
451.14302383382636
340.0859523612358
137.1131669326387
312.8250457599387
388.8860236795258
349.8589834519647
493.3671358259626
280.3707336452836
14.319697625049344
164.2150200359494
439.2378530625282
304.11795115228585
368.11997315971996
174.6944399484039
46.978772881683255
333.1253802907437
391.4850566749488
447.9569953905062
435.6793695023378
301.9302443685461
6.2818772989173794
256.77374235810635
328.3554305816649
78.84638913308902
305.92199650795806
398.96416691887055
337.54684706517423
159.23698239528085
187.49839136946196
408.09696696148274
457.85803530375847
250.53138204574014
352.43584698596595
197.29212059333838
448.7280433818614
196.55317528929277
116.01120525103295
377.63840298657243
494.66366163044614
251.57836661597514
424.51414660506583
337.64565731157205
357.10779397391
421.4964066078424
128.90605178073224
224.7671572811268
349.7668743712291
363.88064137138883
151.6693270821611
442.36380641516473
457.64556413800887
307.0947941259886
251.0543143139359
294.46431800125805
347.1204326874965
482.7366301237934
98.84814411998747
256.7878939978814
443.98696177439945
209.85528493475255
398.6471938199855
163.93629362534108
39.35026953896045
240.4468912842052
414.29332062864376
313.5666844425979
293.41745783151214
476.7067561014461
366.0802249995817
466.7125016705532
12.843705001080082
395.33329871805546
446.6600818010029
422.5757352883904
379.09686082449326
318.2417521594881
488.19089636182696
259.53066787580343
270.47296774005815
412.7148160971606
493.7976450204185
472.8910760639805
369.64663026252435
174.30260882688106
227.82110642249148
342.2054143118488
448.4614345352115
380.5593026243614
455.96658301703445
464.06421303142923
83.11305143861716
181.45222060336243
279.60956092584263
356.686237673091
134.48530967399967
497.0789597065443
76.71376765067129
23.724183759117125
412.2814431394927
400.93146656259677
376.47122059829695
493.1941480165086
320.0628652614638
260.0238494638762
185.11099142315527
442.561216763887
413.59632512077167
125.8831022557788
378.08781265562436
283.4081456991021
296.39664788876274
499.21790583744394
498.640844210641
196.07277086775173
346.98520636947205
478.28988751834623
466.99309809401115
176.97610703716543
206.50023352669132
473.3548472341579
337.19618564428265
133.8269745949206
415.82620007986077
415.1686183305835
195.07083695913258
61.68085215148801
231.12592417927226
163.1865562379208
386.17886379103
433.0360365863628
211.9448986863511
0.3207548262814157
360.59243089285985
385.9495560907387
163.24396866708503
471.5994221725383
405.38241891158634
485.2971334413411
366.5152229753076
99.76715200134646
382.35384497294575
236.3086479668765
448.4776791105593
358.29528039700045
456.8669262456028
167.4241190843403
385.65538384484097
122.14480659687217
422.261614953792
357.4031004417816
14.097299569559027
196.14283052113615
320.3134552305031
321.6102453285257
109.13247107917596
470.76099596387417
333.80575770870644
404.7312281354188
346.4102973844161
53.39978416796288
242.50136510502318
436.66600292380315
395.6868727194516
399.8339465179963
471.12692912305704
303.0551861174445
257.88607375156414
454.1831223919347
361.0022637407485
391.1845705852816
274.8755411890402
357.4386235111559
487.02217846208225
295.75487297322223
387.1932274733182
451.35607596445914
286.9103754413576
407.6998569411416
305.8590482528782
478.1894335283332
84.86003468029469
94.46498864754244
167.51518846471294
358.29829687564916
373.7577999252363
419.71866630144604
177.6641926662046
456.7756865130869
208.0584889494687
334.1337050779347
396.4536465429824
252.95633240811512
236.82475154922992
376.6203166504418
16.302561596819316
284.94343613002536
348.0376421305549
281.18150558529237
37.90332282382741
342.123695232929
374.6642910765282
433.6104206428062
251.9858513933798
60.85714641911767
229.87455614681772
347.00216026159245
193.69763181727677
255.9859322536973
267.6620581974704
127.75584898471317
403.3277598230532
259.0651141306614
365.05045838751346
340.07298667034723
341.87050132423667
483.33680408084564
