355.80754507288543
456.118099202358
86.88495025454296
168.1780960279192
262.1319632849578
333.5618861634165
359.6552298051715
363.2123722072353
192.14874389882266
61.44226916448855
291.11912138017794
117.99235833019071
301.81723415435374
470.56728367446726
349.23991090378615
296.14725714519545
223.28973059572007
215.53088811118084
430.3554802874497
437.74216000974485
9.689839464178476
73.9510165785805
423.5017702726538
479.09377859207495
232.330008467085
169.6362183862605
443.74224843511706
170.28280469546638
357.6711219480047
438.1987828513737
343.3709255923981
478.6370780666405
383.2545497951513
314.0201472548491
354.8187790447113
114.68806554422224
256.3714479546579
149.14571445199329
341.33808821263324
186.84952421734823
143.21547878887645
267.62898536231495
394.84278857065465
202.35880146543167
292.4024859857084
419.56776344535706
363.4458703397719
296.4670147051181
400.9237225224843
234.20543475751037
436.50876757034564
463.6368651563821
372.24235086679477
381.0639659896837
290.5528267209884
465.7505089065744
110.85679214369708
478.79513728551285
266.5207654026609
333.78919825468114
230.1218239477389
494.16036673763375
426.33645306554416
244.4642913404023
397.40067309779977
292.1024372426929
426.4498744556072
481.1802868891677
303.23610453047934
397.6073503302408
220.1727569009858
181.94503440243386
479.2565051522926
378.78603264401323
36.15506012277456
463.3569433518888
187.8542629498383
423.0579731165336
307.6883916057448
411.0375489020348
416.6292390358118
297.51786445614937
423.44642305672915
317.7981540292734
385.5558764926418
368.3396059632081
169.1668388658478
92.18194236658331
166.43372406193106
250.30554869865028
138.39885568255022
210.08772224076108
293.65847072101934
212.6889425747582
433.0828244628757
315.01455107323704
182.8519783953974
383.3351845170363
36.16770296116681
416.7701324388244
41.03263445373216
355.40243959777865
155.0158901821925
298.8383816465315
305.6519998404041
332.8995855704167
497.54630043140014
306.32044904573365
44.83523822617963
74.30806179423638
209.6698391609204
357.0429177500166
331.8508980353249
425.8305900847415
227.72369762528592
93.98200188185945
365.13822468824924
213.7449729229861
466.73199030247747
235.60392277390804
404.55935900163996
433.20906817707515
323.40417630246594
297.957949747762
417.6713136116134
461.0348285867086
323.29925185911856
353.4160525619998
175.14163075726708
425.69698815538817
351.20455523890735
305.1809867457598
51.67932981943119
265.15876006112074
107.59839845768965
454.1896272087604
292.8458099126484
335.0450963258246
455.7501760295849
389.5640065132207
360.8526478974195
286.2103573748242
153.3649360494182
473.6777957168358
367.29756731093084
380.90093525560917
311.84242110886123
256.09004655644907
222.94298558054658
63.49622321379627
180.42008803958032
350.2542301754861
420.22529772558954
234.04844307386236
452.3351083820007
281.0053656931692
356.331772136043
110.6081980481386
282.3595917741098
489.41355497835883
283.29916916314806
237.67678825208304
149.44545144084094
274.7002863331728
478.2356817298677
208.36223365308905
445.8308008814119
252.28224534956226
33.195856417504615
324.99022994096595
313.1469421534055
174.5581062280017
185.23190723371192
453.9400184864838
498.1887517659599
252.97182378047455
304.83097142937993
190.3810887759027
321.0603136788163
315.3481464995623
191.7546127860432
316.67116538528774
276.72524418367857
440.42833229308735
334.4631519372115
165.4448200921285
189.25535871928116
123.54210690436736
340.62186916541305
386.3787123181463
354.48888268447956
97.73369607687806
479.6428817982875
416.9199090962185
460.5721087495602
223.42286071652228
331.0417086829151
379.43219340874066
257.8820439584262
392.4657724217017
236.15150890068657
272.6718912063676
462.3840656754691
99.04194113476217
350.3991969364564
37.55991468256053
322.0686622117212
218.66621972906808
444.37918651642093
104.06923513273665
492.30518073217075
220.97224555606198
132.88978014293207
333.92545278904845
417.7815677627291
463.74662908154266
63.90790708617351
333.17121365425646
301.7711144204214
209.8357124659197
482.82205283518596
346.31344818697005
376.348027975369
112.7197469905675
391.8878379282966
114.59193249157113
147.33796136961297
204.61941536883785
358.3779883712788
240.99301774513464
477.90681933513383
432.95841192549557
362.030488713241
130.69051872721462
259.4358211819868
234.23413672760677
420.4936754097201
480.78439995808793
427.0490868588285
257.70004068804394
305.39031901708427
182.49885046634023
278.5344699359482
161.4603109688585
471.17102114798166
322.8462628107762
6.188468637005144
414.1301824184753
116.9042662868074
105.05422597250919
308.2983816241723
494.81996144531774
186.95975400713758
445.6066731249025
452.9257530590891
236.17080354509613
316.3400769705062
372.4791416502586
216.9103950221027
143.12877319624067
483.96134395092594
303.88482021139737
268.0944289500062
105.43812280816496
463.7523526571869
197.75086203305113
483.4176677788035
230.82304572798347
381.8210391202949
226.39218613972253
337.084686769367
276.2600307677003
490.8567771790319
279.8302171836248
492.37031297644955
112.06784253844103
469.0922978940078
193.9657776736393
485.91134323197934
155.65774639736264
436.3377400383302
228.64205972196868
475.3020575843136
315.16051244841674
327.41333835207035
426.9508164554024
378.6210243914582
354.5046367216597
454.17759977816206
433.4815664873205
118.16808185801654
487.37489004957337
381.21541060743374
443.16665791768685
441.4746784326295
345.35640611639985
292.20739014804195
379.5578752788051
124.17129142480746
471.52026860443596
413.1941493502973
290.33874805072014
178.86893019373952
400.2855341929154
160.0766539597388
400.6786568844097
138.55673299035067
343.39711606868707
171.77694999277213
447.8755519297505
475.1438892876061
406.64348050523927
461.98324373172056
225.23217035254447
373.2340867918428
310.5544731879968
277.1510736172554
428.3193008391563
239.9409265879279
312.0980728916586
388.24013716217695
153.03777776370674
179.07362954952907
484.3690297297921
464.10150954998767
234.3217299850004
308.62050371490625
213.95632650426597
258.39419990231454
269.5127544050721
363.1257399152396
434.6453343339391
264.4869512421663
51.993351366046795
335.0255716679617
178.51128955707935
451.8538978911503
132.78404226873153
248.26667812526344
407.6994622321621
293.86192449964994
499.53534644172197
400.0632959057563
348.88754740928835
445.3475826241331
429.1216960101284
306.68792492409483
492.55455473576444
342.60824043789546
135.81578581630663
98.30637249207138
328.6803714981811
423.39573248898887
118.25252694392975
263.81439703530975
366.49384549679047
251.2284216300072
322.54274416802457
325.69705704265186
437.0991903855737
