482.20202713748984
499.88109056222004
292.62718829855476
325.11769797513796
406.02757750782985
468.8555103450835
480.48813890211045
258.6459611750835
338.8849572055761
330.8997968874175
486.6531597881705
70.33721628545209
73.7681074617957
437.15225595656307
132.64704533921724
462.9428150805131
410.89527309310307
211.59863116354035
207.32497440892996
269.85065481298216
219.49060756476376
490.7246680953546
321.26834965200095
223.232869660579
310.8174355565467
358.6163836788277
94.68829485569
27.26973160142444
466.1726448133526
492.58044948325374
462.44615620150023
273.53807567254984
208.6346037499976
348.04694457969634
363.1212981940454
498.08717497564
4.0248342435619975
436.28305200626244
334.2493206758695
289.2016488731758
219.7575753564301
189.68461592599533
456.18833109549763
162.19769080027163
167.6527720953041
408.6534857205877
393.8563457333539
278.7651761804815
432.966531587277
324.9861395146296
255.09319474024167
497.37537527193575
401.3634177983167
115.02445647442875
453.20246651130753
184.3001209634195
460.22554174581325
464.031512037634
421.70509694431485
423.2004054293864
325.95206790112087
181.00430656514334
461.4754497763347
0.032259621217122
34.89275796165555
392.10579169906487
146.26596941081152
371.1652883378446
280.38239739060555
337.49867300200447
97.80370023758445
290.422490114066
490.1043573089738
311.04767835988
285.673958235746
199.87564147384188
418.0438510733845
332.12535289893947
337.91604495562615
361.2603296423315
128.98416234104758
48.058494310837716
464.03787927058704
290.1809214296147
264.74990624859186
255.64142922424296
390.7281807029012
467.80007536709405
138.0408924105638
343.31741706284856
119.18552161198846
212.2892697484944
57.18729112112669
448.4352096890197
394.8345108343588
332.9591807164724
463.89877690851307
176.15462249279102
258.72388006104114
314.1329831101294
327.94966372304793
233.24407572585028
497.8973784774627
135.58978246957622
275.60963706463434
161.29760442566607
265.8216842353363
465.79392278096765
108.73652176637341
230.10141123329902
402.890383288574
337.07244809724637
54.36020105182638
265.96835315869464
455.1042026836692
402.2983326055322
471.87103307207417
340.22828149907
437.69498298899
193.47949457614476
334.0564453257361
324.8874771187317
187.4451183518101
102.51819479823286
392.93187074893115
416.49352178136576
480.9834834596421
197.80603477165351
421.9618677133353
108.98262550861136
432.11414294981097
377.9723318469988
345.74135829453576
67.24998917245364
469.16012475431575
475.04529302285493
432.04045431453216
156.15705756143035
405.9982443171245
476.30055550872646
274.285755786193
155.18327722800024
267.2234569268867
499.7662175603976
422.7285275442049
435.8777825691294
314.0816526707072
392.7111107996341
429.5627056019774
340.08964181596673
433.40612294310927
470.87240495900886
143.56584510655705
412.94555189714407
142.94771192919347
286.0287948831675
386.12528835092377
481.2454619220321
383.11858138824203
436.90403941730995
156.19285952835287
233.90595571076216
278.33244801242574
254.6258494358789
242.18782001388075
199.46033260421348
243.4998245083724
375.36405590520326
299.6237118815477
232.90512428276384
419.61932898771937
165.30730160866415
497.6818573058115
323.5881716099468
434.19886162355357
191.54659251483758
369.0241877230966
298.8556186636645
478.5829212261093
434.2023003580333
279.44259997305085
248.47949334519507
303.32493617249406
285.2179681328561
27.816821166220393
29.818882596289825
366.5883356232032
95.497352872536
232.5747471700967
115.45583509330072
169.8102842702022
271.2210223206117
477.0751025865636
74.47735671681198
497.9168891541267
116.04459181591147
426.3696943663066
115.33492772576818
498.07961333681357
109.6244757877135
40.8617718212538
305.0805953424502
436.7272470855147
168.7023497925569
423.26693887375194
367.40719533943445
310.6409376545278
281.55512519392556
220.65636716158355
310.48346512665637
23.005230054534877
175.64841599804032
134.86341593303484
305.1044143200926
354.4191471574941
58.889996625976266
350.5857329454655
462.19096878624504
358.434351154027
237.37484123693332
431.85341581543605
4.102443567412706
318.71598799173364
252.3020670817987
337.8027717739737
179.05060820336672
250.0261051869661
162.1729297241239
434.2769041975892
270.8865088518347
396.02774831166744
444.0341343660676
306.3220725755383
76.50044208044903
198.86882388272738
457.3719741203548
325.84005951155723
479.0453380356913
488.31252904861594
350.80865846635027
223.40396980877824
342.48736578729824
471.5698387576869
395.2740609230748
426.8416833800968
60.93502375613792
346.1992059561335
336.7610144310852
476.7985342875351
471.68043692899124
237.83306601310306
414.02406123213905
166.58069380111573
486.3522765635024
358.8713014057628
466.97859984898344
467.81152024020014
421.3788127455698
288.78172723950973
275.11204713693223
98.28210727155448
471.6971336960896
303.28647534368395
31.899376112027483
437.76573691755334
289.3762210732129
443.85411170804537
479.7648569497921
208.0483825179552
124.81773367240822
183.128219074301
119.90943630715662
316.207972632645
247.7752770461266
409.8595771504056
1.0556706519121803
17.337824870324823
336.3946022516885
218.2062470804471
433.50451227732873
138.45654349765488
314.3723326959429
379.37756829384784
297.9591006432562
355.14292042105905
370.96336570194035
473.1834924048271
343.6729980785831
230.23405917125126
410.07791176144457
323.4842798400096
496.7055928234901
419.2580238662299
249.59561233406637
399.05110554021314
297.9131092977276
473.599867158758
398.31353029911804
230.76224676491057
435.82499857713265
96.54732149781398
19.62742477645287
460.6748422493406
272.9110047437598
364.97403428020925
388.6078554597741
308.22774403752373
176.03021988141325
462.720642872762
168.48700331858686
257.44990635958897
322.0518432254438
375.09412582870016
153.27722547016316
397.5959979450715
86.98126806057758
358.0831692570767
231.69568556343467
260.42553822988555
368.0580381346714
424.4389839466216
463.88035710575537
252.27536431336412
76.98176244663273
167.18251263809287
183.9585820399967
451.7437328088188
99.03563447622571
400.28867113371183
479.9335630819608
394.79630935040683
145.31318941389821
413.38227843932094
427.89765070230453
204.6582075375656
376.84064813739195
199.59145479927963
396.5624257489776
456.35513002756164
165.1669296620355
367.65985863175
488.955419380681
468.0952252280055
446.7995210968853
338.3921926361511
256.85825169258356
115.30840184315167
86.7015196310204
485.72375576403704
352.6637848858437
388.00537079936817
325.54447160168945
234.92207429713352
79.44905372462978
126.18476914000843
304.08414146677603
117.92147193147184
375.5057110060078
448.5011651377552
436.72450725953996
