903.9182810727071
983.9872259453768
851.6666604299168
515.3899925673229
494.75818660579966
618.0993008967524
593.9555607123121
71.04903278181371
60.291688784813005
869.9638376114076
28.542289163695273
489.2299780378032
417.10475994721446
32.559432765402335
363.2328975344458
27.453147439725853
982.4955078299051
793.7064232585925
548.892008307592
525.1645494152781
757.5730628292868
822.2237547713268
882.0385908275771
1021.9822455141615
889.8684987804897
801.1071040153209
776.7005726753912
888.932757827691
647.0189982289785
941.6302208472033
382.80873810511355
880.1427920129966
530.0414175654007
730.9318465093829
731.7474429301117
558.6444477091543
764.1809261743816
809.7386579686004
309.20089753375566
533.3636947737982
824.9789231258283
896.463106948932
824.6965175605762
934.2314482044355
337.11741124794366
654.7695049445565
756.2930418379497
845.6594923687805
767.3134997321323
982.4573453803639
952.3028695448866
984.7606923760713
339.04042839499687
847.6120750707328
726.3251158574276
639.0838067499444
710.0784247477122
642.53041849135
463.4843365655711
491.0584420610869
908.9325087041534
743.1491588440388
696.4577493836946
388.9281946935697
775.577762419396
776.7890389938391
773.6377891205805
995.5763995214525
724.0160487949695
308.25288413065607
886.4701475946374
1012.1276702229661
850.9438886283593
689.9515766151294
805.6227805733677
462.5795881137086
826.276066384451
900.9430764861163
986.9377123672136
975.7902811411085
284.00737361115955
763.6194736164773
581.2609779716507
750.9752859590538
983.1974515432854
880.657376830125
349.06519705511255
899.6126420619813
672.7130261197458
992.4102061563726
986.2861444701426
1003.8702899387089
489.45104914219723
987.8331021786033
996.2431773492301
366.9253773176191
331.78781070733805
1003.9204694140604
859.4638664770214
733.1681164205161
304.8943426795288
926.6517405096282
338.2282080998599
994.126620808042
925.32328345133
874.6712015858511
95.57139030266444
800.3026090651414
378.63783404556614
1011.3312930774676
554.485256275964
976.5714441046149
949.0623069297005
1015.174052700438
847.0950859857877
929.462680045565
901.4292676483783
645.6416629172613
901.4826102202686
4.24656876623942
309.4975102861156
275.99534321522435
960.2348550292161
610.2403718696587
122.0623354598223
425.8554496991037
796.6946971053856
57.125058716162926
567.5950002284623
986.6262036054859
821.7429761873445
627.8826929890583
959.81039509945
539.2290766808177
993.9108009925317
545.5346946742436
959.107120347421
999.1869186619119
1014.9491284597004
813.3696178722065
801.4538089415337
792.7874043240682
432.6411432985026
866.4394708367574
873.6582035647167
921.3491069113372
819.0384166795561
705.6641552253012
597.2137826567684
849.1919288747819
773.8443624021643
96.39726489673649
100.25385006385261
896.3270598228163
388.25415964050694
448.9017100000565
820.0611656938363
509.55896857654864
841.7100633202399
858.1768254442741
867.7467935809034
410.7325301072723
931.4785271028381
275.7812959867467
130.13484875044549
804.3330174125874
1006.820523236598
724.8378936663435
546.1329438189321
665.4348317582576
246.22688038501462
865.0204417682721
882.6199650186172
230.31332470828056
1.992487119229395
440.65588209843577
723.138806117491
791.6043017920274
888.6765641841672
873.6241090343051
699.2287465324166
1008.8622218580022
556.3476313648337
1018.2822304330123
204.78911848784367
513.2666806044627
668.8557519888661
374.3645586080029
786.6379322601199
987.4292783549269
535.146373978876
782.4071412270979
517.7863639523068
451.09117342863124
869.0768695869928
156.94312548861603
376.84864452404645
617.1752039422718
805.2321965697734
93.78249207820534
412.16272776623657
984.8220225505835
835.3921512499709
572.4107743658693
108.52421035743384
986.8744702931543
560.1405534314488
738.3731142340253
637.3642493071003
237.53623176283895
668.868467557018
359.5492408659675
739.4639372909055
779.3642204290377
324.52721394867524
311.11900701944
374.2650726655261
302.6053930619107
880.806082788047
872.8025318140528
756.8756396298592
297.89923395046424
405.7260080374009
189.58828980239207
814.9438007211693
1007.7769263588447
356.77785539906415
645.0580942242993
639.3881953689406
857.8604874225381
856.5892051059457
871.0494181410098
688.2357399576578
425.85778472690424
734.0907536474078
723.2389182924035
856.9647394659428
637.3696802022951
384.24876716080564
684.2427091905276
974.4276657382351
976.8626798729515
841.2988192980441
356.774083780899
289.66018536585057
605.9765692220342
907.855046700718
919.1033695983535
992.1903686465523
976.9727271936798
763.226348143889
825.5368144990344
232.27905762829448
605.2104481577474
835.292423266626
647.5263592889107
615.9756559063784
736.8688798333563
894.091038317261
715.0048002819589
295.03541116198585
398.3273567054688
740.2429177494513
278.1672247843999
738.6302525649726
834.8435541034198
746.9357414368031
755.5329255244606
967.660560789886
350.05986354212064
42.02962917867421
908.1910440798749
880.5918979673359
817.5318366705392
563.7250956779569
543.6580417237076
983.175050429441
774.9439508027358
723.0414753505952
438.0148792366349
783.416215639524
127.55186338538124
813.7917394089422
646.9270025763897
975.8330868730081
382.4748697533504
188.89774378360198
544.5756725697349
647.8505801920709
528.0127848940261
851.1989107833738
403.319719159328
431.0404263641126
664.6452957956533
801.0173584004859
764.1475574041893
699.3112666973684
583.8061458895759
820.9656623801659
665.4075249719415
463.2798644160912
860.345536905869
889.4138934419634
1018.4490641545535
998.2410238221477
380.3150153264262
615.806054191273
272.70700783895427
622.6055322289202
711.7691621089743
866.2125084772135
63.69111025336224
918.2629517289972
350.1445599354612
424.1691615577505
1016.2458417481307
844.6813965791789
586.619105016179
755.1610119297382
459.5931863567653
691.0648545260309
473.9141234885535
533.6706280885253
840.0206279136796
802.6917514762087
497.7624771636994
919.43233887118
984.6600910299334
628.4948173848235
568.6251160757297
21.616112313910094
366.22276919458136
692.577290263813
539.87990514376
465.4460512453335
847.3940154084602
582.0351173309463
377.9948229251976
322.29524913189505
915.0534433317883
828.6997893801555
204.98749955642518
763.0318174812917
965.9624669936787
316.48809280630087
877.3143986686523
930.6980554503414
977.0473863852709
303.736061816222
758.8025648600176
702.6152314779271
647.1003504234627
982.0127883559418
74.55283822799788
771.0480309575078
768.2462461137765
638.030708899501
591.0371135907614
917.8335870829468
604.8020494112682
