1008.2028610307351
547.2967264648747
737.1341976980553
948.0130365204911
562.171893761719
564.7208490082617
521.9233587595903
386.58765802142364
320.88036116331057
959.2464732596841
392.53517337676556
670.6621522721965
783.2394127249709
664.7653148860686
611.8795542944911
380.2296544847477
718.8724294077709
310.4696197672357
531.3996371632453
177.5229559182253
495.60178537771185
756.8434029084765
613.8249685135714
638.9865239227724
823.3972399574471
602.2933765501189
782.2587028646188
995.6153631825258
1002.1408825927501
362.49762716448106
322.8890090739809
597.0486367006504
751.1855735951663
955.1371134157373
820.9718093408715
891.3047522435797
751.627974697011
875.6294358370744
656.929323338891
969.631937245486
980.8216296724277
914.9512307640606
421.3939266827491
963.300010849149
924.1238534437149
917.8234232771974
653.9989793524803
842.6089502214435
756.0803414260739
950.6134692682083
474.335897392967
811.5930803547303
929.0581394641365
386.2046697588528
965.6010840723015
456.28401891955684
432.846047492289
730.2748338635586
714.4580546995792
761.014208825174
640.102100285493
336.8604285156067
677.7527636366481
835.4753962918151
723.2752309990931
89.40640388575275
969.6221023868238
775.2244717410513
384.44434587865294
755.4688606365628
642.5669626140545
677.2577995753322
857.4440405918679
800.4293632267323
646.1810977025652
924.1315482677016
854.9237494087154
448.5037574794467
986.0598878927142
406.6628534406825
461.6245542857804
835.7392183698976
627.5939754500713
697.0337457925027
801.8530076811443
753.0980519694035
877.2456261441075
763.6071174479782
761.368436866492
956.3390072649524
748.7723891982434
403.35300291153646
768.5555685392286
869.7796821855607
283.4274207410293
557.066558121552
954.8311282474756
368.02804925436124
787.9799748152959
537.5940066489478
555.904459391073
182.945420105297
957.683784950443
608.4273296316078
327.1579239953393
867.8189415329775
309.96023629568265
845.0788746756295
767.7444987910635
540.8929667855064
704.6147947764721
463.0724898289976
1023.1674288721721
36.33909716755397
538.8450969820823
691.830841130716
451.2731494235368
408.5648605817281
708.3631342593665
684.5322724272979
943.9280076479038
329.48244582277516
736.610832207137
754.8258791006359
515.5145458117945
418.70639181626007
861.1213788772243
902.5833115595312
641.1784485707994
999.7549248460667
904.8991673514258
87.45226166189275
435.2230597614654
186.23954163852295
758.9704913084399
319.6921960120776
381.7637703756209
854.4574603427435
333.4624113811449
307.72459709208147
732.2812763581055
813.3756689833374
51.18582877744177
661.7645713733616
891.0993001526806
939.0200229430225
1013.6515027082783
704.3043984080313
427.2248765769102
804.7937545395423
354.8752301202459
144.47980239625292
322.90919445826
928.149549341811
918.0820283172699
523.4040348183598
301.32769936507293
1013.5823814003236
873.2933080005041
153.92090134664159
596.1334153837947
325.5613890551391
462.9237352371815
569.830149507937
689.3738532715461
706.6443247079044
234.16535554546
625.60254478703
382.5821758151528
230.54465624508737
280.79330744743186
517.0719467492557
512.1373288395491
571.5852599927183
756.5627393760531
96.9275450662791
62.703261917060786
927.5261452376666
793.9799204077701
722.9804469361052
159.607484325129
104.41295390198081
806.2066267102462
699.3790454519651
647.6899602202502
350.9348567720215
911.1059946916685
606.7805063623148
975.9261857989237
529.018590576671
909.6956131308183
929.5281172663664
1012.9791352396468
240.5780373924389
651.1773813018774
125.19338844722245
988.6802275098754
185.31259116922115
895.8770335392792
785.802624019749
455.57053877738747
573.5940808211002
829.6099709081452
863.7467610524906
446.0508128597685
737.4162981119913
874.003212224636
689.842607787766
914.6204267436336
602.9241369208729
713.2295739900089
682.9744400361976
812.6349834915156
741.7098488998322
755.1478606512558
879.83423318149
246.2318366619063
993.0461022882482
1015.513974295356
773.3422507710488
845.9843522859518
899.8849733364709
771.0204437804841
364.5522939734458
665.0749233763838
98.07534158925864
523.9374354639078
1018.7487949747164
369.2168313458684
355.82076932580435
475.40435776458276
382.12914345113177
726.9205277774773
923.7419655191485
536.946874070027
970.6169368301647
388.1802423210554
812.3533992541875
565.8593870488633
924.1896390623546
813.8846315104723
532.7416409220056
831.3745307781646
225.13934156582184
131.2199812333481
684.8961573559832
982.9984712933348
543.1780475950316
138.904524071565
640.9411341325185
896.4190485134858
993.6148654497053
1016.9097345704939
568.1782647845507
885.9670735928961
640.4577828988618
807.6357841092242
822.8194377198826
565.9187086369509
634.5755488032274
836.1371399175616
826.2283045319878
693.9894786599107
808.6367074383206
924.7720947468933
257.9980759809431
999.2323260655612
656.11341089805
534.8200136627407
991.9714282581969
639.4132484825227
673.0462988084546
849.9463194349316
844.2895023463134
798.1785284530264
842.9335157049962
944.4277661923381
868.8654630302038
900.2654807289233
686.7147025852333
29.135823043434357
528.9243303265432
481.3418156074755
645.7385690001499
893.151216793214
122.38559769729977
947.9241043107957
777.4902590511473
729.7019853908049
741.2323114071019
978.7090920852819
247.77448585020795
716.8231890082099
183.7569630749233
712.7752982588482
12.75073737979983
665.1450749225708
908.0778541558294
637.9688357698542
833.8724615532639
135.28505876543272
187.63056970875448
509.90763457488094
464.7208206654989
274.56119879002836
856.225309169523
413.70698724313127
987.2154547444459
709.7049984613323
366.2156216429852
689.1471697660118
750.7526000889413
507.75039421619397
497.8721729648588
354.75024690985856
300.38506714331845
569.0160184395006
798.9040899903082
336.39648489025774
790.2831788203807
1002.9023104784512
256.9984370766284
785.9966107270363
270.1545005564209
484.3349669810474
696.5414686003061
451.35217912870746
355.72829029635056
908.7223988284867
844.3220401317255
656.460619886696
922.3313051722099
570.6967803726237
586.1765911143883
411.1138233163074
454.45519015453635
89.58904380375247
558.0778058672511
653.4791067388876
834.7872100669013
507.16355210378583
471.1494506879661
992.5319625319769
1006.8596231649847
474.0987441236623
262.276561398735
887.0437398638089
606.3924061139983
600.5860218087902
919.9014483342725
1005.0442736119385
81.4806560996102
774.5853084462104
403.59418520600343
816.0555518861878
524.1969391810948
852.1515959833916
862.774996093938
775.2400608015805
759.7607174341022
