514.8759974566935
635.5240619513223
822.2465909039537
634.5410307982245
716.0712513261985
345.33852417083654
123.70239255116701
448.453086464684
322.78278775512376
766.1461911741424
507.1920215945364
993.2243627477288
950.2156340814432
160.50810284816941
1010.7547231254447
856.727400186379
689.5048445916431
223.3388414750168
538.2830023206502
535.5762485568628
905.0483217174699
490.1498391132909
533.0460664002719
930.836807544341
303.9022022398825
955.3501441824685
700.9273829150259
555.1905567727993
863.9914762630096
933.1720643899735
574.7941868577273
232.39985105817243
519.7131254306901
509.6026741635459
479.11359615310084
363.78924212136235
2.8600093939326143
964.7924851013927
140.7114015269384
966.8796375859501
707.0617153347774
803.7588499016158
681.0787607769763
954.6695527823981
548.0783155222937
706.0315067051802
536.274302292635
540.9573914205222
390.70232916989244
228.25334489366844
128.6301632637551
1018.0945761314988
627.2644557648882
292.10643843885066
618.2570818108095
814.8782458639312
542.1239180596186
445.5577616942055
679.1417517250782
738.9476640945423
786.0211552234507
547.111293402046
826.0445752160464
823.7455550180794
955.4825059456172
817.0484402549881
991.2579250313171
896.72154907469
633.4199948545522
866.3261986487753
185.7427483155402
776.5978798630841
524.5073089577395
856.1804994103151
24.62516052941703
728.5108086134403
818.0505556281182
1.8995189791811526
925.4017233145787
890.0414346149785
271.1204642500288
669.5770354791237
897.550317814068
268.58606911440006
874.0963400039636
678.6018374544832
621.0123292246747
80.33604156867864
979.0352710275629
400.620237418153
845.6883327439481
359.6919235654309
86.97190564947425
505.09898013818736
150.82101661376487
776.9416819595579
846.2784634874995
561.994166280489
849.5459930547268
584.7311018205795
752.4519512349725
802.7855653088502
682.6198387392055
48.284099243902574
752.4802963912148
700.3002110519351
809.5523889993576
982.4309788583345
609.4763762868915
739.6388568985053
775.9790204655297
924.298980707764
572.6784116233248
874.1489451009265
902.2996371695613
325.86147996096656
325.6909458932995
685.9545739953913
903.3936121637796
508.28846129987517
660.808885507492
726.0370204200607
552.5835619817342
674.5193072743241
987.3010938243506
950.033800431323
94.60807333116077
264.9107985782108
485.097061230278
549.159972046029
564.334503141707
577.5751026178277
923.6641967485061
826.336607993358
202.0422098903722
536.8795039961205
555.9365809576765
710.7473047252158
878.4611482851706
873.670147760461
584.108303537947
824.5718479184108
910.5855963156864
575.1875413065009
182.7381724963018
938.6936977013315
613.7960885659118
875.938514583457
591.3173012817244
705.932923499892
187.67626590371674
919.1178841721504
575.0288064629744
557.4660418145722
980.0977647708988
32.496198540813
470.0520326168605
1016.154129103642
965.5963882192196
919.1222001194828
855.0047539251145
536.2601012237967
109.79487045860606
543.7808097765188
983.0951990350113
949.0685283456228
653.7264100358066
209.45916446173135
868.634152427357
981.8257962033824
355.7512288952105
735.4821487748801
897.0713415343813
1007.9154913389399
430.4510927596468
816.6994017320685
701.5856880599272
455.4319524376342
524.7836689153532
962.1737638648458
728.2721428842706
247.18838762289465
1015.9909864144903
984.3314014564597
360.2261780040104
1022.2227448729848
2.46052284822656
838.0639087093805
733.4768821652626
2.794903081638381
210.81195678717563
415.2505372025813
960.0676100566067
913.6977257211333
717.5407881842868
702.060232974588
795.0137482416947
380.85539061801705
410.45079907592844
408.44354238804
567.2919844240034
622.7989080739371
983.3300284836545
2.068702998572462
868.6393115644588
731.1604363163551
701.1968643668724
666.9559248023143
837.6083931095613
809.076803049159
355.6250386002496
722.7777008269591
829.559552426583
849.0597919141254
413.83656011469975
984.6199726790619
227.38476664102325
605.3881762809106
698.7877668233796
479.0894353990807
287.55011413844784
873.7236420831443
529.0969162604802
697.8736268044813
356.705881092611
689.1989751141459
940.0857200352635
816.9386372242566
474.6075933303549
644.9954608356595
377.08810462833287
691.6736311934801
719.026107667136
441.6361334888081
806.942086184524
506.2168143306245
949.7591203956056
914.4916807030709
955.5910551458422
155.07101192347204
142.34394593913953
850.5065051364475
595.8446166449461
396.14844504832797
848.3607117767069
312.6073727804337
731.5958130970572
639.3064164775781
756.1089751574923
367.15087034006217
910.3560689884554
829.0692917814392
543.4831250096579
548.0122672326384
263.30674107440643
573.6385911822845
323.17092765147834
266.64272482797276
527.2782767846954
959.0402693195773
316.32560520865877
753.4620348451347
208.93970523248606
516.4670091380633
808.3078153876268
906.8246380337339
893.6399914058909
518.5883433119736
361.7173971734834
302.1650779818517
1020.6779372491397
819.4791992842939
300.4384460327948
253.45621310635897
1010.9804878360852
404.60086098035697
736.0353001641413
522.2820671311042
884.0943779042932
913.1006818064159
942.695730767877
83.71944915460006
661.2370066755991
775.249118858769
632.1250392834577
501.5520196127279
839.8926407733132
820.1421717800545
723.9382121225631
971.5577353368067
982.5141218274084
179.47624894371052
786.8420389695673
790.9760737280388
681.9405559513772
768.9896300887933
578.6865559530945
590.9731931099027
704.0779021859669
702.9004759774896
881.6907217110806
683.6633682959698
797.75410144017
722.8003803707712
800.6213240134778
573.4378254109498
724.189872953883
1009.5248716033029
982.6585134052467
105.05725839541549
715.7224127210441
562.3438850462753
751.2471918767119
807.216795723213
813.5025129900963
402.65988945869594
689.9491109337994
825.8957531992107
785.2043870851791
857.4215597497274
329.9061514525167
994.416734030875
725.9069167469479
189.72570252800438
936.3064165915669
607.3138452513867
587.0197367135249
854.0643667948576
886.1423234548807
948.3895195106995
668.6793361583939
863.0415873261518
886.2123433650788
998.5546856315276
585.3371757606254
624.0473352016845
795.243419085951
542.9749068376055
621.5102888497086
365.850381375559
763.2014807537058
890.342603604141
824.2706350410181
967.941572926236
802.2624151458682
752.9609772483884
817.4578921446396
797.2040018063925
377.16817138455633
124.51231910795968
742.3744399226898
214.4983010387549
772.1159558265147
589.4361195765628
860.9133690487802
676.9561004390678
292.81160910297183
925.3676354802151
592.8699622801546
771.2168376852073
