578.5209409600318
901.9927659193959
948.8373984196926
688.0259472521823
302.4232768349335
484.13783236746576
211.00020763487328
804.2573998642107
502.0517686988718
809.2358489140195
579.8433513360338
199.0113034775942
685.3051432795659
688.6094918740176
829.8321606679152
150.02486817817066
424.44407129098147
1005.6648926812801
1005.2229226748526
980.4369745875224
792.7714477918998
554.7949297929533
827.3900306765378
1005.05511714644
192.7343207014892
970.8653241466287
390.0433023728176
683.4075931953353
917.9899573369418
357.24432774352454
727.1660415660021
471.5454111870823
667.4144491700564
744.3352934657037
644.4377702074527
698.2949564256012
706.0179546275365
784.673953038688
747.409800979983
163.21524974892566
781.5177443960469
746.0382133479511
789.4763850136362
979.3757013353978
748.007414907822
760.6855697114345
1009.2178676775811
890.6759929040813
764.4667632622461
251.8115230085433
976.4308620118863
693.7375923391484
768.7581198416825
405.30984955922884
674.5879484749
978.6424099908974
788.1165185173969
519.1804707530246
967.4583850382321
186.14458640530108
787.0949067671297
952.3850966987193
513.2689025766767
533.6915782963657
716.4390396481597
93.75996440371
1012.7557166999504
136.35606472994982
1019.2742672652132
981.3713805362266
405.02978580359616
819.76783170882
891.7458491954363
952.7645269818586
813.5690995218856
138.1720936928881
182.82524110142867
522.9676799830709
951.7156755793046
791.0217304741966
405.86445138027887
419.49128899171876
895.657266416393
898.8968930690676
995.3415776313595
584.016537000738
554.4466587884283
878.7960196629106
220.82444064728406
571.1167065204443
300.19114291742414
786.0668195736152
580.8590271824274
17.798282851906606
971.194755857638
648.0666337535982
897.2004333171915
961.8201702330117
934.3801115016472
861.7363636520029
446.82813439873223
223.60811956014106
116.81834411591149
908.9435832288343
800.5096675829349
595.0658381632651
819.8489747865957
549.8233845606919
898.2882432317319
653.5827981966813
287.6786500383064
566.4949970610384
199.94201507458888
253.97942859214322
788.4458695555755
857.1757514225311
165.6590663594576
784.3933524619854
681.7938483121496
723.358457395541
618.0170890209741
822.1059229272659
958.9066536482316
699.5439141704485
995.8405893255432
438.2490747201323
682.9664177738397
799.2337531603166
871.207447650777
689.0627472909032
614.97580264051
855.4979104757213
495.0066761783381
686.6183193522301
727.4689183825631
394.78065611396426
399.8830760944735
628.5438585471732
486.9410330843707
632.8676203279736
869.4960042185298
920.3839995211983
35.63878855827727
726.4194031210031
659.618102645667
843.3098886450182
348.9408292070394
411.19661175534486
843.6992139483427
415.74028531540387
953.0836722457576
395.8158686892725
642.418588836041
277.96224018677617
792.0215017371929
708.8953170072745
511.96802846129947
124.11298853767994
733.4626302864062
481.3374095896021
891.710860632738
716.1288290695251
958.3392967264854
707.5635866557209
758.1467068557691
117.9384506023415
484.06930916048725
833.4971006560576
219.54494532628792
955.9655371263102
992.4111771667732
983.0150392198932
449.59610820729733
799.0747056873474
1002.5171386388719
961.4927903993307
627.480383324986
533.338975735559
516.871094042716
871.6137873787046
296.9237428069365
831.8121190636732
63.9299464139234
533.3860878668745
103.44716030278482
451.66006218895905
827.6315391420402
741.5163374884215
690.1182649768843
992.8354776570094
703.5554239159835
703.6601608208728
865.0056394889212
401.7850650942838
908.8738880654528
746.244449507012
540.7755539327111
810.1514133352573
335.43464806871066
410.4347709905277
638.0289641009713
38.08155744638725
582.8321262782831
908.0987043343823
154.7880071459797
725.3712658546071
743.0790757132419
997.2050997611713
767.3745212629165
457.3047509383289
787.5571822253149
1006.5591600600607
1019.3877527834893
142.0627546280756
630.485269962136
651.9352454241227
57.28052477161759
10.476013818160709
275.15156552213773
955.500864754296
756.8366995259387
941.2805173433406
654.9207678560551
492.1493093572029
63.33894848850787
608.7308818254801
1023.8547210544082
572.9095593173251
321.9859183477844
485.6116131044987
838.9165248782979
182.61120102424707
36.0764146490061
961.2655909272203
735.4714023881952
697.0119578844017
853.0262473689862
826.9543060408545
640.9756264992577
379.64804247193615
966.3695694834009
460.0251482738287
830.9463844587154
637.7491160692841
910.8829160294331
268.5180041104095
327.1446918292195
831.530712422336
368.36791557403774
922.91869613906
215.83737682792548
964.7224982940115
712.2424171854002
487.1282620955018
485.22050475391416
958.54180963872
450.0216315854493
988.2370204520906
318.02539769784926
366.56112540678976
824.2559974886051
763.546240872332
754.632788032916
315.5703878237556
991.18212426364
999.344656172657
419.3125873726349
851.1111318838548
765.5366602689994
1023.5198316929643
965.3624970478616
708.3024933204902
678.6908075101628
1011.185987564428
1017.30832343347
182.27799376230735
890.1255692423899
1004.1537250734902
437.5749607575435
88.57359302734562
231.14879556886547
615.9196016501332
436.3722679680717
946.1916025296746
965.7315030035423
324.6665090096949
790.3887657576175
353.68198580487217
838.3812671244582
810.1298295890851
796.500616239697
926.736189410802
832.4544311367881
642.0369872169574
732.9808622470316
662.8980186683677
133.25219257866968
836.3672482170205
933.7928760563653
1017.9739748450959
418.0824361738281
364.44802917950653
912.2678046332446
989.6576637824124
928.4916283637988
856.5671794429431
987.8112002830693
935.2280623603476
270.5066956716279
883.8868872422316
958.4600156877816
285.43975428058764
842.7907352939238
325.24012378048667
946.6059840592427
605.6407931363003
309.41283680626975
473.8150351776775
788.0881816856671
929.7278345930829
840.1160184608307
803.9340522868586
247.15581242199437
417.5365684094419
936.990103444518
356.41405595527897
712.6709221380512
574.8853979628325
544.4556523539297
330.0086980457071
870.9110305433003
615.8931699663676
806.2827883319044
562.1825321827389
536.9648038938226
387.57858124886445
749.5443899254338
909.4807852878146
804.3820184954143
456.9079779623628
710.7383896359806
553.7865847520269
258.10801410981344
927.5438146098004
899.5687252557849
465.4447922637414
423.8279531847452
862.3582060094465
376.4454322376964
576.0599113244473
505.78505216007045
594.561467311023
79.3471215087277
244.358462091055
986.2462376392727
493.5320918715844
465.14886976403204
544.4699186412502
296.11728502035555
207.30840710323378
