840.3324645583416
46.41132356721471
985.1291829169413
201.86934391935472
381.403382788223
451.1535981984947
969.1007325041857
911.9089106259826
741.7261609286982
297.53089621662366
520.3135692008804
720.1991362933334
767.4879059583334
322.5051797192672
827.4049838698397
711.4214190438936
954.8281564073407
527.500641158648
924.4756747664863
823.7159302486549
948.6157758860419
830.8887473029196
882.4622232256602
220.2888152668919
946.0649254770517
939.5266339483629
567.2171207545987
916.4684543872669
874.2205355816025
647.5300089852547
147.42526071764405
598.2360337975246
732.557369086383
971.6768569623955
123.53426212911074
1019.633999878537
845.818564657299
696.1569714657217
385.341801181366
648.3206363833701
748.3994322165511
890.7801213705246
885.1246147738204
293.4735555184284
620.668799431488
553.1303756781014
624.9360755446621
378.2369402038356
417.69698500894106
883.1237168076425
557.6298630869285
448.98248754700876
995.1242536995937
834.3482727162548
889.3315287820483
441.5055466753862
851.2567132188599
948.376610429465
398.489017898577
1019.7855850051081
277.7700608242909
644.9181498249889
377.8797920676328
737.6318777916722
663.8835761093021
618.9429235170655
146.61594971527404
935.6379397799162
979.5503979749019
850.2791921208052
781.0009848480117
611.553865194501
188.9351967218406
203.57629961246266
158.3045928142028
686.6101725363189
69.24390973184802
680.6203834737801
462.2283436161431
823.8702934884806
468.97214950929185
455.8164209386621
520.9698016960298
902.8110130027158
398.4002192595648
389.2195939928944
1023.7948336929236
689.9428630640673
965.7783901002689
240.113606020671
850.8529809648392
484.075314326201
722.0960092804919
736.8481217984267
980.2633891895857
82.94599352355328
561.9003297165951
842.2953312037705
700.4743375798612
980.8955228129236
302.3553388606481
905.7262866930093
415.3563999574658
918.9483856273806
685.2889016645005
995.3102837439905
891.6713528014811
606.8873739560913
905.2042995636516
871.0015986719486
952.9336819104379
281.6711191963791
879.6504641705278
585.1767261216246
924.0139669592668
333.01148632182253
585.7008740068209
889.0727011865812
693.9287604530211
376.6277610781591
79.28157862806881
1013.141128670399
976.4994137026493
817.461229839847
857.3184590557221
423.62604067109476
281.9115422629544
373.07128100038983
646.2396808811299
770.5647756206616
566.0645609963585
342.51108318190063
416.79911970019907
686.9842963885667
705.0943322808106
994.3887010200496
11.100341660447043
573.6075062818309
495.23372760209725
771.934804169689
834.2329235807586
584.3093973443682
989.6303879146823
884.8046005148532
867.5239312100464
760.0130452217957
659.0822750809145
486.18958495676
835.116181177649
483.02685206111096
976.6642656734883
1001.7650381287712
994.2090065262644
1016.5757211153372
848.8370952345377
548.9255356961247
920.6770908084839
295.92325296074193
390.2640166408611
305.5165347476891
971.9310518210463
490.25574061195937
615.9055965015193
980.2438515721974
872.0451179299171
157.55225528607514
625.5411642699901
81.81043872767304
939.2469221226855
863.5415417782152
513.1472259818869
955.8296495299358
646.4898879802099
662.6492900379867
892.8357525044834
966.8499417273241
462.4976737631341
663.7334512449161
610.399009178916
803.3645527541896
22.223346140900503
989.6803668688477
671.9817026341822
925.1730258876486
388.54392262411943
636.738749962122
993.6206356856892
874.5254207863617
608.9364443464789
746.100204281966
670.3803677334723
624.9708584330799
662.9627399045252
898.7135466448182
299.25441141820716
880.8337105689701
394.31522097104187
318.20175928513027
750.7068465209877
64.49824474467937
688.9813500240979
763.6345439141917
414.7539394291605
496.95857351857467
511.61688887927687
614.3838383563539
75.62380053147558
851.1797641536448
599.2947035295734
192.57846396501225
830.1018328796267
975.046899574932
796.974094411996
160.5655225308867
994.2852946575938
678.8353535502517
1002.7326341104347
864.5386152160411
980.8101112276349
885.5569001969559
757.2346790860815
995.4919118570041
648.8420201193977
709.9219639601928
877.3179027806373
608.3998139935021
976.4234327505329
176.4830689002764
891.9658354344751
621.4508758230972
453.7829320755159
862.2386172988333
239.92213534211442
547.014119280773
463.78347393163074
958.0476429593866
1004.5690561100654
950.4948178019207
791.207533860779
551.380844588413
758.7419396487803
768.2172203957869
687.9987156024179
665.8078444153416
820.6956057377133
773.6497598519921
763.9747970536049
797.3246652388243
712.803370008613
364.6643258551686
308.47465210205144
334.32910207783016
517.9868248254702
815.565512487907
392.96264749119746
954.8562126860111
961.020316650178
706.8967973546982
619.9942908840028
888.3673901309398
318.92116042866667
761.1359938858882
787.2910135126452
179.52149899345943
862.0469315151466
481.4537905041185
738.9672134162543
539.3345670167566
406.6823601902339
175.94174037587015
630.1485036429694
392.3561383708635
497.58383478725546
948.2603784618011
993.8789359997807
320.09793931877186
965.6168582353918
280.92587155993397
338.06849626108226
706.061397421545
462.0407968038487
704.0358463486175
347.27416679597957
546.3378963413807
643.0573502758712
673.2338243117549
293.9441146853691
67.04942714231584
329.834689309605
150.13364019134804
497.5652291436992
341.0204528709419
392.972696483872
768.2221934308028
981.3488991470633
869.4794786043074
421.4989599835194
230.66061968361112
188.54938425995147
975.351718754804
1009.1930637973254
1004.3131309875309
145.4212868772296
244.37692015067842
844.5924400143098
474.3499780367149
602.4342135736672
1007.4769965183381
785.5668999384642
272.028083530681
697.6231785467412
298.6542939751513
660.6004737428796
90.89563857534097
158.0333706875099
674.9838232634227
453.3674839860986
313.95367313166
902.8363229699669
102.45608191254087
396.27810067105304
759.1412785529938
939.8440945322106
830.6790134730104
197.04541502104337
983.450101907875
443.457997740073
715.9801876309368
964.4298844491493
957.5146582258351
561.7237780979476
906.3065985055666
741.7062206107312
362.5927715873819
955.3756268768614
877.4257462137249
35.32058830825986
720.3021009187082
7.7759209795455035
677.9551701697435
429.20893992181834
670.4814574956382
910.8787195287799
156.3745448888178
979.9414350086895
418.96376558141355
431.48281510276513
287.71042300576744
1023.316712945333
749.5368258076436
473.040841797237
954.3750630437711
247.4181502315846
939.4347937659076
677.6344382887039
742.4029174502873
844.3186270911116
720.9327583933341
978.9275113925833
572.7958070743957
