847.0042163953096
426.78329731811755
888.9694267519425
76.80701918064233
792.4629002826575
740.1882740610483
803.8957454730464
72.26900259256684
53.68845626435677
970.3158192091017
374.77539123179406
972.3887122359099
365.53896164999605
457.5856199274741
696.1318156632663
544.0521219507641
144.10095920000106
919.3656108685957
545.8687924717519
938.265403723026
655.1436922554906
1009.8130502247039
121.99762273080216
970.1764912709585
465.41281149983047
766.6265551167162
363.96990811466367
672.7463271794242
488.65631193703007
361.27890520501217
642.8274046150125
540.6341083102576
692.3173079934139
977.2734323651487
435.9423723535135
686.5868339634346
326.5686959452794
484.72805468252614
918.568032266074
693.8798374410117
512.0366470315516
769.6093525627537
667.7364162874793
399.4726138121433
960.6074082661537
102.93437208064086
732.008492012793
485.2458158404247
594.8424427958946
356.31464566356317
787.9988920937515
919.4968995379402
687.6253311947935
994.6311161610934
897.9956224468783
764.6986100053691
999.4322621277809
823.8768827860123
451.5695193424458
422.7143608966302
428.5661755815644
444.16721650631666
338.2709855835143
662.460522440623
561.0208779546834
307.8361859023761
57.78761022175922
320.25097340753894
474.756968955552
605.7259849344572
351.8837733474053
181.20884208889788
296.57198565683393
534.5951006044672
832.2682630232407
261.22956723155755
1009.8490211753142
444.3635302977384
47.23287428698745
688.131776976863
667.9990746518623
433.3224743683335
799.1400133598472
542.0630502814541
708.5211737790528
623.3396306061077
517.8890405207937
772.1726467025957
978.8432280095843
616.4223031294487
687.5457789958208
276.84772368512085
262.3295493295676
822.457388527379
885.6332848272232
692.1835606875592
529.4122942795666
909.1754941001537
377.76829530565703
576.5042499715826
445.7552443194825
285.07629038905054
662.1273747951328
263.0170837907665
476.9687285845124
906.3136007662208
669.3640020158076
349.4915943705056
865.3195097365641
822.1471211252815
848.5182551092823
805.4018685484959
108.32762677835717
730.3331460618905
855.912539635137
655.1618537061647
702.9535908567069
355.60247155382365
789.2196021274959
814.1570453426299
689.4450190936645
930.8618620892845
383.5527059445733
936.6814800408384
689.4895454971938
631.9605137156996
748.4975368797733
755.3716884287462
998.6265759394817
1007.2464744282763
978.3063866762891
550.4421493367581
977.1831511556534
692.6768440793744
422.95428211915487
325.3205057954891
964.8517239107509
670.6973223624764
880.9809954197614
552.4312249297727
649.8551623518103
38.99446533512889
935.5701810909097
523.2233820821757
649.7681538733236
889.2116201327442
746.5711429270418
869.3649328851078
564.0011638141768
259.2566967249036
588.756631970953
766.1500815277614
771.1847241454192
696.066891098704
864.6669212964284
998.0760451979156
698.207529250473
912.7933732122341
934.9079031284076
595.6131924784861
844.5597916588574
594.5194022842797
903.8250868794033
370.0090867457492
928.3489893393589
301.6277211421818
953.5131521835474
701.5525852384512
708.3195620377035
812.7352288980476
875.1163476117904
808.2234190592533
584.5768033787325
827.1909511087574
714.3567667769228
516.7397046434764
758.6508737778045
735.7502997678896
708.4843302956167
669.0464366288153
598.1728067446752
642.3830995626495
408.40940378042114
607.9782717185392
955.776805689153
625.6049324689686
742.7268475019215
698.0283741265791
925.3321885250728
917.2404901752161
493.55188048538844
549.6335891230073
860.3925318993149
604.2676190365864
416.67213339589205
988.9205372689155
560.4763536289465
951.3303753731986
860.1946707896697
620.8907244391391
362.0720297970189
635.7435585039897
751.2890110237216
501.58083768667575
967.8471101395245
638.2287600819575
617.3764777762585
202.91684887264944
884.1687630166513
621.9752183886321
331.44706248532043
578.2525082210943
472.98633397834203
462.0028776271158
849.7208561953524
687.8239879840042
652.9752626365396
1005.5304896499783
785.0570199057474
781.4420176951426
901.2595540969821
92.73211016624873
879.67717870898
630.5749125740529
648.1021801006912
755.9875086320935
1005.355039037601
738.2175593114746
520.4762688722856
243.37421244912832
768.9479594295984
690.7751438108464
540.2257529142087
747.0431159147258
1023.7495286386456
415.9909581271296
306.7951094724465
294.4645002053727
70.88739110659822
950.866308222697
476.0290151077121
676.1924093106977
909.6683599579825
959.7817849236097
632.1508159121825
72.73484887574648
504.6328354412102
618.8812501693357
556.3009872599397
363.14714269447995
905.0460335050094
262.2458399186477
340.50046788340865
779.003804496122
784.1154047809072
976.7400227151086
864.442410259743
661.6418479199922
757.6488670352076
664.0960565603581
951.4982483334727
474.56203889933397
280.52114084721745
236.49251999446983
942.1173106871453
458.91824388421617
789.1961916438419
994.4971442646429
910.5574977960654
608.4534611965478
533.9727506292743
733.8345298863194
799.8557761310744
285.52982951774084
661.4779762071219
937.754928735149
486.4023120373745
97.3954217510701
349.5076558298126
459.4640414334468
778.6724644721198
494.0820719652472
147.02173566284785
917.381090780841
415.78623078713247
215.97124334857847
975.6889283986241
92.92222786489981
464.54727860064236
266.785284930176
714.1914698318191
974.4994781755609
935.6001931516917
822.3533412123477
725.2249676672329
682.661026137074
360.8848216064936
1019.3704045111423
632.6608350507237
796.0155222731905
930.0091313720869
744.4210727725613
915.6676544410778
833.6559807152614
271.3590300494719
501.73973551034567
928.8750138108244
357.3303089128367
396.31428406869236
641.6187586204611
544.7343405536808
863.3253575501933
463.28933462169573
524.6203245180664
257.67909490931766
901.8657994483043
691.8737386154565
319.8334068953661
360.46070057417023
911.4358884766683
444.6244914890523
546.2098764888381
824.2644518679464
394.51113459725775
99.4927794133722
781.4835572577028
696.7275395013369
933.4657271455179
691.6291298523004
598.2534802940656
529.8109347228406
1010.6001369192869
944.5335605339386
879.1883837162649
448.5460233404531
974.5371164577535
964.5836627576451
934.377031257721
995.5970724228819
278.8193343278831
733.4326453259719
524.418827751154
968.0094431732905
223.03082376430257
438.37930595884984
214.99153763648735
78.57576302840948
217.99849869635182
872.2365094515851
120.9682924165154
855.9449703624084
18.183475920039655
997.9387061119533
915.8551675454625
317.36757861768854
489.42871627118075
177.22644105672873
722.9892623212822
864.208073818173
667.4918254390197
