61.34568923047147
62.3889731162535
60.631557130134475
59.36778626609456
59.81509749942159
62.62414026331507
59.959868072399495
59.2231126516075
61.09277189228577
60.688755732592426
61.19340997746504
61.191979482420685
61.25613354486265
59.19588887263674
60.9865732453311
59.197919508858185
61.42066473712773
60.41695331201385
60.49041338967545
62.400112925532554
60.666358130345856
61.381688649194686
62.236054779712354
60.406029471207326
59.82928160700157
61.142627013725125
57.76350957133623
61.07936273227506
58.68733426044182
61.60139819537619
58.81161821248802
58.87437200131685
62.35388775604462
60.08805398299642
59.47135409990796
60.91357200761944
61.04547296800835
58.049307086025884
60.41651999769061
59.542453935605
60.71096025144959
59.9103921936485
60.247033172446635
60.94018050749489
59.735139059567594
61.46720513268101
59.45472832390296
61.35607178344364
59.31707584874423
61.03784656744271
61.87868764769023
62.02560999488073
59.49014911606427
59.703768709107315
62.87548632359748
58.40128341387325
61.420572421344055
61.4562623286809
60.19245362246156
58.98499535337926
61.465013774678106
60.72048878821757
59.51211334552355
60.48273480140226
59.41311462770816
59.990565069054725
58.57388760209479
59.191471365183105
59.61205252025562
59.33315914781423
58.95560611466334
59.74945253210583
61.642854138433535
60.94893366268844
59.28085738413567
60.17101801479195
59.72388547288487
60.51976138765258
60.93237252963647
60.1779283077955
60.30660414790951
61.21782435668977
61.8239501718108
60.0912201550328
61.199319757221815
60.149549152795906
59.95762469570383
62.19538845476103
61.70931555991891
60.74520819861705
60.29847396739393
60.74641853865493
60.6779953289961
61.880546642179716
61.212568885799925
61.39091842942701
61.1472788996215
60.81131092427513
61.31304896696398
59.73506946290533
61.81692294726732
60.41125418745678
61.26881089262712
60.621120151939095
59.08901822016211
62.49090474595881
61.70719504192458
61.77400604798565
60.46916617459984
59.46150978938499
60.31983843195083
60.431597289220704
60.6495443971762
61.66727714901946
57.98734056043398
61.80300115787111
60.05567847229756
61.01048729440976
60.7402916197896
60.17323346174803
60.40194417344191
59.77689754130068
60.67682308503563
60.41228773902189
60.35416431023861
61.24545778234988
60.90127619511753
60.44327187015796
60.92242172292443
59.61664679428965
60.16852309269451
61.07759762256418
62.082085496680094
60.91184915389232
60.01475518765188
60.67591022534947
60.97309845221249
61.60199948894252
60.53511343394885
59.28093790635342
60.332127543722116
59.11854157232977
60.042226088752074
59.42676816113813
59.78704518586323
59.6717792462182
57.920960617681146
59.84154946339258
61.921522511804845
60.64417156104406
61.154083915904245
61.345502035858345
59.64298566018866
61.58896722808885
59.56665964661947
60.40650718411937
59.99718269641738
59.99664909080809
60.77965668416495
59.98361778188164
59.493949475492904
60.211860533991654
60.58433579885323
61.39775191030846
61.017132690998736
62.484242519590964
60.324662501552886
60.11104145558869
60.47127370828967
59.47389613114042
62.33582460838255
60.52835043321259
59.338019722809186
60.02327228025791
60.97458599516617
58.85309293715926
59.43343477141505
59.9568665641999
58.98131333618157
61.32988793892014
60.83602350205907
58.58485073153562
60.114799492130274
58.289858500009615
59.82416193373067
59.15336237998838
59.48258423271198
60.663120612491014
61.51074716043177
59.405073289658
60.047394099941165
60.18964067248041
58.732713839725804
60.34025307913854
59.994363395428614
59.3700584347584
58.38375326638375
61.63206436601309
60.37771688444685
59.659401796452094
61.02537587872354
61.15220104455139
59.08972483449219
59.6320771257353
60.03673559008487
61.212005312954574
62.09952871344857
60.374320388725664
60.380370137874934
61.41321195450208
62.78394465360507
60.67564926095893
58.58083790350466
59.50606507156078
59.32671210013005
60.74374525767866
61.06454874944523
59.12331072233864
62.069262475640734
58.9096920887526
61.98034177395073
60.02175832114295
61.01546352326289
60.925821403155304
58.75615296738164
60.52757121435613
60.95621074885801
60.46508592571403
60.10358088716587
59.29055665079069
59.99501205706321
61.87385470906653
59.78360989152492
61.93743267115183
59.16508872596411
62.33551347581823
59.61877978666947
60.24580338925828
60.371670572069625
61.59649067789626
59.499531961577524
57.42842186641341
60.45836913190407
59.65135209047314
59.422286032070815
61.27515664805606
59.17877758268349
59.35799885032454
60.216582725755245
61.67127542138971
59.66149283070821
60.54392190904537
60.74573238830125
60.45438127689527
61.01143181009873
62.460387057870754
59.437800450266955
60.38342473687463
59.8354822246733
60.22920987546935
59.21016895729443
60.00875072756956
60.145752843766935
61.62011050937723
61.62156129819985
57.54383563944772
60.48884355407132
58.28751655915686
59.540758337658644
62.20910165568741
60.899964274126766
60.9576859555557
58.30207249428533
60.9568021878907
60.63777164310685
60.81429716490358
60.28390684329709
60.66541769390679
57.644505424013374
61.805268917578694
60.10087926582863
57.33933263507367
61.658551045716585
59.79059364931522
60.4091652297668
61.251942543618526
60.99444178455069
59.67559738991167
62.347162666117555
61.38430431566108
59.80885727465485
59.75416704986764
59.45582240022503
61.473088710408994
60.84815936241872
58.93333260632116
60.34377254360113
61.22714473679389
57.94229885138052
59.74865251063619
59.613775950847774
60.36436841884825
60.860200872302485
61.10157120520534
61.667781554741104
58.80126588895237
61.56811578372797
60.88338452218176
62.635840051124745
59.72877144178715
60.73537228567996
61.126918079098
61.63566627390964
60.16791665659155
60.67193529549205
60.421443291666854
61.522637608451234
58.809467562981524
61.04900750637933
60.49061139850188
60.88362233261226
60.84319524719301
59.536347779810704
62.307638738424096
60.98777885277076
58.7258919426897
60.591256641764645
61.5323693457839
59.68054865632622
61.10188655458786
60.83900848472838
60.06450949951692
61.24549060500682
59.614899431059904
60.00721442688921
60.12393512524718
60.94776062808742
61.40876534647754
60.84642395768324
59.955373408882096
59.72601226725585
61.28824073806238
60.170606470878255
59.40745693518335
58.62705385970109
60.820657681261935
59.560802036428996
61.265982694196666
61.24774296754344
59.4626314239443
61.29309920303573
59.76450009786691
61.59984432427536
62.484824866585235
61.28364691593145
60.16681977334745
58.29269425580227
61.124768501520315
61.02612359830217
60.35605914717615
