58.003417397367244
61.704696293438595
61.66436020044139
59.760497040342585
61.06606790408316
58.818193965131066
58.63265607640184
59.97256785840888
60.00080940485892
60.462936657724846
59.52587005894465
60.067906192693435
59.52057706580121
58.54283955315066
60.63357784131319
58.82453151821014
59.154879313385216
61.600995260070164
61.03752601542381
58.12591970560937
62.2616410400284
60.143921644853336
60.019502042858065
59.867415537059586
60.63891474745834
59.63121419098006
61.43303842241121
62.05729076310446
58.145320103950546
61.90717158398926
58.96184085823294
60.64571609067864
59.5088959054395
60.010973415315924
60.444713561101935
62.42788700015502
58.724577887500004
59.822579921744136
58.02927734902239
59.35095673894507
59.48148609589971
62.057487081933694
59.91953727556634
60.883301113258966
61.057737662269176
59.73122810548247
62.7703534204879
59.40565872145179
60.149712951136465
60.77740729307895
60.03060963202391
60.67058811108695
58.873082566353595
59.58827021557503
58.829004999960375
60.60600297912187
61.10557445450568
62.35116018321547
59.51384252071544
60.211742267982245
59.64087968256741
58.495672945507394
61.300946782949644
59.93166967849937
60.12634909065005
61.30497862305161
60.46966219729201
59.51029245587533
60.48222164351309
60.93790540586985
59.50985273600375
60.660976530187305
60.62509618145351
60.92032960101956
60.9464936054721
59.803119208517266
60.042375527344205
60.729721274979745
62.4179525729346
61.05664756257784
57.976237289309104
60.85684168064914
60.20782128532051
61.37151332992244
59.87004604051858
60.28779441799423
59.592950669377636
60.89144449378078
61.99509858320421
60.5098082397284
61.755382581641534
61.11789241867532
58.98104769187468
60.53816251051908
60.20191518607227
60.28366271454077
60.199496717770764
62.08128672946764
58.95251891553019
61.45375186739385
60.993454707866555
58.52692478093768
60.9810224280439
61.08322231622316
61.80864332111601
60.048707436433276
59.7810591214476
59.778821659139005
59.18481311209417
58.77484666718322
59.66048638029136
62.44649044928899
61.08255056937398
61.293244559400996
60.0163546939786
60.063351658240684
59.76288473826982
61.099441327068945
58.20675304148946
58.256925551834215
59.17713777687593
59.871316142216614
58.9131758506414
60.58862561154685
60.337879997068185
60.432584468838876
59.26853187236656
60.23138451044106
59.19576826907573
61.933193650420435
59.585769832682686
60.2913206851937
61.867102687197026
59.78829450698316
59.934656616517074
61.15252341985123
61.51580016391093
59.75775977357442
58.70641369602632
60.48764985105766
60.84917045524724
61.317193128368736
59.375684306484665
59.568295267952685
60.12449135347316
60.098007587136415
60.027854337139196
59.30648712376445
59.793391487546465
60.58410686186234
61.15682652204083
60.11940182744017
60.08062711766393
59.60043656416766
61.38241902446796
60.346050625808
60.603862967620934
61.02277825197062
60.74097808301025
61.55144419242018
59.94231650369863
59.76485086834031
59.86900863969235
59.86637160249464
61.236813827366035
60.24704109909378
59.76936769617361
60.341479610619814
58.36696372354163
60.084403939294326
61.040679355595344
59.96899922947346
60.809138212786756
58.88237519778923
59.34931270803118
60.268871610240495
60.685678297530444
61.72193892245239
60.20568617967567
58.66499954018089
61.446488929501314
60.27731573049224
60.003087841752084
61.01963489659659
59.46879668118738
59.538344230977046
60.96192864779565
59.52348727024383
60.35279043473087
59.73215374345298
60.207555096783075
59.63134363006182
61.17637571987535
60.315883813642266
60.576506534219334
60.5833943114478
60.78930044431223
62.666282327749514
60.42196617344469
61.4364757865774
60.90075151819939
61.79083229683189
59.50747091742237
61.748331850623444
62.31549338205295
60.93000405255588
61.04630957747216
60.21165818877468
61.08366501174538
60.85955123921128
61.33924063526404
62.78840269272819
59.230598998939584
59.758228441924835
61.96929214689321
60.30410362002409
58.246497720136155
62.200277598554166
59.50901067109544
59.68088182061719
60.087454417170534
58.41126201718407
61.53313254198697
61.43289226135706
59.31211815027733
60.97630523387697
61.01215334555225
59.2328165517602
61.931978650296806
60.51294178988688
59.4641783293044
58.750582192569844
60.39921646182046
60.42582165446669
58.52813403486523
61.469394189363435
59.64387626413128
61.777935200165906
60.9588970381096
62.32541014536664
60.23586081736148
62.4948693329433
59.522918044487355
60.427439505728294
61.61239616516204
60.308160765961546
59.571111929219015
60.64823724906872
63.39223651272637
59.00314454821066
60.10064934811792
60.03225343219271
60.247626487912434
60.10219874517411
58.24798055236047
57.79458550448704
61.99817633044576
63.32381249027744
59.27561703920288
60.8212939273938
59.56365765584755
61.464671437736634
59.97813106711772
61.01385290557027
60.63395918224722
59.75673399997875
61.63552098490172
59.14769905538928
61.798464061925884
60.664033269089224
61.2306910069845
61.62830985224112
59.53754734497431
59.85523542756702
60.837713448428026
59.29319010493371
61.64008073165473
61.55141997448477
60.535665896417136
61.411466307543556
61.151583610518465
58.981099648183395
60.94755855516125
60.697941680408405
60.910020109289334
60.19907411368238
59.931803747944144
59.20810396411725
58.07111837646737
59.30418133429061
60.838150371802755
60.35401869125729
60.40847387429547
59.60959778608106
58.87356289682668
59.4353210717756
61.278838107539
62.82665762473108
59.85106207184999
59.71536406770396
60.533350170135975
59.215629810874304
59.961377649209346
60.517721070050264
60.233181672642026
60.54670726607451
60.50053251847852
61.50301598137777
61.08240956984021
61.332757989994825
59.94894897120834
58.7217263360159
60.10014219759832
61.87605426464682
61.473154130463676
59.49785471375735
60.61032047060393
59.556716319554134
60.95849252772202
60.595422573358604
60.40293374608971
61.301991694343826
59.931495065382784
58.49516302624857
59.612105749252315
58.90704301724529
61.25637710065064
60.127433774041556
59.71330725235951
58.832908961167654
60.550978150627174
61.06515474497208
61.39453358143386
59.00759257750323
61.23904760998256
59.31900662665472
61.100101874099686
60.72931386182861
59.860451974297995
59.388791573027426
59.855871395497445
59.7174921003649
59.68504235256468
59.34254768662091
60.95154181352877
59.98874866029793
61.05956918189215
59.565692436768686
59.798511853464625
61.37591737252818
60.593199475218654
60.27921783455632
61.4038217793685
59.68378693618833
59.56747172517194
60.57795019295555
60.08847531859375
60.73041815656761
58.69638461261832
62.24832443013892
