60.25479781755102
59.981509397104496
60.49926351204651
60.21511027848456
59.74372659369513
61.490266932016326
60.40513847371045
59.97660497949855
61.35357992072456
60.31371528354544
60.04775460451684
61.48694271338388
59.74375353491896
60.83416066248297
62.43773501648415
60.817874537717785
61.487622898039064
61.259710078576035
61.74678645117592
60.26208247608743
61.32275103519929
58.96452626917966
60.910713274681875
59.63831051691534
58.81372119149894
59.31157180296605
61.033133523380506
58.978382841434524
60.929669166159194
59.47076647124019
59.11633796866783
60.80565134717054
60.92813790578472
60.90800377714086
60.72803573219333
60.29420609366356
59.96983936402869
59.33522949916802
59.897067025456835
62.82537242108935
61.864426025915265
61.45277124832059
60.012491978769894
59.845028892116154
58.15061175044868
59.58121371590439
59.156103414427484
60.760161509128864
60.47391666625088
61.064232362573485
60.38127007555092
59.266922508644335
60.32358720199607
61.21292903815737
60.74980225117414
61.80377223464536
61.03251050478361
58.00954532468339
60.52581561955675
60.01204848514447
60.50522377603234
58.82870424031477
58.35984120879174
60.038474879984435
60.04029886564049
60.535579429245104
60.342719190890875
61.47229638106819
58.19731451401605
60.56637274701635
59.82295951176994
60.66377900571455
62.123217164733255
61.82139723793029
59.19780302486098
58.97273684584357
60.362460668287916
63.49709836373516
60.10359613937467
60.9232144325734
61.214715870698136
60.03364906910711
61.61580450805886
58.42434540609827
59.06567029332446
59.10463965086389
60.96038298934617
59.76060670740151
60.192789029829335
60.76530380293797
59.863653247428424
61.34936872679658
58.37523473006684
62.861386863215586
60.757122490579604
61.89674522535984
59.433928062945846
60.881180286789395
59.096437803908195
61.3205461617518
61.38821488525448
62.00256503615977
59.224608011549435
59.614767015803444
59.291108985991386
61.272952490577985
59.600891595874785
61.16450000389434
60.83459505653357
62.657103939283346
60.05991588004066
59.90601952074117
60.41209044149742
60.42271285460587
60.34171380879902
60.445645642340786
58.873829406111305
59.37816098901218
60.946854086209434
61.13721956589451
61.021068557372686
60.13694716255444
62.33433302549042
59.58540580078004
59.00681301733576
60.717137326170345
61.29375312989668
59.74444768007943
62.34099054439552
60.97438223735953
60.87981380886584
61.214513237982814
62.62766896654223
61.59117585238415
61.35856366563997
59.87951387212538
60.278462240957126
59.74109726459998
61.487612392276816
60.9555767985785
58.40286461117886
61.935206062809065
58.33818629194343
60.13917905198609
60.6016865838065
61.76913515547087
60.662133464253124
62.013638495967484
61.71398550720782
60.058046004554555
60.81060232468093
62.87975878695314
59.722305756655935
61.0357546351247
59.18162784136331
61.4565985321944
59.5763911843854
61.907134444164704
59.791405384481095
58.44828692154216
58.08392699227763
60.49482187251404
60.62528901179859
59.92544062891434
57.62161239333021
60.95659082175798
60.32514843025293
62.34983798225899
60.25653032976884
60.128090775654066
60.863455189442995
58.64573498667528
61.17492116576538
59.68601580842662
61.63029385169192
58.175913236429686
60.17892390261732
60.06324430272835
59.86403851483636
61.41652016378439
61.848352920445286
60.087566107496684
59.43591861152955
61.12001194857738
61.636643367121245
60.530878862643355
60.35099762145486
60.54048756932202
61.17918581318062
60.28290467126818
59.763322528203936
59.00855697748255
59.13434927496762
60.062243620471214
59.787608510124315
61.564804591581364
59.55112843707844
61.772254991475954
59.23651747877426
60.247608813674276
62.05227519743027
61.82049586451529
61.21133208783722
59.21977875247953
60.44894213784276
60.545284770664246
59.02978969631623
59.044835022716505
61.05999126463613
61.735178248353954
59.98847580557799
61.37863587278737
60.96479368585716
59.908889324604445
60.00411055625091
60.220453055345516
60.84169626607323
59.08812096550782
61.268533295797596
61.35719630347556
59.54466092398823
61.629951055574836
60.44651673753822
57.563846724607345
61.03993474017952
61.021747434483096
59.62000857270375
58.994357380985875
60.72574285613631
59.28743452332804
60.99101920821923
62.607326061651776
60.29312274105435
61.04353430514655
58.1380493628456
58.78043453231293
60.09380240961428
62.01242675789473
61.445057003260146
60.99796731166134
59.90269438313622
61.004749372393675
60.674955970313796
60.6389952621716
59.6609778721567
60.32392996894904
58.33753652500252
59.513564019041354
61.264035494821584
58.3403041889335
61.77828103042392
61.2089094666929
60.57480767985556
61.39801685066902
60.95892496819797
60.40602089990425
61.19831781639607
60.77263792022649
60.073381408449876
60.1748501851487
61.79935983611518
60.983848143338925
60.72081025972711
59.05607998412123
60.92086222527984
61.83052469182087
60.15563358641752
59.70373634518075
59.978612515595294
59.97893046005132
61.51015861377408
60.153841167055965
59.76187655666713
59.841072131036476
59.56410895016502
60.49851062664195
59.92405213949143
60.00951375554981
62.32609830396887
59.68641126043708
61.17131556172547
60.92179796238697
61.148141712121316
61.20877303541154
60.129504088561156
61.65471606236849
59.438287093138555
61.4117203649125
60.31952614038772
60.7987101527432
59.20793224252819
62.15869348056145
59.503762152461455
60.898815843659506
59.44918039816275
59.16158728818661
57.948493551523065
59.911557943931186
59.05674538408505
61.42709619622579
59.40348227380342
58.63194625375618
58.347119795938085
59.471675714046924
60.95845673070125
60.83270615040443
63.315313273267655
61.592754078973314
59.180823073460175
59.66965074112013
59.80285752793027
60.35522874539309
60.7978338609256
60.9241387367162
58.84316868604431
60.282402162933465
60.04667149745267
57.45022733506091
59.6124606208822
61.16864804545029
59.231484144743334
60.69172804306397
61.13655302175562
60.432807005944085
60.473135120591024
62.45041232733098
61.14792112605164
60.93370650511785
61.76429572824402
60.34036714833165
58.98270762698203
59.737260284168435
61.15386203860547
58.850851540333885
61.239767027258424
58.472860727069694
57.521315101429806
60.35526075638777
60.75574960934383
61.33215895441545
61.899862404304194
62.56397969289457
59.29627300164531
59.458241366529286
59.37777975215115
60.01399066159456
58.75512246585132
61.8040764981852
59.29962119276207
58.440557924372534
60.067184194526305
60.79623808444387
60.10900669601368
59.949137802335166
60.52498724580773
61.29597562074275
60.543704942762346
60.69005791788374
60.2297980562828
62.01941784253991
