59.803160114605895
61.08437201999791
59.93188429050908
61.601876927583646
59.122522698933736
61.37461791814632
60.54591740852873
60.073864212220315
60.73086943400388
59.88355399548828
59.24192289774875
61.36573512688913
60.72725069878116
59.70878457370447
62.05024895600592
61.07937948123321
59.10220267037254
59.99587519279597
60.97478841337384
62.15243633662373
61.08105324936578
59.5526790262357
59.82773702650288
61.90624284101788
62.02076647030787
60.203069814969695
59.23309395997092
62.99052736975695
60.88778117035995
59.01799114400678
59.06638857745405
61.207266694500575
58.051877938215306
59.27344101880678
60.9893187759585
60.08069414987069
60.42554001533553
60.746356803414756
59.587541009116414
60.21636131396381
60.76296141030263
59.903287610386705
59.40373725356881
60.18341508256923
60.54576412414089
61.68721305680875
59.29783549265698
60.5939370130162
60.013781208448385
58.74873030572421
60.894414524394534
59.65495791283613
61.84974802035431
61.69771678495979
60.675196814341156
60.79427904747013
60.18908435702369
59.63582413488238
61.49537911054491
60.60878864134892
60.75933864991098
58.14485430871464
58.9236105196809
61.15363864790926
59.18830522004235
59.80515527759764
60.49903960499601
59.899498448432745
60.44345681027731
60.597950838267685
60.69434728724001
59.43256093078579
61.67262221114318
60.01284545679583
59.86216109001054
61.014632893179375
60.49681185269298
61.105619122772076
61.523244184037935
59.245019854901145
60.58067111938456
59.87455949037012
60.605709693266775
60.05648318742954
58.16935532639412
58.839099624698264
60.95371609023406
59.37930922167105
61.197096161706924
59.34852349507956
62.3779885231486
60.22694903433194
58.489063890185115
60.703024239421296
60.44831379816213
60.845218772995636
59.99138658358174
59.94066871735091
60.21463622630056
61.00303930875106
58.19205134560402
61.50350876968701
59.513093566424004
61.696276491510645
60.99451174703672
61.192117900694925
60.95377144095798
61.43827288603057
59.39963313518696
60.62903275938149
60.35097635797837
61.30034065676408
60.54615054470115
61.413756366187755
60.27898168748924
60.92044201877901
61.83375700777369
58.733650839778406
61.27945723214853
60.57993810287717
60.66905944160258
59.487383844639446
60.387316966419704
60.338866960727046
60.91218577686804
59.728910740171315
62.08973113877137
60.55403191583616
60.93652536086638
60.4040995135282
60.99038784113657
60.717529898482425
60.339167556747434
59.199517893130306
59.602252873003465
60.5668702080671
61.512234260592805
60.57710235995086
60.02498397255041
59.543154152385256
60.27884575810057
60.85523531801563
59.39865975397074
59.830014216690266
59.782520346200954
60.68174988204235
61.14589296077697
59.32044122795741
61.033436354362635
58.82542015801373
60.98489622290833
60.23282367915744
59.2535084209134
61.24562881078034
59.384474094762886
59.39556080614245
58.92337610521475
59.991965819540255
60.51637137139294
61.43585422065333
60.25679732705012
61.1889851370574
60.36376186871474
59.953025533287075
60.624015023311365
60.66512965187598
62.07153000752524
60.43610540453829
61.32302707580699
61.05935990689229
60.85735922906891
59.98302426792401
60.20623568162288
58.746330146462505
61.0028955895444
61.69784807383836
60.8049597172529
60.672888202009474
61.99283533067549
61.86756370127077
60.714831938880685
61.55362026344147
61.24241155237827
60.24341260168548
60.27667020191493
59.31465735764048
61.062893351491404
62.35779356582354
61.304333080202035
62.15461992075109
58.749959447742455
59.58754597601292
60.183873951885616
60.53379485811589
61.291487268779555
59.28848844640186
60.421136186874485
60.866269778424886
61.99462504319906
61.33136685312784
61.06730975195112
60.71070614067864
59.86263068477763
60.41327646769829
61.46666539091785
60.994356608628095
59.56967286781169
60.93747717601152
60.42849449535998
60.110195098418565
59.43131260063383
59.68434320782121
59.96324680596123
60.056495992374124
59.07803408149694
59.621512986562934
58.90817110326343
61.05029199220288
61.48549508854523
60.528488698373515
60.99056348300341
61.67124954655429
60.745581604512786
58.95658219572778
61.37757129783171
61.23080795842825
59.85139090797689
59.867501252736105
60.18624262872298
60.135389654371515
58.59216144906412
59.34657159579737
62.07937333626902
59.49521955624591
60.339947388085356
60.21245990667956
62.98873275780286
60.28866168477089
59.81601308383229
58.923314332607475
59.19163257938792
60.32141468218047
60.14228926986651
60.528422686317285
60.23924312180452
60.22989733445343
59.90698555354882
59.64504638207597
60.68815603637163
61.16954935806489
60.35884389209674
57.964208833245166
60.89376204774177
60.70920133627651
59.8807924698936
62.1325421255389
58.644471765330884
61.24441348959655
60.44498780746413
58.48545544172536
60.5168231810959
60.29918360982033
60.34366020919588
60.88795286721495
61.65543992066853
61.50431556884179
59.828776184748556
59.08494697615172
59.614312686512804
61.76137386166673
60.797351762068
60.667176738324976
60.415159277170986
61.063068022349285
59.057835825292834
61.17714851417974
62.429162910319114
60.57024724697272
60.792835801553466
59.93892393443995
60.5384027495943
59.832102542929654
59.86885633732457
60.44820473547853
58.488484127438426
58.75926756038909
59.88773315587332
61.514111974333844
60.89892623523227
61.353887230663794
60.110392987117635
61.000145124161115
60.78489653296525
60.06691920416892
59.52623077316337
59.80372832147195
59.830940585469115
60.88242207410698
62.043768889956496
62.65479442093594
60.71279409463943
61.55674828985576
60.92652061022576
61.065389762126266
60.649510962833276
59.89163088431194
60.657614558012874
59.80972541984362
58.37325184700434
59.0998764843341
60.52855202955169
60.90093329644931
60.78872836778149
61.86433142777415
61.212811927272206
59.63007191572242
59.46857942426973
60.094367964729585
61.90026541398481
60.85662375458961
60.741122154920525
60.39621132355308
60.724836557894136
60.99018192647127
61.339029908627886
59.014708668074654
59.1850627677655
61.08253897794026
58.28466334102241
60.11354120128345
60.88516062246864
57.55727917715468
60.15595080543093
59.335420614734595
60.02327439403487
61.483180467128506
59.81270814379107
61.189749255967584
59.841780428573415
59.687629152815376
60.332400797577755
59.57110403719742
61.87924120324633
60.73953678031196
58.237237793302256
62.95418530678338
60.52708674344659
59.404980388039974
60.836392531445334
59.475854273286586
60.69111296314649
58.872206954189835
60.25762762190766
59.74048375950257
61.292333382079654
60.8769699290819
60.946778162201504
60.275106680533185
62.246679606404626
60.0743171126983
