61.47723768543061
59.50166297586193
60.25496823174225
61.83216894737195
58.177042034399854
60.69866906934006
61.75765223630791
60.828537262910885
60.186868033556735
60.472956574951624
61.37145635646667
61.00318191852048
61.05137375203209
60.682697960705475
60.44696105462298
60.60570768693703
62.206650231035354
61.381301293638884
60.127867296359966
60.063842517307684
61.07338976105364
60.73542778912264
59.672656985366466
60.16423601022083
60.09013861129937
60.784088236081196
62.4864597521986
59.07630552234343
60.16492278338975
61.329511570063474
62.458054073384396
57.42972603079904
59.4171409105035
59.59258089947907
60.38497348401587
60.385015833163834
60.26340535345349
60.22006670395567
62.0804359267879
59.1241450825513
60.950963659636116
59.85360564307335
59.972300132887625
58.3171517567277
59.2225302467711
59.69930135870813
60.56295915489426
60.77477822406755
61.09407837608312
59.86416581354761
60.104906145039585
59.83881896450532
60.8070920262001
60.69645924902849
59.96359560032122
59.1946088373372
62.44507932029677
58.96855452375485
62.30715310365499
61.374484016439155
61.51588486142702
59.9506241965703
61.03698248150074
60.17236489011764
60.378719446352626
62.16640957802716
60.16661980831249
60.767149314926726
60.546105047251906
61.4258689846792
60.69974705417782
61.4021946242087
61.15458485825116
61.10779391412974
62.00366278132135
61.1231066235499
60.420152276899664
61.177685102327864
61.03607860289479
61.53401755332384
60.45588315078079
60.25366920743502
59.88562821151833
60.45423264087682
60.75955476973496
61.175850146223226
61.1453171915607
60.58852090882812
60.15057512429867
59.85519053217102
61.03387778531824
58.50338409563123
59.50482929711214
59.2084361667635
60.897284159119444
61.296601030731004
60.08734305393535
60.70644817901733
60.3408493637303
60.47364442839767
59.492929615499946
59.3258185619559
61.13598053034032
59.8826552949094
59.593089172933965
59.99914149201487
60.70437655600797
60.22524768216936
60.42785877848083
61.973447250133255
60.1694748613502
60.058497836940596
60.19612179272891
58.79929193772959
60.297224138817846
59.703853934043174
61.095596635933966
60.45644949031407
60.881467501031324
59.90779536415259
60.61886356722032
58.96833046758572
58.23248557241349
59.3089989839026
59.07246271432808
59.69843544007721
61.236215860158396
60.183467555269054
58.35014722817687
59.75417237516627
60.41683389333447
59.85318822614956
61.546728157133366
59.486783969002495
59.4660952115395
60.876686370677085
58.16771438585786
60.172717093526806
60.07242428808524
58.219737167697396
59.792070159633155
59.67704058127832
60.73963347939794
61.35499110910538
61.44964584196123
58.35827018556582
60.36257869368624
60.95378692243659
60.05789827434913
60.78038449121222
59.96097465529315
59.97175351525436
59.44924589554978
60.57761117887253
58.639824785564734
59.070049430535065
62.06894535060063
61.77727525887015
60.0965653161786
59.358839773435264
60.879533915307924
61.57779562934018
61.772063930601405
62.55816041292538
61.85589762111263
60.12061992612897
60.009413087388616
63.78051974909062
59.946782694309704
62.078066485711226
59.80368981667804
60.15085976560902
60.50905590151304
59.139307077956836
61.94589346776306
62.47341620733817
59.63889463216567
61.34315700096549
58.56086265566573
61.754210484015665
60.49520367978841
59.45948928938182
58.55492385135821
59.66995717804651
60.96552378748873
61.09469194165358
60.079673615969014
59.46638637609203
61.83428241233179
59.90713523406093
59.29072649853347
58.57561012035805
60.411801401511056
59.49180955392981
61.870360336529814
61.225114470488364
60.81600607150146
58.763954756019466
59.65617238272584
60.45698670852419
61.20943726745378
60.564328127189846
58.899872242962196
62.0727881966632
61.293844479823534
59.14637103820198
60.96650996891356
60.20746468717229
60.127823142320665
60.956626865908085
60.25582211023898
60.53010125719087
59.86465478586208
60.51949458272999
62.50624829143413
62.23992883527125
62.80580233541366
60.78440599679553
59.86869131017148
59.70150647511543
58.87761122408626
59.89431907845836
60.225889032270715
63.52622285520756
60.69287386402492
59.84155678608524
60.71001680166157
59.970870894654055
60.0521237767877
61.09922887369356
60.631416142147216
58.730328207186396
63.16379471577322
61.26455139337537
59.73871936505733
61.33482458926005
62.17989918541601
59.28666111007727
61.38292503444669
61.3009494244312
59.64845163814149
62.06148633701837
59.956092122695715
62.42709191986412
59.9131451284987
61.68532849744853
59.579356245172605
60.89207748476019
59.9913763598046
62.52684530127056
60.330122056765944
59.34341170029374
58.44544136678225
61.59459155271973
61.404204638754976
61.394080589039916
60.134974438069676
59.201074421774315
60.65146501594001
60.01038892248109
59.112072756297046
62.36437239364338
60.89156543505749
59.46154076189618
60.60996066391356
59.681018685773616
61.528223919288244
60.700900376449674
60.53860414663975
60.21730946839326
59.95710394445498
61.49976837807603
61.81937870502109
60.789668045779656
59.85460750953354
58.92315498046436
58.77689552344777
59.048373456349346
60.5155612810603
59.18897486219375
59.67649247558506
61.20226699843943
60.494021322866594
61.177103955033665
60.167724907377305
59.673568880547144
58.78628807339309
60.786081441604274
60.400359604699055
59.71878791003402
60.313239137325944
60.41378888561645
58.84723631254476
61.42450827032151
61.10338558634735
59.813049572596775
59.34680788609011
59.86712437164
60.808673637309155
60.823182562330196
61.37506271761976
60.63752498942015
59.52963319856024
59.548234438941954
59.66269699488739
60.09031247314679
59.09681479835787
61.894668816292224
60.78151173884204
61.14454381575964
60.77480305108678
61.3745714622596
61.67197464838491
60.88091020675465
60.286464278605195
58.913055769716614
60.2015769374294
61.44830377805086
61.76514066955278
59.955332128951355
60.44562651250113
60.41496338804544
61.766220550057895
60.55776304983824
61.02742588985117
58.60319733577766
61.26101705002161
61.20562409545506
61.08565831090262
59.0198006867675
58.72046895900561
62.02913709617266
60.47829697906178
60.557916395537056
60.46673066940892
60.077752774363226
59.74256650793397
60.000199471724656
61.13508645383936
61.65674767876836
58.966769522076035
60.08079574616325
59.84592569089189
59.520864192265044
59.93488118076439
60.36696340081003
60.45676623374911
60.35760307397705
60.60820048055571
62.32322896904844
60.102861429218564
59.700479260014646
59.18204097839253
59.967019524905645
58.1447312093605
60.94168886140769
60.68851726943414
60.047196441307904
61.50740725631995
59.357330008095175
