60.74679461357433
62.14161445940329
57.94597602168113
61.83881002752889
60.5289256505988
60.047262685177444
61.5824807205993
59.04755557034221
58.3126060276233
62.84908794565916
59.056905311772006
59.96593774883941
59.617854800823324
61.05337585939722
61.29995821495362
61.12666007308922
60.844432956150534
58.80612878463061
61.03065767817727
62.198898374208724
60.62256998126014
60.65026992202484
62.77904766463025
61.127087535622465
60.27846998567757
58.706951297019856
59.72566161364585
60.454655948615326
61.51677537393235
58.20516712046024
60.47991232742223
62.13115214889123
60.71071778495855
59.95461709558458
61.380146936640486
61.19595230320742
61.039797059981154
60.50707403430574
60.96045017155504
60.37546956412648
59.23407606214486
59.53841894813721
60.13281684846241
58.62753836314167
61.226446560449745
60.487349195057575
60.04219592022744
61.26037039774685
61.353248000442306
61.57564704739524
59.548342675664294
59.87182944480919
61.16097175571623
59.71237532915218
59.60677663914483
59.80635354999057
59.92745276481023
60.65864365380866
59.83760226629979
58.6027254911435
61.51347203130009
59.95144566035843
61.075659619782506
60.11809899442998
59.64788444883354
59.467752934093156
59.030496658612186
61.38021034297148
60.95104377336879
61.005740621627695
61.49199122420439
59.387138115659326
60.75967227608861
61.28539155032235
59.515142701972344
58.716592791190095
59.241507543930396
60.131148450450915
60.54791044895296
59.558079389303636
59.425034815037684
59.459616985966726
60.59794962064573
61.00341344517927
59.43595324402153
59.76477559287269
61.25096757119139
59.76742463182981
61.233919530581936
62.44652640248259
61.34476423206453
59.589268652856326
60.11332769523248
59.931834582891476
61.04214863158902
59.012783757776134
61.74730471105753
60.15887929539776
59.60523826960708
60.06329055433658
60.23639829966727
59.023321337228346
60.92231333373931
60.33389975486247
60.662287657076945
60.920097331658276
61.284130159631424
61.150583952263645
60.652417565429324
60.56490246471473
60.203160364283484
57.725331455159
60.06264817235984
59.99464313503461
58.67790209371457
60.01149645427737
60.10748392899794
59.33444972135522
62.691017591825315
60.933368869920805
59.995751586562584
61.105168512577436
61.050122836341785
61.99812747504998
61.36766931661798
59.87571944776897
61.703288120057245
60.415196168142714
61.05302723058544
60.388334482420284
60.58827418481749
61.46475936722815
60.454745897072854
59.26852316051998
59.35663610917353
58.27571612457573
61.290793780392605
60.65301643638999
60.58229237601902
60.737685361686644
57.17466849039182
59.967325544853274
60.642313367679414
60.99037137417595
61.0464902682724
61.22682282777099
60.16286414999016
62.01807920592434
61.501189437805536
58.211634289448156
59.97626192082114
59.172189559148755
59.794730359279384
60.99339409542839
61.03784140575256
56.760456771418156
61.758278641434615
60.280528346869474
59.76461109867523
58.91503733823302
60.91205242520481
61.40238518003856
59.670789298621024
61.34551696149027
61.627701750600586
60.16159128172965
59.880301019508885
60.73609009923374
59.32202165351388
58.911401684995
60.580125563509995
58.767483419624114
58.69979427128002
59.779641301872836
61.25313884728467
60.39485682703015
61.383754376718365
60.271559002853074
60.638871383235134
59.903081536710374
61.639193791037954
60.28655634901793
61.830084315208026
61.67676340141285
61.54307959903601
59.45913382270441
61.03534923757662
61.28074452175123
59.32025713856403
59.37818662424941
60.49139793144146
61.234818244486576
58.34527231024424
58.5854279257744
59.4866642460729
61.39967190664218
61.05595261413723
59.3589199512312
60.35050227825424
59.872719179650275
60.14922747608577
61.741782320792716
60.00858892969581
60.17886081937348
61.48259760485407
60.79652957815859
58.35601116970381
61.17454093581582
58.9787958089657
58.73732903779629
61.59356702167945
61.295308218243136
60.312066647776014
60.805196532111154
59.556444593025255
60.93542278296022
60.43340673691382
61.2948828517394
60.998572371168436
60.78608075272864
60.38489723052537
61.69391700106724
60.306286143189205
60.84151223010896
59.786394113846676
60.527904471208764
61.510669409971605
62.2838680081186
62.22132359375294
60.420975376448624
60.07996617250421
60.59293483434661
59.34505968085837
60.69187301993097
60.58859036353365
62.154693153826194
61.35229498236329
61.61698351069432
59.46928183184948
61.56055844997898
59.62913895110473
59.26670858858014
59.80350114059945
60.8438416633631
59.636658154012665
59.518858771566606
59.52481978610097
58.843194749408184
60.69408374051163
60.32269198886257
59.39186066273672
60.27518684423457
61.048622963984165
59.8652846137211
60.153899952164544
60.35262350734417
61.650381279102156
59.5532977111203
60.50608159602762
59.56637849386854
60.93333725374296
61.73882405983743
60.71142094880735
59.70056110167934
58.53002521573151
59.141631594548386
61.658475825303775
59.440131123124544
61.69925663821484
60.367267905448486
59.78602531586368
60.81702285689332
59.805806760736736
60.542267559364795
61.257880085838075
60.45823923198642
61.160135103738135
61.64475111697293
62.296624977042654
61.85605929755891
59.83175286355827
63.358420190670834
58.976081207537526
60.34413640331048
60.217629790333895
61.39961961439718
60.06945978893356
59.8751226186058
59.969581949488614
60.886838270655026
58.10663096937435
60.189221467931844
61.93395069799803
61.06518530123038
61.26353690798465
58.98632978979728
61.12030840238124
59.231797103981506
60.74622849223173
58.431948822638226
61.13051477588297
58.1675886550317
60.91085584294235
58.61844082841841
62.5040570437394
59.80940829860807
60.55272006878861
60.32836329060639
58.899917559376476
58.95464342582087
60.08449672929992
60.60529008344621
63.155989568674215
60.535814351219045
58.9727144857766
59.981568852987934
61.19070203328888
61.26847460033616
60.139553874827236
60.240378985321776
60.472374038889285
59.817066876207846
59.20348915266265
60.13381815712252
61.27830147531263
60.77045308706268
61.457848242147335
61.554082704795206
61.720415943583944
61.33885291155942
59.462885068411694
59.70592511151046
60.985863784472755
60.90121432907338
59.7416898409836
60.80425839226642
62.12949339817319
61.78858242602065
61.366769499338396
60.268191269205595
59.341857157982815
61.014240713962835
59.54353753194042
62.363411041428634
59.34993923035799
59.52370232371346
60.75042149633091
61.886215255918316
62.00768386653283
59.348210281595165
60.86846401552812
61.156458260840424
58.17465223682353
61.29520716120018
59.68154299912724
61.919804308600305
59.96543417319815
58.78107015824084
60.29625089689608
59.17160885327307
