61.67874161595073
61.14795065395037
58.80810478649137
58.65112691404122
59.7133614849773
59.5668366484529
60.46425573859024
60.10231133396934
61.23644510837757
59.86601821310781
58.79931227017357
60.090268405156365
59.69597292996882
60.783466221610574
59.30265280513127
62.19984016591207
60.79654844828975
59.76643830596873
59.458877443432876
60.964436158746004
59.13795184878502
60.900168405668474
59.18704738966243
59.574453271939156
61.24556059383431
60.559433521534146
61.8697045715093
61.908091188821565
61.134627572932196
58.6322468432001
59.566224432942384
59.590081845205134
60.59540001874628
59.8036263940856
59.88052471576233
61.12890794707691
60.60544184732383
59.78172506038527
60.65708480053166
59.45876360867731
60.50700560040484
60.35057790488327
58.92634556949049
60.03306222564994
59.79145188977274
59.98999000427914
60.668353662672004
58.40273637452695
60.9482716858897
58.22352314741417
62.651364293156284
58.960733323351896
59.907159149413246
62.70104489363786
61.3573485422566
59.85976964177834
61.00465150078374
60.65700393469127
60.63458189797876
61.43996150375431
60.82614328366843
60.689530773023506
60.505307194571664
58.95743793294388
60.977276728602085
60.612831250299394
61.06941918745954
59.7251654515118
61.90837242362392
62.224800533804014
60.683119641460365
60.32168133066463
61.51239945461586
61.01922383592464
61.1256600597712
58.66398727204777
59.39892924350727
58.9568045579681
61.930006260084454
60.86602780632549
59.60360919371994
61.319148792657735
58.40217144252669
60.420702382814355
61.34093548757265
61.494484320914566
59.56597634942118
60.18031806288549
58.940558888104746
61.04610434678294
60.39962922054944
61.19626535140379
61.85683387210346
60.9750668654359
61.23062297557856
58.361571807873425
62.00749802299458
59.17527068358037
59.429042561839076
60.27931193684496
59.50180195609439
60.76542361093026
59.775261313346334
62.141981081885056
60.208994343936475
61.14896474653645
59.40812454900226
61.76537486000301
60.967614938771504
61.793438090867404
59.005597684263996
60.288956516254146
61.282847602316856
59.582159122632056
60.27998658400024
59.675038164028514
61.328814820541304
61.60462086821913
59.38741674326886
59.71339057902268
58.950160412956016
60.92492464590101
59.40106187192209
60.34474817862809
61.10913581701672
60.679877438662146
61.8948630767601
62.16604130356749
61.00230815089578
61.69660013755021
58.81551387658765
58.26187491356623
61.00398452399026
60.50555754697511
60.691344184805295
60.935186280190024
60.66946665233389
61.03559855656251
61.148050469349435
60.50493981422111
61.59853693514087
60.146714096343196
58.97955485041098
61.318219627469915
61.70548998154939
60.45384333089936
60.855540806384255
61.17734521852502
60.35325033069291
61.15959711479463
58.99037082097217
60.786370952929765
59.26670012472192
59.15475838408691
61.687587670030645
59.152203033523506
61.99096867194577
60.76248733387939
58.84631241145508
60.73330507430765
61.27392203971731
60.823927958953405
59.29281039311033
61.279848839761996
60.813864893971896
60.19250396785362
60.6040937897898
59.13968292619351
60.4862601791888
60.336008627589514
60.99784539228559
59.16775437711307
60.066607016007815
59.36765183528232
60.11823231738316
61.4242572137421
58.93829209627364
60.75551736285553
61.61356244732394
60.47094970784023
60.760096982459665
61.05645228144876
61.020243552555804
60.882575878471464
60.489852466768696
61.569036225745194
60.62530490807682
60.161708923645406
61.419782051247786
59.8542502869913
61.356639713639396
59.76098521583426
60.77955167722773
61.61717179356656
61.26461402225729
59.42729527675273
59.70359399130248
60.36314053031926
61.704396976214724
61.947063418367755
61.275010676795986
58.7409853902999
60.92274138469918
59.6858556245692
60.32634207297072
60.404855419986596
59.281142907416374
60.452708614474645
60.06043297640147
60.84889249156239
59.822647125244686
59.48269180627669
58.3044062484574
59.99767050192798
60.11565499302259
60.182285469932765
59.13475283405132
58.505865695216386
59.954364870754446
58.97628740217104
60.82239665571613
61.16409497807958
61.77624751056373
59.65608840659163
61.04699109567672
61.23999035235741
60.184982304870864
61.58106736350866
59.618759216674924
60.67232405900648
60.20481819621575
60.411130564761535
59.834877772095865
59.89792495145188
60.27545145505673
58.83183047337316
58.056974939736776
58.090936893960254
60.090618939622686
60.496412553147096
61.15995743507567
60.26659852982941
60.693623486334836
58.850094406763795
60.281966746505304
60.57127020868988
60.1289831932635
62.11442835980179
59.59309153880373
60.02174560029269
59.88436530566111
59.76198003638589
59.64067138677142
59.40030884987451
61.785172859384616
59.977148485103186
60.13568425296968
60.278796447105506
61.160143646707084
60.582983150035766
61.3565031535291
60.34222314667979
60.21707834859251
60.67260971022757
60.50590935953881
60.6537014947098
60.56396521274513
60.722575532964676
60.64823642585078
58.37829279347455
59.806932333572426
59.379980176399066
58.676583124298354
60.36015897521861
62.32539300918843
61.324834143935256
60.75703830569344
60.28779668008741
61.784642552160086
60.97042490321593
60.51636479886021
60.11606472413554
59.68250916343784
60.5453253440381
60.991327220092664
59.82953879951824
61.321650288365014
59.67289158257268
57.67167199479116
59.70645758788543
60.980350749548414
59.100756479740234
60.31420368035536
60.520328943293165
58.98796610864827
59.939870522011866
59.71234182582586
61.201711374041196
60.425007175278
61.96080062740015
59.52349631847393
62.0840544820331
60.678963125837576
60.92115317725888
59.84937965725674
61.170005239784736
59.58380807465469
59.152013856006874
60.30225161346871
60.38272166245361
59.60548599304159
61.1307261617999
60.550471181769375
61.050582090653364
59.45704696961239
60.31657226999577
61.55990830809557
61.615553812378465
60.97981426347997
61.693946348039226
61.58355896533536
61.38651707260821
60.40759004556775
60.16675610934052
61.71897718332405
59.91775326471845
60.01073587192199
62.15463947879232
57.09931195954248
62.42849359453467
61.299791906943305
59.228842833976955
59.09864441050695
60.40098431994794
61.64029581287501
60.107682591259675
61.67252318822929
60.1564575018875
61.55058475015257
60.95231501437364
59.682384312675055
60.07585803709755
60.04772637210437
59.858449043824656
59.645009911809794
62.235936201228185
59.84117101695612
60.61228800820014
60.75035240677189
60.68999414648239
60.99551267442183
59.16848187485971
59.09165296255483
61.84037477619027
59.111425901571366
62.10721325780963
61.68749017836507
59.20763113953577
58.65825632379202
59.37924597003004
