60.66388892945509
59.65637989261603
61.3923233574127
62.09063310609115
59.068114105213574
61.098836481976406
60.86186737866845
59.08283410327175
60.7635233818178
60.68052722315929
59.82309575127892
61.432971682911045
59.353744594651936
59.76668369441937
62.80242045158769
60.906604775881796
58.97960399860713
62.08395202474671
60.35133348145519
61.51068999099785
60.827959257102926
60.037183447245205
59.30118117379629
60.94163771005255
61.29171459495248
60.93298924652203
61.226972525341004
60.21223615261539
60.86761060999506
60.574495572760526
61.76622862381009
60.51587083575156
59.9266060608556
59.88384794891486
60.48123905662127
59.73439121781375
60.60288930288904
60.49483232860367
59.50349043772904
60.09668815718167
60.56252422865564
59.741743100612446
58.9282394407468
59.06591993623776
61.44977456286976
60.47485962628465
60.80742611944123
60.9711160640257
59.89395441134375
61.03619237659284
60.19505886295762
61.498445138969835
59.516363271791526
59.97525699197248
60.78872582718403
61.90785804235026
60.031033527990125
60.27878722757587
58.66226466701218
60.824163715679845
61.66193572724946
60.14923050825603
60.76731093886278
60.42726590664374
61.09570581566786
60.6812324097317
60.898007249954205
61.111767465516515
60.10525164603495
60.896233939799
57.939156751009776
59.843480161416686
60.00241649596627
59.910556586189614
60.22404145218264
60.67315084306866
60.26344636484583
60.35914568709219
61.26711052164937
61.3344224047817
59.64995004588768
61.10751937629743
61.369606346103964
61.36688321579414
62.18478579100203
58.49900903738957
60.45451142610294
59.561228604845915
60.995142406589785
59.76114579884007
60.64750845154356
60.52812526101154
61.36326249630825
60.12228597078148
60.89010518102636
60.349007777020375
61.716192661002424
60.67247326924704
58.884719992446776
60.29968610662339
59.27536333988008
59.65386392949582
58.4257765030275
63.376552059553795
60.81506617791374
59.574424951916
60.3582909645025
60.07148427744261
60.47281533966709
60.68602839413364
61.52624509988364
60.85310018998657
61.72375827907977
60.08387853525386
60.528989868418776
60.337866953726454
62.72481090532457
59.35083799004184
58.910247567067266
59.47871048181566
59.653275225227446
62.103534552688316
60.471273922201085
60.339066262311114
60.246883522295825
61.4347830010893
60.03009861892333
61.32450017237721
60.06442944698804
59.27591981078348
61.38068382206442
61.85993776805343
62.98671529650781
61.01406056108087
58.66348550437939
59.44390290658905
60.611501614941304
60.234458057283945
60.7911788097817
59.776483726125015
61.34451803961378
59.74242195373645
60.350155004553486
62.64378187979986
61.11857998617504
60.612208448815245
60.08881344446032
60.66523796936594
60.494224572384276
59.443429213266725
58.89174226544255
60.25704932502843
61.05469160407551
59.60461739951835
60.223913142599145
60.73888148396525
61.283879814109525
61.741241488006324
60.32769913899303
59.31591156637702
60.88537093223905
60.94804611341904
59.667235510993336
59.97575702068529
60.399057829746674
59.326274805789694
60.08046572847271
60.71234058696267
61.499350688442895
58.17124629570767
61.15790568865018
61.87922955836507
60.47582642169209
59.90522905955031
60.96532946296155
60.687690216734175
62.7705834614183
59.76345411407115
59.404046934027846
58.46716771573558
60.31076471055915
59.70516775794407
61.859052278991484
61.319403583345604
60.56653010758695
60.61629748857103
61.478436816864104
61.005192396658614
59.72759518499528
60.21319677687496
60.82346731370982
59.355751125565675
61.78196206698891
62.4931456448586
62.376414233829735
58.55091458246848
60.528146893799345
60.227790633466974
60.97881847850067
60.52500290129387
60.47919631287364
60.0091090170307
60.12762386663645
59.258089725870455
58.93706274547308
59.915077935189274
60.42408642880338
60.769353921256474
59.64945568113216
60.855890922775096
58.94098897113868
60.732983198362355
60.34440409195219
59.07275879079838
59.147689333195174
59.49151929186816
62.461218161698866
59.035240975918256
57.61381563412969
60.91580165930959
59.84201161101491
61.48861021811681
59.57230806673836
60.503843592384776
59.67882943099139
59.41004425624398
60.91118669454142
60.61352671035585
60.95115615423014
62.319149645139866
60.29018956467598
60.4548157131123
59.43916498037267
60.6839466912516
58.41071355746082
62.300246364318006
58.88007574565321
60.99673653077317
60.28834806437681
60.71999585929033
60.1359152548244
59.97153176999333
61.25917219885069
60.49144911331126
59.63221232453943
61.15028274520071
59.74478372528729
60.44402264882729
60.963244510982626
61.096059025530074
59.06426220576815
58.67397072358136
59.818494239580644
59.81322312749075
61.394379819184856
60.57990799197794
59.26248334042746
59.75291749355644
60.11835332010049
60.02095923895445
59.92711912863016
61.77157044243596
60.707624044223905
60.34020137005784
60.1073180107149
60.43361963158394
58.824862542727146
59.365394174267415
60.03496953425189
58.72721168419789
60.564392046112815
60.3450269959839
59.95195883800294
61.50879031873816
58.341907056682345
60.03427635921166
60.99335923139298
59.98548802563423
61.75091954636544
60.52462485524942
61.179704766749026
60.03584988484199
59.53009455028582
62.00354823931223
60.26480742470708
59.81319213239551
61.189311200006046
59.554267101865186
59.949806720837415
58.98730045655059
58.886164587755296
59.334260174411256
61.726465273286394
61.005170284914485
62.25638769603404
62.25703801220518
61.98219286273534
59.440508050323494
59.96987524880666
60.50190428159003
60.009168557766586
59.778433284360055
58.09178003844911
60.64940332416374
61.61178720227963
62.29680113668816
59.68787947007568
60.546526511337895
59.754260153261804
60.19979445051369
59.85641698990833
59.35761006065999
58.75853154181627
59.71810813987316
60.613341297892624
62.00387893288941
60.34725965278565
61.2368401017322
60.60265252279611
60.87693848176034
59.09237854565122
57.96160728246892
59.6883507547437
59.43386117981874
61.47816675883179
59.31510303235991
58.82179349984668
59.92402133514694
60.77226373902858
59.74806060348827
60.49972677548898
61.74945627677791
60.172966682435685
60.02839797126095
60.58063534810814
59.7850545790167
60.63354328582839
59.946248291502464
60.5037012736568
58.514244917142044
61.4841763485005
61.21805550558115
60.90703952553113
60.30940683532073
60.50796977739223
60.32320028806949
60.113113048681136
60.39206799404846
61.76830087688336
61.60986958408603
61.00340547595936
60.88856778376347
60.443701282482444
61.11071470597777
59.457075725302815
58.56783463754706
60.05605045715995
59.800903922557445
59.615699755924126
60.23315616637369
