61.999371325544864
60.735513133871166
61.08931123723021
60.92364103301151
61.68488076059641
60.47043370996771
61.33637474573089
61.488685398848624
60.60217861723433
59.94399948874721
59.68656307040547
59.658564267702445
59.66494285298497
60.39303939070764
60.52914134048046
60.85482903043507
59.94472064961494
60.642111719286405
58.67352847611595
60.866909468944016
60.86632251955732
59.83006010372092
58.500922834998335
59.455505438076585
60.51352265324034
60.90788343881958
60.68414322150351
61.21008264932727
59.931432714694004
61.1146726147815
60.06499845199162
61.2505589601995
58.76958801243541
59.79274096621666
60.31503039715492
60.79184625491273
61.44369346538722
60.56708320782104
60.90290761626649
60.1892850831533
59.53388573574548
59.97461913536876
59.46835777110936
59.79823462475088
60.335919145267766
57.81457203573528
59.19524734675723
59.943685029615246
62.092155041346196
61.21475582998735
59.613057189034876
61.41207725478425
61.24676069545228
59.918406452144275
60.00462156393979
60.80973756847252
59.8338333573369
60.27628848264681
60.81586757912493
59.24898346261065
58.39960193165615
58.947954814096285
60.46338860455021
59.75021597969284
61.494640566416415
61.27359027337562
60.35745091312328
61.14438805303641
61.39825846959119
61.53704571215478
60.52555465973334
62.023380694678266
62.075152473271096
61.085071890547894
60.51813905108265
61.605648543918385
59.08934285720764
60.0332575005768
63.34118997236945
59.57116035902739
60.95383715466835
60.260590958124
59.8399394901845
61.836922974661285
62.67608948723125
59.32661552455073
62.56488136494873
60.16086042487451
59.155953011747506
59.379682628307584
60.02012695084001
63.275096702363854
60.330933969342894
60.257891524583314
60.522877347483046
59.76936640969743
60.784125902727304
61.18614950946747
61.02052871430593
60.50254954834545
62.021992624715416
61.36420921003923
59.68086515266149
61.02536130756219
60.82383162939059
59.42812630898331
60.83635063394478
60.92396105791021
59.041054677988264
59.33249478670775
61.640853026448234
60.043612314788504
60.938398980258
60.92249322345982
60.55899590242274
61.46974922976835
60.31671543853734
59.19366371804487
59.07130596646848
60.04478903397965
61.58692374614137
57.97404069990679
59.41723003392707
58.651881044284835
60.18053647481096
58.29867228312488
60.83281098294121
59.711065217711116
59.645886541076486
61.325537821035546
60.80798635397735
60.48081969296705
60.207482560077366
60.51533023361098
61.32644920926932
59.58011476655073
60.67107748149327
60.62562382125425
58.878381949125846
61.421102656483015
60.71818001713626
60.996174659562435
59.3984470574608
61.772118741050704
59.98335442642596
61.470207594018426
62.045152412472646
59.4919405944928
61.07671072527643
61.23912987204678
60.28767256451935
60.763537150615065
60.93460428572711
59.65732277740035
61.12835246604561
59.406401759933
61.48437375084445
60.57196876721272
60.147313091050314
61.43923163050824
61.57309900829796
60.478419502525696
60.678863245692014
60.98256864741198
59.60483998025143
60.70967025025837
60.080719979328435
60.86797964963094
60.80062309914646
61.215198873249726
61.854239882468924
61.538316021644356
58.902026829651255
60.64605665978422
59.174786904002175
61.539380041761135
61.423449947073685
59.58741866392218
61.375241619421736
60.86098504468444
59.95628467218264
59.7909651646216
58.859786918019644
61.1662678767749
59.84500909693635
60.921355360821664
60.05143714864541
61.293246802550115
60.5478035724595
59.42515689792135
60.58992128414982
60.10873786276187
61.30964249663133
61.81513846404628
60.90324948919938
58.40978268292589
59.93857997523801
60.29313652406115
59.016087170203384
61.22983366513959
60.729835800960515
59.58989553082097
60.078320727410656
60.041624307668236
59.82008212873824
60.1931253873841
59.94036619521226
59.35429401427595
62.14603280947496
60.345371302543285
60.40436769419236
61.89723195141509
60.53660931623334
60.98860908226587
58.59939166137948
60.63260165772777
60.31895707881316
61.643969538899505
61.47374930986479
61.75034270614151
60.52893141822288
60.811582456096225
60.67439635382864
59.64725272663748
61.4521448095989
58.88059276936369
61.04451266815909
59.279833045542176
61.0056906874818
61.15225748022914
59.75989803130714
62.46631752222242
60.14027077848726
62.429188820967546
59.481831400265996
60.27281337882182
61.09822344019378
59.584961168626805
59.92469016548621
59.60369588515974
60.38000649682255
61.27024598347107
60.206942061135884
61.31352398299356
59.24997155723478
59.69104999776325
58.92150936822775
61.105812247471164
59.35683531972463
60.859462723317726
61.04432925886955
59.525289143596154
61.04518915841657
60.562951037360904
59.21716027398628
60.17008614100307
61.47093273547579
60.953092561127875
61.07233283503129
61.28774644260771
59.53743258499114
59.80641205505267
59.61943024413287
61.44837465809643
61.420796510184104
60.394341051555834
59.30453166522231
59.248961091180036
59.15620100398759
60.65320963250437
60.264172222876404
60.15392642510584
61.76332546285281
59.72672186561775
59.747956218406095
61.50451908954665
60.001467275530175
60.12424544815715
62.22225307791285
62.15623299618461
60.07209019612675
60.568106674805236
60.750121469064915
60.244809089979455
60.79697185978984
60.15742605848082
61.301109099173466
61.23588471149392
59.915518595279245
60.07738228773217
61.046876519856596
59.25742493772204
58.28896208845434
60.042128887693536
62.78064658439519
60.37570995399656
61.01498839106866
61.80460175233203
59.313887141582825
60.646467206025186
60.00910105311159
59.448507823966104
58.19247653268916
60.96271298859525
61.22705748123959
60.32506838108431
58.28332771575987
60.89710393357382
60.33102798245172
61.76241520887667
57.714242452812634
59.371164379317
59.71453427300037
59.5484064910775
58.98954138127731
60.06995794418811
60.68896949617608
60.18655496281755
60.49641983548872
59.22774334489411
60.5982079272373
61.34315483290309
59.898105225697776
60.721693263716816
59.78300339946032
60.37638693282221
60.73359152893766
61.43389609500788
58.75052560697547
60.103253684528305
60.056412940417594
60.50497313805309
60.89823985262863
60.779901832429424
60.136019792353274
61.213486246712186
61.72779480567447
60.48985064363912
60.666320052829
62.318257587393894
59.46475847319666
61.72229183786108
60.13374490956083
59.82246479482201
61.73678679790063
60.23618331032066
58.85483245337005
61.171094128792625
60.19866273861516
60.634985766218264
58.64131980209266
61.0816936781132
60.54828767583672
60.95193245957362
61.93437746316244
60.06485472604749
59.87099218446578
59.17828930585823
57.86795470169839
60.77264561046628
