874.3377867795359
598.4823501219923
511.7749093247817
766.4360433235955
693.2372787677616
758.4846584119913
526.7298499462202
722.7725681547831
208.72404090775456
591.8337418504032
177.15264239209955
70.84398994627281
651.8533673667825
593.446705724685
844.891429177943
595.9867769163495
655.9957961799954
511.13305255181456
337.767237696346
1022.5232682654117
908.8959279967504
602.3991888841447
525.9701033159433
440.74349046082443
866.9018615810837
1007.4156931269343
791.4492458910215
930.8042993885192
510.99280002110083
856.809539775151
703.2267373243493
989.7383698282061
252.2790517805405
334.19880532979744
298.82382771673485
299.51607472601313
35.140738654050665
657.9317999787481
625.3810309785549
1014.1587223098812
936.5717876689396
382.7577223823213
822.0144560137503
694.1671208357761
772.2884982099984
817.1532096841864
976.477700525567
876.7777697054424
418.15494076998687
787.8354565513023
821.7998721269506
274.01801246888874
607.8986871934765
1003.7595733496128
705.3666434003724
946.5308703084617
654.4372323959992
494.6820035438999
615.3516086932524
554.0309378392436
448.7783611325167
313.173242431595
832.8120300326408
851.4039728574776
113.52442669180846
323.40688902634145
423.2716302590651
393.12961944728045
967.0077838986412
902.3267741086709
195.94036024727495
938.5896650369152
421.841853697111
851.4763248394981
237.45644963366794
818.9769119765716
851.695001569018
486.8329463654428
600.0191873860667
39.63930760504957
281.2611732055708
423.789475561994
839.5651128426076
321.73546024752613
375.3561432444062
995.324298620225
367.28568803877533
340.6786743772708
828.8133264263447
292.3836434474755
931.8105751455339
952.2069504313242
958.0808308885249
687.1976995057811
1009.4247997980524
465.6816073491739
938.3365635880161
640.2842199098055
680.2268291004855
93.0294345082782
631.7772790966739
380.4959058190881
972.7227099598049
598.2642094636992
940.5226740441316
394.08192444802546
790.6472572555082
259.4052191453145
968.6385140899838
1014.922579813313
34.37412507908391
943.2226866666854
946.9808546760777
122.374592996351
878.3585449876141
798.5823783204514
912.1368167015415
930.2691687482384
289.78541680422404
347.8623536878357
87.16215841131304
759.6880068739821
680.5712714387407
600.5078465668284
811.487239253828
558.5655347419008
528.1240526806691
762.3641422227829
1002.5278285910243
281.3745481661972
541.1110294047833
826.8488433740472
174.33211306646695
643.6825115058614
515.8350128190741
734.4364268661191
828.0985274581374
250.9201274414138
879.0490462238114
628.878740722143
863.4420083034274
1022.3885563485657
693.6590161902232
728.9633306833045
542.8355431618613
883.7854396661572
886.0771871623128
599.8742746421788
448.0219212357091
728.3548557812119
851.6602771786338
789.636562836657
734.9942260407952
1020.3165909509618
926.6183849707676
547.3923666979695
971.3298825741759
965.3009898315954
648.8585411218345
1000.5819281306912
56.72609170618773
896.6147076678348
744.0338782710689
1014.2618445659514
665.747391287568
720.782587686871
997.3963797727455
847.1392496418271
612.5137248171613
996.8688073510286
786.5124832917047
832.9584132379518
990.3560295896909
406.9481974350132
1014.8506158406648
1003.3448450645757
534.2794391054551
419.61400915683623
695.2655882585491
50.885018997947896
845.5441592591721
646.4807109056587
424.53830539982664
598.2077339083514
336.0405044052553
552.1025563629742
862.3501725051951
419.275647619864
253.86062841474245
737.0762283321787
743.0919004699451
762.6903272968402
793.6994300624453
923.9173703608341
178.20193097875188
777.3621687987331
348.08170558714664
35.1594634168996
805.1859122342725
939.9950951098931
164.13951138940251
264.5497874793896
490.19544539331196
378.2852043784834
219.6620908881307
182.96227962798207
578.4477168048486
672.3032752025783
1013.6859439654347
820.3186154244381
774.11464797345
825.8667222641142
758.0649160452533
919.3331438486201
636.0675880057679
951.9201500616509
938.1427747614966
1009.4157588550573
612.6808202060125
691.2143455632279
953.7009030077655
766.4047489080299
620.7310948407676
774.1669944355853
915.3668885032337
879.7362463818139
422.35866943317865
898.4811110580002
531.3906260696507
858.9278655523169
853.0387027006785
908.0898739162988
774.7797877947543
742.0379079848562
610.1867957015644
991.8832062058708
713.7017453503477
355.31230618950644
908.774250770915
639.1185262326485
914.7996123177463
476.9282257543425
264.98477326058764
882.282116437075
476.92476761760383
467.0186129225074
470.26380180698584
775.9804823883701
882.1854894599712
1005.7144281800946
412.06533207335076
980.8695516547389
180.33552440979543
759.7659980467863
284.4578223346774
860.3724087750198
280.7109763654546
748.8926169724298
529.8667623228857
682.9385328098667
638.6588032985194
820.2054181324613
873.9003274342787
829.9470691247743
620.1830219533182
589.2962682447513
1000.3304463764254
741.9150078720365
255.3574938271247
806.7733618845991
405.9026467814716
984.9357125728242
945.73971035312
818.0790999952867
970.8934287772589
758.6233216807126
983.7069730727608
324.9732911962765
561.1714592763086
892.22356128197
315.8601894301204
625.6075935582138
340.4948455741925
514.498269301396
257.513069400556
383.690892576122
341.109658077116
401.5432826193245
735.7252331988777
695.8952461996809
998.2360862260633
265.0519238330262
628.2773392860984
255.36578386076474
832.7274424922437
509.0831336552793
941.4055650267165
627.7987424246799
1011.1019719491808
494.10247353139926
927.364366878378
268.85854822679653
517.093579272314
117.4289159368899
754.9512845880076
794.7689436833786
272.8275752049557
574.6259320178801
761.7206359266634
24.981579156925477
1000.4618781840037
920.7510950466767
973.0585435952943
737.5255635838739
89.43436751318302
610.5983781309403
870.4913191888445
675.978128954282
314.95210915752557
986.9047926403858
555.9779572304335
980.3444953495851
948.4610229367378
995.2130962714721
947.822913823633
989.3157169170589
467.9675701592531
980.969670509382
976.3369833320653
520.2054787604268
1001.9957308768957
897.9530833509125
729.2241887894402
175.9904490177281
817.3838876976682
996.0022590186777
863.3307980007374
887.35879401009
138.58687174767806
732.6153173405485
551.2929824022489
846.024546023275
958.7000868166774
214.45734945406343
942.9732788974017
397.6232393571627
436.7864701144787
962.1832908077934
1013.4601844835927
286.56170242308133
51.439868307651864
968.2201083614939
488.7180843797935
800.9932129221213
477.1024708634219
866.3378647635957
683.2224583777753
887.6342241330718
999.3324957537247
508.55526534810065
