404.8138034481483
530.4509803345316
739.9112748626987
509.8673886494703
812.2146014975551
417.02388660706663
924.0869670817367
668.6371380332138
860.9154363711675
883.8045851795619
999.9852167081865
563.94184460553
406.3052665587554
503.2556015421884
187.7407053587275
997.7808104519665
757.8799342395389
823.8245833586523
714.7760511508978
516.6325837049333
524.654338689209
956.1760152134735
409.25329054415283
596.4401075825261
178.06422477644526
975.645904345228
966.6724718169595
734.0970775250328
441.8177777097851
932.572676049354
413.4280166961754
444.20297090705014
908.5069217121014
327.9537199874244
134.5154164163729
627.8179267539332
843.7340633555689
637.1525071279589
853.2715742133935
456.2081731823522
978.9135522509372
352.39416200755886
782.0528226305092
916.7604783884897
767.85484635201
321.9094596066765
267.8937975579869
744.9133317471537
905.9758056333421
859.4956681622558
1007.9805083814013
645.6469969262454
403.8143878125961
748.9944738526012
860.4469025481063
790.3254459677291
80.73370457775525
920.7074061798102
412.73308754034076
760.2796770303152
892.5731554458426
967.2212558947464
898.5717852532264
472.78981763092463
890.2044753434207
618.341167553952
979.2726263445049
214.54530098604664
841.7446321783791
688.9195470882624
809.018304813481
413.02041027807786
213.5748636203108
527.9929978342177
317.36344282071786
652.0506819194529
1023.7533848821661
735.5367628857521
561.7218290834101
858.4973029647929
1023.6859070472215
700.0389000550279
1002.251843600172
566.7133998740579
710.5758832768663
835.5074228311508
803.5191812721187
536.3322573435569
778.8257583951503
756.8689367906788
369.39096423932233
271.45652720133444
984.8810711992559
415.6716673421075
892.2799074551397
823.7741938779893
781.3730440784561
312.78260819498416
698.0864549293774
292.32411554681846
944.0454532675938
717.174771818642
477.4009411613159
601.8471443168249
636.3639977838591
158.58481798610546
874.4337635533589
673.2978615554061
708.7748101725012
582.9975362999271
814.2860322899253
599.3245400145206
645.60863338893
1017.1069669679886
954.5384448105139
757.5252455913649
663.967006639957
816.714019172407
174.670079493024
718.2585989297124
745.227174129828
568.6537237122093
535.9451314335352
369.54753987411925
914.4187210235294
954.9337476476215
340.7877863014105
958.197243831446
730.7797559636679
732.2799521391323
794.7537814066349
584.369188356132
945.7840893011528
922.9617242940769
533.7605142787836
1005.1012412870475
762.9229187798518
120.29813966098584
786.0325433817615
1020.2015744326782
624.8751897958018
148.85101826836876
877.6822672104848
489.2065140243368
907.3141636890662
224.70099858804815
991.3567955094821
210.03383989589008
435.7118270372139
745.3086729276285
822.8440316263299
604.6579691264662
831.8570012907767
922.1057845470326
283.0932082742644
169.47407462167132
277.2382394032803
295.4619385678096
600.1260823171738
274.7315510773593
291.99199464195965
233.2040581802554
676.2266734914738
945.7348334217506
836.3678950368136
1021.5356410609778
304.9598198504499
636.3639041293088
699.9920298011338
892.2468511450018
1012.2671343215698
955.708501847576
676.3474427470028
898.8491652299624
899.4877565278965
612.9451308942519
563.8193968671845
902.2455101512434
283.03897058131383
257.6179734421587
444.08195738107133
831.5203895261766
22.407239030810842
1006.2074013507157
685.5617371259317
957.2977921020107
24.652879278499427
805.2163590338374
90.89418221820233
662.3262661546839
522.4598559727899
920.2027792412937
966.1630874330019
383.6233841496387
424.62056443627216
543.6205143748612
970.0086132506425
286.5281276534588
976.5377598963491
919.4826293084734
414.83097771515816
446.0525708463575
487.7754095382302
663.8645696276096
725.6557500686349
1013.183156879851
297.2983201923539
865.8205612678809
923.4089074745265
625.9474306385366
499.42659780332076
572.9227411889744
549.6234601642009
942.1959416695761
712.9853677438625
651.4046032866827
137.38493471999834
279.4644188070173
565.308647912475
955.6147251170772
816.1075845798728
305.12621715707917
687.8656144901406
639.2525804072984
768.7176117782145
6.485536978285495
759.7290410767454
134.24212260092668
131.25258811747744
828.9950317929172
675.3642785877703
444.4969691257443
184.9618864873902
449.7927490635119
721.8907599601489
693.6875332908792
538.0019044084343
681.151803164259
323.0674592333087
370.03464962542637
67.66301738289769
394.96925014753606
968.6773879247938
564.047782409626
757.1970348107845
502.5867200785434
858.5638351579845
875.5066552184707
763.8836817422718
996.7499287745377
128.65241028184425
814.2451468096762
980.5262201469204
326.346782166215
178.94156790433715
648.3496084786248
614.917983048068
789.8356348240927
820.9086743290133
186.8024036073715
413.02083093792
994.6275419324346
502.7688612630153
917.7875374825813
65.78285383582636
804.5194850477009
764.9009437308389
155.30281351559518
194.50016535231543
1003.5624569835176
806.4580037738523
63.75913136339966
973.9215722368126
178.72502244007262
383.28796832389514
542.4716142916873
903.1576361585204
413.6496170300139
895.6282383051521
549.4346625906487
514.9470782281413
467.43539547248326
825.202057002069
598.5174987369284
706.9942649597234
802.1237368024728
309.08239653941234
616.6027706476838
784.133550939247
984.3092045443544
505.3500993728155
708.4817437758168
644.5324126318404
503.3140451791256
642.4732573260999
969.1918379931219
910.0153569195634
710.0309089117825
884.5179356800281
833.7429674507043
142.86843215330862
994.4010440949701
151.39580167557358
817.0318099725167
355.5341083896834
793.2341910577621
973.3969919552513
831.857790531815
1012.1434688772239
770.2783982173723
589.0877150200066
832.3903019109418
1016.4771608577303
563.2114336551512
110.97321118782304
659.4223963593823
711.1497307569958
105.56596507755717
326.2158787755011
827.2747288393458
309.46679842933054
559.2960023944705
720.1527039258217
586.4184482182848
520.1661578767197
686.3273435254999
742.0099696674241
1011.4613811291961
602.661399389441
716.829118762955
542.6031384613943
377.91274319263096
788.5083233125531
812.2201965455056
551.4364365106655
561.8475973442439
900.8758847225066
362.5815792861167
932.8475353411479
873.8755922286093
707.084858426563
211.82041217157143
842.445240272205
413.84505590620324
415.8568289227661
253.6154413556742
541.7159607471987
680.8128493750856
317.79044964656737
742.5680702927858
750.2769014609255
615.6842192772147
123.39756764669494
846.9113317896532
923.2196506628878
558.7102972224657
496.2606300266774
842.179442578016
814.3304270288318
857.9489489288437
