255.00068389214664
704.3430953600894
825.0028129844839
195.9517188167083
503.52884702869665
356.640682556387
786.6511655241364
755.4398608360844
929.0708793678006
751.8055734043106
231.85906214168176
1017.4057924312112
844.5646917263562
997.9477458084451
292.65902067347474
916.7013151795426
219.59495024546993
454.9021337885961
81.96897342282114
760.5382464819438
924.6622042474157
373.02574772887124
850.8109153547703
497.2843979576778
888.0291013470226
513.0017446756272
41.72943145703789
765.9847491061171
704.9083276685374
467.6091164510566
483.27474018045996
687.6657001655698
254.19446708659825
161.5314520961855
725.8585247699623
646.9066634128999
708.1249860995099
765.8811030530121
817.2124523810369
170.62529065574734
679.6217094874671
535.565490813167
573.8607424563278
98.80048885535871
266.4410412014279
811.5218416599389
859.3061969459696
264.7137545966892
398.5786876318408
799.9536504025522
830.2760661343106
952.7800036690471
916.0763889622913
297.67218972276544
991.0857868587368
751.9384149332245
904.9321281632815
517.8715342400005
849.8853282423253
298.74192707571433
951.7843951486428
637.3560118049215
758.260827938901
336.3344696968668
850.5827342595302
1010.8910898671999
700.6903513515952
69.71774447132668
312.87214128539176
421.9213727920127
391.3176828215775
926.2328772844522
572.5932532846434
110.90475999094281
178.9703627990291
376.9778770621441
997.9452780091925
661.7367311025291
264.20964773266485
498.1397638856512
168.85389517679994
1002.7426123788019
856.009432732415
417.0678452593751
418.90104985969185
860.6739546530861
427.8297987021598
850.3437766059391
795.1054966023503
77.53879486638357
810.0719729601961
485.7233873270052
690.0545167862025
543.982954616602
576.2429715366093
747.9806482630329
971.1935498012025
978.0786168461622
557.2112271632813
465.8793792279571
517.509577670833
504.43498217119145
951.0114870007899
610.0943578517334
959.4488342398711
767.7160728590578
576.0598763061838
590.1238985397185
118.46328145361178
854.5176141308382
610.4900959165109
173.25767727700406
257.7977393370844
550.9230326956116
245.91481939730068
494.44114310552936
407.14880668848457
490.93350914539724
521.4320011864208
553.0213396986459
278.81248065661305
282.4673578013178
202.03919753313153
645.067141878565
206.1963556130263
616.4952232703123
379.3392464431737
542.7264581149307
362.34847838312294
91.58429519505785
598.0619107270604
557.2103591902477
761.6349952101743
233.83827568142726
334.0983135945478
387.3842710071003
879.3931854575405
249.35470881915
850.8539898562262
930.9936922640846
816.8977641288432
389.6571031807333
976.6689191196908
389.5098049041969
234.16296712277165
818.6897743202273
996.686242078375
606.005802060223
1007.128537496982
953.9049148031227
481.75171168935265
728.891330098601
988.5888671148991
1009.2616585748492
804.3814863924654
67.5317424953812
467.34651976777195
667.6758987802287
807.071177348324
975.5190736635591
721.2738750838689
390.60090039785416
354.7963024298185
426.8937567274106
688.1785316866878
538.1789070348764
855.904323829323
811.3510980727447
670.3301146577332
900.0770409180142
693.5167113675034
685.3977108692025
848.1879699835716
872.528068451579
972.6222147587689
887.9987085814965
752.4652480512043
1012.769617747506
999.4976881221637
662.3855542516676
22.631114786114495
698.0411118235584
779.3376925934643
778.0757395010945
401.77199609074216
106.18262606455073
813.1175779959085
1017.7790274302635
921.9268089461971
884.9922837439999
407.2652084593341
729.9674439934884
263.41687829625096
817.4434605404477
96.008734668486
624.7837775136161
786.3088163318017
174.20587285715635
634.6661237112519
996.9248474512051
954.6607182251988
601.8982710175594
602.1423852003306
662.8808130355294
503.93815443630297
718.624988685101
830.5749362563473
977.9200076625971
617.641433388909
400.49407138784625
382.34250543464645
836.4797291965831
12.431216871413426
394.90456425441573
548.8054223472047
794.1236251044422
951.3836374235447
936.1198324178605
972.2681275063027
253.83246196557548
889.9686089908307
862.3578637204085
580.8820733482844
1014.2608843316822
763.2258395380175
631.5551734208866
772.0326442090179
340.30973094960575
528.680441417513
706.3771733178592
465.560373270118
41.58754943835095
563.895652813253
210.22490448263
676.4010456965879
570.9901205425283
408.58479088444665
445.05807490277516
979.9357442418001
501.5442080549233
956.25509067912
795.3157123989973
1008.3898652706135
832.7378375565083
221.74737816101901
1013.9014018474143
476.87122114594774
0.9345382135833233
439.71205085472184
235.3797149770944
999.4659458424355
836.9885944707979
537.1590816394673
395.6666514863624
700.4041435252057
468.61611899991794
881.9884286959173
94.8337248873604
954.5686182416684
244.0644498113835
851.2215669683432
955.3316491928313
652.099234845989
580.1654961374336
802.5011108647527
758.1309072153351
144.64579279632926
99.59251681310673
978.5477021616181
169.68732827311635
768.7366314964363
914.6174920959327
849.3034081931036
894.9689797834768
614.9993652121733
665.5664324254292
481.8931587923603
771.826065558714
840.5966582145354
956.6725088411428
505.40654727556273
649.508408993302
324.0237444702608
630.9512604158099
776.8795420443602
533.1774828536378
770.8864364927035
799.7005269716798
854.585598231811
746.2916401092376
735.8538928322904
827.4015573232386
561.8417168384785
680.1121712710999
1019.9142989208016
525.3580861356929
483.34637386258294
812.9082236791991
440.99904117141125
161.6881041288467
681.2221858145869
557.9741063424681
859.1371303868398
994.572987927353
868.1047786135217
838.9033538657224
786.6502940810946
583.5207444384152
635.7463178622411
859.6351419804946
627.0840766832011
929.7096130890188
439.7908964568484
917.8590696728985
637.2106861453892
602.0086723132897
310.1011612772993
913.9394413798334
828.9100201443505
827.7886004406632
618.2362736469333
970.036268977675
990.9600349316319
700.0139092896343
320.54845896051495
887.0799421275269
602.3012915904836
146.09670760252834
79.88988256068671
45.04526107208517
492.3338034839094
998.6413867231469
878.1115050415274
866.9420471152047
825.8101185846623
942.6236826948898
728.9829494480159
627.8582904420263
631.0156435152223
831.3741781193029
872.2283879670817
643.0091117501902
323.79435545184094
713.1568840717557
350.27930567444923
607.9433140066889
946.9233257391749
379.3839687986326
982.5961898331446
717.9207708309241
520.6913720529076
293.96593818686483
826.726975894031
839.813477618316
460.1966957929817
466.26957695268516
558.2743733651322
415.891097694883
997.7691895415127
512.5279152865824
