27.311848244297494
57.855623837156514
45.89535095736193
27.711390629990227
41.42044036261462
56.863449741428354
59.01478186732146
31.572418932159287
48.787649831143156
39.90405342853576
43.63927033008038
34.821491711112856
54.812422260044684
52.123735533804954
51.16476730692452
18.027809914566433
5.401963485542794
28.992845073727473
38.63913708921969
57.40850594475171
26.339370291614607
45.81673238278814
5.072948844842081
18.414894876697012
11.579633674466201
47.59056063422086
28.85804681936174
61.91603918902581
19.08220844928467
23.779706032263583
45.56109911859184
15.952283640202168
50.78664568170309
57.36358923972742
35.90123833516114
39.431062633593456
39.365788247077404
43.20294535875159
37.36508641795617
46.01123294475312
43.00717517187472
45.29833628726391
2.9118807512468052
62.32078099777276
62.635164254507394
56.35086292484428
5.586864810402943
45.002036274167224
13.890721898671096
45.2716977513402
50.64559792180151
5.9547361352284796
59.14758396967589
61.40241867694402
41.85190051620431
62.555156220217306
26.096841455620407
46.56481180543214
30.87245835960433
49.240206192267564
56.87498915538199
24.580995811600836
38.55002299022172
20.771069622892384
54.62677260161924
40.77671629239244
10.383409591661248
30.292784035929515
62.26810059044422
61.25870657818473
59.40190851894843
4.598988491951914
8.536125776792389
62.156676354174294
37.796868671492945
27.440589057289657
44.98979332730919
30.787841663212113
39.592780012456146
43.79881944875315
57.292120959559114
35.325071317812466
22.55574652048859
53.84961581365985
52.60737287327995
29.167024433952655
51.20564111195049
36.62482401673711
46.887489068042115
50.485438720524115
19.82953023508454
46.6445396438188
7.982502041571024
47.81112411394678
57.957608448926884
24.917327614545883
9.458815779608038
40.424249255677736
40.85121266284525
32.992016129076575
36.22636123629678
18.744219816095587
8.928531769933414
48.68176950201731
60.81664200939886
29.137250090370244
63.7484657250223
52.44839410686093
56.95971059878131
53.96474148021541
7.528403967570419
32.772636236301956
62.206385682047376
23.504205442149903
61.63605879780421
4.688884946678883
27.28581621388846
48.554775789345214
54.27195105946217
50.19158193716463
26.459164516302195
33.06985192489131
35.01683129900758
31.28266098166155
42.850765853624985
13.909866114554603
8.470797556821132
8.04481576252607
41.687934271583536
27.741509510886914
60.29987259103903
59.58725604054749
55.450448796464386
37.230712300960676
29.617846550154177
42.25053024901837
51.256680394904265
48.221926026537695
63.21382726433717
46.34898803836872
45.152562901137685
47.65696827390661
62.87875682963399
33.19397547966698
13.622281908696849
43.18660857339985
31.604713241994503
56.9053651948242
47.776690061440235
31.419702237283822
61.86823166536794
48.107632529129425
24.78652710206648
12.286933500280554
63.72835904242568
0.847416963392277
57.9854593957248
53.76452793242021
52.91481817132535
45.746534296842896
60.23691465079462
45.7963375622287
28.55326300397536
43.6156107595169
25.23202956287855
45.99111958888356
17.055916892620544
3.7879005771513548
38.68216209901426
53.074015930941215
45.98444155238265
13.957537270166284
59.78176160146027
35.72685342114872
40.62111507435736
48.488585645524324
28.350271308001375
8.580877523532791
44.40707043827035
41.065029451685064
29.173191748684367
42.76200632793633
31.173939592347864
29.17546634607566
31.73344961742599
43.40723559771556
55.09587240426803
63.444623523859505
42.05858199743767
21.956266295786378
60.99033601793777
52.5233903087214
51.4416424223008
37.25988083248225
57.47905381587774
35.22502064024019
6.329978562952
40.62480692770736
51.687436302520254
19.124236995055313
50.40600683835294
19.65425580192386
24.369471416759673
62.72964120826358
30.613391642380833
25.43302543630184
63.38702555665221
39.866902966518396
41.65257753497286
58.89731917361898
34.56167013748069
59.067141731643694
49.18014265308591
50.387409907665244
60.57141471343932
52.990712945655446
56.31248512629196
54.97270766229249
6.028411938625922
47.23320978346264
54.33892118895318
63.92291828172418
24.09194017602743
55.86315375607592
9.83258102256417
15.401135979639974
14.97816516670455
60.0245739529368
59.54198246604074
32.65259902836945
24.288888292154688
25.200979317135854
52.10786342801637
42.689315295793406
34.1280215910943
55.235204121827614
63.293585463854996
33.97469948097379
46.13767423065571
61.69019061485206
34.83921773937516
57.59722906718422
2.7199448490814575
60.02621096396401
29.006312469790444
59.52241276029199
62.193867052775445
50.99702818469156
16.489319980472196
8.93020935678063
53.65489042775056
33.42649736171007
52.468848126356136
45.375045565676615
58.65605701354903
41.025669766365965
54.776345977578224
54.92399895041622
53.37617236564674
37.91159032997594
40.619611757107165
47.5452026157316
13.816604089137321
60.00658066694663
6.072793882112656
31.28787591724729
43.012075260798255
7.493859397474637
55.862337160080585
55.29817796788201
56.72634809466164
36.21418673425147
43.19541678520284
26.215301498420935
39.49473247351625
58.09788377833151
57.07216639726212
22.494700744824158
17.139881884677024
30.18746207914336
57.112292507216296
42.12281006513195
55.28493817266115
56.45743264808295
31.586364289880045
47.03279201653359
23.564689218202602
15.720897913847878
54.10045051908558
57.88630191077056
33.2069538951574
57.67569074967079
6.973176438440838
46.371038681620306
24.030590018586736
38.94675733805636
26.50463214026489
22.973767133398923
61.58135674604354
47.89276454527774
27.726307625234
55.73948294443948
56.16078770476119
55.25491656272278
35.312237234211864
34.27266939339114
48.682459403365065
44.95052606970232
46.44367589181893
31.74343955906005
9.503147498551833
46.943710205257155
39.75968391919732
50.758541579739486
42.231478894785425
49.61549638686402
25.0568889483836
38.67262753233506
16.96919657322548
23.449897537222633
56.0404890325259
15.93119900656675
42.052414190467005
19.069145873076558
9.776885675503962
32.161674671711815
38.26925807304254
49.449263778437725
17.302959672827313
37.91489031534995
11.48607805485112
44.29154730147464
34.557465017559835
34.3317056661635
30.521208978657675
16.97831078492804
57.29452307647447
37.67665296196239
20.094626796289866
63.45428923426535
15.443171461718919
53.72374143610894
60.698005560047356
58.445371897311695
41.21280892007883
56.01691175881286
41.655987013070785
38.42804288070323
55.318951797251664
23.496639945868104
2.8139820746980035
39.74185906033392
53.20526419844838
58.896041159808675
49.97407296759522
22.805226084683248
55.3060250800969
60.27611929998174
41.26086358620809
50.14781325491872
50.58271590969788
17.798565800680983
41.547939964962865
53.09203302007384
35.48477905540311
37.794082749044236
17.05865387719028
26.924017577069613
55.80747558328984
37.05899954189276
13.356421694674758
25.220452083043902
59.12920824590629
26.822705490935547
55.71231249592266
61.6999468353662
57.12971933294833
63.97491805096563
56.57643991860173
31.62479525265777
52.16109581213155
39.499306075725045
36.333620182000814
63.206280521815025
32.57397210367627
48.55225265956197
16.798119736172815
44.720480148314095
61.260360635048144
54.47654915955124
46.33962742571201
12.372598998610421
62.21775759613126
17.768219837432753
51.75306853036507
44.31017429353996
55.113353519171056
7.263127276652064
21.38633110438642
32.345555427182546
53.212587057728186
63.13372535037244
30.44616838674441
47.46569823497435
39.39056762231428
17.448725654594327
55.38682182723187
50.51975058967185
32.535220306288096
51.2775067852568
33.97849356958314
4.727960033142594
35.66437024978292
39.688100457379946
63.34363604440968
44.33606396270136
46.910787405317684
56.580343167497006
51.33862682983725
25.595137554806215
62.05905877045086
28.313520956894315
17.858490415059023
12.914454080183376
46.064124697404296
52.68003372023898
0.9946634463025745
27.12287144967408
60.232538939954175
60.61482029003053
26.715524954639044
61.723310253334745
43.62240929436246
28.82588717252024
32.19491763331568
11.047082082762117
39.91329264692746
21.533131420351474
58.720391517898655
16.4770667321893
47.94363322600368
39.01584853106381
61.87761912872989
45.55979631154318
34.01302194051073
42.723375641160104
19.85991715110901
43.67072426938163
52.08912144936549
42.209190562514515
30.307099255144664
7.577958649752588
33.13338749850152
8.159947396887993
47.74143513727284
35.007378378022864
24.78319464937764
63.113182911078674
43.14417141030576
33.41671784306183
16.687625888019333
6.5540604440678365
40.52741757525828
51.06880516911066
58.73700452598861
42.24867312882023
24.016347958610005
59.21920567525065
57.73568905944491
31.46106117945324
40.688569964991174
27.274361652231505
51.687126484373906
23.734754598648763
43.26835076498812
54.95095739763347
51.28072631949152
59.77526278541491
43.654611549867894
53.1350023749027
59.8059483382764
60.9413537464514
45.06327021645642
43.87374402444747
63.99495031247129
15.225329578959204
26.91494169511885
21.927152748821662
31.208592048551132
11.226058706548379
43.98523790173942
31.575393813899687
23.86128096659842
44.79912997892458
27.616284552158675
62.01314988644794
36.79851034256108
57.796762706071654
37.50926948412269
53.98629870990905
34.917165947616425
47.3584911408973
42.5990635652729
36.20322873829142
56.12293413588409
51.99639613730993
61.2904802442491
55.82885850174526
43.2951180735147
59.155287932841375
42.184441035932544
40.641015694600966
5.421398630223749
33.6160556392765
60.78730536426595
63.00167081479631
1.8423519176427092
38.294590090559325
45.232527645748675
52.94053392251534
35.110855212434075
6.463099746092993
38.7604297741095
6.740465494460786
61.71227834837065
30.021102239907627
61.731607033079975
1.7556883132536782
43.226249723074716
35.286722020959864
43.75329961454329
61.286666439912324
60.161713798899605
60.81930282891359
12.0411997626492
33.95512244927265
50.797368889240886
41.25177660129155
34.78518648213019
28.76678315663817
60.89517597597307
62.31277629579678
55.22831722988199
24.52813194308876
48.7773850368005
43.73279164322881
29.972645134958313
25.897788847849036
7.5842342267813265
15.220469610993227
49.07320412204082
18.561846068357674
53.60106446569847
9.436659765711383
16.37699286574781
61.88012297750048
28.427441788838472
22.611033340870733
18.64823616752662
48.01576696062383
47.915335735250835
42.33349971266772
9.996658630282823
32.73308208699771
52.09493395444048
8.523510052767705
56.68845204140782
34.14645769764654
60.20288098646932
36.32158330667153
55.46750582236291
5.3436753319236985
56.74197791842371
31.157864676093034
50.201998677496974
20.669375539865122
47.144933007162486
39.23760624853712
29.15878407991903
2.5396220049620837
54.20300358088776
35.098321316617245
9.399174380442105
54.825210003055204
39.93800887450037
17.276816055500063
57.21182059271541
24.08333273327643
39.652611603856705
0.7411415608670566
49.86141959053205
44.669532882648355
46.728946006117724
17.63835515851875
55.63852722312244
10.923902630780631
25.410514746718235
35.88418658053414
45.805525228557556
46.023729768834755
62.109139748927255
32.30939991154619
46.70101387298
42.74004775344385
54.09270559432734
8.758668824394121
33.576109611626535
41.140680772007194
57.05560336111451
59.71352681762201
55.020169225564494
51.95363258360588
30.02861682848902
62.17163501620097
48.54280200429598
50.69350026839434
43.417550176014
42.25752655534974
24.795496663945208
33.19900317212098
11.967349743018694
60.70610081097781
54.89607614200131
29.284401498523202
13.36969353409502
18.963698353902444
61.07796320654019
61.04806291117522
61.91663493103448
2.5432433883629244
50.93635148465495
50.637064540751844
35.256791175243606
35.048438572192254
46.75715337035973
53.53773343058577
27.845928763685706
53.93681272542461
57.524339915036535
51.5366979235353
39.840145139045305
18.591660671628176
26.21573247724421
9.080024195102858
56.20295499291962
38.982713518500276
53.31476592431939
63.96533201176008
59.7395647621144
23.454593487623647
38.574332293390356
37.311528756249174
56.902026506676094
50.11407810061503
17.99577696581185
54.25727687595308
49.45636481841257
21.971786469026995
39.59175130989756
56.60412434552689
22.70601342974519
4.938399685514874
40.85340516105123
56.03187695942886
7.797211325371016
13.175914841314146
23.00179035415416
2.697360620411736
53.20568098511281
41.32445390002141
57.74811618193024
57.29528437097659
63.3181814528713
50.8941049113934
48.16468569935838
45.75535348789762
11.120234350913698
31.8485642746434
36.41171779121012
45.898372513446965
52.82679509660859
52.78826724616667
29.66268014014819
46.09743912748297
17.663420032769842
41.00147890610063
60.9396471068212
43.38163460937014
50.62176455147432
40.057640467764955
31.800941986119895
56.168406466990035
19.235723447083615
36.33516173178784
5.28089335933516
44.982943320094506
10.397467982315511
38.97300921404924
50.84998169091779
34.19153651546853
54.44379869615459
7.894921231089228
31.193450265428815
52.09834955314649
10.503613177252127
55.65425824166334
18.285843440655903
61.48121592837134
27.774036103420606
44.97828742268483
33.37324235961424
35.76600509525554
44.79963804000417
37.21924450532209
61.58016680327483
46.387730989203455
26.247189507668544
16.127004617771426
49.00499067845989
44.883790705529236
51.49119841677554
33.22161741631988
47.18155151034806
51.47270601816705
53.28207692797075
20.069623905115705
24.667192525227264
50.677499680996235
58.52101203256442
3.8745011734654966
39.981560964713836
35.21140459406885
41.28860463644
36.317096872564456
63.080127268253044
37.05776908076286
8.757947830914084
62.14113403969486
61.08924577671458
20.900428604048287
53.573628263768974
62.09390641334948
57.407058926059
35.563324120330144
35.68144745368487
43.41908841206774
61.78849414864473
36.91123218017863
10.762505574127353
57.468789449590176
58.65064508462983
59.235784467695275
23.18756558323762
58.73942960072427
56.87870715190391
59.63441535882092
33.009066237220736
39.20991207436043
43.11179660222629
55.55855789381767
10.445199788450225
33.98942433510242
55.53414728613099
47.43523842447765
39.61821853154878
38.4556636360767
51.65228300190139
53.29049984861472
9.357059946251148
61.2007613766954
52.91672680811217
56.78942753304153
20.79998418475303
59.3253563157816
43.244076940281786
40.189475637841646
55.858312675646935
50.977479197308575
36.08852209706599
44.37395152600105
18.48028833112601
63.184420175877904
62.379156213731875
13.735353806090394
43.531053335343834
17.04585365361563
23.352487670571506
54.85195940132424
45.802911424393415
33.292295949327475
49.070282653840685
46.26758127822377
21.220207774560876
40.1455949910783
21.136217143642455
27.408148516065232
51.50329766434582
30.928729736443252
12.291572982137765
50.098802448339136
30.467383607698302
44.17162488314405
34.57270138572585
25.03547707377308
6.763702425430857
43.199745962629436
26.719029503342092
54.960482241202364
36.28102395531995
27.4578748296298
49.80358656641272
58.908147168999434
29.253704169234517
35.34942118960748
36.738850816273775
39.11220877058207
58.1457425819785
57.282767823214584
41.73761532960063
40.86561347733519
17.22489152171905
45.72446196372529
26.755255403439747
45.4761263913619
31.756765580267597
57.737010949543915
41.052328586182064
58.122048989913814
42.319518741648025
41.46922386084371
52.17965417851975
62.51773786063879
2.365211620132982
36.70113909345288
56.6261378152268
63.89512896993849
56.744500874343736
23.652015934910217
58.725960389244534
15.96263728180768
49.71099899549638
54.675679180337724
11.011220887186397
55.74291417961192
58.09589588833119
60.838450887514
61.74571364089513
37.9645340385849
14.343889185752047
41.96695730191597
19.49413704614816
61.67019727413135
44.50814638120744
41.80275779465739
34.28678179578404
33.288481640101345
5.261538981741204
19.36683510674486
54.66590622144871
37.63767249328062
42.58600154615222
17.87083734575804
45.23607958360382
51.03867326948726
20.50276342040219
62.47800720207074
46.62650896741714
45.693443881418375
25.023391432462645
40.89776663498951
37.521637314523616
17.994586329840224
26.750491025769286
62.92751989095071
55.39723485307712
45.89908808182621
51.632408435685946
26.319826479963538
37.864953752619996
51.10223493551502
47.48370959317252
39.06871391849022
63.26831055142237
14.856251485077365
20.30001178372151
60.57120261386449
17.93330980612938
56.363342216536026
4.772829996565932
5.40331878393318
38.42596807146407
38.129068522046985
26.556543032017863
13.747442907773689
55.9543043037647
63.90164917926056
25.542334607408968
48.881587256984474
25.60024590956108
18.575407314925215
36.86622717132853
63.86116382542855
60.10768862893754
43.50102797526492
54.808942059449656
39.56659385798931
21.351933910718486
33.1235010479599
45.90810815272786
53.278875519887926
50.13708135505728
28.256602067543646
59.58479236572159
59.75401396846464
47.61984428786354
13.027474252076622
33.23904156299058
43.038841406400195
38.22571527237682
54.87088993305031
49.972169037513915
23.8511486995981
43.24987530908491
45.62712832128352
53.01031432561782
22.67256481832562
51.99219087043869
39.09499644863769
9.580599396935504
52.85473993465169
59.98032959751245
57.89760126439105
45.04142226160251
21.661331589911505
45.26319504874306
23.01949249363406
61.62008202830757
41.15216310867382
39.58588134351143
46.733560110725286
58.74480665101624
40.22240101433255
50.11446604727144
45.531105060221776
28.943531818591502
8.86758142253121
57.48286506218774
55.9398417863582
8.748019655087631
55.30078867458129
56.06494773669332
14.376711711504193
20.49490824593058
40.53381069456832
33.948289693430645
52.3170989445545
8.247488502360348
32.718168471045324
46.71761566397521
21.482281361776664
8.425064976308988
35.468025028956724
53.58909183240416
51.15838114775438
32.75777049927156
41.61337025389729
17.542473086316313
46.15246183774874
60.219360585179565
21.744959047794723
41.61388626390516
24.805676078718697
50.37330955003063
35.66085948695755
45.50872978721823
42.899481421986096
63.53687627848677
50.565958081241085
26.648165578661555
53.82506437649734
9.405194537422851
3.8493535467500095
11.513226771579248
36.01607855471099
37.17256948613889
63.4054146035552
57.70277179408171
46.19466859742391
47.63733526267947
45.93990018028681
37.89395841423395
53.72650157482918
21.94910784177074
55.07754037973742
30.652217816785523
15.354184840577688
63.86508837256068
61.04824840203116
41.14691869483063
27.761977124757124
46.316872885205996
35.84527589979186
27.286458822647305
46.868821768116696
34.01866320925917
32.46706317682384
55.68929464010367
59.41538051353383
51.01594781436648
31.852252663466324
13.772964155667374
26.506491402286315
55.97418493420948
44.800162744127284
37.848132931805864
27.16227020662052
3.98840511883202
60.870957230977375
50.96634829503348
59.21467847028937
62.70270781969616
59.6936301300688
37.59835366162594
4.9229865578624725
62.25706454142171
32.43025329100787
56.6722839117375
42.811081753187196
51.19560108105503
2.8371953131011054
22.866381946045458
32.45364197970879
58.466880023108224
57.561516867091086
5.495439775966908
63.08998195031601
54.81909223713954
16.834650835882968
51.06213701216921
49.45783637198634
57.08642733526734
16.768970054152433
14.919261180635282
53.25610612004348
23.841298207613555
19.800450909132408
37.4227678294026
28.394307226256302
63.71810661076568
31.080739034218126
28.4853724340782
26.38533693069467
13.913899936183782
58.96443757121785
19.339307575709746
54.362189415179635
40.67842195645531
48.49595812883958
6.469206885514282
58.25444673306164
54.08433860229076
55.5793817310435
23.72945375862092
53.47842681907534
29.42100253830278
24.381488245320206
59.30577246560933
20.948746772477733
53.07180029719649
20.78241634085962
58.6456736259014
53.78740004091694
11.319050814973387
11.27221157001577
52.14798133859811
48.69883106150725
12.908806796211366
45.44036225551731
55.55474246499609
63.58839686960782
49.05167666348066
40.422718887651314
19.596101586107956
46.97237264516116
14.70350723006296
58.150303325824176
40.523066003544116
47.86628846242732
58.903050372732274
47.29289965911012
13.643758451585128
18.199215900688365
40.15473645054584
54.95048656347221
62.728589007693884
61.66524968035342
30.763711155872045
7.886819581520612
60.212701249259894
1.2249933618509417
55.683802119966785
13.419962214534294
63.87565751638805
61.43823805795319
27.027499114739605
5.179268725740997
54.55868696511237
48.04773333063804
53.9230248830536
50.35568491745477
50.46129560819069
59.92653722531263
34.81374638535933
11.16863639957996
45.09288484723193
62.30515696009902
7.707783718159931
61.61541821611208
56.910426105060644
43.81404117962964
57.72299144261646
60.948812662314914
56.38908673240856
56.867678443004394
47.617519832143806
33.37666852835662
55.28677471882867
39.91763914853799
54.35014638731988
16.21283672247482
30.306727175575517
5.248996345786537
36.210398378870906
44.4185551754464
19.87888576226593
54.9604628808406
19.545903539072242
53.6397591332793
31.628870728910286
62.619144666129806
52.79626964532547
11.201008429919135
39.015809238128256
31.27096617888948
63.67222477807814
37.537515070812105
10.446921290945475
27.9412700920213
2.40946906637528
51.891412043580374
37.26737248383242
54.169927380736986
41.600403349175
21.184482679979446
40.906357083776555
60.83410793853759
57.648487947737635
11.522449690883157
31.48355412598311
58.09426460331428
48.48778348552059
47.36774105762521
37.988602286643115
35.9717393092556
44.98310212285244
62.67451708700308
39.052967167583446
49.597200698661794
30.43601102081341
21.51488902246966
55.01070618250502
53.73537220409012
39.12375015205647
20.476230664336207
51.863551703057965
36.74542759235379
54.163314916491764
41.318047652138766
29.14700326246978
52.498084793282246
32.150183994652565
44.913291167321155
45.874989554676446
40.064542906403815
59.18461987425131
32.23174166990853
51.48831975265898
49.08291050335295
53.9350748860404
58.541845060183746
30.865933572278202
55.38564993975994
62.55992858208611
43.7783091578724
22.173247645083507
55.67339510957427
40.40287377234455
19.533573103584445
37.1013837927852
33.05398944216404
57.71264625972915
45.25644738750423
23.733473843955117
25.449256137728796
18.70786071949638
26.51179870006814
40.883387886437774
57.50732986317263
28.927994673129156
53.00483975519981
42.186128857271925
40.480415346759614
52.877337924310126
26.794812519717652
48.5512478520161
45.506357447562195
27.479720279448088
32.049325803308435
13.453078689952676
27.1335559720044
21.700594926130655
41.15504862715851
25.033701383588408
37.36076597457527
61.85643308782686
8.248931018963106
1.2243812332769082
36.37818191044146
13.770210412784635
41.28793679001986
40.130196508844655
46.72659524142094
51.698869957674546
59.696784477429055
58.27659660317822
16.2268516630386
9.693468213727925
27.244134037587884
55.49604724508666
22.98581184386542
46.9378221299132
57.732634441058984
59.48517353572883
31.37766191428439
50.821080891785265
42.938981768728716
30.744463906159794
50.41477242861707
39.91972830317693
53.04850772835643
62.116920765871846
49.05544862116912
63.09113103083193
44.62009373292514
29.99623906614022
27.25309175903113
53.02803132198878
13.242933498956234
20.908010859685824
56.70594594013573
52.15031428423173
39.121660827699664
39.3349936111163
62.59654559927356
23.65505242519439
46.76864191965706
27.04649619401758
37.00225559743862
46.76285969326753
52.05888513017022
14.993533377896398
63.28687267478228
61.9725273094057
55.98715576249559
22.42499754619427
55.732583947752794
38.88124819484942
43.31091764093784
62.42478490799627
63.68616144030855
21.711526654110756
44.11027110118712
22.682574535389485
39.31369613243929
49.10755134303507
11.915587262764433
39.78052928997491
42.80855809992488
4.030422767095445
33.98178010211165
30.691264723770153
52.42213653439667
15.134949201030132
37.39152056630873
43.92138183249895
24.930927101544064
6.327739339017988
48.562754332673926
61.680232484640015
51.82491275824948
31.16827092977455
41.03571134322955
37.554109385506585
36.88010731687217
16.859854419539715
29.715341652238457
49.18672522423093
14.210471350159324
34.232396943239536
25.851793803571923
58.22056344168309
3.963820222977809
14.3043288985942
49.755690085769075
50.10235709893121
17.55111092790542
56.68972937886953
62.031854790592284
37.19220775344262
40.501929813137025
61.63448470094407
61.44896832911441
33.52804359141563
59.25732315647723
61.70007306448993
41.0886437372132
18.96699940862014
22.63919449056381
40.360685757380196
60.56357467477061
48.949233766091595
4.905602676167348
38.87834144703656
29.564415878858824
37.04869514881074
52.98959297227292
44.775296823684855
44.415195773049774
42.22910716464011
44.1326641979905
41.039336022877876
44.4656490762479
41.63614846684597
57.253371757680384
23.240318095785298
36.615098415227386
60.6179713637898
51.087160701812394
56.807932845227235
14.219352530514335
58.477153661323015
47.50291795835822
36.20413542897371
61.471634664086785
14.158225359390869
54.049788846704864
27.03092299371965
15.897831654774535
3.432386614426143
63.06137818103961
36.316973055680194
18.49639818396573
55.84536061320107
29.499585143902166
53.97269310781089
26.79741949838767
59.313061722915954
32.82971593860709
46.10116376984657
39.796370991355815
53.35812973321505
55.390382062395645
58.26876193503457
36.43456836312464
53.15165596439637
36.461593499222886
54.25744584807788
30.82454526168855
54.963548705715404
56.735409966924806
19.80746693618346
60.53997543248897
30.726364208694015
1.6885476159643247
43.36832349876165
55.14777567685445
49.99876111675219
55.20990650869108
30.043043973724245
61.723197272983874
62.29299718750944
26.912982897602525
61.46374509972591
54.14036745004541
40.89235335710791
55.96899323494336
0.7175168839659136
63.64956959664768
8.159496637828653
29.08294551681847
46.4753797962067
47.81569661678332
62.63513304650395
3.482333040413387
29.260325084155674
54.615254602470415
41.26542148217044
56.06450892845881
59.54340552105048
30.641792197673873
23.1065934133591
21.000928637000044
44.184422080842026
54.79507690955662
63.70788399291833
17.054621292582333
22.93992863174229
38.76519751158949
49.578524002265056
44.43416548649263
11.589882869149434
53.13418069159439
56.4419153141546
26.840106352780502
20.94314927702949
47.56237071126551
25.365701309373925
43.233472993837154
27.867614834073642
21.426440177004594
16.19409594596201
32.187079613095946
51.36764370079582
61.37896084374208
59.85617458264268
4.466472901597427
22.425749221265477
43.85730520333115
49.65702213550109
33.68164433482352
23.66181257775331
59.26126355658304
37.805388886168174
47.89806392314833
36.85831143906384
11.221942357756426
48.38666160965865
31.77589244422734
40.00013638240108
47.51217841489017
24.332789205531704
61.42056004961148
31.624311354009016
15.26506600761001
46.702953493851254
52.551652212677496
50.6191140329474
35.55121467364651
35.67294074090236
61.04777825750265
14.665468260809256
62.53829967116285
43.2206121423978
54.105259455252316
57.734811733332826
60.90023271058841
50.50082144624631
26.87163089610521
60.332019328593915
61.10883772419506
37.720806521203585
62.75781463125305
23.27447355979706
61.25391708014591
48.9838426921372
55.729977262454405
15.361818850961178
6.7379703982494945
35.5798459806902
57.61796577863941
47.44893164851346
32.383427145497265
50.247576714950384
62.88167090539649
32.2733876716008
53.339163913712035
34.6646873809225
3.042832286149455
57.386833561340026
16.554001659093785
13.779987973959479
38.76786730555258
63.395564776228056
22.605115187934658
29.74207343518907
40.717520489341474
18.194249592001157
63.21721487856163
63.03537851618878
48.314798732201254
31.38887817698876
40.39598703256375
63.07202800469834
49.05229815127138
30.126141581433167
30.65939212658239
51.89057771466416
16.523658796694434
48.509185281525134
28.528650905516415
55.819221415699005
35.317588650432654
19.463984683724128
24.853309840105197
63.74108651036242
10.342224524332345
41.59756592103035
59.501884366018075
28.43892078687024
30.737164736249895
29.476257763386506
45.43451783641328
10.898400485420673
58.700462959872354
48.06956134236373
42.716269449221
63.32877471333217
34.429019093481266
63.282848193588684
20.397069422571754
52.38748974224275
47.69897926451287
49.62467532067588
11.00342943533387
51.48864611310995
18.589358530445672
49.19044778141949
22.69952652116747
48.828942037741214
14.47979132620437
48.803491048836044
36.86206268762241
18.774567343773413
56.86097453448966
43.18280617256672
3.0506517192077354
47.710918511622666
40.14166769006555
9.238118612048716
41.73021167767868
36.88084516640652
15.63281373353928
2.399140730295642
40.90680280932487
50.62839104934103
44.98703642937625
62.61621297844256
33.97582753366066
22.755682439679852
12.310471427890725
18.057891322691084
23.839103438477117
59.0602650283593
47.70166868946055
39.44380569053099
61.91606539774858
29.541777331665983
52.81426417073945
35.7909119476498
50.26793841962872
26.930513230399967
52.1359292931041
26.00609336493435
19.67993282883627
59.56214371331077
39.20995374643908
61.67685721620619
8.897692587890006
28.369963119565817
30.58737331585305
61.23564525373245
54.54963710778679
53.57165219683165
24.659748816644786
49.47559105048925
32.745923370721854
57.11146837190332
54.30875051522051
38.31854374391611
46.99800233461565
61.343072773982
46.49238422169154
43.309995053951376
45.102799861742994
19.342204868888587
62.45536972375684
49.46729580162525
24.26218241900714
49.622481441340895
59.152449581868055
50.47301256681659
36.62868912137769
59.37032977509826
37.28532755189349
29.642854057866792
38.05302492848684
29.58712999308795
42.95579473394289
6.873925571508451
15.637528879921831
41.28872070181228
52.33641577018521
42.24741381280564
41.58415485152692
55.23903367997912
56.017906918890404
16.89457720246365
46.567501395250844
25.639912821849045
36.6637190330243
40.82848340926894
58.78025614757562
63.08468043276668
58.418523091059186
51.03235267334847
48.03420407052324
39.49059787370755
43.93270422800375
51.825943522430144
59.45726172499177
32.11024202828115
36.40505051646521
46.606117911331346
33.89044982935509
33.45356457086997
22.064423277048213
34.64296514857736
24.865655080141806
56.146731444743736
61.7202887246257
58.25066712763645
48.96325456538808
62.9362966457296
31.21614735151649
39.06683403217231
38.609112729072436
53.183351630092176
54.32029670351176
48.221624800660386
51.946956213309846
54.34844061609381
51.07910718512928
41.580819826234695
52.17524815420651
61.76352178418302
41.570093503793714
32.240595995276195
26.151659625211877
45.552693564864526
2.969247647665064
19.783940674403667
39.484200430217655
17.506333305585272
16.115210483694433
57.18442046237082
46.277968235052285
42.84157067036847
47.64226308364555
39.883079771073334
50.45214625343125
60.734376118160995
7.050575323698332
40.76091434046246
49.69182146241214
49.96946083183851
50.041603940487725
15.06224682494814
8.093765867893879
51.519802902607246
37.327281085300555
28.82227217147674
15.493252127178316
1.4247805825729714
26.404449251051332
19.794631075004148
63.89715301944066
45.20327726075875
4.944050375111921
23.561654945815206
21.539189079393374
48.98811374721866
58.597106946757975
10.720087762165832
60.80108883425197
47.22420613777426
28.503267274928973
38.1426793628586
35.186837797331854
62.22418896534939
34.53000982294735
55.34006109149315
31.579461245081184
12.856785201727824
63.938696533353685
4.662827159039352
63.50463735288322
14.154006610970313
44.86040139469004
9.215735619176698
51.00603959295145
56.60349987699202
51.664308987862555
59.40905269552724
59.1654497226197
16.711431830739926
63.225100416214396
29.49816157200491
49.54910977175713
22.362185087510326
48.37431479809837
30.218080271740916
23.20465929527994
34.01410466858201
33.65761944431307
47.63963892515792
26.11413066527964
36.464266475552364
21.775257703036402
25.888000582926786
41.45394015299823
61.13202253870101
45.39674101323549
47.83258365152835
49.302011627168724
16.379119740993282
28.566240681401275
0.8849199906355096
32.4536386295448
47.79068769176157
31.919400715191642
18.038883600189862
29.872462840283077
40.67409359995561
51.18232033493018
44.58269672750973
63.37825637435011
21.28626428565712
29.267365510580284
61.74794384616346
51.675153685600534
17.371552902756974
35.90472912366886
26.029690467564414
54.47373272421174
27.907155193478566
38.69709702192631
34.81414783651329
63.2961799542654
54.8410697657302
52.360260257010005
29.916393874161557
22.63412475636872
41.1583928977397
57.955664821995306
50.570720869962834
40.31832301087701
46.78993247488836
61.996662709098885
30.69117862618333
61.003262915445916
52.269770592030184
3.4711527873003973
20.708579119363847
49.62833634451159
8.241725831786326
56.793848284997495
1.05231173704113
60.987176767413764
48.406246124725314
54.8130179374065
53.073851255670526
49.223215384886515
57.899880704768634
45.943144880360606
45.18781926508305
35.66949527448751
9.033684897163475
63.62167992174893
36.82292522961926
35.216599004162326
56.35814450330573
34.50303143502677
44.78111491989875
58.88410684925155
4.4297763048802565
51.33000713454693
55.11897206361853
21.468092955156486
59.09204213952348
40.43939012071143
36.02140695771706
31.049046156640586
61.51281855027566
28.80256771646161
51.735557666340696
63.17144738446968
48.571418111753424
58.55396844768513
36.26221868684328
16.122130983407473
44.72349083083714
44.16630324164355
45.76113981961528
48.57941376433921
48.14093913240763
2.295299126007869
60.010730425792545
34.482358619922906
60.801686226709556
54.071993754995276
49.18239450567127
17.31450979764275
62.863596989689036
58.55123283755069
30.80006571742461
55.318207335467434
44.13379881039616
53.71347056354081
36.29553889327632
28.593771603889792
56.39722895781505
49.67998092357897
35.58021214525576
20.287709364344813
9.84452520226899
54.15792459374245
17.21780299663886
57.85140822117204
28.955933768979186
37.24038612710123
44.318605632479674
56.50811826633412
40.994726157782694
62.34034266690298
28.704898795173797
56.32880750038026
29.2623811201939
63.769903060967685
30.56773157168182
31.553701130346376
21.515189917033865
21.574582637765232
44.52849799363507
15.152475753236033
37.30378584976381
39.39345921327239
41.22927136563628
44.008711385258415
37.14735197579735
59.5784570661411
49.667867334897515
45.30622017760969
46.73734736862279
56.395050756934126
38.20073157975725
56.517017579571004
25.505742458547957
48.10663550700011
39.653423019759884
61.89825845653945
57.479139508060534
46.577633527300776
38.31146251573524
35.18714305153635
46.07155870224808
39.68239967494086
46.396396302009535
35.5932309859793
62.35477493333637
46.3211745450041
7.456235470334221
45.9427208157082
43.677931457575454
55.027317073308566
17.83749935428773
45.72427504030316
56.87344673424911
51.16201404591189
57.370823441190026
38.680483139059376
4.835332223073664
60.9745131744326
61.56758862736018
42.276149803592524
29.256728505251537
56.01750512053252
51.78979518681143
41.77967872250366
41.13016042088703
61.620716289018794
49.63613708045108
55.03609911912172
41.10026194686402
6.967386780329797
63.336911744224516
63.81155963103503
61.983563463343536
49.37391527100852
13.674607969362071
23.630166376869077
32.91794332136824
30.21312418780863
39.15628913653793
45.66930172973742
29.827721535546893
21.910062414058352
19.320591769134296
38.04362084310722
38.1754932178225
58.22367316256374
37.19709939536497
52.346232095211306
26.815109664529118
61.12560751329938
46.351093887142184
53.002886931446476
48.31904882746902
3.475100025911189
37.320737775900966
36.54994093920236
0.13170522849991073
53.923769449685
12.42475496148758
36.3810762061662
61.779021487866345
28.100283105394247
44.51294416824173
1.8365017170541762
38.16871897637448
15.771743354894028
42.118610436336255
20.02096214310447
58.93119250763149
40.393746668507376
51.98367996247106
17.84302953311211
34.69030959825524
51.29776909126731
48.37008291633378
48.044144503400695
21.377055167176607
59.74938865425703
16.35119755019096
25.87118705182592
63.34616158689897
24.06035325651475
36.77815520207131
33.092888016629374
51.11562769691179
62.93887406335935
47.52673012465924
57.76337301174822
3.7927875289102317
60.54215003346347
46.485327343353916
10.752497465814692
60.42892421706924
8.753785307154843
31.495315198329898
21.96871474453897
48.9312280423845
30.792211987379204
30.901487065790384
47.88629000530099
10.772064168987143
11.747133577672983
39.990690070628204
60.88874066982681
36.305023125178124
60.88905680525042
49.51232463549037
60.98896499640291
12.529937754401871
59.54516429079557
61.367971383006264
41.06744689147347
32.516403242226524
38.36772964853897
55.57513241554623
38.09356879019495
21.58524013291194
38.817597122331364
45.1491173169546
42.11399970565721
62.5668303993112
4.876073680588291
26.65106866063362
4.765240820371069
26.082298879204174
21.58246765586263
35.0963138657533
38.99160691793365
47.1421574297405
2.730887479320657
12.948339442878272
35.43208014310586
12.5465261575293
53.77230725024484
51.41910039403182
49.72615178835112
60.37796713683144
56.292046825686896
49.89279712600724
19.638586776893305
55.95099292364986
63.014072618026006
58.36797748116586
44.97945028514882
46.287409404673866
52.992300040227974
35.60467370657515
46.34280462157251
41.81613786598165
37.30768689177508
24.8420445704488
40.49201176443052
42.71000645568664
53.17240978806978
42.106817378979365
62.43398806938522
30.47880559546182
44.546396635126186
4.447971680598258
28.779495516759646
33.813224837061355
41.989742687221636
43.82676805615041
29.214651989525812
62.90950652048847
39.96915194843291
17.871730366191976
18.912455403539475
43.30602632259765
55.05620839606702
42.542554023269766
57.682261158424886
41.01711888589696
58.13374609602755
42.76021505329835
63.01906754813977
49.73667067738177
58.50322979600304
51.85385834658574
55.15932844777023
25.293904577511668
54.2740805482157
13.811054858908506
26.95141336461743
43.96627000376052
33.621832385684016
54.689689713534904
46.13016683351991
48.17624293390623
53.88855421148322
5.921192959702481
29.117761491355175
54.42339164531105
51.868377327457814
50.60840986696016
53.44505134008378
26.394418378847178
58.66145415021194
57.23660520421771
26.845353296791743
41.83031298247218
44.76510019242721
49.5616140257217
54.51168876746335
58.564389355657845
49.28902157654871
38.53963783947181
38.91025847867032
28.504401627222393
54.912912434523825
15.200700018130632
21.55897260410231
21.15066947157697
34.045882877407024
39.41699511108743
27.458114170387233
48.77877081413475
30.968542201563757
27.059304018592783
50.91741851941313
47.82420627653694
58.74484546167764
42.06127144191316
42.277060526416335
13.009279017629368
60.62682086782213
32.190784866437546
35.15035614309605
26.098668474699465
53.53166004155445
55.43317710098373
57.036727015172694
63.75732253438826
34.89595058630715
55.36691241219335
39.16306453355484
26.430399682871716
63.44286225820825
26.636823991128793
25.810452308590015
62.37338474136255
51.10368236865888
51.51553295572727
54.60394295417514
9.389153538940434
11.255435332866043
45.22762370793997
30.749056431412356
42.11417423273699
13.904926462697496
12.470617214855338
37.58155359931551
29.9523929109517
16.875418361729032
54.72773798834854
32.42068552887863
55.970234477547464
31.22500379106453
50.951322589142016
55.952700137630906
36.84991260373501
48.838460496806384
39.671729324958164
8.477066642255224
15.31246445314364
35.99994337296327
29.7572310795182
13.077884672574264
49.47204511982079
62.83740430573579
46.04482775032564
29.92063569397932
39.49355443923264
26.947510345616735
37.0314743121978
32.06250182374953
44.92094062313099
34.83528400275502
28.578689206101032
24.114748333824977
52.40065527096447
62.341007845313314
39.844061432811614
7.47869805501638
49.127217051579386
29.329776542425172
