62.991100094110294
56.84309039210773
50.37463857874525
52.16472312452059
61.85457112311546
61.259331628968226
33.704067818124585
23.839500547298407
43.065761917382716
47.11618926991476
19.312915398362975
25.80877051268469
29.60381585060459
58.201576809252636
52.85078357654127
23.704537682658987
63.895369504206656
55.245797769963126
27.924610332222954
22.31703782690768
24.808019407107807
39.477403835192646
12.614295119038353
7.511363642884966
40.02467175171104
62.9856653012503
31.71505204897148
45.024800385454995
47.83516831080732
15.645351157338865
9.84414766925564
51.20940975266561
41.469126698810555
60.91568784743184
38.250305207107004
23.190699745107047
23.264446114652245
54.38963959036667
63.34064337692472
39.236247147031285
23.564233783022907
46.37488631045548
60.82187222889868
0.2066336069283068
53.428517724110975
59.032419871574035
5.801940351101074
38.02989758737864
59.93113369403466
38.7434064869595
0.7020530185389475
28.612155090595493
16.27157725347478
45.82689243343403
10.725988346956157
39.582460408422676
10.93062603459483
42.70122691877991
52.13443317170173
15.869162750027847
19.17805346902444
58.237687311235646
43.1723755241418
40.6524665986888
55.67738640664764
14.189174457831001
37.254418547889614
51.790063780919446
56.80296745502574
34.185496315841085
38.32145928286343
5.705773345522552
42.973886868075866
55.82552874352599
30.402678931995688
0.49402107587204824
25.03798284861376
50.023132835594176
52.01314436321512
18.621976193116424
59.1065417907409
7.903168575980295
49.090639192316246
23.512050358298723
43.89461317313065
56.05718171756673
37.39547728691288
58.91869431380022
46.85084060998291
29.99613417325964
54.26684607084671
55.87483884246772
62.879036991401314
13.972347333547056
44.1014169192152
44.60277526488973
46.09050890871744
23.318740308535155
35.90807654664262
45.66352622074397
35.69550920429133
37.603646329687336
61.78510033096364
59.883413865845235
62.53379010126965
26.68061032264024
18.102298965486845
55.79693714030756
35.4549690474191
48.399695047002325
41.461075711887254
25.774511666832986
38.78642211061593
47.36904504012794
7.874070770795932
16.982984333006435
4.60433672739628
39.087443338146386
22.319205864953297
62.8403600354306
12.508429016485707
25.294263105990282
12.494761623423628
9.961791760828646
60.7781672340225
53.36140926601198
49.27527460984182
41.07145883877994
54.69025213984244
6.3200995546173075
53.475626775281896
36.10511996601666
63.73844569577255
61.71320925190666
34.617665766192054
0.6096378529697688
63.996051581436916
57.23453271062961
63.88741853875672
18.326278070325188
27.858992353144302
53.32279268142315
62.52695015944348
49.25721606648064
23.36510930595066
32.868903511726174
44.63076949736019
27.718761112257283
15.62927929966331
33.420878538663175
60.163262958218766
58.2096657140721
1.3137371267186424
61.7330802893787
49.30693299133012
30.013826786187494
42.95821477171647
44.98590260300039
20.15654017968852
60.17705740623292
45.92149139575962
37.176857876573706
23.516129875386433
11.269315499836814
58.55955857195924
44.986102068934755
61.35672833167548
17.489709889435396
40.03634281336098
60.427301921163526
29.938192438195543
55.467261094147254
62.34178856753877
26.625657968217226
58.44555070361112
45.89623572215873
40.69545909308721
60.221011112472524
13.421641830778604
22.466812540318685
51.952252049070324
55.436839794446264
42.1982468692313
55.193434821840384
49.621660751817025
43.610411253763885
53.31517195466442
39.044347971227985
45.74999131529023
35.37249452430359
11.891489222966825
55.38194186241802
12.7041203128355
57.47921628154407
18.631921613459305
5.394982941872115
36.41335038389484
43.62440247715224
34.9417529014923
62.57015469630592
59.12744205722711
7.1218742072505705
37.205490542945036
45.6205525248897
12.156196277217717
32.98842831556775
52.352728550206294
13.229807825083775
29.114892284871523
52.42780427292352
47.24217639156858
53.360246984535166
40.42936988031559
29.745208766271467
56.092303717306734
56.04636561749976
29.58959612602144
62.78533392670854
8.474857555022062
24.12623762432934
37.325757156450656
28.35917020606714
47.1411262246148
46.0049255637027
62.04739957616483
20.78126530501121
12.363691517221078
21.485769245715197
27.248256599832366
43.5468848875202
62.34567774783303
56.80187945739929
50.82820370528799
47.481066873561566
59.52068681379589
58.57357813376002
25.87948962952664
24.581870931427183
63.105228169460396
63.54894225293147
18.12050338424998
62.5916326439027
63.195525791040076
44.33445166942748
56.524488589939416
31.460790228645074
52.18015264840045
13.41582009699053
22.341966824640473
52.21157622168273
35.90386054749841
37.861640099449055
36.228297432914346
52.762363014644095
47.34970344792826
34.825858762004046
37.84130195683185
8.470882127947718
19.98751069265154
43.83642187158346
55.44057507216178
51.782972856695636
11.888584311607538
49.97346801144495
48.88846695399131
48.93086497880966
44.305716771248676
54.1182247587071
32.76226651457246
17.893526382260127
60.47925445569
12.127248800094215
27.013894422065746
20.935840869416502
48.14210795457571
45.154787044469344
59.855567247795264
47.923832640693405
41.63483339877239
51.89910186321251
21.377950535263913
37.10794064331134
23.195046750288782
20.33970266191197
61.79227702579923
39.32481549110741
56.965613651699044
56.28604360816301
47.98283652066946
52.478583727172236
38.163032787175105
13.303226293320314
17.334549245726457
37.62546846170989
16.958569809660965
40.59230822068797
61.18199513937664
49.91509341885357
25.851872661570248
52.118851749116715
38.9798779571087
49.23080789526707
50.464741993914366
0.9623057044527172
57.956377846542864
54.5758751174354
23.076339690851263
47.04136407460258
59.83690536045424
22.69673763280167
56.91468159156518
26.521217264623196
25.964710944281393
39.167033655737214
45.158068166952354
59.83568943361669
33.79226506812317
63.035927295144795
23.855079500600198
44.65768652954165
52.196180604927655
22.72017305324534
25.650631151204024
30.80217497688347
23.02004774210309
34.910405873178235
59.1432823183156
7.105773127904648
59.99645659999292
24.35002723726484
16.959260631060282
27.698762604140363
21.893984802441608
50.334464059267134
51.211011741368814
24.775172183342924
59.90671676836281
48.5102497302909
10.310802515852572
31.33812369009985
34.752750255613165
48.84884534801074
53.558645727691975
57.905136236262976
56.33897717181803
47.37596650580653
26.232616176934584
36.83863803219195
6.8541825507203455
62.261822871008334
63.119717527193814
40.32702672420464
44.910969923045535
60.12681383578738
42.909590429806045
23.126610973579943
3.9497793472592164
62.91337485050049
59.17757108322533
53.774161327876854
47.73670530413757
43.01247541130996
62.66928622223473
49.7423915077691
54.587515429822915
43.834194655011046
6.073900162785421
49.82461914478539
34.84028648765816
62.60239550518848
24.48080875734999
56.708279087647256
12.125171271247638
17.676481984895524
61.068436256237675
52.43784083379962
23.623437395910827
6.368052167866274
54.25680575547392
44.48495746603514
63.19590643742733
40.10892263482032
43.51489697969945
59.146889251065545
23.57256774935246
36.95838681068152
38.04685506708305
22.27628699826971
62.857905864310794
47.167145842281904
60.75714922838085
42.14119515927885
58.13243362302708
39.53162515838735
59.492587121609816
39.38460849456242
56.003383551758425
47.55742309897482
22.049235327137893
28.359777905386693
32.427474244795626
51.859335561197746
44.209763534194266
13.52458224885028
46.83345035544579
20.39633817156306
54.46901612668156
53.22808370819097
54.508335745119886
31.572230055280286
12.740742179304846
57.946612395471604
22.670245130340433
50.85685601283163
60.51697603856222
51.62871473915611
60.454908862047944
24.594351864961105
30.395182306716926
39.352195842625754
28.531639025520654
29.112249003532348
4.326748734854895
35.10639141021248
53.540206053210326
15.587534365899693
62.718882372190436
8.928074730267845
35.629837369915464
2.6590406613451805
54.59417912841142
26.073114839702434
55.521867262486126
62.78449541256089
43.68177992823493
31.579712377559915
13.314320876015032
25.395324429108413
22.989555307018293
30.147981982832476
7.321191784083474
16.07268070449605
44.0636746023301
56.471332135163664
7.833875906891755
47.51053725936793
50.37394300889923
27.01270921071827
38.236140582788465
57.03427430877839
53.005758657913475
63.70028118061758
58.72926321842081
63.06715211252426
39.987435737190395
54.0180425448511
49.09845540661293
30.8434056464789
22.98928529260465
36.96407538499026
59.28599609260651
34.67909249303804
54.44880517413674
61.82519730863918
42.16363638865174
54.98024482413198
34.61842121001027
31.56920303692199
38.59809663332409
12.496857905656483
51.065104177685
56.212924158894246
21.11067131623713
27.146682570428062
62.81453803960084
54.96081528844054
48.77718768906818
16.082550620777454
59.98245773081342
19.573968165921215
23.851576318792638
58.64369222340941
20.91156516340657
51.29735088316012
53.75081074759492
27.444985404980237
25.455338407064545
27.12039073278269
54.38809186080993
8.90416506203993
57.18740634714776
51.21328106809313
16.78309694080555
42.61227423131376
50.38961936409219
57.5285057309876
42.4887386794703
39.486419192091475
54.644787881173265
4.33892749971789
62.68237192281213
39.510345710129805
56.170431348567924
45.775394256233184
56.08820554245987
9.587064448746077
50.510524204264954
25.234762514512248
9.391999254578018
46.10143394118525
55.758615960708944
23.461004809909028
7.523035199606014
60.49333892328332
33.16020312119042
16.97987710117659
33.45286227342812
4.228590250185199
33.15616195373828
35.47855705669055
37.881948861148146
54.84633377947299
44.65944353382034
51.629761780443744
42.95602883608663
52.68158537898626
36.021662036274435
16.581338779733485
57.34457582695015
34.91603727133134
24.874912796806704
56.09082397432684
14.881332435393816
43.560204440431015
53.890559384572285
47.13456055366679
36.84724179528732
14.200995843090297
10.576659605934765
47.52821020953159
54.48481846434738
50.80093247484329
50.998922634609556
52.27343574004761
26.353886815027764
27.042470328259157
55.117200486060135
19.270054530372164
45.05178001125796
55.28784855394161
17.283688736476122
33.80849494861977
31.177479791033242
20.07839096069545
16.39058073066078
40.95412422446131
21.484811808337035
62.444617392006634
62.72916218656989
56.898331687341106
34.068929432049465
61.751948229661394
19.85067434685343
52.91642464798716
49.00363826807577
22.153574475284586
45.89355027014396
45.927033114302276
54.353067323149276
36.64319906765205
39.06101589799863
63.62671668472374
13.08890646281531
50.67686918504364
14.385163971605039
26.79879134892216
31.163470631247016
46.38739276609488
33.73828683063396
40.33576543033078
56.2182934334061
41.70919776238699
41.74820409855536
45.68277233539278
33.87202895873682
59.77455637038399
37.7758878715197
37.29139404159959
17.655236081652895
53.40857578688007
44.98728231270308
38.65908932901536
40.699444902673235
61.71187649141518
28.468234003278184
14.066449823182033
36.49148181369358
49.91164637000025
48.13156374185222
57.18418599526281
2.7823843223103495
40.656719930519714
23.985041038508797
52.53595449496133
43.22920065045666
32.96318597654917
37.327875976161295
29.609233297283943
34.9416160570664
45.61325098984915
36.73827309448626
20.583947488984876
16.661304763011763
1.0416790628268089
21.02056208564904
26.163143852090144
52.9870075200732
42.95696497289616
25.381347145838014
47.96300570223735
28.493603476500816
57.52260234096503
21.61396292953966
44.77075994823997
59.68958137568101
34.65662373516221
43.78813566158082
4.023403337552104
32.28874933482297
49.61336020914673
12.5280408213343
28.187102546865972
33.396413840843024
53.20982534111778
18.26381733334162
52.58820927143343
51.12743325250377
49.30164655597932
18.55452276823833
37.25791447328053
32.5317920378317
35.78661057205058
59.65171648057593
23.912874498558097
61.36618938890829
38.91843483078367
41.36613609534976
40.94875382190902
13.658634646025035
43.161524513268716
30.770495852074852
62.64922083643745
32.382304584144805
51.676134077200864
61.165842780910936
62.55892246920748
27.96099986148659
40.25477587155238
20.378433134901783
47.90865837642818
42.9296597876787
14.299958281633195
56.62899609571123
47.891629256326695
52.752066956770165
56.59762308382293
33.176767225882095
54.51801868465901
59.610695772577934
27.797139192001865
37.96812332514389
31.114410986924987
40.99332480239471
59.0616320676578
33.48859937454107
54.53656114987941
6.538061578676491
27.636016211108398
43.16634448363703
54.58203233397155
26.696522800551065
54.807759482378835
63.513542164652385
43.939109415466504
52.90840641565485
49.823575284586674
35.702022774885876
50.56747628434549
30.609083769155873
52.59498798114407
44.61088940455901
42.661465711467905
52.995873111992644
62.18406715495904
59.30093761021757
61.45719636764293
60.39192783193474
32.358118984434455
44.51884574365137
54.57117238004479
9.485839356146286
6.569006177929182
63.25515486370972
44.58556934738003
30.002888802451217
32.23704121599399
17.72122723413539
54.51750810697608
52.46522768450646
29.492714219995918
54.696000561250585
24.280355349973114
19.496825475530386
50.533775540104294
51.7752662685843
63.26174298175557
36.68856215603246
53.43494691783163
28.17396786934016
36.590251551630814
49.35683868238198
47.16944595204032
42.966753062310076
54.30897273166552
58.352865709896214
11.66461072673718
56.22557783460108
46.83879521729238
61.85212932588858
31.65830267865428
44.81739285710138
45.07513506222174
62.464957677073755
49.58670693859688
0.517097907980343
20.424781327860657
28.12526404180086
39.96303687427088
15.055437599738987
49.37005153397195
51.982768474436554
27.697673520117334
39.27560386848814
6.416285280551676
41.813346737848356
33.096460532162965
51.334992684512024
24.628138907407894
54.22324921495949
63.131310525370694
53.217025739799915
39.97716730293406
29.274546143108353
39.026434893359415
13.626140632593525
58.76298147590306
47.83359160590785
59.185317261859886
42.870056565681864
52.50110984861483
34.835895091273876
52.98311281288837
63.99170423874021
59.279680214764106
20.05306384635987
39.14274651983277
28.080070979288173
55.14697882744083
57.415544015274996
19.32380335556354
25.35134174726545
57.439575387746004
27.74906042467569
23.191514695244067
14.689687677257233
24.124324523522347
19.95990715219044
40.46273186010414
6.603733427341673
28.086869685912127
61.20458493318064
47.42255079890802
19.58395967026815
34.054296908448585
41.325503452631104
24.72190852049993
25.88379170051119
19.932381847872918
44.47489114178828
46.57005502737543
44.7032703820236
48.19030892023903
51.48811041184222
49.74460477153861
7.441131273414726
56.80263317052281
25.30938054472582
42.25624643412804
61.67732729403468
27.82505247669347
58.57622397066127
55.338438433518135
26.481424552981302
26.418954804753383
35.364240385789515
29.40055729244574
46.34094781162804
59.207649543159896
62.98393576667671
47.91674396496654
39.52382836032807
34.74686137448173
20.972834226262954
50.24642021946846
33.16673197947732
15.222093138742409
45.24205621764758
53.45577516432124
30.108859343100896
44.02261246471095
50.28495917829358
13.429100823404355
51.297669259423486
7.061031271936031
61.08092713594872
49.74362944039419
31.65033469008121
23.971663971278502
33.30007891233928
52.99690645872082
34.27033081215212
62.83514324642476
18.314456679071007
47.21790070205573
26.230202161663
47.84678861586812
62.497123269468744
39.8762234176071
54.26799370228791
48.26595483857605
42.16949814539147
49.1127163615674
61.058332224141736
54.261270756215225
44.853718444919835
20.632727145827587
59.25130331586888
57.752137498426265
33.24230021527188
63.48561715503351
5.000814022773419
46.1364620922306
27.156845328117775
30.536966236522915
25.22357457005583
35.69808893087205
38.47036070683605
61.911999218233724
63.900610041341686
23.627405113684503
35.684284856966116
40.99246632455399
28.984806959848022
27.144198263136317
23.784736043538132
16.577260441173927
46.38837658713106
45.55029412082804
43.8160007863613
45.8927081554658
61.076593399313154
36.02358541603542
58.020252603280596
60.144039084623564
51.11231309736422
33.75304784394045
19.562096829949233
46.64374256885673
40.479830886841064
0.3035274394974721
55.66589205830653
39.67450836671466
57.68256456398887
9.706553909618009
41.27193296910207
22.03481047448718
34.98347078715348
26.793014714839863
39.56402602522289
51.62597176885964
35.863056540445086
12.171065676862952
20.281800569989073
53.02577618693775
25.071889152363397
29.45937440541765
39.07863675506728
61.97116100470779
45.056203168513235
22.827211382035998
49.59883030016987
43.28357052198088
12.297357578829157
59.56642145710495
11.776969627655568
35.4868979678769
1.4208167584519416
51.396193266762545
55.15192296878065
14.752673510712349
3.0786613004332253
29.908398133847335
25.11401694430556
48.28440409160223
56.246554880465965
37.984974642631855
52.38832942027141
21.48898283945583
46.66295068626908
30.587808307749484
42.992564804237006
57.408982791794394
62.22891758871006
20.83409438559851
52.08727461888422
36.679778333459
63.83704610557411
7.624179865148335
46.51631212083213
43.841235189896835
24.460337086129208
26.4793995122209
58.84878636535425
13.03602839660477
57.469590344758664
15.09672464315318
52.4380702651589
36.54083613767091
58.812285494634935
51.20239279759006
26.537665462265117
60.256749974050614
39.65040366701166
43.80927813451234
52.741793594011156
36.702691035771565
51.139973389708345
54.210956223396764
11.767082711722985
33.00585220257663
21.378316431333992
60.87003409834605
63.56649153349841
35.121805363605624
25.94847482249257
52.26686186416666
50.60087931813013
36.57105275057063
16.777759141747488
38.92442871643165
23.705780461214054
47.017950684284564
36.95134221015316
14.476354790091676
45.5151418798693
54.480828243809206
35.38390560828477
57.101338464079646
47.91491358228321
42.30900157759895
12.827067665962623
43.958478778584755
32.31978126796065
33.83392746850456
33.01131131080619
32.83584583779836
26.130239906738247
37.0457611772392
31.62959832310286
14.422876084156087
12.077336859219471
27.143170430191006
23.999960342958367
60.276249783527575
24.41978613253044
37.24725661104287
29.975823907395743
60.15693945406638
40.518924001763736
30.010568386965133
2.8577428311111674
32.88850791034547
59.80136719137711
3.9468702197378605
41.59283984176791
5.673823771942558
50.42781495305255
60.776813937490495
56.043960897423936
21.829713194710216
33.94672236663683
45.67208618192285
41.12541768155978
25.561951921167754
35.1423422455716
53.03339201819868
52.76452781072442
52.30253999594932
36.6292975774713
46.57531653772301
51.47599138311699
1.1410476896896284
52.105008529150595
47.61906974359458
7.596134900597747
41.38164999055037
56.9418639108391
36.02709367567648
58.31080100793482
40.89647412815228
63.10341692486052
4.5134945291679145
58.38038777416948
42.947561595476415
39.098198057483515
11.628555160641923
35.243387313743945
44.94541226531551
59.26574739805462
20.772818915706765
49.42738960107714
23.05666658000073
30.893463729097384
45.71386773681764
37.31700225426
57.45254318553655
43.60471951059996
56.74837982544529
52.03321642718452
58.32560725804783
18.218001958221556
10.690006168005688
48.99253615014018
31.946955655920576
37.35545607017907
61.755023917891606
59.96731054647687
17.972477350227905
42.501724416326795
19.33647121918594
31.935489381403563
45.772807032757584
2.5971024441304493
54.3043716963981
37.76639595086276
49.423845394596825
60.54179523981922
47.6046487002887
39.57718956005016
31.317387793765526
38.08677307562341
8.520786505780073
55.35162502838295
40.20339013564757
39.44357879611235
41.80472022368612
7.77565359193779
36.86833252832979
59.66121452416649
16.52041710517399
53.54991215591429
46.39423695332488
43.655826011908985
44.98429869313881
36.08580855463168
6.687403376633476
31.185238338162932
15.616704464360005
61.75905436831775
35.37513233378052
14.32295536828694
47.364681702575076
8.394942954082353
60.65906522860724
15.912772042403716
60.31607991823542
49.38695186442992
2.1691927855761506
45.75809956498287
16.5977559700275
14.043803837688351
48.852276665805334
31.235982758975595
53.1306730485948
23.993315788695988
47.817027058367756
23.732379013316823
53.757507777325344
63.5962626171483
48.029187228990395
63.416133753076416
29.88666302704454
19.835132309371296
50.51699924935318
47.394383502063235
31.00517779616824
26.47192037307707
38.31444553439359
48.835701468717915
48.13271104085488
49.46495576015095
42.65782002460345
38.989474412594035
51.49881253826398
47.82658922248947
37.996295637560806
17.735687815600244
47.60443385736458
22.506312069882064
59.98015967707472
47.7135576327765
37.754781301872825
34.052431863783724
43.63802799746462
0.3512746578642094
48.465476187704056
51.57413327609113
6.338123473509334
58.48913389001886
34.667648416297496
29.090698453864512
32.58627400799544
53.21065224748334
53.653213908242435
51.215877881906536
37.73343585816223
32.81521483928479
55.77740617549729
24.356412236457103
59.69398300086199
62.67285514643314
17.81167778562098
51.7275251372713
51.648650737538446
58.40940214551911
4.694952498776743
46.118269870993245
23.92064801002862
31.791155665547734
62.881965557224525
1.548730446439805
62.91979312417174
48.74023804625575
27.569592150194175
46.46558828631132
19.13377394445527
7.0315730148780204
44.86515547897281
46.411080257183684
18.165440660236804
12.073916992540738
53.79388007563617
62.71586706529061
24.04174319025463
26.68068475473357
17.76559205376367
31.42045149336218
19.620441192785442
26.563872959969977
45.65309750154263
12.026905412939946
50.03747308953689
25.683317341103916
43.69238527204384
26.716391363755527
38.58215038015534
59.4153425049688
57.86702049436817
27.27004232560816
17.969091400230738
35.551016812541235
18.206869307416568
25.68205545506749
13.070698489374578
46.50592436242208
33.36282681472477
17.38688899743287
49.43433282363304
46.98779607726673
60.38274129138305
63.056378420159206
62.46239278863274
56.2678989820679
54.95254267037176
50.06364708832168
5.568409193153251
54.160266988323386
30.703228256763175
35.36731178851077
28.09463164418331
34.2402911135777
62.520590624061896
18.10966549636371
60.456526053047185
54.87569146850667
56.97693259045918
60.54110592519222
55.18807082653995
49.53911423503047
17.377446449926033
51.88586078231158
23.858471915988744
40.32516381804507
51.962365150362096
52.26192821330514
53.46595139564036
47.49878446142555
51.6917259512958
57.833199163146915
56.50638035434102
44.95503700505601
48.58283752960104
60.57702570323225
62.90064852013798
34.46106562985024
57.47424635640681
59.84761362122771
49.158291241706806
38.280529733351585
26.09029194575215
42.40636216350049
46.10675857959765
39.795868147237925
35.84249624936052
45.02340381778633
62.49309683092803
40.166184459343455
37.46826740335122
60.136268445365936
18.404804601042933
55.82909459910014
61.341760343553986
49.25936666141139
16.496600469885436
56.4464547220199
29.809520585418184
25.36337885118172
16.6150578035962
31.447472388525945
36.47412811958839
42.13088578064628
60.31923253954305
58.63892923088526
61.36308725340159
5.317307823471701
36.56546168625418
23.990237830694134
31.6486455129154
57.75465314237799
42.4977306950675
44.655979866597534
55.04460524109614
42.937957360254444
0.0955068029850068
61.90946886455015
61.095053108117895
31.938085147704648
42.33218564036455
56.544101364221
32.37364714750869
0.2965010806482482
63.74965755576534
33.83892257210671
40.241893297697835
52.2515972759867
54.71801290271184
48.01330508949718
16.23165005501088
9.681820754815483
52.168057262451526
47.09873165328948
34.830948593271614
24.99909214613769
46.13813924983059
42.792685413492094
21.715471220781552
14.04230772530341
16.0948111035773
58.09014812982045
43.642055473177436
63.52762947957713
49.161159265813694
50.18670381444935
54.01480242381554
45.24186853660038
27.249904036393225
46.78114095636852
39.34076972332215
49.819602406702394
24.32897276320984
43.16108942257175
44.07917064159612
4.182038593595557
40.10388866703494
40.92945819484278
43.036559999191745
20.75543660967152
12.642814984224309
42.377511600470854
52.20898684113286
30.187247822950383
33.125984509506594
13.00008537861013
38.71890905967044
51.85552753671904
0.8161496596617184
53.053758626059405
56.34784229469173
15.173388045322731
61.28595846071556
27.4698366677583
28.384948431000424
2.436560729207045
42.91576112632986
23.17966970891957
59.36166212901483
33.85190240677044
50.94594355018323
52.149008611175894
60.504008378883874
25.385091749302894
39.913173593200014
18.286105071555085
33.630344237130686
51.44711444841663
7.104996045926022
32.21156413349563
62.73677911794019
20.051838956981996
45.892397150054315
25.332300039240515
53.63441759366694
60.24054455808946
45.42340860180397
19.276049765336566
60.17207919364348
35.38597841456489
18.767722840689082
34.1359123305064
16.908200530164834
46.44560558937842
56.6199042145732
24.93423145815612
45.67861740901664
6.132357742600661
28.311580830886236
38.276243619591725
45.58078946124667
40.075334160920676
62.21936017325797
58.69921540591153
54.097530851449825
19.64350378466178
9.419676189632469
24.568841706520217
52.54446756147797
48.518282879887515
15.034856930378929
44.81588509329984
56.18576990237314
32.63456356143518
58.83626212697513
23.156661034030037
18.317852467853825
24.772773748071117
15.218058343828552
59.53100099399251
12.621018590904939
61.781491432454665
10.591987436315037
19.95523775143611
60.03836364809473
9.573804323940898
54.45684148151567
52.572713421715136
11.215778506999037
33.669467126524374
5.459033507490325
40.236343862464
10.053648482314195
56.34985402503912
56.98543806981314
39.89758502263773
59.68458607481914
47.45317239520756
62.5420074435134
42.869669559581055
31.419553409213982
51.31355356887867
52.90871172692533
42.963456703339325
61.936497432608306
63.368049137864986
16.73194386179741
62.666708301835925
2.291141401265527
58.010907163057844
62.08078097033609
13.876266389829233
39.08601037610299
30.72438466691517
31.005636623224845
62.249261872999796
31.095441217813708
10.132115708905737
58.35756734563742
62.69169012652124
26.584986803467793
23.58267607236631
39.08530246334907
43.631540050723345
53.79375635957811
41.829884185212684
61.173691452761524
14.601597252756974
62.35877052467876
34.32234770732168
36.307810197715746
47.584607161468014
48.835901485950785
51.08916286650379
25.822029495313693
53.946908888036084
28.514712047138254
38.11156927716611
38.18421240924296
63.626555481902614
10.650611829940694
37.6782405516077
36.913092146158505
60.396757803448125
30.497799720728914
49.9334108733051
21.997835013772885
47.31714423772881
8.728654847010716
30.5234503931907
58.022062046990136
52.92315353494939
63.21757814157407
58.06247786122086
12.409914304173803
6.102203517354823
3.370711600625121
58.575735590800406
51.57231289554432
34.509879772494415
54.86706879224014
49.16687490695648
47.405879023390426
43.08685675090611
63.56586568911061
55.95670129473875
15.544957507256882
30.963109376318187
55.34375083955655
13.424406351342114
34.775196112797346
60.560426954370975
47.00562706680097
30.070788371320262
57.37853946319768
49.33953255887487
57.61067496652911
12.759641221926344
52.259362686114436
19.815042354642898
36.268008317033775
43.4498943553504
10.830145050916514
48.24045728228899
29.305461468892638
32.048053812129254
61.50971121624114
13.584248352156145
36.20950331546692
28.02466437572194
23.485240057682006
22.290528870369542
55.96759228223853
18.56375154875243
58.84645460278667
51.0947412154071
13.810715728140451
3.8370459444762375
44.13939060048824
53.629774352972824
57.72228398587396
37.56729661170627
58.86279873792316
34.409316823506686
42.25888653765553
48.48771887710845
1.830946674384606
35.58288910268358
32.03282909317179
29.49488809226723
31.81917714928796
54.90816794134095
47.041293010920455
22.36183015174513
29.990809443225217
47.10570277513127
28.270640070993544
51.289512767945354
31.84022160078078
43.2937633900013
42.199689683888145
28.300309731487005
32.490010557348356
21.845112909270256
38.00160824920732
62.48120879912871
49.814415007310785
38.869540788805594
25.09664615712807
63.53016088951909
56.05298772854387
62.135857065611034
6.037157695371263
21.15000424401841
55.617071471198244
42.84672714409948
34.753479505862835
47.89257553974458
53.26202756335218
41.458810521792515
41.368873898220826
35.18124800028154
24.465807576954568
8.930231080113309
55.3854920379736
5.2415538927578
15.410508838600926
43.75500196582978
26.338103402038477
32.552059732874994
37.51757119473767
33.746212515724054
49.46516341931727
46.60374413422562
57.897871922671456
24.464691679145986
11.361811950050573
42.44355072589721
27.080274741897377
51.836825963354215
42.64961920272371
51.48039246907193
37.11037975735245
58.95769500292032
36.093784202935964
38.361572972722
59.1599741844677
32.91457165141054
43.27892387824161
38.031965071624484
53.065556616457144
21.833575690680966
40.41195595174274
50.11145221467885
53.418195175405025
21.117915015807966
55.40510563339991
26.638977530947038
61.2240921237657
19.60680438390844
58.06502973892514
28.166222709599232
61.804578931051594
18.31012301761576
62.283271853061656
14.098235966952103
33.145410635401845
60.60725862188568
39.429575253148634
30.115450271809607
61.73516989638635
29.58938745947328
34.50824658592359
43.09413897870317
31.77340252466354
23.617610581121284
45.5766738085521
54.529222302243156
40.31834627208196
44.38074732821643
44.8992835459791
59.157163054276175
18.859810674613705
30.574858270146933
0.8345523241889268
28.74156180536442
59.10201083922742
55.48111559868648
39.346650727849585
32.33616362005756
2.5099749207567896
7.650613080593537
31.384739721369144
54.81754376506885
44.22190569123201
43.4503572623844
24.110621686837924
58.441844304329294
42.646521885014195
27.6421262756271
48.20305075305335
59.228834613708806
60.99520410830267
16.646662059019704
36.759914353918795
23.849311510746155
25.038538854200098
49.040729260647446
38.65748919036969
41.777401785359146
60.85017602840082
62.471427223408696
60.99200014952808
54.01448856730485
29.85144581218124
27.57294086775775
48.96614013146943
12.165249606359673
31.92872228274561
47.22068739483313
48.61545593634256
45.82445844187741
40.77416694807147
12.003443938203034
53.15696847549198
36.784769900591215
54.348917967796375
51.12056354135907
58.37602913604704
10.747570227380521
0.5684373363706428
32.35705497048167
8.470576767427552
50.53734366719257
42.39234013944136
55.59201254424469
32.7511421055348
50.646916299365756
25.147868174266037
55.16757560946228
1.037457135075229
34.43860470530052
45.31829449034157
34.572018657443195
21.94649584026964
9.401645388109479
11.749973764651969
55.90600143529948
50.855513167371264
58.60109073522637
37.308014193813406
9.534709047368857
58.09739227550524
31.581852761989587
55.58688820803247
15.267132650123344
51.68827563798321
36.438412174066826
58.76429503510907
40.53173155186208
19.164227513023135
58.651732115960854
32.61003373704802
26.83788480032014
52.225644533446015
41.859513138556224
37.704667340376986
48.85316392463952
63.31564588079379
63.50124788199452
46.375152133068404
32.64807009858916
41.18296660487205
2.9178712210320867
23.438592602538023
16.800442944570904
53.81440892665046
44.86656684281444
43.64119770119821
47.72622799094992
37.583192909198985
8.661112926086474
39.44170565943723
7.694512418685385
42.283287598999436
52.40780860785809
32.431251422997455
61.98010716514258
47.76149153929312
20.383751452653605
52.922435661520794
23.860602676140715
59.92243529795272
48.36465741499726
18.786756844198315
22.03599173002749
62.490341344770776
42.27691274129626
54.81978349435035
19.6477385199874
54.372182651361875
14.930292654517231
60.71114521368253
41.14115525020449
32.96419513718486
38.99154344801608
48.98792689831757
48.2824510877786
55.50918845843278
0.021852039828196723
48.37663226145943
61.38516960161953
33.9097388460858
51.26005211839544
30.364548941100104
18.32155743424
36.45140870309516
40.71208390040766
42.13949246596272
24.114839007500308
25.89939494189649
48.10589172264517
17.412937239611466
56.67788399270231
21.778521272536835
63.85736537123689
32.85865531199862
54.750369813034716
39.62296142072741
40.32339975966644
61.193025111338834
62.93155377272953
59.90212975683041
33.94151465482069
24.781437884590815
22.609927847862522
52.95349019228666
61.56676276445674
8.616709197464814
61.471814220569605
2.640583850655659
33.29584093995332
58.83859329373697
35.07813500088032
38.82274925922276
17.549954790311546
28.8503549543575
47.09395488019645
24.259743105304004
59.55411062467633
56.99675697581286
38.065087326885745
53.78037213061027
45.88300519286514
28.337570471508265
55.50656797598545
54.88330177904673
23.58668523643437
26.757864820171022
56.98863505865043
18.923033115690174
51.22635317425889
47.331101947370236
7.799695035692025
37.14957022491119
43.48759252226334
45.945836820980176
34.793177350067864
63.33998073680366
24.508020944071113
56.96025689952372
36.28754460840108
55.96994661881445
57.000635983593554
53.790168356657276
49.97418172100631
19.179137624033594
35.203176899950094
63.154705442596864
55.694804133137175
26.536290208267133
37.35888262668296
34.45113195027875
19.202171060440527
56.81743897632234
63.451695764164064
29.835663282102097
31.0668410068849
50.382237384747334
63.0299485615476
28.60527707125543
56.52841084892046
21.04263684369935
59.70269106922031
59.175095844626476
21.581465836355896
16.601120131823187
14.740894934862752
15.392062146843834
23.281416215867267
10.028493606618625
29.446790782364445
40.318792480516585
50.919475890145065
35.15420874347613
58.17992647101761
52.84532157322106
52.78092699266543
56.39728455258656
38.353557369615444
7.488775358905528
6.8800938540478285
32.594160460923405
12.372377112679601
53.81711522139747
52.59837945674558
26.84352211355062
10.820248642930274
58.84308691769312
50.75881502196962
6.3228555337837875
58.898491437708515
62.40681034039909
52.37001116423333
13.141726549640516
58.95250785390076
49.06375527768369
36.97753575441797
9.435961779592901
37.692495668289794
17.613459716791844
38.64393107617482
60.81864231206386
53.30559356814591
35.574030494737606
7.771168583280058
32.73721106223995
7.12961947517374
53.177218443334425
54.75014592202788
62.19171989935843
25.84143982173437
53.92682932628664
14.776349895368952
51.7203324643944
50.311040795809504
25.353338900248914
44.54837367762805
35.359171651268184
47.83875289772271
51.18283619766849
8.842257231372948
37.71466713526131
59.365498990861994
13.01548403928637
62.512406682325825
53.78528948699456
42.63336955126831
62.48485568796193
52.07631190699764
32.04857921614456
7.475273164302131
60.60753266012294
56.663962984507535
23.496851839884762
38.74790979576713
11.99583600651409
54.73770953588222
35.961212343691386
41.98476947610216
49.007393946965934
20.765132869821777
16.871902712262283
19.935934000320316
58.68174716435366
25.15441427621792
62.39197616956489
56.07838382325468
49.696668960188696
57.7379332046002
53.98157334895801
41.75302679333904
42.02368370387897
54.911246260393554
53.80122226443895
42.278998957005555
29.841897378686234
62.75927300417227
16.625737216694233
47.889795684161804
1.7282803360130998
57.03719962468705
6.169982182208557
21.580671714470668
9.37161681855931
25.36261862194734
27.591136009105497
1.6076622766159616
22.7222779068912
63.10091031649911
55.2507923510278
33.9050164529479
4.0795275765378705
42.982384443441944
28.352446657450777
28.103374854754826
0.9959761362362514
48.06257398883351
28.584835141645826
48.259170821511795
3.9326053021479623
62.13211706251599
36.32560910765643
22.50909686871364
60.05277908115857
36.023847639619945
46.08319790503756
47.40857547611928
21.03553894338959
36.958193531597914
44.89921987765588
43.911904367139584
48.87318495442769
7.48278641200455
51.65457780722319
9.72540068745515
33.419547646037564
38.684492193706205
48.62096074040364
1.289342030954927
61.98012548308809
42.338698632333504
11.003754205722345
43.57252631399692
23.435781548486972
55.04362519395143
39.93253605004786
61.69062968723884
28.61658307955262
44.13524632317565
47.670049124057826
10.599354189761158
6.576988922275525
2.278244335773657
45.247788588062974
55.39336504749114
10.481327052049721
28.334237577973013
56.137556702677415
45.520851982028326
35.693216414171594
6.009777757567825
3.992903875360504
45.6489637433493
63.988011554429384
52.36800955015322
38.18070468157839
25.10749364330387
17.264619651916185
28.444293127030427
13.681782688814991
33.696644308002675
50.715396294909446
29.317822507114442
49.17292714118105
13.575392898245077
25.926789302789786
23.850237140642783
8.758368025368725
57.37968460271321
22.43572055219652
38.225767118683635
60.433856438002465
3.59648915001236
35.53278630792981
5.343973372711275
51.138409028437735
35.57844187732895
14.915846764094844
48.27572003500712
49.57970061399876
31.024065866531878
62.80035847063833
34.64446564455049
59.385640745420375
51.890763251943
42.23002810619308
46.688502549658224
49.13981799427633
51.964617199028865
47.78115700715729
45.743070956676604
9.591603700639006
29.635438421675026
49.5887474798046
56.14245197218619
20.709606036070646
22.62965475194781
37.79405806011256
20.48170987168482
57.171012856359305
24.4777613541225
14.161274024656144
15.099426583315903
55.28570239970414
2.4888236368315972
4.254946894948887
22.719904145002907
16.670439871566387
39.560108577761824
63.24316188605029
14.413605656447295
44.467953407553075
36.93748599196458
47.776777513047776
56.613740392127795
22.38019148318977
54.98622353869264
54.67020797306362
3.0621668851867483
33.23523064051288
50.91194557731537
38.82807122516674
55.32571310464208
48.62657189534361
54.03096926799093
2.8902269117206316
26.555199977302813
57.55688765018333
45.65181960049375
32.57297010509971
47.60265204815164
58.19886399469929
55.34679972678683
22.653514946047302
1.7317141950098218
46.00183155458217
23.760007573868165
55.677185448774026
40.62426974908192
26.94901236791543
25.021850115099184
41.523949555412756
62.47134623561647
55.327716356475186
55.5516801015342
30.00516718955752
52.680371324818545
41.23237305041432
41.993790024857546
4.6717180906782545
41.8702198301563
63.293486779700316
39.043314178308016
44.236726570886574
62.227253436674545
0.56592700395408
59.89744289020262
50.88297933137067
49.70523591441442
53.194327313143965
26.52121067514615
47.35264692018714
52.350941661011746
49.86725245465735
37.316860450581146
54.38935416701955
26.36628015539607
3.9732086724276243
55.9090963035325
33.303489119600044
47.97259150029076
35.09799931467714
36.15603477014784
38.39958089833581
35.14933971638746
54.142741111325364
9.355478391737421
50.369198485512015
3.3134120655697146
27.307021940345656
14.371426877169462
44.52455955910122
22.82154082103481
60.65494975791794
54.636900770546276
17.99296007024349
38.875157381850514
42.728438334808956
60.774340624254634
9.634097336204427
53.89294112475767
1.5591362690966264
14.68013130188102
43.31882145036909
23.346214942382716
37.34520768414119
30.965863523170903
23.198549370577332
62.05523012182381
60.955238675870135
60.272958822173024
55.81528480313338
41.75441541062247
2.766756643672565
37.689061728314826
2.4920990971966717
58.23473219228939
50.57938771024186
29.200815472791987
44.69356339449872
48.58224849642214
12.135301000339581
47.39210728600388
16.12961418211107
48.21881595123053
44.13871877572425
39.531494605912
50.86877814662399
34.10663192809878
49.41148351437383
0.056657877843782956
27.795456579655202
59.90861654426352
39.68234148928248
55.77332606958809
44.38358693273484
36.319114729733144
33.244914459969834
59.71410230937576
50.089090879251565
48.58430836867727
35.54553343325264
37.57567770486499
1.3936372765740614
6.080434143651246
36.36873905700706
48.21787376328267
53.563005805564615
3.0679789111207754
54.834190827416
53.55566237847995
60.97494937973014
