28.576626167950742
44.84422406177548
62.70113426651696
60.35243909845462
29.311194792177155
24.514116223172763
53.65714413555687
48.454453559199536
10.856949400314143
26.61463825462188
36.02099773201614
35.11778912925663
49.2955046163166
31.410925745526512
57.833332533557375
31.178486182836778
38.946634557589185
55.8730319970115
57.477979219382355
54.77214311796607
28.899300231212358
47.332522779092415
50.3732917324423
29.61988116200085
55.54013632443035
1.1578671998751418
54.72010107404642
47.678491483964166
28.232122433888115
13.918484268425587
25.719300500465238
34.07423439239831
50.64568801929848
19.700135917012155
62.18627841754248
51.970152672100724
4.381422828373445
20.808974987987007
36.111141976231586
36.358777791629926
54.99231959047759
43.10000864524986
53.129123172962835
24.49998781334019
3.6691774419695236
24.791377536197416
41.03579662205083
45.215923122472354
42.60789938455643
48.88188191431083
52.62377886668295
36.321511925355125
48.23469303072834
25.303060167837046
60.08048406866009
50.59964923798491
5.892460627452756
37.130230337073606
60.40209074396208
31.620232141455013
51.05097353443989
59.47101333144953
59.29365878812693
2.598491083849538
63.7846320327022
24.547784725527634
16.61920617261918
55.31356175862123
51.49497358201471
60.699919109698286
57.38001322470416
28.46039169768543
25.840678255979213
34.0941100209037
22.626807435468343
50.8204676417496
52.79041037842855
57.780114382624554
38.66368352877147
51.29740263955888
20.396136205886833
48.27340146496592
38.734275425864226
40.96153358312134
61.04159882925492
40.138962134339195
26.650930311788848
22.292311207172567
1.0997227051733915
50.930915433088785
30.739011812420088
56.815601185561356
54.86313494459202
3.542515870848085
42.511985595841
48.867172429131585
34.288759626441134
56.845186616328405
3.4747068904600056
61.448841609259084
63.3235921335855
36.815623254066914
42.95591106101425
11.11961747177277
42.137336001617356
30.18769911896002
52.687467195651486
26.302000915089522
48.63214846155597
7.766550542336319
56.92264550763543
24.69981998466543
40.12500184918325
15.900943721471776
62.89891914863423
48.568018359147686
18.138060384162138
62.8106810836593
52.73677310517946
9.190502998361048
48.85529477575811
20.418623744323227
47.6831140799157
31.88875278365444
37.38316986981506
41.80727448862427
19.127953707858097
25.544706527184907
45.16052290057712
50.67873540042002
53.07331366712337
61.74298081460963
50.08114348537556
51.13202563922325
58.59683101313176
5.707954525180114
48.70741128257295
58.68655980423873
52.82488559684518
12.278693195675338
51.311462530549136
20.475864554652503
12.299335551325356
49.85790239239185
58.48691792524892
39.6978004797754
32.76636136135285
54.59625247496114
0.1337516042878235
52.271857774265335
48.22283000855128
34.95408565968516
43.671124187125024
39.405741117310384
63.35087942860772
62.25156419891111
45.2137546822584
51.38667445036403
58.42694531609405
58.459311643798266
27.91173070173442
51.205456319831896
57.063391482745544
54.01904101726264
45.773105456341156
12.785402157589715
40.91777479497418
43.768334444070135
58.646935158878634
30.614405009079796
37.17868047601627
44.05433453390796
31.699481147364246
29.897476838950453
62.047627142901135
27.60234640100164
43.69597531600482
26.523137353792293
41.29794250073897
50.533420557946
46.355202333947034
57.854522909685905
31.542926870730867
24.334417385960293
29.650140618805445
31.59102409634267
44.843207925677476
36.62085948689052
63.62480409927505
51.85331744103463
59.4326223185463
61.48414937967682
24.344931523593324
31.41207940226291
47.10642664721627
11.634145477716388
23.83071753316043
53.29992879067603
60.705098293460196
62.128156750664864
35.87587207761473
26.494085577361098
35.922442939122476
39.52099016374656
34.953168276673495
12.953917842575763
22.265954915640968
16.394351499155206
14.515458853787848
60.475618505788916
39.84895101422856
54.974740430055434
53.05489217661115
24.926699644239783
61.19133467965014
30.92740330048619
25.525348567807868
23.324278538582355
58.40403420232116
37.28144623024639
46.40464699387473
25.731050992258908
15.620622983510522
49.224958905005984
54.88021337344689
50.632110682846076
39.62127284379254
24.991306463618187
9.998962547005277
4.462743603776097
43.131915267244956
56.28745442009209
31.663581760967823
51.30239301941739
37.05995488696283
35.889998224164046
49.063861318394224
46.00730648786745
56.931869327955035
19.46272390791126
32.57363789004173
57.04089721266734
62.63611568240955
54.89829530187145
50.77278169593633
18.593063737811775
56.81454513585007
44.02384811377327
27.057050547327094
1.562343508476964
11.469695916942008
30.268277658416153
58.59965777264999
21.9505939498505
40.497427996781624
46.56890326486236
58.38508084086452
38.22186031656556
37.97039588723425
41.262044471251514
18.817402488697418
44.98022733599783
36.73953308948915
52.62807642966658
56.01413983925819
60.34306611507855
59.342919167784075
35.229386545352924
55.164065615994566
18.659658561584564
46.85221184087739
23.623533038858625
8.77594775368577
56.53474542587082
63.42714090011713
33.21631118736693
52.85040223729429
11.701472918265601
31.484331088855697
6.057467151003209
27.965693224449026
45.39561397664377
34.41823032407889
17.57473764034396
55.07501921070086
13.233524791860425
12.25536784972401
56.093168011380946
45.02305257276949
35.704879735097435
21.529305382929202
46.55009800336101
45.35463536408041
32.26127136859771
32.63151277484964
43.46070693691274
43.45804098882563
43.1851451839298
12.239173771010911
46.85567386499382
50.9332150340231
55.04863575628968
58.51458322373682
59.94467458133747
47.51085137955319
59.09758093030238
30.92034072819302
22.152564218041867
44.438187427106655
23.27016250118148
36.16670532028192
54.16552435801663
58.00605949692074
50.264831740392125
11.120755454187396
21.322281677828244
56.74530400626367
52.09143238434643
39.557139318097505
44.90122340211008
15.252828429982962
16.157280165855788
56.312860204303895
31.53539070040283
20.027637116333814
47.781074641668496
12.566665691967614
48.72050185307853
18.403036159926522
54.696455049271094
32.63673586917531
56.34636663137857
3.604245015565013
48.993378501827664
39.539899241927905
40.17867315744315
37.523727707586204
53.38424263585195
3.630043721334779
21.327634685531052
50.41697512912237
41.1506874988406
21.768854885110542
48.47660993169909
42.246911945111094
5.895185948671575
38.276378696018384
45.40656080436798
50.96170966525426
35.82665964077218
63.96022536482603
54.68532028755951
32.02131389367652
62.630857472202344
53.965861051672846
54.116694280756136
63.06254861035663
60.44243699642435
52.0951959802004
7.607641839434805
11.434752404676786
60.993915564420995
18.274720897284674
19.99616832550234
31.44144695742999
37.01408276606824
15.55591586302917
41.18312586603824
45.03025570593671
63.09908525191932
2.583565016045341
58.217878241482744
58.666476822897536
21.5390592034922
11.674530396552122
59.557261066021816
55.17112719114533
3.5912020289243927
26.209292893734712
51.88684349199599
55.838939703016145
27.351774267542147
36.29447583095985
22.21126797651325
38.211831772518586
49.81376702038263
37.122913443615126
13.982635125025546
61.38687069247142
52.109317563158974
27.27142182648528
47.435685757860725
25.314608087619362
54.39888411243285
53.23487597309603
54.94279451699257
27.03642451775135
61.31740635496369
58.62693629536339
3.7176513293145135
14.182477645149326
48.48138917409915
63.751677615601075
50.42688836823113
61.91259793077792
43.34208910906925
32.71442254157856
18.775989984305504
48.32348174257976
26.26269087484843
48.54131412102576
28.42985925432602
63.917561984054316
20.99076693514376
14.703032457186133
34.99271765132826
31.660113031401778
58.51690970318826
56.631443252891316
26.901967016790046
29.363721199548344
60.60128576940891
16.83325127872787
15.716722681237961
46.23153582256491
30.445531897617705
43.82759116584571
54.06164111311912
49.4384215756223
16.654315479035155
50.77117325652311
29.842901116631218
63.61227373455571
48.922461408988895
28.04097443615099
62.627109179029134
33.6995887895365
20.340019018193168
11.402319595129164
35.0091750911246
37.37037841128203
18.94805227123016
52.671965788431606
62.25605257252507
51.48565861807573
38.761485930179575
61.52342749027977
50.307022637552194
47.173671372320726
61.928408802961975
32.060417733240214
52.761264510200924
43.207156325409954
40.69252157553797
49.13180660097579
59.06162440803141
59.48228425150169
34.67643702191162
3.433420951276311
40.47792658994638
30.53627791936072
12.405205490243787
57.79640562928434
34.609617274399966
3.131890506049885
55.94385034725779
57.1069945869603
62.979111219370274
45.972987118000404
31.307481777871665
50.742748120960535
51.8398935976781
45.246205714360514
38.154729225034686
61.73634761471674
44.91720219696952
39.28031343901034
3.7342746774904825
44.893068483568115
37.38259254299186
29.890770423293937
49.88910078325104
60.3906401368078
19.117364099105473
51.537160928880056
35.37020788970747
22.90793465657414
56.28465753251857
63.46236004827974
18.812414939869242
50.046060794990446
35.35732824788896
60.08440771801772
40.67420225924274
42.82018856504853
59.470382144807004
62.45636463136238
48.85421416847823
7.951059764296829
62.924730840813865
33.017947575912316
63.92969372883819
30.072498492463147
49.655659744674324
55.51058071203853
60.656167805031075
17.801238015671963
53.42998456213531
52.012725331064956
37.51694168702072
11.907646862613547
53.48738624813694
63.46991435155554
28.920575784831065
41.374349091935755
60.40726358620593
47.69580702510771
29.65692138192255
63.95285687470675
2.5500710119810606
56.00485847724601
29.276325235197007
59.504545958202456
41.48451853420984
33.73742234481477
15.26016845417471
53.80515287126086
4.407898293007555
63.808374891321854
57.96759223499084
24.878971602660492
34.54525319370389
44.75738145721081
5.52738859655922
39.46485974003789
44.60803166003127
21.84969794180696
9.243368368415148
43.469058602414634
26.62208655757223
22.46758261600023
55.48175723858289
45.32447836297841
35.39217667064919
29.625102029835467
56.43514736103455
52.032893039251164
29.748085038577173
53.13889326415239
7.258651953964119
19.392450400388576
43.40860635753522
59.43647162694091
53.62205629761501
52.19029569103919
59.58333093993524
42.469011396840656
44.61772375295925
17.220702366245042
17.93019038741879
53.89803536376652
17.65190764446917
37.716779998472454
56.1204263989731
39.55893221551115
17.61212701037404
61.45616296578083
26.29216255104675
38.30919623851448
18.218692789601874
46.53971159149768
19.810401020917197
29.709378694523267
63.74574388553241
61.39383745655019
50.913207525487024
19.145173279310605
59.315805660285285
33.973046962298824
22.487025604176182
54.6449634650384
46.72371880606089
38.79899767690909
50.38659050809289
38.1737548753341
32.39749919951177
44.159227025990916
59.80714968609982
18.996787425591364
32.59191614835852
50.96919417081078
50.13513305076148
13.195746962454585
44.38833822695176
35.31493690328155
54.086361242347856
45.560941021293274
37.33738416583626
6.822807473914551
47.66533969591194
63.440658287196456
20.20272293740058
24.351244893672096
54.30840993827731
4.376385247595408
33.641388995712205
48.52539195924389
34.15074304820078
10.712890013485463
48.63574485909993
12.972501677821498
22.463362935690178
42.44868561288526
54.054890990040285
59.63348753214845
57.515321224668526
15.207180325821419
53.091150547042524
10.287388093969028
62.90858212559589
25.45145552236974
52.21867273700578
26.377272652781393
62.71533892969733
55.2973943181689
47.881235541364205
32.3822734129225
48.42879580652447
25.908816969241926
15.637146844582134
46.486457778917945
45.47857548577876
24.48804251186194
59.85527587904256
12.454420955266677
5.086154163907835
56.99610604498258
45.25048100156409
50.772939697651566
4.79062193346752
50.67331411214584
55.598718892044815
63.17434820299978
24.77076099282732
58.71556375759722
46.5207359995775
25.196742045477677
50.979593456906365
50.01138096930394
45.69863293194933
21.14663878583245
29.73167271694497
46.86467418672442
28.974671778729878
41.67607631112133
54.538550583678145
10.799139297362686
32.595477196014315
32.105990459481276
37.51661018066184
43.213358985620445
25.3705728619666
55.502717941103256
25.988550056408556
36.71034262528847
62.1981619110713
31.684737467505926
26.18984920218061
50.53128464377525
31.058288148877345
46.38857758546945
56.91895706148914
21.623169342855476
60.337000301430265
63.499033656261666
59.16697215789551
49.60804136064727
63.85263549198819
40.50789533998202
10.798940814483068
55.58782713115047
56.27890525391691
7.429883705434733
13.848450705662714
51.551304597130894
57.15413709843284
60.93980178194226
43.78231772683042
62.613539809462246
56.365525178342565
24.978232866000575
63.725041412228826
31.541962911068374
48.389397186305125
31.71371263932849
58.48741991602557
29.99360545427433
34.36664166807972
40.50759375653113
25.226581579125494
24.981980665102576
26.693071575795905
12.41293430053858
40.49298305009861
13.897433786603465
37.92331028097709
35.870488199427314
59.49208557139259
42.919744194953225
58.46209903243011
25.49664190502805
36.19139030604414
48.26133465663702
62.965555193761325
57.21097263090781
26.268002632022416
43.004181325544636
52.79551840916579
1.4267315132980158
17.30422171837617
26.525818320395132
29.95319479703896
13.95169964447281
63.84576462651799
34.35313999055934
60.418906349620094
29.895623685272724
43.75504614924759
0.3779676023636753
32.88981827335259
16.88868943595311
9.149756645629466
48.905195838604854
58.94923511361205
38.77265960414465
47.92885930624539
44.284431631287156
61.93908386776034
41.96904147366443
56.494556869680444
29.65772205407614
41.53924758269667
28.549612521266575
40.28185253981543
43.410795498469156
0.3318865439316028
37.402437079312335
55.02878750175886
27.88710168047806
46.578759305901244
26.579884795524556
28.805081597363696
39.07063297569212
34.30824953845391
42.06631944802284
56.51959619681444
42.062348476362
36.554137766250804
30.99141931346272
29.148862160071175
6.82690808404444
2.228404008228104
19.33224758291525
29.717461110974654
50.350857720699004
60.06706009208902
45.6086528234387
38.578797712863945
22.315641948402252
57.15051812568336
62.30797639460648
45.50951872973029
24.5195961471261
61.90108029116243
55.05069911722569
37.015514640045794
51.63735107875456
22.832194795270112
60.45188179208861
46.2665015844604
45.444918499629324
54.784065978374535
45.46592391334873
7.297622760294232
14.172258725000965
49.29597337802281
30.97309508299317
28.906634495322102
18.776227918962057
5.729981500695544
14.706469957865693
45.72851067672268
51.717165355683626
61.78222284215222
51.60112612436951
25.426421436562528
42.86956905229316
41.72700722193301
60.28393694317925
49.61623852879812
27.204927829270233
32.93460188422488
51.25316461734427
41.79954196214532
56.14450270000192
52.23625275160954
61.06743641158007
53.87597631964566
35.20660938239216
36.447374003737195
56.96559632466499
36.857501011131134
51.131975139003586
53.0451703532226
51.42525605919697
48.50679945470169
58.36450962910155
22.875497124238876
47.063390045453176
63.230261791521585
57.65151885769256
56.347519801302184
16.508930462634105
19.899881307083433
52.50527825268953
50.51908427734186
3.5228587572859595
33.92511339477865
47.70491791648059
30.101534748502544
10.820180721566594
49.06897041833869
47.6928650500402
37.679422599538434
45.606851830643656
54.14206545831214
6.804643135420854
61.589262426062774
35.43793459626146
59.00107153794099
37.9891317303354
40.28900073123264
10.438802697718259
25.242208910356858
51.783469694366204
22.70980185558105
57.69800630610382
33.43250651871797
45.88773117523294
59.92533261084778
24.433855520106675
14.816951936046692
43.15299950240108
17.6863389296348
50.99351725689797
41.772899151948096
29.714920519962746
45.98285456256953
47.56133096572479
61.87318515790193
20.811543837921775
1.2637027754837575
29.746321411365784
52.92286003798147
9.056656980571894
42.14734164170453
41.13524587744422
5.918088629597946
50.58061756434459
47.75657632296563
51.75208194971992
50.42146635864944
12.634498596802551
20.422834065179572
6.604876663105287
38.38757059713808
62.410449609201734
47.79639484143492
54.053193333144414
44.863396929194934
61.95008414857346
36.892901242845014
44.70772125082629
15.454106072831706
10.42722632870177
54.67863281823048
54.82351207310783
45.80494453760708
22.451391043183698
4.052173006895082
35.42204394268905
53.319078107134246
34.205104084423134
46.85816579008483
47.85954998188767
21.261901715600054
50.17620929345225
61.98675755526983
59.40048766059233
21.000822503341993
42.44329923952924
22.22668672651445
44.09802924491254
54.77752207614734
15.544977876407366
27.210746809658204
28.528995132605772
38.069537403435234
8.873834914884625
18.2801461123386
58.6136137646323
56.844793904076475
61.769650023006974
42.75178418531624
44.133468955875095
20.031787149291624
39.412339354687184
19.618408999162355
8.990806553574835
26.598883683545964
53.659624634431204
41.2749176651741
54.74317539211201
63.62751365305345
61.66845170067429
37.559333167627635
59.90695433987199
17.186633929779568
37.020382624869356
57.30943473210051
38.79478108189038
28.081919718392946
21.07203330122713
42.51770359275227
21.73221322832824
21.56298198776986
23.368102648054112
20.489225250938098
28.441413449146182
33.434379462968465
50.624431715370754
33.561134193997695
47.41484192155066
52.322118634598446
34.04604350556034
24.236719317722574
29.38401614787913
53.21302367228856
59.80332229738732
28.96057400168681
54.16663482760696
48.02097183568605
45.39980461032018
45.21279683252786
54.840302618188616
56.501196994672135
21.65327583921448
61.94226991018234
49.906870894761795
63.140098628598466
34.09398446738814
58.852281258736404
54.55286480375964
25.37718121892005
37.98429611213315
48.83974373461737
20.193824798218884
44.918735051843235
32.29907484245932
4.0019124819516065
21.942384823368634
20.92748457084233
27.894453052249183
39.23556582689078
61.338332682402864
42.578885180849525
47.18875572340143
40.805636264061775
24.559809096741866
22.441052757271507
42.306117811369894
27.464798127719114
26.480069808645545
44.88337442645687
61.539464977994896
62.56032957737098
61.06669891172018
39.168398560771124
36.96921834161593
33.2247072953396
34.960182364902096
44.19842253643469
33.79792021558815
20.840370028575407
27.95902244658523
37.03762672588833
52.39939086005737
12.547402104511214
47.80352883034581
43.0848207245777
59.714978226696154
32.778893756558375
61.52466803867074
7.7268648080910864
39.63926657819237
42.51117720440424
7.030697817665747
63.174992803841015
29.499955784057953
23.94672397072403
17.963127137396768
11.145417342850308
63.76365183986525
20.276625790955478
18.47681413501192
40.58832433432828
14.094008209350342
51.400063064748224
32.645227380500856
58.603036474094296
55.51831242004614
47.0265404214898
57.28073541451812
40.523415616239234
51.81227208657028
25.685867116522545
54.930409094565974
16.359160839242932
4.57067368389319
55.09709990618469
54.18150787065836
55.78867657446276
40.36067886376274
24.97469103408654
58.08483622797944
41.33690483571068
45.02868359067351
24.750000284629394
25.350725945313442
59.042527949478
12.511362857639902
31.025965201156858
43.63610965474247
40.28842961555645
39.73979444085603
62.88424246398007
18.787659880439335
19.86689781243974
49.00905422121197
60.93774127472705
62.531120881947984
30.197748793500068
52.264362375363376
31.604685934676986
35.22125894788239
31.85999378570893
58.460159238092416
38.039813059767496
35.43492825113128
26.303307311387663
35.180465375594935
58.5276043324989
46.18350228812841
47.18636305204598
26.212359122206415
61.665931868876335
9.273080404749884
25.651979133541573
12.425920181635227
5.842914246715829
1.847271833030213
13.973220012337379
55.461070657988394
36.50160348267713
16.235890185255904
53.51326159022434
46.567467592087624
52.402516720414496
21.940464509793898
56.66741673728653
59.205568317430036
34.13477558908391
34.675303276253686
58.672824472195074
53.753629938743856
43.107007505072644
60.231235251798296
21.987538536273163
59.726608769360716
31.502461085666333
48.76976311572331
46.37487783064749
22.78882752003676
61.04936407189962
4.287222978702033
44.82666840423768
30.508792649522114
56.91003501056298
29.716246208791397
62.53047332303761
47.04746481551025
20.30540536697088
5.248549056647597
63.70282252976107
51.76447777175339
47.51526151999515
52.09624393677438
41.34209988018377
4.47551766101985
50.211183030979726
7.981873064841579
11.437805331145334
59.041326124084584
57.50394636133221
47.688844736529504
48.61225193795602
56.40255501141577
35.42651428970411
57.55958996279217
36.06803521517598
48.04544917789834
49.22125510668013
34.760657907604525
41.154402934838544
38.9309242198356
31.36834827193369
23.905753686325077
54.684677549255355
42.71774458736135
56.73519351628629
43.684910749467065
42.32210557728058
8.722485553286702
30.067379889979563
44.66877374836565
58.83642913584104
49.198763462634126
58.69497507930502
41.01915557394658
60.40814842233827
52.21398922989416
43.31457414624218
62.53749953604053
11.642857993812534
62.17042777783465
63.24292672918111
38.32031199649347
54.093381473327
61.77400708954981
56.32380183505809
54.16522119523511
61.51854878508028
34.38920781288578
61.71083089012059
60.0130715937492
18.04984392796348
63.13832492572513
58.20276259420403
53.34810586050435
19.80626232077222
28.52314953840567
26.557504222828676
45.510624529606176
44.7770981624503
61.973433339393495
57.6822888776284
51.072487890337314
56.20166310941858
45.234832855704134
58.8097597817182
62.76419629246964
59.03656214831166
20.733835101706738
57.97146361514858
57.14563133731881
54.67574505231579
40.68125271565688
48.15979632759913
40.013876495426786
36.42138719895124
26.35090636981066
34.40314858926318
4.1837744986383925
37.789641967347066
35.68502694726506
61.12010003649975
46.616553547924305
43.6514738047716
54.02200317543701
35.43925661563941
45.52392219932136
49.281319066795156
31.20495003090565
13.926205094130047
28.72679289994057
57.98680066181074
10.387282774763186
2.938005746528262
10.654148251038912
38.88735044670854
17.36247352044051
47.89877385636542
56.74265653521266
35.642608284207455
26.641994714552716
15.557311226810008
36.46767564787596
32.607869323520006
51.138559056470974
60.975669543367786
14.849536342675691
40.73342160127978
50.71863042452888
56.88646437363536
42.959368953956165
48.48416417019576
18.169366615553976
52.656109890629544
19.064436974867718
58.21122415599739
37.73736510230512
60.15508114384233
21.30891598389946
47.586606740472305
46.01870656259772
57.56969231014182
45.12890313888158
25.296323304856237
59.39045103414564
60.789737826090516
16.87888535280313
46.54888820666943
21.905328985909037
56.89836652780975
53.85732824293788
34.350363650737094
60.138342542157886
36.433744167008754
63.971350019243054
39.05585444875271
31.73494675170374
55.71435601172449
53.92307699287972
46.71923888143368
8.615274823650985
29.082060607599225
58.046106337665876
1.844639676731866
18.15602000120967
17.33723814643905
36.90399311621019
43.834184333785785
38.74875571658727
12.31453039679434
57.671331436068755
62.31623622621721
31.6423038059131
21.190083947333484
37.83942429555985
30.525543404268177
56.54908068574521
40.13475418166689
61.52540378615994
4.677211077677285
30.692986634786145
59.60163849566305
55.10075489838707
3.1488761132457768
54.77002906575472
3.0071706906438394
31.55712296169841
49.321587952033916
9.700337507318622
29.752477211808312
30.74950989292904
51.20872404496757
44.608690462485356
40.45911845474028
42.28060570520687
50.55567426455694
24.233494746073397
52.966625241171954
50.185945646848204
45.2480994878033
50.67287098587364
63.13029918177189
24.396419287840097
35.02624267414579
48.156175516177285
46.75190991822012
49.74790966336242
31.13648334181714
40.625195222647484
42.1489739892651
10.128633005705744
30.194881324864284
45.52146255644078
32.604069377058195
54.39411653453982
56.46617754742602
37.75474292610646
20.45288062975382
41.49576237838872
63.01255301902779
45.64935421244408
38.89303874528281
42.13308747523116
28.673541856331532
20.89329774713609
26.22900698429126
2.003965182593255
41.96921597578847
19.259644533343184
27.116331728128863
33.299806086380016
27.610124662375235
62.81057383762824
24.51484853182533
32.98580333277942
10.859115190330414
55.86502275869374
56.85402581194435
54.816207172884255
50.69565371788876
62.86396367206141
41.82993624001284
54.04786593324785
61.46506423210094
44.12282353619949
25.598117593008624
61.49807909935984
62.87397125717957
38.37473816052323
52.677763157116374
52.41597609716544
54.02336004731866
32.15013382659519
15.257900808829874
43.88728103814546
52.08347221362409
46.65374474024027
61.50541415140716
37.56394504031517
10.71427855407493
46.80494266825266
46.519970649111755
40.560313219215885
50.68478699507389
47.10704543453595
34.568561087866456
19.542915293616623
58.81134851485653
50.51995960395726
50.67073020067785
22.529235939527204
34.36801181634827
49.226065056690906
63.86891069174858
20.972039352753924
48.65208086778847
63.91459556199171
46.13811611152359
63.907703649638776
46.65520888128617
0.27010079468202974
48.58660311903775
56.8298681658588
37.26074493163769
62.58677689840727
30.4952970426018
57.71261941343944
57.12038565784265
11.47437179996092
20.006143356602266
52.48108942304201
41.45743765297006
29.67231614550905
60.45876488531532
28.94282716167738
53.302771280023585
59.91964148429265
60.269490842985114
47.470755700176284
26.795719090661365
59.45744148239353
40.663408198985636
62.6114017156606
26.714034963782318
37.03442786963531
34.34340075638404
46.447515473875185
59.046569226646064
56.60436406484482
59.06255432131864
60.23866154153023
63.973310725902344
57.860695124151654
47.17956757527173
61.261407907857404
38.236283394243365
63.32498223442043
39.874067994690336
15.45962772742228
36.83265808461795
26.881276674570138
40.031822664076294
32.440591588709694
37.71763463231623
41.805077940483464
57.41294666579193
29.478965542398242
35.46974208058964
31.167781333638345
56.848163174671434
44.04833570761664
45.900298186468426
5.161889857458135
48.62080272174978
4.237442440391838
48.91980881961668
41.371973347119294
37.298182097291956
9.06868200176229
45.92430279313028
49.79555110138992
30.012479553707053
11.51372522845542
60.07218577729265
46.71650054904795
62.951079550052164
60.29227579177629
35.80812287802682
63.83059313717501
62.760005578225005
59.26313448531621
49.39832373054501
2.487466739590147
17.76013378340511
22.63726268843495
60.490642381358285
56.31946243650837
39.637325062291374
50.91584034530845
4.815280063673505
11.543755811580297
49.12182586881748
61.02925265638656
31.992778168272956
49.97164448003362
33.98012596516229
43.017459258699745
26.22222636284748
15.899908013400285
18.987363910606135
54.20800739440199
0.6022617795305578
35.2628190737978
4.730436210107072
61.580796365135335
56.16750216496136
45.565561516621585
4.127048844641081
59.957761530941376
29.482449098230703
47.344801216489884
62.021158678447655
50.35238314812989
15.369531604519935
44.63160530249606
43.70155737560523
43.41972309686457
37.20066070943987
16.043170194420732
59.31164061994755
52.3327584250053
29.133815612616488
41.24503399878612
27.341788617240255
34.192266929783656
43.00407719606888
17.618193932260496
8.97573489696454
24.230845639617584
61.23776945904078
39.73786792622127
59.650114380069446
16.380163018852926
48.29428941797664
47.23340916097322
48.183738203937246
16.799019043536504
56.494376105994824
13.66823123640691
40.88698111074447
47.765255249235295
60.484617520854435
7.998419387368237
53.3017302207857
10.329466963337318
53.68604572460101
30.962344573072095
63.10699206021157
43.395961786728456
45.7842052032825
52.42612726186988
49.66772895531074
29.420536571759357
58.10793252336989
38.24641826528797
44.49590685108058
61.57807494953358
38.16311430921823
49.927330472944455
38.58668256104308
43.98888176983135
40.57959069067183
46.28527485719759
47.431337716780064
53.08056317310042
63.41036655498868
11.956153666570167
31.727981450154417
62.715401970612724
34.742329754433
30.379598080217306
5.2641018334634
24.02718434518713
38.193125403181064
47.97906186196536
34.963040275494414
32.777141130762914
15.852554436929267
21.866206823825188
61.43004944523334
40.11335392243605
42.67413635935509
62.668254303126886
57.79563247660364
59.02242028069226
27.653352128935474
52.78704097799675
54.031758064019485
4.808169061871375
55.4318103954643
34.881802507050665
59.342566893999276
35.31059611092861
52.99484247998037
37.04757122577737
21.7371895896001
42.732930945308546
34.483659559973205
13.442327482005254
53.27812728797102
60.1678797915806
57.6553017500135
38.87062623378989
53.34227189083852
62.25516076594238
49.98674097680127
60.33171305585252
59.525612260323285
47.47130410013316
40.91889645105776
60.47237097784007
35.7074970962318
2.7032530761205678
61.74605834858717
44.18932536911206
38.07338494590741
49.70287790404483
58.94796770545862
57.9111297434633
33.00200352281804
19.969552713171936
38.723877318955445
51.42212426830291
48.60108423368322
61.525804811040416
38.36248255678569
15.150987228925239
21.18965909410555
12.28214686682196
15.179338461517673
41.735553905548535
21.76832887862104
49.6525738177059
41.71407150610761
57.222827886218994
63.26668150027134
43.06729059862509
32.98041050402081
40.82083127386017
27.73004908134351
50.82940591901167
62.16081391041321
32.0006040744731
39.02322765665503
41.30328877185826
50.72255678173171
44.8010006343451
5.384561453713282
16.48452333034909
52.19753205331978
60.04959403257272
48.78005794392335
49.8429146039763
5.929353289778632
52.60692647388243
41.67089796941108
51.81732905715904
18.416385940537644
56.4030496167821
20.392699900952948
55.302381919410195
55.48487955704107
59.73932255130475
58.48521939628524
33.35410838163163
12.608562667493487
53.03875864979916
57.46474399519333
3.2979722297405445
37.60694810511511
33.377831709295734
52.42287824643339
51.36394829668674
45.269235523957576
54.41676707984537
62.64963022729852
14.903216407861287
25.29530103912638
1.4219980822418847
52.8881686863215
53.18552983870175
45.545681916423234
56.428771476442854
31.89156066471886
22.055314106129316
50.10516418166769
29.8089194049562
44.07768540643248
62.75186216529714
61.65396393558739
17.720044212388018
57.62659393618499
50.0559589003416
11.854323706757363
38.718301301992724
49.46891895805026
56.74238291830348
57.07640453475349
49.88683988291552
25.191298108049857
55.5707705092483
21.43635525973098
23.91766989547144
59.06754996264438
61.40035435644099
8.62061116886077
41.07165962209484
62.67927730681403
30.334691172671008
12.929233480920402
19.640943561884818
28.37525613910274
28.298713497795553
62.74110008796087
59.764050645998594
23.843728273129074
41.37992763039016
20.985624408194816
15.094067322865335
56.12213972797613
20.89515901609606
43.08759451162385
31.06987022695496
7.733506043844002
33.18380838065734
8.694961593976203
55.85562792617218
14.574485445541214
60.69056862036341
52.78845545792497
54.73089019916056
31.29361358575403
47.95540988704221
59.57280420187382
37.00136504205307
18.20887361074879
32.44713981316822
56.91653846430698
58.13909148983405
0.6809678519570355
52.62693165730403
62.55215880295286
12.554407495231025
31.976358123867975
26.614651188540584
21.26812994055522
30.72175178864937
35.48733480219474
48.51961560443712
52.42504993403481
26.301535922774463
56.33028209102793
58.96035349128712
13.731380664420534
31.1847897713308
30.506035587943032
36.562054787991215
58.6517045709546
27.55900326603369
32.47441358290428
47.15426680008632
58.46893178501929
41.880101379996674
49.558055607926946
53.47901367092889
36.807619453028394
58.91059407855096
49.60677136652582
19.129099774595396
29.741420368850847
52.186274347410134
6.164998575071657
50.759065314080765
6.005259901402496
19.720028700368168
60.176714228490376
52.92251124158292
41.33797006437253
58.8448999397405
42.73960965720187
29.997319520619016
2.8783689509608053
46.90365413292619
30.178294642498486
27.844758819533403
42.44144309724635
41.593453887926856
40.75427610811937
53.90281060304804
40.392319735621015
17.785225427864205
47.48365863415447
23.285323879652225
21.55843885111019
62.88743557594664
25.323641043896707
8.653040162339359
33.75930888789654
40.72527328038455
48.302188533683946
47.95169838652046
40.92114890092659
48.660641566217016
38.54728361451305
52.93970888107286
18.47331859457138
32.25541415413717
49.21746506598187
39.987194158747855
24.80392311033735
8.557228685337435
8.717468725694403
22.11355276170164
38.93180383919631
49.92134642371443
53.68917958577907
38.27771315830363
36.703167971155
62.53499080360383
56.04428656373155
60.27585107247359
55.21959393287941
47.500282063351186
6.948863073681771
55.267882789182636
14.64951352680027
37.70999236876996
38.54434379521118
58.71865857799611
58.85624868060897
51.219566698420195
14.59581779080876
38.075606126684114
35.588726397241444
49.303482203674896
21.577761959574616
38.054826249494454
23.646764941412677
32.42106198640556
61.49552849854535
20.13691161018749
51.99409571079288
35.529025508812154
49.60299457464993
25.759720112987672
55.420620797444414
16.783351357468362
52.290131234704745
34.065110380650594
46.008091202826364
36.83993457966268
42.151226326011525
63.42831754098628
40.76921872552228
44.76631232058655
55.083103790495436
41.85108683828915
37.52452007518759
32.33232843498254
46.06247570242739
26.170479420128316
43.255765184397376
44.50082084721109
63.14432726659019
62.07389263834157
34.69558552248225
22.635376502687905
45.51511884164985
11.341389653482693
44.057619553252735
56.00309712976439
61.81227916738186
7.332052932388123
11.457381588775966
62.77668069061697
31.063638788973883
57.42071452509658
25.725883427028023
40.631945649120205
52.944232000183426
18.373668375821538
18.236223669860415
34.33913302637488
40.4916950336654
59.01297943148137
45.945697894154094
51.20255388421371
57.230025676276966
21.816561206389757
25.764331561616117
59.214880195334075
42.55082136920721
20.320871509325357
60.84332234114249
14.99286943127472
52.15213900689747
36.71335825601351
21.907754001090268
5.49248833429543
43.38747343004501
13.533821010240842
42.310020535071864
18.975153363103395
13.097102804947227
28.068838170825472
22.652834119015978
5.923828553966473
2.0972931621163085
22.087664595805336
40.333479906959916
47.588972549531675
52.77542456407063
33.37577866253446
10.794041995824543
45.86935758708803
52.3100795148503
59.151899472200306
55.28943867657609
52.28102224408103
50.40774329966399
32.00108641446452
7.734634660601891
60.98692375080387
22.08423405703973
62.49941816852697
20.776888766926994
54.61950290205076
49.858911122250255
44.15766679725686
45.912662828845576
57.68748848336241
12.853467529385867
56.038843814988724
54.76177046778601
46.93891406494714
36.0384638560463
40.56810075062488
55.82392619732735
63.11113958839063
52.73672817708916
56.98707262083951
58.658195240896305
44.68414605368197
52.5913236001217
25.905604987835346
22.066904533138917
16.324226222060858
51.678544318411014
60.64167271356932
56.02512441600822
53.360175634198946
54.00462762260892
51.44852656521568
39.55243559215285
45.72579139740145
10.564011620257759
46.58739163050567
17.310701603309965
47.031790691337235
62.412021749783115
49.085349750438844
50.61274745773526
27.015757076253152
30.560949699185755
43.22421663916271
63.903293935852446
24.84678442446892
52.08913554288181
30.238752907953675
62.85897792024495
28.91498520669689
30.29998368782632
0.7539395527495216
38.068821196858096
26.710959987982868
51.78510145487607
33.82190570586439
50.304500473776315
24.734260074692507
63.23652019648147
56.47246025149143
10.610242294399754
59.87607659115771
21.58989049520048
42.2609315909293
46.13170181712059
27.20289868284872
35.818515332652666
40.62562587684904
40.45549496532662
23.61238158505831
29.806221834433146
57.39616912232033
16.088991429944855
45.96703328689876
18.031831899463256
45.8531122665555
13.951336087296362
41.15607549086404
59.14458984179912
62.85235616507362
60.96358332173334
38.37689619194037
20.438445308897855
36.93132176385298
44.592244284179394
53.85102041829914
50.550130871534584
55.757159493569326
47.78220565226569
29.069655527271784
35.196513974158805
19.59453830781238
36.27270279475867
61.302668511951026
48.711604044099786
36.2011094851942
62.753276548512105
42.46498578490686
44.44178248277486
26.813107437235004
46.92158035235023
62.68798918293691
48.38536322777786
45.10744160799837
49.67237780373318
54.73181721270114
40.30397564647385
60.90576027790393
39.269429135846
52.160893119091895
60.543708253404205
35.04432166856995
55.73789006558224
4.803535281173332
55.99659555774484
34.36127519398732
28.845549147055976
53.772720697621324
46.49042650376035
31.03633105467283
50.5913361572758
38.52219101829193
45.55547865779203
36.67179507334373
37.88330431206634
48.713528713244195
50.7464168567676
45.539804634613986
49.540589556909374
43.49309783805921
11.89939338125631
63.2741746764176
17.83920710598114
57.115719086164475
40.537926748906955
25.216733144452334
40.4846254931469
21.751552667426296
50.83200229868795
33.01535137342147
43.653240089567554
42.85819511038468
51.85096940699344
60.39501701047294
56.128569857452405
52.53343376858198
46.50049895677769
5.922433670570264
50.077578624346515
27.433621725021084
42.79994473205238
35.32540641861917
59.895185536511065
46.25099659868552
59.44107915207653
45.97143415999754
42.866417909065945
7.436964628112662
19.873908381660904
54.597306021260195
59.52095647060747
24.94704263124256
28.24501929548451
40.27507259396425
47.11684959262954
19.066542316343835
29.40414903072162
19.034790574320553
32.69301204341329
29.119532424142108
62.80465257066178
3.3060327048078477
24.865696640447915
36.191471630983045
46.742007511473645
53.64188979352794
6.010718881563847
60.08798739744984
25.09898504428058
6.292450620688115
43.013434783147744
53.11220446408922
58.657702459585614
59.953668977539344
45.0455219899124
51.16292845902138
39.70624514456621
46.964576521445125
37.15992174033222
36.20755617235406
61.046797632346404
61.1785243221006
48.1989695380654
11.042962401430174
57.423090239252055
57.16722697577849
38.40080588252282
55.84567940271437
39.937219863554155
19.453604860916812
59.28288706887242
41.275789548283655
28.68044622829089
49.719401918098896
56.11342388121803
26.1865665151957
30.291313977898383
42.531746564185184
37.75847355009167
51.8296195946144
52.77242197893628
35.70243206319539
59.06701875015264
56.5519706794063
40.26179018958133
30.0813611325595
58.805536641189896
52.64467616412088
53.74346836864717
41.76163879988769
61.67839124410005
57.53167492568018
48.51061247239537
20.596527396339553
9.347207489428136
29.516991562657445
29.30155733974695
40.30836911925
48.16836028881764
59.47551064165165
10.505044971923375
49.36130756904765
31.057080390641282
17.960034066094693
45.82774749019568
43.03134631741344
13.263291270473196
46.672100011075116
55.45646575974068
62.505425089256036
62.097295142245926
51.6815375847991
60.651405384821096
30.247607079298938
31.488538190686327
46.96621307913058
50.446775888269066
48.068494511388984
60.53557458971807
24.475587828661624
22.06455137819745
52.70189346922943
62.69801403838632
42.755223225530415
14.901650316394687
38.01788517674261
34.14612840674252
14.280965601722443
34.75209529468103
58.41147884193222
32.44478228219057
44.48790642155578
25.216503653284924
56.231984177417004
37.196149261162304
29.81961960297358
63.942018927890715
46.47769357140666
12.611178897110584
56.7763318365822
23.122699590344112
41.800247319222905
34.40251465305544
22.67745309251626
28.220248590997898
3.971451114963884
50.088685311735624
50.22601319851928
58.78344347195087
39.696401651602784
21.47230527015696
54.979601191838015
28.37975661295959
42.499761542308995
43.31511061458427
