58.23775269239642
17.9952382996943
1.1259816440663641
28.642962365230886
46.764850224848416
20.29198501029343
48.85454002324698
57.74956552651544
51.20182029428721
42.26259811490897
1.496343817499728
50.5770976644376
59.139581269600804
15.535558926698513
61.64519387754523
51.22101995177769
26.880109888496946
41.32042827553975
46.353839885197694
43.68194883877593
31.601892086379216
47.98567204277532
57.19750893151099
32.28840860892252
57.10984475797439
45.083171338454335
55.36010396902426
5.406499456139102
50.621010515346235
56.72148142341758
32.924036105207506
58.16256676536314
62.775257537508985
62.22312675414586
40.37484147021341
30.707078871275996
30.315331221781094
23.50563109831768
54.397962031245164
39.072341298034985
29.886765046969145
32.16156194160794
40.33546762149394
19.819902492574855
54.40968066769578
50.00584366440978
62.25984963432148
31.610574103096482
49.71332910812579
58.375962387103655
54.19656565254708
35.68588353322028
33.73575854902748
57.55261740326804
10.216434245081167
25.16725829467331
32.83743668290778
8.757127873399611
51.36075372941634
44.67828367738129
41.61628575930989
27.053718794945446
43.48041433125125
25.11969286231418
11.688072028661843
39.22771915318168
51.69486489424815
59.33750404668364
43.044077491808665
18.77888140315393
54.67766222749849
62.3135443951553
55.77654038203698
19.0650124190876
39.18469905538214
38.57167570472283
61.9759088305332
44.122822503531594
52.74623651106417
24.32834184785807
48.28785320857989
55.87000122384061
43.121548712032364
52.54708035300509
2.06341496186991
41.22597100399894
17.634566095185278
34.636086532839634
26.500980831362376
49.38106615740716
58.115983657918214
62.27185246583373
50.98055173632574
63.64608435858609
29.267935782163455
61.27964087368237
58.11523589424354
57.01462133510914
16.741721296240108
15.85510060833127
28.703059740190774
34.995967322837146
34.62036799853947
32.477433516120534
22.094153374217242
45.92351736593142
53.99404704850169
3.29439948980999
43.80728974327541
30.724673643036034
10.221773744182407
63.539525549472216
57.39010520335574
36.82574696138638
16.424190753613495
48.145113102874774
34.21587195937747
31.691851535933715
32.367395194275254
25.718668038595744
51.4910028648839
15.3901468727638
49.52552173181245
50.543559850529185
5.496773691822909
38.54704288184989
59.831100698111314
33.81823577542583
51.342897582752315
19.949223532017434
62.39368115753889
16.58040444918545
63.68596261690341
48.248570127654574
5.692765320688544
3.8456115761308354
51.32129338636077
53.08700541107048
45.62776991893337
29.803164352852335
61.019093798443265
1.2712207451574713
36.31048007518035
16.912598662858933
25.63976906405049
48.07818401862281
53.34072138617506
28.355009865472084
55.79236605757794
48.77211335431299
61.46993932557306
45.55804544135239
54.60742076198937
32.53250559547931
45.57805140879188
23.84351891165484
54.30057151387223
33.769893133089795
36.97852897429558
35.362718783670616
51.179841804829486
46.793270006815135
41.35938536937378
36.652651225658175
54.99408567652801
62.00621336773987
61.84530841311836
23.07077041908559
32.687677194123765
40.44955345916594
23.386679566225915
45.27466681231708
33.72984754162236
52.57729454460468
30.179248355715636
7.0355150808869595
38.78467245315687
38.49630274635347
25.308599535030012
18.085261318839585
40.93315339417815
62.580688640146526
15.59132265249211
31.302840643983444
35.58627597233915
53.196121699646724
52.477996275989824
19.97582263866167
62.183167047656184
35.99944295690424
33.391350698079506
13.425622735782625
28.878282184933617
61.053690549646824
14.748752414462103
25.389911505461477
45.34024939967107
62.070287564952
26.509223829418502
10.807611249024013
27.414223590283335
50.80089151878356
35.03745688018975
22.42867222127412
61.83551293531191
55.79388040680335
20.49556474739464
57.67883839166276
54.77277034197529
46.77715285327941
31.960856498989536
11.375613327174634
7.016200044064611
26.41337031770474
27.576866537213135
62.491557616262384
13.593837087727941
26.915984858145663
3.3479569123464756
56.921294568896485
59.930292799125766
39.30093793835649
38.850341487118754
1.8759990363453056
4.649790350793381
57.05633949932354
32.48414113247505
21.426892705920153
56.209607756943676
6.476722409962086
36.45874504479786
61.31290572462651
33.93874291204405
36.74098352850286
59.21429073031773
6.1760989107078
33.9784031513569
44.93258812210601
60.180978316704916
39.02738073737356
5.062039305951281
60.10290851739707
34.3773465067253
23.385539940796946
53.88513100213017
47.58962511850111
11.964840179815383
45.0385559246629
17.62507733210135
50.32869398143657
56.15450267135996
49.381101656599775
37.012688442790996
63.484574895340145
59.76012896257369
18.753271284048964
19.747375561801995
53.84915203133119
26.752826724225017
28.611391133167082
22.57419314101866
13.286332224386747
49.144156600738135
11.75611749424506
50.91722085201968
28.63820687443141
28.045158065004614
33.23109655389321
35.97431208577128
57.7342478501408
36.596896647444765
62.85842474423378
49.25529993141712
40.71985572332806
43.638574488580474
47.26605962502671
5.753093149218223
8.568267207442744
40.50716902908293
11.768404457376747
50.3410402121469
35.90278034535844
52.992884015399405
58.02465976330197
54.411444167577145
36.73835089518391
28.642362529742613
31.963083520979033
57.86383004541688
62.90421530424655
39.37202535606561
28.923038096569016
20.342929338316807
29.925647091616128
59.467082452592464
37.28912886825009
6.5389239163986375
49.938314118947
43.18353721674688
60.773128059901296
41.381552797002854
17.469568836332897
25.355943590141784
36.003294031318816
54.45771807032217
28.621784517457925
19.697866569398414
51.23930081399149
43.07537390093813
43.8455679047363
40.21773132799147
12.829776914791665
16.15686047570165
27.103401335102973
34.01215306148812
34.84814988828799
26.497492676955915
62.724896636879336
61.189309279511825
63.870951321436756
37.545925137188895
37.5995188859424
24.298632421686946
45.94370749654932
61.71581914472182
20.32513181349053
26.862893820070987
17.287047632267914
42.60225411890244
57.66031583426456
55.61535407447637
51.67996982946069
42.393833561173984
47.19802119720778
25.3767315910208
60.10779794563877
20.46514428010527
38.93737675976269
44.76451857694581
44.91917248078342
47.868184536917695
52.25886617425229
59.549709420567524
24.777591386461538
44.044184946459225
57.46841281574184
53.60042114586743
35.35993054738943
22.48734050233906
49.17011542056125
59.05382652897021
46.986415417137735
60.6895700567063
26.612710039335155
24.287488763196954
21.99570080997797
0.2816414122303641
30.90767647850049
51.51982153506042
46.78217968756596
60.15391145149452
60.89648194886228
46.16087558955823
53.39029389853942
17.6232515634804
31.24551897090332
36.1248732533136
61.0726874683249
63.28346254437319
35.24747272789058
29.0260974292924
10.644899012859
54.98528287249103
46.84637662335692
28.313239840792484
42.50082840754557
40.17719289377781
38.410633925320425
14.760879975589468
47.1869140572319
36.83627109118835
21.965560006072153
61.21095066026108
32.851792038091574
54.09556558138345
52.09847092752928
61.199795986351276
61.763632186807556
57.99680985021514
34.780228117979206
51.32164952281695
63.110739610981
54.28710614270379
59.03302567355156
35.37665272683987
20.575460279215747
51.83845667358369
35.483797497425016
26.544758983434093
62.56012958764134
62.06033682707259
56.98909931627033
17.933928009960553
15.701102956540218
14.997455993920106
10.73992704268074
40.240188283165345
39.11221854483537
58.056669629016625
27.963312052501998
60.31621828567192
61.20157825966885
60.26510871249117
39.137130037462754
38.66532190986298
18.1767346095002
36.02181545026369
47.98366216982107
52.51207639616377
44.27842770775285
56.644274018303264
60.81667985140371
53.84058157593722
58.62093485198491
50.3794139795652
53.63531289135365
55.4447605420335
51.25644623840359
52.41099994144914
0.7039535894234419
60.96163420853443
60.703359335652785
61.39321961663272
38.400126964476605
43.09472531244465
59.98914530769372
54.99230807567168
51.70800026109904
60.20217441090307
49.18042608980102
18.36956037524181
27.87966015645778
47.75563414923923
42.040715783781295
15.452443176984673
32.41916973542355
52.24338505331378
57.892367271571864
4.772669002636469
35.025701083356026
28.665284705243288
33.569857919938244
61.63412255830771
57.89799107754536
55.36061659830146
42.73844391416164
42.26215190637233
53.99249248015406
9.330514427822123
40.97263327842765
50.66378080603843
37.07279041955405
18.376751716184828
33.17691201146478
52.295790950989826
56.416744690382586
42.63153731459245
11.239077412716476
56.15833742225254
58.223284727367194
21.10408413147723
49.40745146714015
16.1735723829888
63.239661579444174
55.79011875995791
40.87512512858328
9.854156282496326
3.5745384778587947
5.44134908664477
22.6095697810186
48.06484300331552
13.29630335273751
53.61968562078961
42.559486515313125
34.38843879476907
48.08866457550645
31.40156892736787
42.833971933203465
30.503787273472014
31.51764543269701
62.71810262664588
42.803967913915045
35.77715597497616
21.226783404258562
63.02095495841729
57.629505263777595
48.535100832877546
33.903954010036045
20.140054915677965
37.5344380143851
4.164897920753326
55.722276550134346
53.13150052128221
60.13639380217326
55.47703334555439
51.302578927770114
22.169611940089744
44.05471508210152
62.634610477728046
54.02185623142661
54.194606589816814
13.592670715867428
30.465625208478215
54.65131438813387
37.07198836204023
44.19495705156719
38.70037803980293
38.137381531162795
36.89399293401904
26.6962093777622
11.725396175463587
55.12924321550221
45.28233222471178
52.1250275830878
27.98340245323388
33.04102160778267
55.21171871126842
55.884886562773765
17.31452988163246
55.404672441763076
56.00308445674928
50.66262573340801
19.55925962784515
36.66399419286667
39.60435846204406
60.9919540015865
57.61734647782594
50.497476633143684
27.451942906011062
47.766276524095005
43.6350023067473
55.21524134110395
32.62412838528546
35.12275988246724
54.27086159513241
1.5453928919814146
49.92557855399074
50.22156100099581
59.24168029891371
54.54905855656004
57.45277116988812
47.745990538762726
18.441566168922257
27.813090853225347
57.47066926912027
59.574739623496164
61.57851775212864
50.90896628900605
19.971219832428496
2.1546723987406793
41.551421396137634
49.2009350245121
63.19174818933552
20.549014734998167
42.11910351072958
55.80458657886197
5.330958180005659
50.96212200482442
36.85977632543613
51.89232170030385
44.584523509320555
48.37526840630819
36.53851686810338
43.218814270321715
8.169235126131802
44.506534222822
11.078779801521257
57.313694746299014
54.69153371728654
43.287994849357894
54.81481733074458
32.46351952754055
59.53811523466874
61.72760742734729
61.18579957151329
46.90722724833779
35.29228529831239
50.218346006449735
19.326246945599785
21.020636577912498
31.772508431511582
20.219235507259633
4.61218069983294
19.73744482216003
39.22316048199506
42.154887704883436
57.41631578619712
1.8200202028593324
45.879649836170074
60.690816430457566
21.730113270851852
32.94132317579907
38.32999320853395
61.57863527742245
51.95803659647366
52.44929874660549
21.332405858206563
24.025895164141538
51.47785298112502
40.233051267865065
22.715203748558586
52.89880557219025
10.350762767636724
49.75054230214025
52.718257544538474
63.78534551795906
44.364596447029086
44.234072197156664
36.79338883424985
27.152475521615607
29.79382504151345
42.752881214401384
38.94170238851927
58.053563129119524
20.11627760420908
38.11212995764911
41.693864369000124
48.85720746825104
40.343832543654074
58.66653137887923
51.91227311505175
36.60362941592051
25.1777510831813
25.506969877517783
62.114413027434054
19.578526519957002
45.65700720743643
60.29097415615136
48.66452549949411
39.98898049380256
40.14018477956152
19.378063889116454
57.11657487993615
35.02498326662614
40.55407506536103
50.96746894291299
60.47208655817237
48.33848442904147
57.43657155239531
48.70358854565296
56.959963853702945
27.304116839280866
25.789940859460252
63.057071337483976
20.43365868241979
38.44538646567399
36.099819102543876
38.53352315404665
17.89026558557454
11.965683760438793
63.65472953352055
63.75838878494386
39.73149337751783
53.93292462568441
19.883738699038574
49.54935165822086
31.1496821825094
30.887619966508808
42.844888815980774
3.286683759729712
41.640588445716084
39.691965550442035
21.30786548686364
51.616426715052555
40.2682036499541
41.81699854652287
50.55981856983339
12.476031825851848
13.42003562872101
48.859100751189146
61.72628225262974
8.660802845929801
13.984246946016597
37.901151622760565
21.365526727485218
42.74453439522133
42.32751334091979
10.818485384615023
57.698076599488886
43.484789295754126
47.27991148906506
57.32162842756321
61.78003460141871
8.217653752484054
22.555412559156693
49.74870806652754
50.586913024614276
40.42726706589578
56.65642112198265
61.001039833032486
5.419501490266221
17.358205669419412
52.55661618572226
2.261279409226937
57.89940339931514
24.842598116754296
36.451677335394066
38.20177059954436
47.937408959432474
18.124661363367288
32.501618715636255
47.337115115017745
46.751501173479916
45.564240609339834
45.10968006420859
9.854936807015584
25.852635454473543
48.33352117313694
56.71215221152235
36.63699856099247
63.56106383173256
38.7366123099805
54.21390753334616
46.92766670600637
38.049378872809115
50.97758977136962
34.66063357710551
26.594590869788057
60.176129101903264
52.256105116302216
55.84493325860372
42.06333473359673
38.53222524966713
31.027470910238584
53.776694516394016
28.052258022571813
53.0437430957295
30.810624288301156
56.26452103088859
41.10315451528831
47.85145567454201
57.300915702003415
26.978592737940396
39.48887322573201
27.746762020716375
47.7013546562696
39.54049821167209
50.24001424122297
62.15508142654298
56.55004107556275
53.24000187153682
59.58783817950487
50.052869656742786
41.74201575428276
12.573643173521774
59.05717093009308
63.785252817543665
55.32882129584834
43.70335469415609
41.29398974832303
57.255360561442295
49.028354392480765
47.078230368387636
48.110242758263844
58.14521862226293
21.97354296159336
54.348643774914265
50.774051742463655
38.08014216350686
27.02881578867671
56.397466978048875
55.95298719506222
48.812471050241776
51.396628901744414
61.696911214011394
6.412197267710468
43.716947511502696
50.01465297789443
27.318867348591837
23.916191465020667
16.697406755224478
48.20868761288344
2.1226445847341964
41.77392838672225
52.040212214139984
50.72062352913245
15.013284814016323
12.282525455338117
35.22179272146485
40.38589894284969
24.348311814978743
40.166870549190584
56.5172815950772
53.73304412643453
61.75696163726264
19.01832416889058
29.36304260098671
38.307139219098346
18.8893885612908
51.632547496867865
51.39585988709482
53.6003140657506
39.35467281017589
36.17020370182693
48.479684466666455
59.15097096452034
13.978289353677226
20.921487623129387
34.64001098633578
44.49757225533858
55.28146681722099
59.554285610237955
56.94563045706469
26.17915251086375
29.386788252823997
51.08135607138306
48.58378594525962
61.801529683923114
51.91062506335227
43.90826996845766
39.19638890787071
38.290486791970125
52.40528565051327
21.93911162643961
60.66056458714922
19.712046989685412
47.26813052112301
35.62596459682382
18.503047223329368
42.15805871402438
34.62285784217974
34.32950519804284
39.22719752824115
19.23496692689495
56.59878216237048
42.69327376427848
47.146182730176335
59.75051932936055
26.282765715318817
46.6535896665445
63.462287174908944
63.734871191651706
52.30327131848241
12.405827453943893
19.881729267643095
49.92842886571838
22.841139730347912
49.95209358011442
57.703871621224295
63.45291286053182
50.51945511798655
50.90377122386813
30.64410324878611
31.952748002498893
10.748921317544756
39.997335477691806
60.64978439356541
43.97556127555114
43.92266327785295
38.61227336197421
46.48437442918622
63.08192194660665
27.453111171474752
40.074799524525005
2.6659689973118006
49.84511297839349
38.791774709722766
35.824914018148235
29.95376566513947
16.58055092385301
61.82936810760416
8.400093310181916
62.65694263743241
27.687163116433055
61.710658716103055
55.799646287993745
39.51800148109672
32.65537148010298
51.13417801800393
15.110868080344659
31.539246391234727
41.37041047813375
56.98027178448266
52.60147661414649
48.67146184270633
11.69682376943154
39.02914132146728
57.49212049826879
59.47273323211062
31.295128084881078
50.73502662737275
61.77955863496627
63.49245504014793
16.8902521157913
30.53215621649131
51.0338539015974
57.159660892842425
20.27900357382761
25.571175575211377
29.531551568480232
27.190649024665923
21.639062740876533
40.94911071528958
20.348725567394887
54.39896869832198
34.57520177130091
61.72925812394169
63.74940864172523
22.236922011685586
27.32858850833511
63.657954839543585
19.549180702225932
19.28879602513601
33.46635135840846
43.92941748188085
58.55559535523274
18.284216972687595
53.96361387789868
29.017340103430307
46.74605591018073
48.799553703510675
43.43452627821914
35.870727663992014
44.833979485236526
18.0926013497969
60.38702274541967
61.263219153616745
56.77290842466413
54.96795221846091
61.44846940093293
51.245442796062555
20.910717499947104
42.67120513363721
34.82930804154732
46.290703229790054
56.769586506461906
54.76300463781814
49.06087576781937
13.274839877836797
21.01418509115014
40.177868453223404
40.78487166666798
41.89904071627784
43.56192211316455
10.617219079942103
34.247220334168745
49.479650303055
51.433084407580935
50.314426810661864
28.544063061874418
26.540364345146386
26.091211230088163
45.16132155134665
48.936437787699205
29.61767240816763
7.933601673760613
7.2412268673248334
0.23731380070314145
54.637357603238044
39.67664390728441
58.968022350214255
35.19068756958224
36.613019086142
55.97307900298723
6.655434855571855
5.4347525272063635
36.021869636196556
45.93234020479272
26.518623989180327
41.51488166264082
57.2415671570169
29.175381119947062
56.03885417891395
25.911698191689098
38.76332113799735
56.17577558492582
3.2644682263211777
37.77491665250304
12.036931070239618
58.43742042337582
13.944456912733393
17.713984280164055
30.040457990603926
31.916661260446432
26.836132239108004
57.27893381571502
15.2206106890863
10.034050460457301
38.64050852118997
15.115452987996917
56.35533866198819
20.064989935686803
39.311100567131916
54.98812011497612
62.777584478971356
47.49680040279317
1.7435629759687146
58.32730711916976
45.489350055870545
23.75896225872374
58.16111036844829
37.506717913784804
36.713367569226705
49.97956652095279
27.253195098910382
17.368701828345046
63.4904191028219
30.8431633164842
41.39030400021811
51.64793125756399
53.63404681094871
56.49871726436489
53.512326550001134
23.65738315191821
11.93423518689847
36.3239605027259
22.842027139553323
48.91716390206519
14.31201902747614
60.29918252595556
61.06056095725597
45.54010031320418
44.952060245256355
42.205348556235776
41.4175194187263
33.90627849375799
52.395504716347624
27.786910534020322
40.769810711286894
38.49436318074352
9.524490229003447
34.46932152820835
55.03263007726902
55.634492490585615
43.17610747521894
44.250137553950914
53.6510664894692
32.646590091658354
43.45348382507291
45.674041316144866
6.364240608383547
27.072913360039053
19.922251965611522
10.134233544446204
58.06650881125675
42.93454475938686
48.990480959181276
27.625021015102654
35.87713741924042
3.351254233240965
46.3637426271346
32.195385451045084
62.5704373527061
61.51838366705428
40.96312554639512
15.572640338816946
45.839105012085625
27.419759971404225
56.018438318056134
27.979742352837718
35.43177504776125
47.703048740823924
20.24041052905642
40.20595253750467
41.195208848134364
27.3088606751446
55.0262198018054
57.22174833189005
49.25761785455468
27.25394533990626
31.991376797789286
27.480171279326846
10.116712644948038
17.46952543628708
9.670878091678226
27.188198866599315
46.64996316965403
57.260318885719485
51.52084209387603
26.61459891657514
29.500591442343712
31.04980179680166
40.37221594178433
19.723314078743186
31.961546304671643
29.93291492100709
3.0023669177397565
55.70323270371178
52.53934159148175
63.74798373582159
33.82542250529551
13.527600431968402
21.23286747110707
58.600065681728296
17.186781570794388
25.56974353301655
56.108663730160856
57.62148835360703
57.13775141110621
44.84484417451711
51.061385785934974
50.03339931960311
63.67196600302525
54.73949813903113
27.02245917277446
34.995077166317365
52.9495726055405
38.62715068622419
25.992285668059345
51.24308569107993
61.439952337787155
2.759115585353264
50.34544759127286
37.9169936482201
42.7451565484591
60.79647946705901
41.43299302091337
27.074481622841184
21.28860015882904
58.686038121698196
35.11753937615986
35.13438396978308
32.59654355036188
19.09098988712656
13.60841325386152
9.25626128615285
37.45568624848423
0.6133676606856895
26.553960185258767
42.21364533925196
46.12606795145204
46.02213327569732
49.356865236767284
20.202921885244372
18.851619018008122
33.20149799764419
48.37694292974042
43.7677714980985
29.898514660517407
53.01788178551536
2.2908806065419043
26.303502450910003
38.10576685521708
47.580071194024185
55.82543252382431
63.67745149181163
58.39045902404519
56.50801845879497
40.36706898329081
4.246920813165282
53.94723780747027
35.187743601803675
28.85717669701763
44.65322582536258
15.875859022342837
57.074780585813485
56.88331482397176
22.725922401419815
44.7270603012377
22.533225974182834
63.67663239199945
37.25701030181343
56.07352596668627
49.83457119291325
34.600958400236706
40.629217508140805
17.124922552236654
60.13006653982662
60.51079502006543
63.61111435163467
27.61048308592696
44.14199929703891
59.74255351764096
23.36872571812205
20.94490055525489
34.77486057275554
43.295301273402245
57.22158340075278
26.552330918983458
61.982023610916144
29.61512005919971
58.482511884547066
62.719210726433495
28.146438021566283
55.90811427430053
38.42181256663718
48.562439006406706
44.33648969576774
25.91649050018477
37.83687151382978
52.558268361803975
60.72880694330527
55.59825588093032
32.42324835186177
59.04342940176892
16.80486382114686
19.82916824207679
62.06709905905028
59.62358875327393
60.065338850150546
40.230718418431515
27.877389240463636
52.549128346189704
45.488918216541876
16.599726590790212
60.675494444700384
40.44907692889942
55.962362385177535
61.73726179621639
31.846231093704212
49.9070773638649
54.716588465536354
45.17077166569017
45.54090384832452
58.14478467517335
49.886203039644364
53.898016018774456
19.3110428507605
25.43771773029679
41.36615431728444
27.85610475418033
4.516449209864184
49.75213813153015
53.65058208506637
50.691648584356926
37.82024997259859
56.175893180429014
61.21893987570917
51.479303065157445
61.416509112407304
59.35054366706813
30.327363514363242
61.89974213078206
34.11940479132774
32.68150735600186
60.027849186991894
8.87990841238652
8.29422215408021
52.787908727885885
25.68545872190628
51.43369347782369
62.089409233051086
58.25768436917115
23.228841906689865
34.154933439136
52.00016552135328
47.50853725868775
7.5913678397435405
55.27335378525237
59.33929968765168
42.20046801130201
21.394497837422648
27.378899861548206
38.730247928010236
44.68573563003217
58.56906535715551
37.56001898786338
33.00457415842102
50.92470233012245
39.70153673221724
32.95167269511997
47.70816932360566
27.172592258787937
44.76319956525221
58.123960644558274
53.74929542258403
53.68164077117866
23.110440324744665
59.27872251589349
47.97937370080474
24.02352523598786
55.8908833647978
38.22391838044328
55.95263207861853
20.70270140225999
47.385562067928575
39.7777932508539
18.015768215098717
5.777647515289068
22.40474645726521
62.22654757261193
63.88587481531781
59.03912197348282
47.717812789051465
38.27728538278109
54.342388580799934
47.42426064098808
22.460541404526175
39.13479085761669
60.83767688171935
18.30090110812379
21.588364731390314
56.31587231796595
50.52979280980574
53.810597923080536
49.48491917615431
58.55530331824626
4.948940222542738
50.46192738960654
1.4865688055862876
36.56928930406113
53.47749159666673
57.317365084499905
40.094651733355164
41.31772689918771
49.436712961540344
11.973838616766578
57.259946795660895
34.65556873947388
39.10284370070542
34.96800105282399
18.96574493919823
14.838969953460094
56.714767583399606
25.664184739307046
62.27634568339571
63.66584729162576
24.468162329574866
41.15075608322865
41.52326760320537
4.299439742245347
22.049347988537647
51.69966169169597
61.87261076095127
29.599489515418128
53.07100056564995
59.443277948594066
11.858126172253847
31.015627301442564
59.99024976126053
51.96944351607184
32.47106973496629
39.518670824429165
48.72391344996258
30.41469265442543
34.795168145144935
56.77536998983735
51.176620014435535
51.5010781129876
17.27789533025848
21.69722562963095
26.81487441941477
2.776734894233421
45.32398822055815
14.771647141601406
48.80940727073502
24.981298712466817
35.64758056148913
33.71093537708683
40.39515809090915
23.2938842143205
42.566245745827615
46.678900870617866
49.670854105445876
62.38663387159138
17.412600259015484
34.693686853354905
44.85130631381712
32.84575039988438
38.87343141677924
17.83695257443528
37.13857712078213
54.86969325915367
14.98389901367701
12.293437406359487
25.542456002932497
55.470040026860914
16.441420385383367
40.87432920921646
45.9635837789434
40.766121594388196
47.512628070589166
17.144007198528165
22.34208063912766
53.55469990498354
32.37782929617502
18.972675738261984
61.11776611438042
42.879256276008796
22.98329286610049
33.2598432781929
63.413030230274245
11.666726900190689
50.47668720171603
54.64723150697257
61.99948519403783
33.24231240369941
57.9062569859328
5.803214066595629
24.667296877908882
54.931011619905114
57.23931353513708
61.283510058839724
9.06659175888479
43.07260963093722
49.119074702595945
56.93703598756626
53.846988694398405
8.318357394287375
38.68185903949971
59.88750454266837
51.585452594340694
25.170063619537743
37.25972181851637
15.068437698518444
43.19883707406362
32.52149839013538
46.30224736592011
41.061073886488174
47.13688808856387
30.55481311501285
41.10144252394471
28.454572384404507
35.826244765029124
40.611267379674686
58.03168667999596
52.103596887493005
22.554603106143873
33.692323545523024
49.346086899842525
46.399505023785665
46.33223931380732
26.741566477632418
34.854931240168014
60.034585848013016
49.28440007934627
60.21813284620626
49.12948328591616
43.77908626561823
59.53160595651398
40.284605167243114
34.902977552104154
39.40781537047013
1.4288242052420443
61.578212799720134
33.273023797140276
21.94553461440112
44.276952291485344
10.140481644725284
57.703733969465524
61.756238009651334
10.463983899311252
30.663730738091274
47.21488530173844
47.18037010544265
63.66403443697368
62.42897065598054
56.688626543370226
44.22267901296922
51.25948996035987
59.87362855840552
50.458622499588856
42.56774125121021
50.92692587889893
42.74913093465024
56.24061407897571
56.01204276207266
21.799558000126694
25.020157239328192
54.96149066183135
33.49022694621062
35.291349195682685
37.196604796487506
61.7600736469533
42.297199819520415
55.304557606942716
52.01354946540816
24.571187951736064
2.499670729274058
45.441953334094805
36.35389171590727
23.16597376904779
18.87435068634614
40.18793703746309
32.526092315802096
45.61046341944801
60.708212258193164
61.106430511555
33.49834359360311
33.26895485306477
17.823086769992862
54.84354228355244
49.69465650241033
47.635484987950115
21.248680837599544
56.069669631155804
63.74818109903106
49.55659271787609
5.785243492059216
51.79577693351928
29.361788502991146
38.77040221599048
51.722338128852115
57.32740532481925
37.25392510585114
35.17880972147633
40.779570952179824
45.87569267776382
22.661111019499856
42.625822060595596
40.717500806407244
27.358566687249173
59.42687498602151
33.86225403598776
50.16390457880772
25.459408542983304
37.9913987707024
46.36729182641728
60.794692148621714
2.955370406573138
46.22367278131235
56.34029745068022
25.941059620071925
53.336511569241615
23.860897117139096
36.87558601412823
50.222746398437664
52.70905245686791
58.968970903260725
48.42210972572653
25.44538309485062
0.6224134366797927
51.64195953424309
57.924742688439146
48.28263150063223
13.765787098392686
52.39749829152268
55.81155078023292
46.424766553640666
56.844043272806076
63.549272739877395
49.23998471354011
26.1858737257393
41.99590232455114
43.739852100671094
44.44175274333139
36.47745546756393
52.319431530589505
56.4597535784975
0.500443878985827
61.878881414909124
23.018807326889224
27.738124695053664
20.823802660336938
62.29610573771641
57.0453678964924
50.43168662230934
36.64284249035592
28.19286810861699
54.26999275487053
30.539135097626676
62.417761953614175
9.296399930332427
57.125828226890306
60.303125219249814
54.988020849725096
34.10057871617773
40.10218184260859
51.95860501502088
17.99569944895672
24.070776812713646
9.102719717222861
44.4429379212212
63.815074051200085
49.61917355004032
57.84831874238658
39.508571919409654
61.58990511391404
41.3011911224837
40.639642942982746
51.95499819595577
7.6830390716256005
17.720333185227318
46.44126708345088
59.176351062329104
27.69291081287662
61.90272108403867
41.04939169436604
20.6457964826361
9.140459032324472
50.10870171935337
13.028784957569485
25.66134633183188
47.04656300792715
48.9001618777791
46.23461502398854
30.07585192977519
39.38273028260566
21.988566867491727
42.7765533160096
31.980117785725604
62.94876136688731
53.753557480057395
44.19412924690201
54.39972723309099
20.854876714849652
63.10069599523702
18.378392753714536
43.20910053311701
42.698600173312585
1.8837309327863636
14.05030804776851
40.895511079592964
51.05560159722523
56.272205305798224
15.537470105553474
16.209801713837308
51.576191420969174
24.272869664301787
62.218725857651705
37.05885681338381
33.059684782536
33.45992196929842
44.879729756098925
43.20425781791862
43.1062124912859
52.674750900666055
53.67147397704722
9.393472587350672
16.718820130683902
2.953117699481446
39.66675690025032
56.11977531646135
26.010257237433954
6.662272102514727
45.79388906008977
53.54169990391395
32.009457669579604
60.11733248495485
28.72559854635901
58.79470558890232
28.8600603907094
63.081528494231314
48.75026934076514
59.240675364826224
58.56597114039206
53.39499516042521
19.252052988845506
49.310544320666956
43.132011783543334
45.658187566151554
24.173347718965587
39.45837034036869
60.7254280476352
47.912640665761735
4.932139166341827
55.353292114599356
51.13531530104288
60.07540141741579
24.932153569314515
20.156061372952685
16.432673320716695
56.82712603460322
56.71557569872197
33.97173657511294
50.18319747717854
46.702130115079356
30.756012790020463
53.896382896081334
36.54525429291817
44.67149295742135
14.787197033313014
59.760977100768976
42.553594218707744
22.32770224595739
60.68898765351048
9.038740264481106
16.538285855841835
57.320968451871565
6.31296745573384
61.301287209047835
39.473607459624475
39.806727450381764
58.42130557919146
57.616721362890104
17.005438669550543
56.05398937572764
31.299715531566967
36.02425191377326
52.87040642994737
41.92752255883965
59.64243845444127
47.24859498539331
59.6559095709968
54.41933409330278
31.526018437749393
60.046497471603416
17.51113959061223
42.317930197086014
44.91149891413535
26.486953843541613
37.54314550549946
50.59089425655674
61.01121451524219
57.67397347344415
38.399439467115684
27.098784983980963
50.504957095918066
63.24924320101081
7.796199065279978
51.622103876311535
19.114311374940648
51.83468616562068
46.14912528572202
45.49156550118156
18.680651444969477
38.81626627815585
39.14687011015113
55.22324711542657
22.40164864326386
58.61018246139704
62.60643484043974
46.18023215674482
53.31366236612459
46.15506069746305
54.16106948933225
62.91323444230016
30.193116351995243
55.82217283953116
50.23681325576753
32.23552478498793
61.495865627477194
60.889915476268534
41.422417964803856
33.63365662929431
12.402870591284518
13.432890766521815
32.04455359474711
18.804884649092727
59.27139181995173
51.24313116255021
23.45607023167507
48.50209102278551
9.810307712919922
20.301134457094207
14.367274201704888
56.93421166932087
51.57671770226994
42.77423744428279
58.87622638779891
20.068337931440027
24.359250637169588
56.12809642717042
32.74065694367671
38.35962441328741
53.11751020772091
14.486335382847933
10.279112809017697
48.311688935218086
50.35374236270002
29.155419875964895
39.624077867257995
31.167806810201974
57.5592024836627
53.466605849345214
35.43227801621721
25.879967173911382
31.419074571161993
57.01648527675342
1.4237939971261184
50.989710714392075
61.48225409623201
63.24311222752821
57.81744075476901
58.30072706071984
46.44124906760514
41.97038377111187
36.146904913817096
16.185561800202763
38.42593338665395
56.63670963123025
43.11903838856071
41.54543581634212
29.903650274137604
44.879647855354726
21.067341101432923
57.84972636164709
28.978268618835173
53.42366963720447
49.61111790070397
60.4979806388348
60.578471106320116
57.84371341734601
62.00357028997716
52.916652669728684
48.702946323912265
34.426943814821854
63.174672193829664
47.291972993193454
5.344494182628374
0.49744611728070964
53.50150287899914
42.229191770567
63.352480751414376
62.324195326656614
41.79385348580216
25.00434480221989
35.40884729301851
62.66651896410463
46.10176113197746
60.612359409478245
37.786712432146906
11.197590255706935
34.774812610363185
38.85297128975468
14.490807734242843
32.31014842309348
45.71042357013809
34.718633414434336
34.82856712079219
23.867445721791988
63.78135951974771
60.07469240559958
58.26808539602598
12.615269278756486
62.85373889320138
36.72269962131153
15.990207002158442
60.97472523268796
39.07724395378298
53.99913500946249
2.788978782893679
43.80930970191851
33.816272781222104
47.78997583047847
52.81404812035313
32.21500950752814
55.82267085755101
17.02607497227671
62.476955162398326
52.915161548598434
27.264087089197915
54.06081284099832
48.30067327923188
55.25209150374499
0.4432013288568726
37.75136094468476
36.888507601325855
53.3554271976385
56.814557404061304
44.58128699822097
60.20071585876837
44.20327791418338
32.656423896764124
61.332211251331174
55.58524174022521
41.68102776728065
56.33622576534417
47.99873247708804
31.35765406944371
51.72755598820153
42.55552338883916
59.69022554396826
50.14778495374424
28.89462145858316
48.898989916854326
58.12111378845947
44.818094029030725
11.869519943361354
38.795369009455165
54.8831218979377
10.343465522266158
58.50297408014358
27.494678996118438
26.749707259363106
10.374626749239532
35.7499659496588
63.51378581713566
12.689207433855728
4.771754700119182
44.26525878788969
14.042401327636036
57.50112078963037
39.08857832989506
57.470598672014546
55.76538319101087
30.84731784807788
61.52175638930753
3.1914134751836727
35.83621396488839
20.172595648651402
47.95389976516925
54.256600619943136
62.617944074741594
43.04688332365223
19.981390585873477
32.9573325083046
23.980919585565907
15.544378380360321
55.211404841019515
60.45151822835421
48.92006496305721
39.50911485346835
51.41931493530271
19.606684812975644
53.95387575180022
5.505059354330548
55.15529612372552
42.67710898852516
50.1087127021469
59.2225568816329
28.767378706415172
0.7542717928910108
38.698036072070934
28.674854309018727
21.482302812139523
58.43698066881509
19.866672782331932
21.61282851198547
31.712716227297967
23.181088289205213
32.24956010138068
28.332739188904597
29.51245056071955
62.46480364079606
37.17195292897617
40.201604688347366
40.72931344474918
63.71238994307576
44.07394379358297
19.25866186642334
59.004397730653864
55.50182343180251
47.59594876444764
40.41567308542657
41.50805476208919
50.83565705524259
9.169060461964598
43.7470374874408
60.36110129145018
59.466423790445184
50.546048748880125
55.76299433791103
52.6061421866817
38.870008134875185
26.19434781138245
49.86388232171087
33.958340081059454
47.957889579501696
20.231154986053504
33.91691563778933
24.578914887067214
47.10212185189801
51.573922246760254
39.34977905248584
34.561097231772266
40.93439457422147
19.96732795396263
21.795399976927257
7.693728009788053
31.5659730935876
62.16576174636721
45.547273401005995
16.26484557598136
39.929901913472875
50.91955205500595
18.8965383182042
42.93152279910916
29.047484128058855
56.53967710765199
25.219395147985416
49.719295863706
51.05469236948558
46.830225010469306
20.244818579384642
54.96668533338982
48.29533584188282
25.722951758492187
62.03235236973207
47.60291585920982
19.067379135818243
62.25976315011974
51.84850339520209
43.88483174660973
6.709823565352885
40.01721978760816
56.23859730796946
56.99616410042946
29.310273269757765
41.877202969019834
33.4598664589487
52.485813723314834
6.723106550737924
59.19833570769078
1.4966223371414884
22.002360589735048
38.664247935039455
47.40730154132302
41.506451611048334
7.8534007992906325
33.94137404111597
49.81444660661552
30.31199648877027
42.87285445492927
63.58838195905633
43.383813395797304
52.23420914603973
63.0679580551348
42.46099384445026
51.55659351443553
54.16125404121544
57.429055502693195
1.1791442770474063
34.60234051835729
8.968522297313527
38.32486384577025
0.5113020348474464
47.26117274282102
48.969235270355924
37.528448553750664
6.977185910240905
32.513023596955136
6.621198347184823
24.173756702768756
44.01679758607372
35.073553609374706
45.12260370375773
23.39168242631049
39.98655341331316
51.98338340337477
33.287901787793416
32.92177183243307
46.78344781228822
33.29671180558451
5.368680589006701
22.623869338905408
7.9366895801400545
51.68574584182706
33.42732987510147
51.819060551307864
6.0155249284110255
48.86282127179092
48.47055027143446
62.68038821364281
57.19624000451796
56.63296346606107
5.598672398772223
46.371538133154765
53.47397435351135
47.082108673921624
24.601506058081142
4.2405881283036635
41.345538557441714
20.010182483647405
1.1938377569067526
49.68988656015537
44.67025472879013
18.78461130731344
63.8256171990305
62.91892264815547
55.700441803514934
17.39515567246118
44.44681037753706
46.59169911981253
56.80467473748317
37.267670215430726
35.904615343527226
6.546588429001773
63.31075816993097
56.721917840218204
60.01501219915664
55.85930374434119
10.169444207760094
41.230909101466196
41.541714812996254
23.317487303328484
56.833181608676696
42.466215140783724
58.29847333785686
41.197282014803775
57.63406563358422
10.14116917445196
16.145389052835483
60.564862178780764
30.440290944469588
62.866248449915375
44.9194430075693
37.925897414262465
37.02951128409134
6.286470397968024
42.38733464616207
57.79311493549946
43.1204748871543
47.867109073150104
52.20153298269214
38.519544435045944
30.84420819871449
23.232222696231112
63.01025947779715
56.18921758825199
12.769299014415644
14.835072061159678
32.915408378059155
51.15937110020952
55.58256770377413
48.460966830191445
47.652885186106545
17.1963640004966
54.87630038382902
42.329348738731916
59.08999798813177
54.10817512496955
47.61040441993305
41.50121809154311
62.35169250253141
48.54052616151904
44.3314465373805
34.48892178475573
44.93143798147838
63.66177299251182
32.31129224419445
32.32157340486597
7.370450602757138
54.60221809292177
52.9777868754516
42.55482403104573
59.50175700574638
41.91860610650846
59.64542764615892
33.58494629123304
40.759129556541225
49.49911511354187
58.93535738864584
39.975786770627025
42.40824458585731
55.97310165493067
32.59344199968076
54.85962152647289
41.74749308473524
26.732993475689696
36.20561436954971
63.910734313831775
24.18899424789484
33.460784416028005
23.733216092041587
20.48908046306473
53.0110099222635
43.692516032249294
37.82255129128289
52.0397502421623
37.92588590680637
41.52201653906241
21.138015561681648
55.14868183259247
59.18076723626321
46.93560536495111
58.58661022947226
53.64464609305803
48.6724810953084
43.57282409931696
50.123518999936934
46.63503089940545
31.808877460692564
63.77108211649875
33.103070110695896
33.47127476892442
29.37807431018956
56.80232767072406
37.945541775670925
53.76556525695767
