42.08714667505296
56.17152226410149
9.056669586010592
57.93258918555669
20.257254340430933
27.607198527923536
25.400005940266084
22.241811055123755
6.533050356083031
36.14573240023788
27.871842328974644
22.882606645273164
9.435237137603835
35.79397266704157
44.986393536469706
39.649955456902646
11.281375239534775
51.83127995959363
54.09706087134869
11.405445771851781
54.496703213572516
49.89669502977726
28.493968656441538
43.15990598880116
2.6350837774736178
38.225788223844376
29.974333245698787
58.10841049445675
44.00594575522338
47.4480785491252
63.15857909634312
58.16143934772949
58.14576015179867
17.96124809838019
32.506168353660385
24.111952261258537
25.115936176284237
41.770608281285945
46.22888363413864
48.2198747336479
4.579061651774687
46.756146819018355
61.339464477745274
28.620041102689513
6.004056605635768
31.943691749682188
49.07795873673562
19.829149080310465
20.40422442718333
35.02276734124709
19.075112458551928
17.311884361296308
42.017951719421106
56.86037685166321
28.565629246974872
45.99128455227735
40.76223072676777
43.397509850867365
29.858671138764294
61.99752006648403
58.28158072922411
38.09344600513998
35.9734688257539
49.99267484380351
54.44395252627501
22.917868990629003
61.476795454040214
31.171949979161035
20.100639351848848
40.05631248632055
22.326175245810468
55.12844665064643
18.130125132642462
47.0694574912353
43.46031864563314
55.41202158525355
44.67354869036497
53.30460594501512
32.92498414134842
44.113779213648534
4.9144791846257405
53.996972038555654
58.14450047683188
42.66545296176601
53.87109292040009
63.11289041095032
44.921102091694735
27.720624416732058
19.343686318422357
51.359498390184065
45.51370849276917
51.29972418961192
49.38789967873484
42.23934634586114
29.303547283248648
60.88171027783504
48.615054746073426
49.47932416692166
30.014950755241614
53.180067734819254
44.88185342424977
25.958395557831388
50.893036246105304
5.025516912747584
12.018067456756484
30.315359535861425
31.32600259240661
11.818019895347028
7.837046327968885
36.456148879322875
54.895087626824974
28.459071038021456
63.930192038052795
61.862263640483405
63.945667201294434
59.67435144866699
36.97298749679446
18.644962632061855
62.415815159334876
54.887993167850006
24.1802068833288
62.304093237001595
22.04184031160431
10.215799385261413
56.627106754019565
44.474650781757006
10.88603219270258
57.931520544559625
33.55750248378673
48.089550836373846
23.42963483290604
42.8609430846496
33.311023392329126
23.15726211594977
14.14602248887109
43.44528082203395
31.87168039247957
56.53457170473901
46.588276045021836
35.72193310938684
52.51983642885339
36.74110414506139
28.65047202011791
63.46422494787672
42.3862039345277
20.962116584502823
48.55565589866129
45.677886906135285
14.175657599754388
56.216795599329856
24.224900694603072
11.010234280776807
40.36687581837407
53.86931989715468
44.79097086081866
36.62472791287223
15.395994783954926
37.958080763221716
52.4662205325791
33.77032023414908
60.486180066942026
12.313671782247347
24.624345474685732
53.39285581119229
43.48807240195919
42.198059174665715
55.88676945956749
46.628384971362735
26.175872353037292
60.48628950306416
53.54971911117867
25.5654081516441
34.041159910137964
37.304260739766995
17.650907613791723
57.22262359137966
31.797487047648232
60.80101733557507
56.30237285030871
56.05114620723006
46.92850810321487
55.68221462087961
38.87741625875816
24.210161187260077
34.55565153326827
57.90442741740831
37.87766532375668
47.78027653944791
38.21144604182281
20.35228055790205
49.782378853426835
49.53058946163765
62.57371329751985
61.18866892560956
37.44315409119556
49.08808931475757
37.81920252151828
35.111496869155516
25.638996396486377
59.56744912864627
50.93003604974179
41.981470439803076
51.300606453266525
36.216375029994715
58.66799336852483
51.435432003154695
53.317486874350806
49.978025739671565
43.33814002484834
40.316362498707775
55.94565880840344
33.24120464446949
53.24483553728304
13.863157514978283
17.557466692861986
61.359499203188484
20.935191330765015
56.9590106577582
54.67501076779164
20.710706980578998
59.712908700371294
54.52778118593179
42.2241865470107
10.984765730749771
58.867295394050224
22.037263848549735
45.351551898660446
21.87140585146299
29.850778520224473
51.725873013139214
49.90581278051715
11.95908553456114
47.52173638285824
55.583770992701155
61.99040276537003
29.136044296805956
63.40193005644195
56.41405613166781
59.65900889745296
43.42991458913848
52.71091564024171
22.043806106248496
44.21398040732569
33.191937898159864
60.67388829748582
48.77714116079317
61.22339693190413
44.9350773612224
33.49077106325019
28.998130926715085
56.30706270987361
26.919227684109693
45.47567092978129
32.3963824856434
36.16671551656813
55.591919641460606
39.07249394162053
54.68462668428057
55.24659520008102
33.281924408562716
37.63648522691858
8.066000683991
24.616594985081747
55.356689174893766
30.253400979994687
36.18642096034444
58.624429332977044
24.9596205615754
41.91337260177079
58.343859208458824
27.71358095338008
32.15596506288706
9.507147508371169
56.95754253454367
26.19894444926566
60.06983714239538
56.51388447662586
48.86664077965996
62.05833958533729
43.22392160266955
34.850450192318746
45.892504713090176
17.498874842812
28.671354874503578
21.518902375783085
26.176614860390302
29.77546578245019
53.30705354090276
25.523209882720323
57.77923853725751
50.43297643654965
15.953162076437934
47.96378468129821
53.48731341336495
17.457671104160433
60.933273259207525
20.328893054083075
54.70700555140462
42.35437889955891
58.21796376530861
36.86987978208906
47.908370763747136
51.2276634595583
47.11829130872835
57.318124297237325
52.03706459220652
44.61223915223426
46.64670362203684
52.7483599744807
40.87978854807203
36.83473651859023
56.369164181299574
29.54750537042463
50.24811533572404
17.945398762494477
11.238584225955798
33.569350931798624
14.784464689665029
7.774731182413163
4.84327847544813
4.628082233575135
54.25153188531657
54.47147942905463
56.67721658568189
58.99224400566241
16.286199628379094
54.0100096621394
17.90651867589915
43.376887542659716
45.05908705122652
19.59960703526476
61.143740713067814
24.119894382532294
28.590147599732134
26.50153661176119
42.970804028807336
7.520207485288111
52.02429238771259
39.33626554643867
60.38186726094432
61.238622882947865
45.310550126756375
34.92939152081218
22.411473795486366
54.77251545806035
51.035894431901575
58.06461405108113
62.87051882146371
53.59916900513967
23.836881745981863
26.87817642339636
34.56885200995386
53.847912463768566
27.45905507900668
45.370633839502155
2.05551941323165
47.917913794754185
49.82916586867058
46.818011606408035
25.689467822559173
43.51598912705212
31.753811086238954
28.060924326636332
37.59971928608857
43.16854827684233
44.666967707995006
18.14344197249126
4.022109446806425
54.20173591853808
63.780493500918126
41.51955054646133
18.723826003950315
18.951816086589368
10.168435311020147
63.34153442197583
63.59469421076609
51.28582425796412
51.73074885834129
32.4075347979814
61.717447709681316
17.10659307200757
54.778306817840964
57.010650045951294
46.58202810208167
54.35026968411771
51.77839866910031
62.404566879840495
57.659872520215245
54.37753246460361
47.47305604925267
34.29849305556147
54.60246091460253
32.593293672461414
60.30664582138666
63.51628023974296
27.956258352330728
31.071022378199416
29.95028449168978
32.86037080467276
10.047066649340529
46.14839871549801
28.77816139603383
32.186168886726065
55.82699357140011
44.58327066853654
60.631337913088714
25.883372399667763
39.522582789773544
53.450029733881756
46.25348331957306
41.44111933481686
49.657602887775475
34.63431584012277
6.652033234086616
35.09300849055391
36.2762951424284
62.7003938329442
54.40382197028185
43.73145579353212
36.904488303784916
35.04245767124641
22.851245837591662
11.772568865218716
43.78128465562948
9.316835603300028
14.686912234078086
56.50502279449804
49.3697540144494
56.42130645296643
42.91908226826328
37.7301415038222
52.696855364657914
8.911882967635883
53.0618918799685
45.99134597909378
51.98459601645385
53.01222809641766
16.810031023818617
50.65371564873986
24.404430552521433
51.00539338788453
23.28102685131239
19.816718703168547
13.541442039138978
48.64214414810692
39.83772239758645
63.87306934231932
62.83599111635055
51.7883283116673
46.99438662223313
37.02733256212407
63.66874539312326
47.710179233746054
55.97436724924415
23.86148777120315
24.984084369383297
27.41819737822803
63.53919579839337
62.12003653778749
21.106962854147888
38.89193853089543
40.62629571047323
23.341184828910308
28.53688458625897
23.864596305001726
8.562994603974893
39.22883050878302
50.60863491059103
29.46460801200726
45.700687905685385
63.98874597778029
24.4796029966071
46.37883205902288
19.174794525912226
62.49847418071016
38.018398359427835
58.29927831737744
28.11413605505974
55.72454213468188
22.494852067167685
35.59112685335268
48.372747767069356
3.1066631998769907
25.81063993324552
24.310947164473085
47.08989883660904
63.743125296475846
60.277041687602654
2.4547641722670974
52.53325012661471
63.191471051680516
37.56585270257301
32.88006293733727
1.6260525795236234
30.092439139941497
33.95582611818496
42.0536557306104
16.189072017678946
24.859479058167707
40.21809963383628
45.71822900995743
56.86204487254657
49.72325883300398
44.009729444927814
43.35879839347192
43.7106424234794
31.068158758480962
38.20798981478676
49.20328790169457
17.660705872426192
54.62505967547007
62.919077854413686
32.855111984387676
62.09953662115549
44.922298323326004
8.46092165465943
24.704999740400424
55.98374911905853
19.93434009134583
43.53660649404034
51.40504375850693
14.463145092254479
41.7797436483191
49.96117350572019
9.713852766915934
35.52784163690276
51.18278744396763
56.19423118278492
11.428032266226538
9.845511448539725
54.44206127768668
15.50487416128572
33.75246523002093
61.96847043311153
37.213313992405915
51.93786013015812
34.35747753837768
0.7559379284869223
4.749469623358756
44.6936390199629
53.8167606275157
61.99725213106195
53.234703253436436
48.192977180610114
21.279059430641254
19.681536023733884
39.25474628631356
30.896344044799235
54.61798538802841
25.742442351765575
3.4969800815508947
55.20765119787822
61.54321880611187
11.724680962931672
47.59605812707328
40.926662706146956
23.77251241706236
35.77120815528693
38.00278142169872
41.44066668485554
43.801694927600664
27.353484910283292
35.74105933572335
9.683601217139326
4.815662649435055
48.29572042999724
43.518341520296886
17.309939705426352
56.36722554002934
60.60985819225935
56.2578256872823
58.18703848910272
28.62336744780599
57.07718043522965
42.54337591242073
63.00165450890539
45.28313885397153
56.259599510206904
29.82909050010285
59.94434672107927
45.14463355140141
19.319980053466786
35.13046169425634
34.76250301746148
20.212329244834734
13.238717478469596
34.7922036171037
61.11105338206143
59.4285291950818
45.32749263580384
47.70051839678352
12.722518772197382
56.36728832548246
0.37381906891771877
27.292450846191578
33.10334825960133
48.47567676223308
2.7560080696861675
17.9053883665741
32.98694719989218
48.98192235586657
63.845366836537565
43.33064644136387
63.567018124595656
56.12727670335914
46.55840076432022
57.49890111314124
24.72019597450788
20.809299704902458
17.747963160956793
22.140847926896576
51.17458973871686
60.96845800083865
43.505316518264735
43.15002590100585
46.01518928438782
40.100342011162525
0.7826123966080516
53.526795317792036
59.23187444140562
27.39013328642728
5.714328193056808
52.3826972608956
44.468665530327975
6.219220644737952
22.01446562634321
62.69851973685814
8.43758678472485
3.837783431837231
5.355892248719684
58.73282207605681
28.540217131169037
57.25877461038684
9.186637224049704
44.67743318221855
38.064574543950755
63.36066312431232
24.526346352826728
30.846036339397585
14.384802880819535
47.07811942211936
62.65484311495015
28.982102443541237
56.521358017310796
5.543307143392951
40.52303797097722
46.52763869458529
60.65505034318297
8.631369306009546
54.61979443875782
52.96372140165738
56.40884636091988
18.578826452965693
16.91641521486718
13.714708173349365
54.943467521336444
50.67295727022031
35.60507495577404
9.380483798310536
34.968061335532106
48.520693813337935
60.9951680510295
48.0129114734037
28.521239361634315
17.20976014951065
51.32113333511302
30.785816883622118
50.91995199183502
39.85361250499383
2.663100230389162
14.739483340323716
36.17694059169108
43.61152454486539
51.52343690936963
14.975901402157554
57.419582190806715
62.437739632476706
54.05981699742705
56.30663970190637
12.60596094683499
49.64791961132903
34.37708122687734
51.85559964967429
56.529470886129104
47.40527779644241
42.334176980319995
20.46223035797778
36.01426019618114
52.238228908544365
54.312017129370645
33.009711747582045
6.266770682305449
29.18045188539918
37.29036649442594
20.61327192309352
55.25294739014907
49.613501061547886
34.62285313741546
16.44840389639863
39.73311767333543
24.431003036591726
38.8958345937552
58.89101859255254
31.01360553800064
16.512503034320645
5.260345031098069
54.88241321581185
55.42745149409546
45.36935937542377
50.349639345407816
38.246548282865035
38.042967057185194
35.681844949120446
49.82681565946674
32.85106007736675
15.786263024319616
51.59327137350888
34.74031248894345
26.761495158707156
44.25731379116517
52.203123882767485
62.37957119501368
52.4342310528745
58.26353511109106
44.07275690612894
9.88352222125399
46.82414086456329
35.04175475005189
44.72158613338087
43.8148685204897
28.04249084107449
15.354165820822296
9.424510323184833
41.650710354002626
58.28278681745828
43.57084935691085
43.723830508997764
5.455892106025246
7.3632411387403565
16.536037625704225
37.779906924256316
11.698183182068668
26.101276762171977
37.8552004532515
31.54704254344965
47.73285455787517
63.401230953295
25.67548440941006
48.55720278643544
58.83414312642979
19.32193825952023
51.673908233131776
59.90766847907165
36.651806666940146
4.863218390826042
57.86129889706842
21.49724301520292
62.2248093901254
23.554008193938337
35.61680934364816
49.34375865291107
42.39908270219419
16.497730046460944
59.13473791764956
43.50005926144013
44.49323663782816
26.62151101400339
28.448137389472798
59.74757414985605
17.158733736794744
43.98861639767942
54.01185267753456
24.4699320935651
59.856690401355294
35.472687576280265
48.47692669758073
33.48348108270724
54.96983511200126
44.16800249350234
63.331008882571226
38.438808520850685
18.823605273771463
48.241730560457036
56.296851649770055
54.277438417485705
33.79435129725218
39.35437645711447
39.6550036829329
54.51565690544474
53.317548247223485
46.956170727016286
57.23453007605161
40.16635974282403
30.963203856633505
60.58983856902957
0.23989126945620143
9.663977226024159
22.302760998272326
8.226187177460773
24.82602791010965
63.451332902088744
38.36519021173988
13.840867070281334
10.163366095501964
13.25009363945346
44.06158733693801
54.44323917634343
49.90726487850799
59.617522385426014
33.97037239627541
37.039452935171624
9.864968475158477
53.62273250286952
12.805403452210868
26.144545331887514
45.093350615481086
53.58712179676815
48.847450334125554
59.589756020735976
53.82872553438511
5.612810256630588
38.427145859146414
7.724350664096875
62.18845342900488
51.59608127559585
39.72190850043277
62.37547182985702
61.39512277968287
43.08636095797581
0.864972887088399
58.29485885091092
60.37183116917838
33.57111490471746
23.126876417213104
31.453271433634576
44.00003576114226
40.00161985447309
23.643387155327147
41.88138500058502
20.988127274523627
39.18650839265365
49.18443147968293
56.314419129259406
56.93201771056827
28.31316178591932
28.375085451819864
34.06300811647718
45.13268709808845
60.72868372350845
38.66692373126345
41.445170928836184
48.75997997712743
49.54179874933389
50.232189002723075
33.2625329652261
38.089010874260836
10.887702212046484
50.91729533135873
31.569803968168202
4.83247487727882
53.40356985473151
47.543173250387504
59.810747492486634
40.515919659065574
8.406434145069326
12.314752966236014
28.312661802230572
36.86828261369313
47.286894552972505
23.298540569135007
30.097365987498264
55.6388085167178
61.01025256619487
63.27717746172344
41.08793319304454
63.38333462515725
7.4854546838679
48.45103115814364
45.96581146977852
13.691789219165813
63.37620646205283
33.91957772216723
52.08757982327164
60.19170437718243
28.66166684631756
37.815160029896404
61.201131551114564
29.111724743934772
2.182273188624542
60.014446161320976
13.018302600493733
38.945170538582786
48.27500046194051
4.507061648141708
44.387600546276786
38.709487525781924
23.745815418217603
18.214819186675534
30.006811730585937
50.04838999204948
11.35575684728449
11.853383045212524
14.39374646901662
31.720848616247174
13.067577983396156
48.823941514663275
44.72251303481458
30.981870446122315
6.517690338922655
21.099882166552774
59.5478672970987
53.208143399376596
40.416041930402855
23.400797273719085
35.8882443214806
25.504822872181663
56.91105816069345
40.965705170834354
7.740686216964576
52.88482711931294
49.965639686258584
55.47580277765036
8.440209359856347
29.123586923479415
8.917321967793633
38.56291489953969
61.46665171602678
29.53113835621501
48.19783606832924
51.698521292667266
13.03318127335794
18.778658859663267
30.22491680433864
37.66189106449979
32.582926123101785
40.211283549673524
63.17491294723276
50.92167288693204
18.391518389489093
30.248087628690683
56.30654857607759
50.48773881854264
34.22476828981011
43.271478746086444
59.772047075341426
36.11987156826636
46.849130872820304
24.878817882740876
42.22459974323702
2.077662595225952
42.81363722648457
48.38053366827128
46.81843343498828
7.273480982930927
17.63798888507904
34.296929919203905
1.7308464043066465
56.843998630549706
58.62754889868927
45.68317879273866
4.36885988415321
59.60425254886383
24.860599651769448
42.8416144339964
30.65666062076923
59.39366923242558
43.971360087601326
31.17599510694373
23.09470277985507
53.67858525329849
35.23164232102446
61.29815478470682
4.585091130863191
4.930089492556661
61.029431573538474
62.86143081264434
60.03716173467925
23.587852743312226
62.923335186795015
32.22889106711959
18.416951341107257
62.489767384768165
46.73531256710129
27.31616244440618
47.26562321434759
58.60175350425324
36.2398338944427
39.84064736125552
44.853314570254526
31.613632845794108
47.76417817804867
0.477423680986071
29.833578820173557
55.243735393745794
16.245418303796427
61.96413539538173
55.506949922838494
50.16228089996017
18.572272635897477
14.38226601029816
39.47449061690856
41.11291271712042
41.5868360768986
34.86180900953315
27.959932062400853
58.79610721914932
62.58599837530263
34.998950077586635
31.948683307346236
59.84545890257632
15.130281275102554
23.385033431038302
50.19900872345699
56.26665016028446
57.28550065686639
11.41573016647034
47.8910739453398
52.92309892946264
50.639867413083344
27.958192687464987
39.87193231731327
14.169284432461069
54.60972534207815
21.837265011604096
44.355508539423916
63.86647245206382
17.4940286689988
27.525853818539424
38.05242729447212
27.395247531942744
21.761025480351897
34.308693397463955
47.26737483906989
52.327817294748804
25.060440529368236
53.687958261990985
28.0594799466531
21.536072399212564
46.42258438068207
59.24668630858064
59.97862935860519
33.70454558589297
56.12387655115355
31.303801962743023
28.37825405425035
6.36700824373662
63.245538327585955
53.773788771859024
41.61964144180335
57.31600930421351
55.717946383707556
57.39443252801957
42.024158721074244
51.968491818850815
43.52031912317513
27.275527001241542
45.18511340210368
47.87530813125899
27.052898988809943
18.712067514624977
53.67861635024768
50.31997924159592
53.49084132658661
63.108480933480344
50.511071256074075
62.363225040677946
31.501793286341623
35.031786991979416
43.26110374600117
40.65461117814924
36.015803053609524
8.236900035639152
46.13757197490864
33.34538320875335
32.17238968558613
39.749492483112334
38.39415346299005
19.268254028941037
30.276639899162802
63.51607103351373
38.41481364377234
54.804300898396356
41.01548612762821
3.073012749449326
54.76695254656316
33.68868353193376
59.64702001337425
42.717823565234
31.540009820848923
52.16501806525699
44.01280757668604
49.55247959808682
35.384468162767384
38.94032290507731
49.71379329315954
9.643577784095385
47.111585956253194
51.737768948196184
38.98845206705515
59.99464421968279
25.32913854289812
46.92338512707432
54.10435445970884
49.85039529429858
19.027197991221463
33.69491233446452
51.49506387318934
54.51659899757449
30.76813825521272
35.3218011148319
42.887520497516704
60.015487074194354
63.76885280499077
32.58380374091652
7.931093971908865
15.64554769556895
52.76649459321637
10.377745706321356
34.308690259855496
27.59268194124023
33.664974837818036
54.33560485540886
62.03735314679744
44.64094734462789
19.920766832485242
30.426685692476873
44.977139396556616
29.456974560329073
33.25806484304101
27.386597222406962
51.21400295656272
41.869277206456985
13.661137844851048
39.00520038679181
52.408547225621945
25.765101426355564
56.31199894682664
44.75112373360324
48.24985851960271
46.30911085315777
47.14545159163204
50.93336584970132
54.180985769309274
60.735688712172745
51.73938402715193
50.00268912256917
32.469379795590754
17.83967555043686
2.1446608095598947
20.107845697087996
62.147553167985706
45.92976423998742
51.52445171218608
16.636816324900963
43.449204557341346
4.775478479641272
23.779037013412463
39.9087538756166
25.918627607243238
50.249450478754106
34.97574810425604
42.13545957114058
39.49945819794018
33.33451631843087
62.84609640453056
20.05284441826346
28.75212083805851
58.04615432999955
29.84830365816645
31.261176826805155
42.94143010757919
31.262066579012256
49.773381568666515
34.94504082604627
52.77578531428183
17.382774505194305
52.71997713575941
8.107056308003997
2.1738457717139497
8.263197107939874
4.0078437422733515
45.78218721089079
43.50997231600233
29.551157415655453
50.69740149526851
57.872433359313646
16.93837465578457
56.57323438261464
55.18944554657798
5.081843924719301
39.5309112363293
53.49022069473553
54.40538807127514
43.5800855292595
60.13611373096152
44.92898861865534
35.99410049394713
45.94337558959401
54.09250358060039
54.747431003553096
45.30797423090077
33.03653150720644
62.00908920301153
28.825351767548227
54.617824325153286
15.127570299118695
25.8579713624284
15.455485124893144
46.8563599540318
18.549846621091262
60.745188476330746
58.99826575374664
30.882757114360118
30.097105604827995
28.95488111185547
34.724984233647575
16.949806502650922
47.68991431545632
49.62398381035959
41.79949817917151
48.84674471842201
29.081494884842066
45.61479324545351
41.76057885362647
56.90347707677056
32.290164714173045
41.37477708018329
32.92931894889389
31.064848921092732
9.298005891420317
46.47144523251056
53.4609743275114
49.48693709356282
21.237818334831253
57.3817658759567
25.542425723202207
26.17346072482227
47.627159435419316
52.16652625281216
41.83914697488218
61.64609855915495
29.63355163682273
63.77758016705233
53.60801837028031
10.144281288872705
13.344989842933437
50.78994264701313
61.56931764688143
17.87903766266045
28.29358878749344
56.19487408041806
60.56575929172833
47.33894477364589
48.683503025117936
5.40503757409774
58.16699281579207
15.92798490445351
19.84768383310255
8.46132364133593
46.32652740961248
44.25044463097156
46.78578684720818
47.32379204698713
58.701577978030244
21.64836071543904
22.064018279157146
54.386784973858994
27.67587507250397
56.8659097422217
36.51732085255806
44.15102406396172
31.142571618245697
59.10389507313248
49.759210905968516
40.58000906827148
50.53178693014269
53.89167444205308
56.11517088462039
37.7197086734606
49.736930662555956
45.30175564698367
31.8193247525015
53.596856151385396
61.799679707996056
16.553501367923104
26.199578305454267
2.422837557526492
25.115528963024637
44.16764369546463
43.259092441859835
4.739018167433009
12.659426837173903
11.550486455569768
37.17006288816734
17.43036048347149
33.87472920473814
48.161375511082014
51.62263851786104
32.612033653818656
52.89077206685477
61.02783441973415
56.63353751855014
38.71141498088974
58.23801037399532
61.67751331136043
40.978384531594074
17.74315101657986
60.95067889651383
41.32433439176236
59.121266727549184
32.642318764920844
21.137457745222555
9.5705866240884
28.298097071562488
37.925680489861094
40.18341860749379
57.85426118046759
24.64155680632519
44.7296841969939
34.961876397046154
50.387909315291914
43.214773302879486
60.722201880296964
54.98475897095998
9.287515625086009
61.35889543428474
37.14416297516743
45.285791593857965
45.851513244201975
22.638848828462372
27.521108604150875
23.69351507613306
62.32657989699779
56.547954360192385
0.3166043674171135
30.26129451516516
13.847258897693926
56.09474078410896
57.914530770368906
47.032352983550325
59.09308929015669
51.09883022426087
36.704342413934405
41.54460971631242
28.11264099196974
8.037317216120357
60.77584920327722
9.152731806850554
25.922161942310943
58.93626107365408
31.51096717538504
50.321412828389875
51.213780120402845
25.895642538744
17.73276308810616
49.422154646713025
56.635011009088785
41.37507940927769
44.91430515925537
20.51799461492184
53.800513531271434
30.532075915842228
10.178641035229866
52.01716299616278
22.28138735981279
48.47028088199292
53.849274567858934
51.98621010150232
34.329805687448264
37.46300801320447
40.539758206625194
39.61695155318593
49.86265099229249
57.97794484944792
5.590634102377166
27.979596122200263
6.225115880633091
41.51385355692831
28.549249072307248
28.159339058936247
63.89623899008059
60.13066364789974
10.813454111548353
45.40403032597813
39.63491345083641
41.60560632669003
11.044919364784178
46.41863612577289
0.3850404034532815
57.59687537329648
56.95420927698251
14.226777289168872
21.07824856179885
62.012621959005024
43.407302131145855
49.80751742833728
5.43649752432092
57.78743780170299
58.366038298924536
59.631221531038534
46.899986904641594
36.14356985368943
57.942335161555995
53.18875796346562
58.773612051043564
55.45740215706859
25.51042259425575
5.58789775275676
32.78755551873326
56.47367191156025
60.6399658259577
37.62154614194277
17.581246107921316
27.0500993287936
24.281146574060514
50.850590863774656
41.88582822847194
48.15162749885944
6.0654972928723865
33.44952653612503
53.1523442863716
24.530245460214005
31.14776657894953
30.500066917826885
6.2230194767152796
24.238768328875373
32.32061466347572
28.196971595091988
33.9106931411512
46.094294905041
35.40186138631939
58.27168429297918
54.956564161671466
25.798849078663984
59.63790633793105
44.98529245651153
57.768192843481415
12.221588894036664
57.97250370533848
46.38670744799617
50.99009175972744
11.735026858454965
10.73109673291853
32.31282560562915
56.21203307907237
45.755063781908035
59.834023982470015
47.20583592944433
3.856593589332739
57.25100323770521
30.619859758699924
33.765434089544364
59.49747390367047
16.48303566809598
37.48259293512911
45.530232156929074
47.85756164620227
20.814257280169606
47.80043303467944
20.619641518106853
15.71582387711522
60.989167441528565
24.079382852479448
44.26602891799256
2.6870956568807927
46.70209668075032
63.08858261471044
59.14966759257331
38.187645624402265
62.630116176240605
54.43690679463607
58.92093070018297
8.139556994014669
55.66197249762942
56.732281895908244
40.84612437995453
28.904219340665385
41.84749090365852
19.672501816161557
37.44553338154494
29.58545165104283
16.995307374525538
53.29135561492205
54.06398743423425
36.92401087319865
58.05065661995781
58.97494180512699
4.351076572891472
53.61793834837253
22.886889735660922
52.13969168971245
37.9632918516712
62.437380176021435
39.8803460397716
30.85584812717819
20.046106610078972
45.13913931236804
48.9615315990375
43.712138514434244
7.910039941960079
48.469236605167765
37.741711005643225
9.824731121054569
55.70240947816467
56.78161545617479
51.820874981686586
50.048958274139224
51.42696010601991
61.588454743897486
28.227346935579888
45.74092219695174
56.41508057450196
26.959894761937356
61.444233974329286
34.52946771190021
58.29511024538146
59.62057139414469
51.59243678135357
59.87776607241583
50.589310188585515
56.907955843198465
60.327799119045
32.50965800983245
58.6207808517669
63.06522881170955
19.781926703922935
28.662686811339263
60.99276326899213
42.33299916841432
47.06282944814684
9.199517711930469
45.038695685984266
37.14882965816406
8.024035086872786
33.82183958108551
47.37474906024123
51.27527780324544
38.798747771144434
39.98945704611012
48.089569966030794
55.80464845345682
34.074199681726554
14.72321882213867
63.10864007327211
26.69727619122125
37.378602258956874
44.47852417205752
19.481410901326626
25.68729777694309
47.7095210333504
54.10068528856863
44.44265038937
45.12987932621098
37.857071292142045
40.16866509309695
34.870805741498884
51.68214803443413
55.27884327568164
29.624079840325905
9.709606734935711
31.347570734361632
29.37728581122554
63.60871965535667
45.33621459242184
16.56474091727727
54.01479449191291
47.17959458177752
53.37654903212095
32.67069150311656
54.157564468343914
32.000442621137346
1.971454488435512
43.972516920735906
27.480980649907416
51.820734547033226
37.77632110454657
10.473933590557671
56.01832468951683
36.98360822289799
26.5878467315595
46.39702270174064
53.65485401601131
46.41503844183802
33.541542617568055
50.894132604146414
32.82903700511472
31.300310167423937
33.38380804502229
48.322631192278834
40.396410352139696
5.055555961297266
45.21267210953651
36.051452611140306
49.8346764071573
23.120414826820635
38.80495467490643
35.15575394759307
54.10381937750674
41.99309674518406
57.924152693797694
57.8340646882759
45.37179662774716
12.456646402164601
52.717610462043524
60.40876611473022
25.821756185243295
29.931929592070055
11.254076972106077
55.32632066542189
33.74286532053986
12.237899415550714
15.636011881974959
45.44814708028136
27.90973978101001
34.45561513461985
53.174208566387435
11.61555252981313
49.53957079121843
52.97873166742485
32.97069827111669
52.00083504615919
50.967230215256485
43.715584295685375
21.382862230897608
45.49811193181867
62.43246823308239
38.23268992699573
35.564697844368624
30.37583060564095
30.74455851785342
53.74103537975068
18.772342181936786
42.43285690757453
27.832965440811428
38.46965610094081
44.07413445338372
34.60643245348964
33.996193232059866
21.302637735662337
48.01012951551083
43.16210199902632
54.09412792506593
45.86448593748369
36.80038156151044
55.98636251441809
38.43373780042159
53.06677064807802
29.03039854175281
19.247760543173264
47.9364735567754
57.279824183935055
47.610878019317916
32.9836167405769
40.557636198413974
50.42354345561289
18.344027013137236
60.447085000541655
42.28171709141284
32.44340654391294
30.881042592895625
40.77291219845148
63.774558469091716
54.92179604945169
33.72402745286051
18.73921746587947
12.371663749591981
15.597298371198853
53.08392330386288
15.454888460413159
52.68251793917297
52.92388932643439
55.11034323588733
38.86084547866271
52.457238103682386
43.67620248135502
3.256364026602185
24.555762831868776
8.291459137031218
48.38629840015529
44.14936995851258
57.79885145212416
24.705223160486973
33.225923122823346
37.618623220641666
55.15256858328641
28.425507123180033
31.73231537245374
37.17220507504173
4.817824901850969
46.57335483291302
61.7478891755016
55.72380901375834
54.883858121350286
22.696581872386425
14.608343724251348
54.55711253901065
36.31280862104377
14.293602563735874
34.51457144573643
29.509036840765702
39.693925964190505
58.77144777690172
51.85181136359235
18.635881961065266
16.506324673981595
62.41247236970653
63.41439125655737
28.406395030426715
45.04899987959985
38.33520827687691
53.91712625042264
12.99927238046665
25.79913127870614
60.46271024432388
14.737000850706657
37.24003697306329
49.17961974421148
29.692741312466367
25.493011243989145
43.43346507714647
60.71949022997319
48.53258640220125
50.20709207216271
50.31306488479902
34.67439760348408
35.36246048490051
30.912767077586516
51.02893524842579
57.99594874310124
23.885126054086484
41.10764266951968
35.58857499455696
10.163062719287247
16.083742997542636
62.80471106346782
55.34594469109517
41.08703468357018
56.58733294556661
13.1032436438772
56.06832567254978
26.592950304640198
61.580422226917605
55.99362573002959
32.6301012649772
54.1668711752892
51.42770527987261
52.33179081822345
35.97106745921408
19.161316243730425
48.93841682826903
36.932469483774774
35.9002811349626
22.590822987069565
3.2538805848078525
56.001221427070575
49.94318630607124
23.44719636048351
39.796434965605535
24.200725619781203
15.150408463594225
36.68836425009819
57.136796672156876
32.812852794258845
40.04830370077206
15.463219714436136
61.704604139998146
50.38682873002001
42.22384602152394
18.825826020892357
25.084030002300608
35.802896561554014
42.96123009575666
3.445396754809977
38.4930950854716
56.62418345801002
52.365836715888946
46.225438869951304
60.44235179674072
56.21844393479865
11.248904105374343
46.1941206361439
40.52022168071893
27.051621448552382
54.164546665978435
60.87160872275666
27.08548863984644
34.5914448400613
16.32845027492864
38.665830455170784
46.78005137192895
50.27702632262013
61.33491152089805
29.621171755263916
39.37054050086364
57.04409818028651
61.51873092205242
41.05978406405366
54.376693190911446
43.774668142567684
38.915822451190245
27.60549756177359
58.234602703721926
9.348695110857136
56.64799969471191
23.352005162278253
62.37673484921341
55.5954696371865
44.571899752265935
45.816746488753665
41.70046669929654
46.0198548004826
46.52484975733745
43.389715528380634
63.42788201763841
19.764489916906584
21.35882888022605
49.15160974691019
54.42713487150782
54.06016844794167
47.528038129606074
48.458871770777804
30.341867601825513
59.74564778935173
10.526588006320786
52.019106134941396
6.075407956100101
16.05985751794534
8.499482150547308
18.954941493322274
8.382945127956575
3.0498969608437037
35.39531381408941
30.284596462020666
56.895152419617276
48.47965099564084
60.78017689071008
62.23397802311615
48.38455413950341
62.06099816741317
59.274800729083104
61.60875561583577
48.80618819264917
51.50746832106723
30.56524657822387
61.166507089058996
10.979586782937346
0.27836727625476243
12.020421855322368
55.695367155434276
54.474299327736105
43.446761563683424
4.174871521553435
50.56159738902596
58.86687771101817
55.897646678543914
43.168124298737176
52.4135004888211
31.605473239525423
33.361877355420816
41.037033429431396
46.22331405892915
25.82891956711066
46.37697266216081
37.99626671207807
57.54744349633411
63.193512813257726
41.34019221007178
62.43699823119793
33.63828539151429
37.50528282186083
44.021195511634176
38.285007994039944
31.40850200489809
52.40916883181478
29.169167801409337
62.524569685446515
31.477045791124375
61.91597278552899
63.32392407954447
30.318853469202992
17.700833937250692
26.894244077151654
30.264734041636046
53.478090198585825
51.79265448369232
43.9205146689399
25.90414595562134
61.75019980876742
52.813456681856394
53.5655350858291
42.38007881257245
40.66153824583681
28.44647943135587
9.92514368059723
59.34068888569996
45.683621584359685
23.6060096397447
10.326178329515898
9.034139383619447
58.01375508848092
50.41166576027966
62.594696887731786
55.59018342008936
50.50183501449951
11.511687892891928
41.633287355371166
24.185629219532537
27.571210409088728
33.42499977053316
30.256266558608296
43.85871860126083
33.82298294358806
48.64930029800098
62.78566299967237
42.5691689317381
60.39945749437219
8.03389852478201
47.907001616466516
39.99274379366523
13.732001069011567
25.990779639939326
48.54983013577102
45.598342351585714
29.704720492894424
50.6702145365318
51.255222239158414
39.40002460884928
36.85781872136389
46.28852263971947
50.376845600360305
31.742247641020562
4.527619892120114
47.71415820449708
49.35628124606956
12.731605270610736
60.17707392753842
25.383798121181044
55.132587233426584
37.28755345376766
28.299170738186426
16.775009375341206
26.12751796987311
28.49855138615556
55.60346220384385
14.910883509393315
54.89318882421901
49.23784602668192
42.10744063243096
55.650446727856526
10.602756651865363
25.23214137027844
55.3837345073495
54.43111734973412
56.74353879828196
61.0528785654862
44.71295588859263
6.804295621966141
44.059597302125724
60.92406078104563
43.276469715241646
63.12981600223256
14.390855712189165
17.22746651156158
40.549450754507475
52.87293798976015
29.996170486780024
59.27818150160367
49.68191647363612
52.91093588244208
22.185756397745777
46.56413558540737
50.10773888661532
52.484321580119584
13.5576320217669
28.789007122065946
23.38018398676973
62.44793361551421
20.529941028122785
34.669082820683315
42.90097674710659
51.667159278094154
33.81731092448317
27.77887273803909
20.120877607963422
12.037113864372763
59.886217270262655
41.26324067353657
20.93522604246268
49.88898323506588
50.709364832699826
40.168938643503694
53.81737206641366
58.55308385643534
14.307154913487011
11.250214081323172
59.93810846560142
14.475430171349515
22.775250297469057
35.418295540349206
46.72956124520849
18.701112716848826
54.58258655268976
59.87538450902505
29.59779181697276
15.21918102615519
54.734456581637374
1.0826747273856725
48.567990267615514
47.47946921571213
51.24205983609371
13.66672378411927
1.3085190763141128
49.43472641000079
15.320979153876806
31.62077186611596
0.45403236428520444
39.625720222412944
50.13637030152695
42.41336750203111
63.01103565631674
40.40264465317642
45.25531597945104
5.35403779965106
38.127278280018714
0.5669013221493984
43.73963756890031
62.252304248737964
63.101151816790725
26.561880684099613
40.422167282550724
31.389103087922663
57.05103192866814
58.24722039896919
37.47736404973588
32.693837828690405
10.172706836322988
28.12235040476557
50.91941207333471
54.21006595837054
36.23916756627105
56.90375269612158
57.326579360146084
4.7133123788253
49.809608344259765
63.304235131404894
45.25927430500782
48.864108665061835
25.680410554688883
46.835389362896166
27.651375839372754
61.95582786295934
35.708875980850564
30.88940499354218
16.120151506505636
44.21117635753288
55.325945427592785
46.163664545552706
58.143938730068314
50.85203230362804
40.072439396323766
58.47758308523569
49.12611362762222
38.81329184343125
62.324900257069494
46.342873020459905
20.91089275363222
63.371027328420915
51.9056236760741
44.42068105534702
3.717920342584634
44.79122897228972
12.550127633156848
55.19161284834607
33.67766843283806
51.27867427832715
61.995995186359
58.27443075907802
55.21420584862094
34.90042072352334
40.86193810801002
46.5370016108913
31.603993987845733
40.861225444187525
54.33954080757486
52.04179324225591
34.0097544790583
55.66097704415016
51.43652679234869
23.44660544068733
35.61915649908632
39.90924579394434
57.40929037002713
21.19391218284499
63.96391821304455
47.740460378180735
59.883278944153986
45.198398708449645
16.763100146323943
28.442785781020326
12.907469413917688
50.03577294850501
61.628967839687434
24.044027370880997
12.705236911434234
18.33154951510459
22.691797640437414
38.68143008871108
52.762721609339536
55.535841664914386
43.0975922565775
47.626681380677184
35.64648844297352
17.71996673912227
60.37411493357358
62.23908532198898
62.15762582259159
56.72331584441023
2.590812732425853
17.90097466918825
39.629077961556085
42.87255350118061
37.05697109756895
24.71381514162632
19.079378871648565
52.24310793381164
58.66939173611147
45.607522985641296
53.12488409978798
48.538286875847646
46.022024304701546
41.240070293565964
44.948403551073284
51.40189561050399
50.61418193238152
37.77375364691285
54.18353995297288
63.43190305949259
32.93190879352907
63.22332049119387
12.503535891183994
26.527202382898118
57.29067100228221
52.13207539115121
0.03551615402741248
52.03870381943
39.74510644456038
62.42821635689367
19.84297088684069
28.118248674247965
33.273313265259965
29.749072507276352
52.89355451256319
48.39603402892217
6.94498322654654
11.87420475369727
62.39801157859493
29.057980898836895
31.91178652570772
32.69345255463844
50.03457483814585
