849.2420854938196
390.513636238304
369.51082779311184
939.5537464127462
797.0909148279145
440.3634476961622
847.7859144427731
741.0415666421235
168.5424237400157
840.0095206229705
686.2080095269732
347.05126000868086
761.4772499975554
615.9971012849394
970.0200962694819
759.744833818598
589.043723787303
156.02369870156951
497.53851433935995
143.9672608845308
742.9453121174818
264.2447535235758
733.9428686920005
133.91897399396987
486.43775332419216
467.5684990695653
1010.488144109176
723.1401975908623
892.9598436882318
600.8576851312232
831.5439041797019
455.91029775780214
501.5270655494828
422.58723488088697
1004.9239022360726
384.86357872701615
636.5167262393444
511.90529574697837
698.2454485892499
728.2318801597171
466.55813396603446
466.09782327944436
340.2588259751974
845.1671512524789
846.8921888662891
978.8199463431299
908.4627254245202
285.7778759884925
822.7006750176838
65.38944071728702
951.0507901848208
700.5437867703647
1003.8720892289911
638.1490031209655
199.44303706852827
438.4291933531043
472.15214474680477
900.9074917113901
156.29608367817025
613.5451195737485
670.0772434942787
724.7661220383345
183.10936609046394
975.8380941549435
777.3551148040995
622.2173251842507
433.83631125449665
601.8183464641246
319.3836668989228
276.4156073738019
655.632846739773
962.6507277884456
874.9005437765866
1009.8770695658234
918.783954336459
378.960660795432
365.0386669268163
665.1242514528317
804.8817241594302
815.8914601314909
985.0360212231069
18.753980644294188
310.64375058358746
478.81409423601883
575.3935150882783
1023.1218799963027
249.27563263244474
939.5736160266003
858.6088755772753
754.0898263762813
784.0076904514817
235.90333966523463
225.1141817111146
669.0203866819131
668.3727218690871
758.8330676091451
595.6702269491552
609.5272247488185
798.3150196543073
92.04973491105136
849.147477677659
613.8044848602543
388.4108706278324
895.874297070737
167.2507536373729
185.08514420699692
779.4348861941937
819.4522264642401
826.5471349900617
427.07094589271674
58.91574105831421
507.12309304472114
782.3155338331803
455.99970218559235
889.0699513613364
468.9686101991589
264.4645400255339
323.1178944042116
181.63688508295945
510.1480001279682
736.5211947881721
987.8902424273962
762.4789827851456
571.9925793425231
500.8746504562856
693.1319411694137
982.9226182350869
521.7924386888831
686.070931905406
932.4806788926643
759.9956096008973
302.2851760131956
448.46839999119766
467.6609454853033
832.2320562241891
986.5847337253923
388.35628675871646
361.7786620825217
1003.9721160879503
772.9320624107744
682.4284518016677
790.0526986755524
1008.1495571682362
859.4606797255959
360.7475407030049
699.3078373333537
255.45610093664277
352.52031474243415
278.0462498608532
623.2560243476682
764.9591900548405
528.2015024982019
780.3252585790196
180.01477341944667
12.650318892001565
215.12144046692435
577.9257014926955
744.7192059008185
725.3305767877057
796.5430001755058
171.69093175435762
867.6524579841648
457.3467646044628
414.5219995024271
160.82924868061218
701.8176921625009
41.68349402272713
515.9660491367307
724.8163968939009
593.8409668614133
724.6639600119933
79.71659125285089
16.846435784784376
366.03410553273807
508.607184567922
821.7619564943267
742.0492460004727
346.1075396331306
811.6550016816229
869.801387371137
950.4618551435933
882.4481888020454
14.599446070812746
701.5989528591917
526.7827836192427
464.8302688297226
686.3573935833763
958.1466273266308
589.6512407182865
795.1875792882295
1007.7977569677637
674.0484119442447
304.6947069357691
760.5967967332207
604.9558097897458
177.13828225659483
949.9030452771811
688.7124961066927
484.22122336591826
470.3537725485379
801.5469434056994
1016.9134357677506
251.47961213061694
839.4685717466284
789.894001533817
18.112166709576968
1016.8000994401544
892.1212853696552
168.8455051708729
761.0804527430134
910.308115218513
733.3645235636723
563.5658609945478
484.65696146959783
327.8856614044312
107.08635956684145
858.221840711242
490.34807457186525
908.3061635032224
812.3214051116964
912.4846335544211
453.57050938087525
612.2759779483131
397.35382636566396
602.3837096254504
795.1194119185712
274.1534239728194
228.81221846124026
330.34516667399566
106.60203369007672
898.6149564818029
490.74259498867696
580.5129786081808
987.4285084030503
306.054218332573
576.6213844909423
521.7188012585679
594.4290691939827
503.6082195603584
632.6365252672015
716.542268584613
757.5335292845141
721.9053279654377
540.7033201036197
719.3246448154632
781.2544827549589
832.0730943211137
513.4579883593058
842.9278474269511
554.1085928849735
644.8114962468379
752.1387479705473
535.0684680651525
750.5313222848757
448.40760607180096
503.74949799229273
234.34898317563636
609.8404360087793
1023.0593973347749
992.5511849315687
918.8356193896589
396.965951364415
367.32822908310106
791.1357290329481
15.541697305008597
1006.5217625825709
537.3448244291893
760.2560036706864
511.6195578724029
813.9409296016005
955.4137868260169
534.0820779782212
710.8798971978331
382.5694021373886
1003.9797576220926
604.3345797058922
480.18247828758183
261.70694384087153
291.5186292057331
715.5343128777266
690.5830965716411
319.2612820723858
319.6042278631255
715.5332276612035
987.0040280673624
1014.9720078931322
759.2101061183586
808.1822653090354
847.3505693185334
847.3774610627061
923.3993151984837
296.6096130598512
543.4458267049997
704.192318064157
680.2403055100974
613.6498468198696
815.6189326776192
905.7822838421874
350.26130757005114
727.6941187965156
78.68545833734049
676.0661138033811
639.3156607705436
878.2444893229716
462.0350894505856
576.9997638927277
365.7017553563047
499.99195542152245
668.714669529009
870.9855891129057
527.5318603336611
358.2007518536111
411.74855962207516
688.1065989467179
846.8422448901274
792.8239429535698
895.253655721744
452.01419068348787
988.4136386060883
922.9496905198786
877.4893837666226
811.8022233083119
343.96748020902965
935.7388977332082
1006.4520950531519
805.2112231846229
954.5847895475648
83.41282527296073
336.3420059891463
797.2628284696867
477.6880975657418
149.12226714815188
927.7189062172768
888.4129753151217
920.7909548047932
369.8723242148127
46.980935301359864
488.37880610532545
439.56320427407957
915.5566117731341
320.27830573838685
1019.9813199784754
765.0136088403075
1001.9357709705653
540.0723091174016
838.6395844520118
449.8015346067855
930.0361971959588
751.8561344663985
883.8625165777785
216.88550187326507
784.0434323586447
698.5574055086272
413.09537338419955
517.7728150451205
784.4975150538253
538.1214318868782
852.1247158143651
891.3046204587897
578.9332696295941
