890.9066447809782
577.1867275067714
136.48929101959254
630.9098359256617
152.60681334783487
496.46745096062557
74.02511723535667
214.53120702615354
729.7890067019956
608.504345265656
885.681649379677
815.569904775526
483.5162483154886
792.686656009626
861.2854635851199
470.8030235947276
630.6748304574905
593.2865818645682
725.6301837898247
309.7135701363069
401.4688356221112
405.58890128566134
582.7707341267958
776.3987481997303
609.4499851862975
65.25389088861039
1005.7549774859039
438.31654821812526
440.1132977011313
648.6850529744423
460.56460542290097
99.1848525266181
929.8248519980975
67.59572056493312
929.994487843328
742.3128269711214
374.1779045062598
520.8327024386746
848.8107022339267
798.3275746820647
427.98724945439676
670.0192655224281
907.6515541010114
229.70377753944592
729.2736807006225
145.48760084831213
640.6914199822694
591.899309489726
807.877204757383
688.573669431667
555.8839050128092
977.760895525703
657.4873860914724
616.503435142876
722.7451860545495
772.2816529710863
786.7326068281228
503.9109959128391
1018.8166679946954
62.721020777843705
301.3312389544486
678.4349187402195
802.461435177205
574.306121401811
741.4717511279293
37.153632688681455
560.9579270307702
982.1055616480462
901.7612255988641
303.4265573343747
434.1867526872958
642.7198149365784
420.2650001230089
364.06298325688783
480.8494000062843
619.3763740035349
559.5689030816752
749.1706944983013
993.2049797361159
555.7726274921065
922.1952119062666
886.9298013154719
447.6397981128904
881.551057168582
722.3991508297379
543.656219609989
873.8164236562899
452.9929317339129
839.1336277244972
484.8535959759172
284.385205232427
977.0044929567046
786.1881967996114
853.9556702302492
946.0962831102186
915.1297952746703
1020.6277152748329
481.0869181736449
448.1799123541481
444.7328039134004
401.46912406135937
538.0809993872988
598.8604045245559
422.10882546895573
427.2631264488672
940.3405834554745
662.3258370740541
856.0778421451184
252.7676561014996
420.56416456802333
564.5738921078473
392.1705860112568
604.0002667021529
451.8428107353119
646.0731765112787
928.6032723561351
936.2044672190111
982.9939235052101
862.6516249542749
783.5074040940175
957.3925663301504
494.5644243402601
493.7126214166426
681.774099612059
643.447889694547
543.5170373907811
621.2130886402598
421.8493492114926
382.97079776617727
301.89137110630827
689.7473684257579
606.2134724068019
834.7190799024611
478.6944570766036
649.5202380503532
564.5111499640032
946.37323255567
820.6118741518229
154.19023140154695
113.36816515871067
756.1720268131
652.3735059778589
164.951349696855
289.12065574991993
762.553099969821
198.2505064352681
900.0412092771786
829.2358254132449
768.6960336709445
964.1340410902166
784.3470943182549
365.7047406757813
424.15652520692345
522.0856073357143
1022.5572209912958
435.7773200088602
69.7284532938894
168.62834703970907
1017.1084367110548
487.3686449295525
809.363796581328
999.6155013083827
86.2404319514767
689.3382726719781
308.54932841401194
624.6581777499849
800.2524391057436
395.9259197806673
230.4720998813499
690.181383652414
213.95275624260455
830.8901787346215
902.952649366005
782.4663331844508
766.4632958222852
698.8653271597574
645.4713342440623
501.75096214282405
910.5714362795231
321.14404278377674
1020.9890004936492
283.0230391509558
177.08650080851748
604.1335715240575
850.6812264575138
755.1565218323109
701.382583672887
700.8569400374797
974.5014761824671
656.8165990973162
174.48998207233967
288.3403003673443
862.5832715676331
934.8410655481892
779.4185387939108
461.9819696175547
619.0226103044114
89.7788023421308
762.9831120633319
686.9084318921101
636.9539422470797
567.9130739736781
842.9882269645836
809.8123432909836
909.3784907989892
689.7383912016476
506.926486074148
68.4986324975713
725.8994632202421
534.6508941126268
629.8388114364247
830.5738613786798
864.4762935230275
850.4077771198774
778.1332110225646
201.2099246758969
806.6706177525116
843.0472851937818
433.4509353336415
900.026784991778
534.2836067344999
399.68747799323444
604.6995881048015
243.41875617465428
361.96721042470483
1004.4678429662143
945.0122602524984
757.5742547965966
200.75105449114267
904.5323660124794
606.3492281132999
68.02211190292576
1001.8512416114165
972.3757886636987
819.5703162868241
939.7145360254019
797.8081168137044
963.1932798002565
323.08117556304023
598.5726652135202
691.785860005546
442.7698963880622
823.2128035441268
941.0317904896145
489.4457553669108
779.9146443702713
300.02054086695045
361.21023977901893
945.9989709782482
551.085383752521
945.570405597019
970.907916704301
992.2118334244333
22.519987758446973
78.68426287066143
559.3303438776408
951.5401514470437
483.48193531299955
579.7592398312263
898.230347775652
636.4321054346531
850.3209879574704
919.2718311598376
976.9815349287728
736.0600170021238
167.31652829778227
871.6618781098244
179.97798756818304
825.1856309309915
696.2814813422783
317.5954146727604
744.5073778472866
798.2473891952311
666.5469008034163
273.5678225703241
365.2135754906948
660.2122276211326
20.40837154639121
234.28386027136446
857.6481008085921
860.3372187287766
473.17275780437205
468.2745892857225
432.9748736098469
823.551179715781
651.9400126650642
379.5544436009021
524.6265286637605
778.747690148261
304.9555197413208
185.63254156486846
482.11468688305956
11.153204694232727
637.2416285647455
874.858993341604
556.5027703951687
360.7532025442763
399.7641107603638
689.9219774809158
873.3515690617498
691.7668905655261
490.4557403772558
806.5225309413347
591.7208255534148
534.0500052726252
680.223845884579
729.0478417821864
764.4902256592868
609.71898215026
782.9861058183972
357.1860353142973
710.2672878658477
984.9394356274838
994.2320280953436
544.8729623719457
1015.357557845545
939.587239636056
317.64872682575344
722.9212449601541
635.3685191087752
583.2169107389345
947.9672140147446
892.104308689624
767.6026537665962
482.5539852994125
865.6617540791584
16.493994479091953
769.964502267267
733.1176032731452
822.3989231225661
448.65928259108387
185.8754040735529
1016.3407097134954
1011.400868343988
414.7198610847985
830.7560871040258
722.359109516148
696.9373880261091
837.4784446643134
611.1821303678071
985.8269501543655
390.47607190996837
18.177635806777744
592.1219004098689
14.708220335410374
719.6420893459726
944.0276173429722
484.2499534819341
948.944838602787
838.5980594041313
551.6572192156048
521.3433966752727
903.9711280386423
982.2443756469631
552.0974646737667
505.09559910277096
908.977685965325
538.9118789673898
449.729044536012
139.49948045916506
