58.383885358259136
251.70755979706348
1012.3388971470587
1007.7721712942146
569.5957616248272
173.81158773590914
1005.5261802253887
955.4246152232322
677.157452187397
328.512994415193
931.2049120139459
410.9936106776735
784.4135893593852
780.8366051680649
857.7149706430093
214.6269540618265
789.5977319136875
1015.8901409906463
763.1482485390057
712.4418070853868
674.248617590842
584.9623517261455
516.2449950597015
831.8123826001626
336.0353935460744
931.7014489399547
817.7150586754125
668.3908264788763
579.7624631788071
542.6757501482109
595.1134260431392
33.21619088749321
675.7597356495053
483.29016470670877
851.285807168225
779.0119930022593
815.7031167317853
438.876775789373
851.3520143869688
924.8934102190314
566.7491404318298
259.0984548539533
651.6899895673132
667.5475603900524
910.0639903567316
890.5474630886121
870.6281258598292
1006.6098480165438
671.665967761541
289.8269520227906
550.9728178986898
330.94492985090653
856.4736131075115
274.172300003906
601.4336601264924
1008.0051367581752
689.9709872638163
505.8374220704252
862.7432706281149
369.2662723455003
903.9921426326005
3.893387912831372
482.0347264764266
739.8264298408473
901.3577021118169
213.81849569349095
893.9142359468823
656.1989866233814
910.479918042993
829.6993265689346
348.6484794759332
417.9965601414676
134.74092355642722
331.89403119591964
832.3183500999211
182.94980508230014
855.9895972836209
799.4975808017034
771.018802072927
305.4667294291671
917.9323939680178
74.03496483044569
197.04894468202122
1020.1603766600359
702.2921850396241
362.87169165322246
894.103893069697
529.0788417221577
722.0331238186718
699.6670961125451
939.2285022199034
881.9882180000159
662.031726581513
892.1497933615677
743.619400029763
238.1484324072278
864.2061883732057
845.7182858554005
692.7779400081919
585.5489551935299
172.82076604182691
639.8413432210368
68.9368240109485
686.3739507072962
257.96213810670633
892.9930247590497
188.6300712241199
364.55323986582755
601.58198465468
685.7453895570044
688.8020617527642
683.118901799227
622.3196226727059
305.8375789319415
675.8185628033657
968.8741762721289
833.8248993418692
590.7175523255652
359.2023747037691
101.81013465274145
565.5242719180642
930.2141707790357
514.2073052587342
906.4338524766019
47.29746647500906
986.6233903256457
1011.708668053675
680.5537650122035
895.8177370593717
484.869807337254
316.60316535037373
888.0251041278584
662.9630911656791
933.084665526175
235.60987114655552
756.4045829926274
1021.5624280788551
155.4748697818261
918.4671746872638
917.2095784292071
873.2685325980979
685.2098811207445
136.47470569968914
612.0017309442628
542.1421945515301
959.8841957862518
948.7290250490637
256.7522588048879
957.2049625880495
340.5975991136055
95.53534227530974
997.3451914726054
981.3171857344738
971.2427393669318
984.4017836685268
659.260473162853
583.7122091333025
805.5539738232413
509.30352432465247
119.97988041855058
863.492970018838
605.8099099930455
511.96738762764926
574.6566811975001
970.82853702237
717.4723550005733
750.1126988675272
819.5274869279693
725.5538511992562
950.7344381587455
478.0459833760307
599.0382278440266
917.8044212698543
894.639533228412
804.3486377740685
820.6849471014823
129.6894534553262
323.88285916141103
730.4422270343987
664.9040466699382
611.980021085152
779.9507343382311
587.7923972081988
616.40839128016
636.0638513776455
964.389398633119
386.3549555475405
872.9497898270675
672.6196742647719
1006.9092811629524
764.0500112664058
1008.9607851508051
56.97436062836687
292.43401338994613
200.13989865868348
529.4700296371353
206.4217671250268
475.06741219816854
949.0726604829653
979.6345629123331
694.1356345312224
550.8402955562541
796.2097113585393
817.1026138724724
875.9308677760837
670.9300284727108
479.30819534226464
609.8898503342643
849.5451357083165
565.632571712873
611.3218957612489
299.08221854072224
94.03487771313337
403.74830627205904
732.831414911529
927.027044566283
607.8683306783469
875.610245155385
818.0380364088048
952.5649595686327
891.4321812436687
897.6872232721976
779.1635583581904
716.2066075237976
754.159313338927
939.1100373474077
581.5406364305627
313.52962790424635
679.915893080131
474.750705409092
803.0212801056522
862.7596701792038
683.1993077841654
447.5932454912104
585.9881905756251
627.4199795622669
300.25885054438993
821.0319770983724
872.2481004294249
1020.6150821431089
541.3060129635998
835.0702085861353
143.84847311799388
929.0963336614
221.8436198923465
438.92605669637805
339.2333422409514
740.8042419806197
852.0177563793422
1023.9106085727614
863.0883516220781
250.81346178677518
205.73025701020515
649.8107887883932
857.5987482188002
799.5326185242818
376.5596322318472
797.1431444733224
809.6477271029487
1012.75754767128
1013.8775425551567
717.1449228295191
293.743857694408
960.3165253212522
497.23463748679626
374.6234121851302
566.1878309227648
588.7715640661119
187.7316660491034
657.2884637485388
345.4285968847919
910.794650482774
993.7270055823388
1002.6425901548926
596.2143163485262
408.48228724539786
545.691104778555
629.1287503667106
1011.1928609917434
466.6959374129392
807.7641251508775
702.0771324274547
784.107397512028
383.37018325736585
994.9022852299356
188.3243176468369
1023.8268100595951
986.7685259118832
490.9367313168011
578.1939889941877
161.88447948736302
833.3441053185292
655.8517682665288
629.1255464910014
335.547130293588
252.86424689175112
613.3860254427743
234.71924118856555
649.3436140136691
640.6101223899213
571.0634696239515
67.87992268681126
837.2054297411173
860.4394408780637
590.9800983849075
742.8550365517774
523.5797998076615
771.2141787601478
930.9079687753912
568.7954818356588
1002.0006252678276
427.8856367279524
629.5707552203891
122.38370744618067
872.6353843586775
646.564944391767
507.19864192341413
564.3250184596404
33.44971967916888
901.8201001874767
815.1954045780267
536.8749544580726
43.9774899270991
582.4300160999167
1023.6103727493603
547.3047271513017
721.1004351762696
636.9633302953132
822.5713411582196
437.4184467668051
933.5973682356606
204.88087980457908
670.2430748398671
194.18379453503837
853.7064737076101
236.2737397947618
776.9443659849235
311.0708115042836
577.7049778645892
678.9901260376735
714.5355341377501
1011.0365832854008
715.9775265465323
37.77124056766013
900.1440708514315
929.3497293524273
770.7449151562103
920.0218939639267
516.9825154211476
1015.4967241027115
648.9493066081577
914.1964765305344
977.6306776818484
695.9989820329993
229.73061394907415
58.10980594045043
463.4471040799933
439.4670977638026
967.4251413727172
778.4844231878174
