940.290352502795
338.7147200411812
966.9803047547732
634.0979904337476
503.9142084184334
137.97872001815097
274.8713782164248
773.4611515296837
735.8310540923047
972.4288879927351
907.8538448785911
371.59133069556356
769.8031209041912
376.56409572212397
977.6600672653195
223.7164805240426
80.34699906134972
265.16262306364297
994.803069361167
894.0158106267916
1013.4743069855382
710.7433587616526
630.8456846020482
761.0109106058267
914.4464512557196
991.9529766661526
543.1127172730551
975.277631778049
681.9817388454358
491.76296623401515
26.287245375782504
682.1667408351941
325.07926002966394
72.78645678929843
868.7188094705893
619.702678511288
706.8050463320467
729.1883894345402
862.6190517351889
982.4925856305964
409.1120341286635
421.5532874234956
670.587566293169
455.36594791786933
950.0681120765233
943.055230636256
985.4780803346581
190.9322129879356
738.9791046267969
949.7491655685958
861.5627485920342
711.3010009116014
105.1016627906771
722.4737930715727
332.51677726357536
487.61068419354535
49.20443999462873
453.44387533886686
681.0313674110934
939.6784594724706
255.60155394142976
802.0294156230102
190.47518688523553
659.5638471685322
862.4052540004689
532.0769658324612
364.9802672579684
376.63699105831256
649.6752705386625
958.5950399730364
927.4291999471837
934.2782578255235
340.088156736319
175.63766150143135
115.44452681590508
452.1025665533298
1005.0215957332188
374.8543408806165
808.3300501412375
659.3926160522831
673.7609064624353
111.57195079628707
830.2207268356719
874.5824892899553
663.5835365732779
390.9395057275275
937.333138201951
446.6542970861801
712.3106823496628
149.48440946155017
140.27040999192923
894.4087848508198
267.0406402290282
466.3944958972497
444.0541064484895
430.36952037349033
572.8284150600433
203.9272984474842
672.7053678083489
817.8288627181187
502.6747094924989
740.5051915921958
555.2509769290489
959.4990940853943
817.0457266355027
980.7683340967033
879.1712428205857
97.74833094445444
249.42164308319047
876.5087610569234
832.8872052757797
465.94889821544746
823.4702666986361
719.8034038805422
599.2696669208599
955.4363480196229
1020.1675400283259
226.9736745331645
999.1430181138189
165.78819479944423
581.8529763423589
591.5877568157088
85.81570319467346
306.03645733567487
601.1128573830807
938.156522969162
833.376696927671
597.9840236066652
948.2006898610928
77.62278045146832
839.8048661380633
682.6414173746698
787.3756413320153
692.1070027506405
79.37452104845102
792.7748524928415
833.6312564658648
234.41857610271256
646.5173825501349
268.91703137827346
298.2977525872435
514.0118618881093
888.7305050629693
989.7237936013644
748.0125310252376
136.31398959990122
464.212269477419
513.8229634476106
186.1161591477569
972.8554191728878
562.7388856288391
659.4557396324617
369.20059510563794
716.2721749442956
847.1625545999157
467.2442776422655
964.5771397536049
414.83680345618666
697.3010196451107
547.9471360269845
431.6671406303568
294.9974869781704
839.3287454847018
780.5980828828474
1002.6194203753807
463.0960709126841
714.4328877310695
732.7382930094261
531.7589034225005
771.4615425832809
821.6051961088413
874.3395712728121
788.2288334839536
28.963190645481404
345.5632939422693
817.998232724876
428.81606817063687
835.0363425097518
714.896712718281
1017.3534452448652
445.0241304094892
890.4015613700146
390.6233565865451
831.4167291515605
790.3221579897274
589.4366638265881
1021.2173866973167
359.68320240942785
840.6254697469393
265.1469406926918
520.0302546666018
357.2533556500424
853.6235459343337
829.437120220669
889.2785887101977
547.6865512561342
946.1852235440437
120.51096367325238
138.95252888192545
273.5795866409428
941.6625929579471
1008.5840628567923
702.6701472462394
1000.2017667247851
632.6457463811786
949.0452797910007
599.3825298038205
673.4760536062872
429.2280218941711
1016.1949589559957
596.973265797391
846.3645150861995
848.8269830732174
564.6921391677151
1022.1611523762539
994.7158472674911
499.5785333209669
742.3077961433062
317.5490110034823
192.51113534891408
101.25707321769073
759.2543558384365
349.1409779019149
20.59307345694924
466.07786518861815
900.0228085673007
877.6152375715583
55.11147249281623
913.039752818221
660.3452267720918
286.5722658465604
214.8725702580184
547.5721344919108
324.5334599547507
779.4651021514762
390.1173567483414
70.11255411671141
905.1534670647497
43.2544989515261
703.7594635701003
399.1049249125397
484.7927077645429
874.8283342129123
11.254316284560446
211.54555392462328
64.63683943439992
771.2223693919533
224.9620166972294
678.027252280801
121.9584011644439
881.1775622011869
743.3471595184587
818.5219500795017
770.5276956018
415.8424537743567
174.47606790860425
577.557385347978
446.47587523202753
833.4572064510119
755.0507342914046
845.2050214371601
506.4612332902557
976.260580486955
493.06305577981493
913.2417513607267
150.04990474880674
800.0321288976072
477.53176524633534
428.09588794409933
690.624560230196
1013.5604537919444
940.8365434835149
481.0040983552351
508.5907795650239
923.3185623230298
655.8878427438137
598.1870226914618
772.6028416315562
858.8628605374026
599.3372727383338
451.9741446182645
690.463183154263
345.4039832249873
434.8471521651744
896.9625890318345
471.7301273005485
894.898617202206
935.0868812816702
870.7598311505545
413.3059783066444
560.3931254334461
28.876354423903308
298.9297865442187
649.3185612584335
328.850914405446
658.520637937225
153.71993328877625
265.26529762941016
256.3975792978181
937.9500310948488
788.8079684457604
795.8257817665323
721.6782774333528
968.3883778492217
402.23758690895716
783.4660054331302
661.7856427719677
476.0892866864798
883.163566429416
384.5807520609186
732.1311041545127
550.5878383514706
914.2299588673334
973.5627141805882
904.9656161030069
908.5159920865917
253.16339324020782
544.968671995449
301.00696551295505
709.6989718100897
970.8236356544356
590.7923180728651
946.2114171244621
907.3768592556626
520.8652402582168
710.3982218790459
480.4373381804726
795.845610897905
758.8898135345679
675.0700516524956
918.7717643973042
857.7591829639077
757.6184075345454
626.7380879565228
505.938259898006
948.9310331697802
421.2471518895404
401.30652173451097
991.625517971062
768.630306847417
553.284685207625
774.1405592413321
140.30092563136645
632.3661819166703
827.8010184828725
743.7147710581171
647.5693939912796
323.03617292059164
132.08730143400567
832.8687614022967
977.0895935161111
929.105953651313
822.2848736627277
976.4471960642974
557.0066804387748
738.5417724669609
206.723102018193
855.7955933101794
985.2443987863469
563.8365564745457
