595.6764118674319
602.4239351009087
915.282180300185
772.9184315994253
937.6824988266808
862.1126798338013
375.52457247253574
160.58908637844547
224.98148809825977
510.3128938669
436.7280449843295
427.23932762012885
333.5606276628547
621.7291658276965
613.4374608975145
166.09757249437826
538.5576470611852
42.4398421917349
747.1184959257522
623.0879136275341
889.8799994801967
192.48843910982782
689.7571646954389
643.7677668847149
62.09723560647478
332.30951578494637
960.172388285876
914.0751094164751
472.45754993974344
598.0464100765746
587.9904914146264
609.2993885602298
489.98916006193485
397.1505664746968
803.4231090010293
560.056713888851
771.9503472924202
231.08992345767126
646.7090861932464
265.57702191663896
973.8170893262467
745.8472789646297
904.6877775664806
596.1170728639213
241.00072497101564
347.5954485012993
446.003974492647
630.7894360046041
371.11010542298027
1005.2539024885933
833.2176991006902
869.0921039995362
935.2930003823099
996.9256904307966
583.0070279564861
560.2688422208671
222.2214918822915
957.8711235911187
953.1614472159936
293.5775631869136
1020.7269197007528
786.6810054146624
732.2125383102227
776.2380479181065
152.60635454036367
375.89187250372356
785.6344158578077
1021.7233474447848
1017.8956750790222
700.1591564801212
904.5460631635012
540.35901648924
422.015589918787
32.06495259846952
358.47785201145575
414.79719214251884
723.0166870736556
523.9466430213469
504.45043667963284
464.1746877202919
213.66146384956926
717.1308382106049
138.83929780646918
813.4281457204506
320.98755369033427
552.4864983036412
1017.9677792078628
702.1121992708672
558.9908381629325
996.7196782501933
839.525173398991
652.3023683102194
900.9851546707778
422.90634639769064
687.1575346490458
163.46405830702338
370.98996109385837
704.5115489366019
759.8734473746365
951.2331642645086
487.35644149837503
676.5627198380421
598.6571260010523
407.4507149375613
883.5694592528389
476.18447870823775
807.199267624211
795.2258475214242
174.84689894217013
796.8849275518103
580.3489296632547
493.8891974560896
830.9079651421889
312.3934991043667
853.320567846506
434.46680315451385
1012.5093676188155
767.2145899214847
852.5439076546202
261.9785087243514
885.8275107458671
586.1314681330857
522.1097141218386
986.3882353762285
326.6625827030041
682.2375492331386
892.9813492391681
522.8761394621745
942.2051289996731
1.6883863211508015
711.1253597542102
610.8423955567845
847.2088882303212
583.5707680436883
803.7637770670108
443.68168622225755
362.5905456207072
701.0247625300713
859.7305191861263
781.6909889919712
626.6785614937853
722.6391000583578
854.5516305486872
742.2747706159545
407.736727162541
138.01901053491486
661.9254780581563
609.7413858383995
597.7693688315996
332.244325360925
498.01321759938253
757.9169128918252
720.808946257285
758.0273807308176
937.1801958505295
536.2581641105203
777.4420396619212
499.86712323615734
532.1914172546517
919.2552200442831
387.2455281106836
423.5978803463844
411.2155981911767
928.0763565247861
932.5512522137973
726.2201783240683
738.5870947861716
401.59179642256595
885.9720897434408
987.2676014530363
468.1313844401435
901.3647118134651
484.21115166484515
765.5268619792225
229.90198515418206
1009.6513646822482
628.799459106453
244.46600273885008
840.5445409133418
996.968221479633
823.818937272245
580.5498035708686
195.5360895545948
292.9944406534163
995.126269078891
436.9497205597851
121.1806045304877
484.17261213454367
884.4209305889916
850.4684734896367
453.14379838672505
1011.8540953913835
161.28343484955474
929.1922330060968
514.5132167498293
348.49646555857714
1022.7233113896634
587.993041727503
219.23938331747206
1000.3433583475179
717.6687817924419
605.4645670854311
958.6831044932743
711.8468754982724
164.25212508155505
702.2170800494599
666.3407733324987
725.578987599847
643.5760735975589
253.32481549654108
792.1189870251535
930.4362006476523
935.312836951475
708.619805289479
556.8599354221708
955.315341615624
951.4522802592538
668.0866689954807
880.64611946904
819.2848323563292
823.1762202353252
298.20681433660684
243.00495690428022
823.1442061711646
453.3652526595198
305.69542704174637
879.6119677226584
777.7080404681874
430.49996444793226
475.59129704361544
914.5264490996499
979.65703594663
826.0024687225548
584.0726216256826
357.92964523893806
616.7581815842154
414.0736597577153
950.3760387796349
336.8466766408786
174.31965418193317
19.672703792797506
802.191357699186
218.9974981618111
916.0295856327758
939.4675980067466
892.781581449251
567.3243354824028
370.3102286921803
884.8332382354188
908.9082325988272
699.9374112622766
996.510143648341
569.4681463275813
997.4090623722058
728.2036221878175
999.5338777233812
471.41121748165176
693.2453595016348
379.23434028791314
616.6966183704491
247.51675171336967
997.7952753412138
832.1938025740573
697.8489987222238
962.0352813147484
355.3675073193847
769.029612490206
614.2409234984138
959.5541830423952
510.5707281643603
498.0565415703509
933.2372385808096
606.6247143571811
469.9057749171385
506.36267454182325
537.6668201712899
747.4429219499815
310.79086907081194
384.1385986394142
849.3229724553638
713.6761273320247
135.37293397853
723.0985893947213
828.2165628275831
718.2841412651926
557.8680602404347
479.79994448175
145.72448105948035
881.8720001404076
555.3264360807564
367.79589196328266
912.5663906819557
967.8931091974002
1021.7084872408782
900.2491715339595
386.45666640066645
485.1733329177523
53.32639519485792
308.80263857700413
942.0951922903427
627.0532031829457
976.9574945556049
927.0866408218276
972.6553027514955
961.3969741362577
215.4643394034615
692.8416006916084
802.5438747428261
602.5771463173858
850.1135409374305
890.9478603605177
887.269749053444
942.7769306007027
847.5683059580809
57.049070680980776
769.3118840163111
466.88379230207556
878.2821339597633
831.1412422300568
50.57023156928733
104.77781669429544
215.61976677548546
544.357143139131
682.54132289007
968.7559850244434
284.2273410375177
452.7023605247515
428.6037906340755
506.36469823925245
340.9018077648244
565.5652053837983
478.5154700770561
1017.8220554342839
701.9253506546994
303.9661704111061
798.0740198606741
892.2850136333572
936.1286492764374
591.8117037512529
658.1264212395038
796.7745632379863
501.2844038658618
944.4649055462247
720.6326075120082
748.7544386040894
402.66093398069836
977.613623256025
121.9037945613095
614.3697636956385
892.7539345036234
659.1615240604251
166.45254131954357
927.4056110847586
570.5432902082139
165.5697421036764
815.1719868469977
270.07148602925383
65.11919541400789
886.3999166510373
860.269570132077
