783.5456341322669
946.3681558263032
684.7380759707951
655.9275664415964
949.1714385926094
888.6708859604021
571.2353291034332
758.2420072211403
850.8723459286238
803.1527083005228
697.4280321178783
548.0065501341021
474.1476672328889
980.6393492461166
674.2978721332888
897.2521684806892
566.5215896721393
683.2183051491131
671.7738775621376
623.0116898607769
386.9279536887002
668.0574477969219
193.08890594884122
60.516310984156576
733.2080486442427
633.5046625914449
567.1181787235455
425.85980507641295
858.2662743198787
841.3307094215203
683.2033375826958
502.5445983804565
64.32539716421422
555.6464245016266
880.5881604558805
1008.8839219078237
679.6500544627929
925.1000467646878
421.0578597978846
771.4081750996344
846.5433692158261
856.2374926339819
766.1670924759467
803.3383253716248
697.8946863518761
832.5552539886467
580.3718295540889
752.2122599620625
792.2804105357997
238.01134390044342
335.121682453992
923.024259638203
999.6877531391779
759.5595543616137
822.9122852715275
539.5032642795998
452.1072379320974
595.4176860947921
444.76788604514786
721.4232821203811
903.2998843644964
361.0789597815934
234.81436995595902
701.2695845488388
200.57258242214903
321.5636787943348
461.8256713234424
781.2989429227079
466.1723154963788
771.0169006432691
559.2354372572812
1007.2341389565532
639.0901534432785
825.9450499940717
844.3905655745667
49.854481505635476
435.5184848501991
349.61421941547337
90.26038137478395
751.5636276447618
261.0567553141891
976.0305901430697
342.3366092665832
202.70961892129196
14.613694724864217
469.03666717896374
167.94421506051003
758.5675917684227
507.82987828667933
765.0725542084333
914.2545230574328
1004.9520581149274
401.08832542806886
340.8117793064454
331.6214141460805
869.1887225859093
961.6198771280938
323.83575982042146
578.9807649352908
934.6898781572584
772.4654718302245
754.2931975246693
862.3188863423227
711.3224556546718
7.907907360274635
642.6382765845669
533.2362007313857
612.1827032651671
851.0259056300894
748.8034162167235
884.0246719300978
993.262740417929
678.7339488479984
797.0200925091956
688.5799332958464
962.0134210123787
819.0647955178439
205.3547836023139
925.0238096634814
382.5402267783469
762.4906177360224
328.9691075093957
597.1035264911305
751.7977151041407
537.0894779414751
248.8801293756003
613.513195574825
845.010080114041
1020.8368280212813
228.0693127553077
700.3632443539943
723.4179952020668
397.6905538223788
303.99333136692724
593.1005331904481
493.08904821367594
916.2917775572997
348.25047792098735
532.130332095551
673.4735376052222
360.1645003123192
406.7297026412641
422.7061807169373
601.6487388257822
790.1661384068177
752.0787851085283
219.63320323798166
598.5765306356657
217.70354345945964
291.9353927206646
709.705407045917
5.733546936841549
620.0229481562708
305.0734205186707
416.74802528428916
781.1517834934617
920.6785870021569
849.9298410916248
631.7982233385546
844.5513910441884
425.0880626761044
711.0984142755569
653.2859401083772
453.96945884167064
877.1801214004619
779.941143943545
579.3399807428914
868.4985944441474
922.4117287861473
965.8733730166595
190.88492105897865
981.9738063753989
796.421913195838
934.522195256046
155.48698636625215
481.50341070358945
534.6144069283785
665.3214465182014
791.1694465294464
440.6096496160618
1007.494555896337
442.2707283057598
801.2203400445776
962.1392033726975
541.5207922629875
609.8013252973959
938.4768016807556
814.5475960448947
975.0800422824133
272.06390658244004
668.1275028089505
825.8350334829458
989.3197940941618
900.6346820587697
407.33093730438395
895.5768207238392
365.2953258675543
888.5540188063245
742.9023529329913
883.7258338295006
921.0316179062613
204.23929651024878
564.2097266021226
347.24948960392703
817.7503236145587
466.34343823674544
946.7257860540004
975.1975750080611
682.5481374689441
669.6824262556333
665.3579538561895
667.1408035478564
216.91489935962443
877.7891012917793
1011.4080294340787
547.1421412225498
942.7580413867992
127.1161756745131
569.8093979676729
277.0622918844416
137.93409392830029
887.8062097766945
290.7935827341389
300.9037076570214
594.3265123724805
585.3877824841618
629.7961931401569
562.2512440680343
660.5850269014438
500.97611848674865
328.1977306565374
1021.8422996800283
853.6898377369191
635.9531631878905
120.73346277925384
896.3091411214876
696.5974935055524
424.14191834405744
426.54778264709387
904.6107814824361
984.3065956309011
1002.4378995369827
840.0814917519319
831.5285896609652
930.9963175226246
631.113766712507
778.423302863759
871.170364165443
443.94366429232207
608.111175061636
453.04353153941395
641.1311623605941
541.6431735879364
343.59053916366224
593.2343525441825
446.5422163658185
302.17868119857985
70.12488497027107
203.92872584221345
492.91386017563093
649.815018252373
610.1936938123704
482.62992996249636
416.1913164413992
567.3621873878465
621.7326812593268
843.0721294961195
963.733818884383
1014.0952031792494
349.7635416013525
637.9648028687488
498.6934638841394
548.1744029417066
692.8379250794941
519.368309373109
621.0905852301751
731.0337806932948
950.010929802958
855.4485947590817
294.7207951765366
497.328589943284
529.5584974187043
816.1165338219851
230.08301252703302
976.7175545923235
895.6623768576011
712.2427843505895
475.2439061310072
791.3588536784234
939.3757173907426
839.023545850448
821.3195266657618
490.2788098026522
381.4285386636607
596.5691429112871
809.7644337618487
62.794643874113945
799.1116029488314
794.5819148720244
841.0468194955356
1014.3117211087307
993.7120945753454
893.1419261478763
793.8706205470799
213.73738206966755
837.4576855280145
774.3658833336342
734.0114845865824
872.4094372796287
961.1582401528868
782.9007723474332
652.3722986184198
968.6025686186595
783.1092231862135
417.28956685368735
557.3288569406056
235.33593241646463
883.9076505933751
475.3253311466492
624.6264652371653
288.45081967239287
241.0873943807893
279.85221422940845
888.3406584528484
756.6936757241701
681.2786704213634
746.2407120903902
246.08002728423014
674.1614182588637
834.686034396279
367.9968296532609
474.77331629359014
912.4463094624156
24.921855244034646
774.8774101382205
425.618237781517
879.0921031211797
204.29410204624492
991.4341379045898
892.1460152013702
667.290369110593
921.3513011584621
754.9313931177721
65.08500938358588
606.6428649151368
737.9040967648664
537.3812620749777
940.5765577619735
979.6921765379335
1000.2929718086139
426.4039150271411
553.1664439352098
887.0739032583946
566.126929186671
58.015964198399274
22.860977618316497
758.2735295795031
721.5505400433674
954.5243199973927
214.31394877150933
