340.63350497271574
761.9151259214495
907.5785078530748
688.7625442739168
504.7881431641249
374.88734759702504
7.7367854111080305
872.727992594606
571.4083350973774
247.14273696636667
567.2667503843052
972.6868971255168
987.9335207557502
501.5000132440458
776.7375341562297
464.16727665788846
751.9707819348582
789.1726238009649
433.9784867475033
982.8306681981987
780.4195394831786
427.1307005918537
438.83815787067067
789.3271766043019
845.8364681352928
1022.9472838994366
750.5177743774848
313.65261316725525
744.5538712448251
637.1805676496442
113.16729005680463
979.6577609981173
847.7001931462383
778.5652187697181
34.06068015139522
288.3389432459861
739.5170151560653
987.1767672792433
280.1501836627309
153.91920940092075
471.42454608897924
912.7844541561159
847.9768973162343
1012.5411097493071
487.9456039742553
400.0110281148769
177.65382862586455
497.1752295148325
733.6089261638346
505.4632679757808
923.9250356426472
948.4727786261273
658.7829535110232
871.3902282794312
364.84562063024373
786.2548226760078
461.4407304112382
940.9062482097829
622.2620891122883
638.5342103269622
852.135052604274
514.2599154261561
858.3824548095959
912.548601833184
507.33775791291725
921.3583412129485
914.0496302703087
840.5488256002023
350.4682407940577
451.5640360485628
381.954779840067
558.1812011108784
562.0813365568955
959.9307850343976
655.232896204485
472.3403343106794
513.7977674359647
837.67785582811
838.0586167311856
703.3826178119568
367.9966235761252
495.7560497380283
525.5643915339414
982.5217134282002
670.9677384030888
533.1397589846108
766.8639414126294
284.2157355601596
754.5123018126975
649.1061345293726
211.28327132485504
404.089328943003
169.14477530202998
639.9155457245076
684.3789179553132
609.7036882440908
540.7980325933604
181.3496082575175
907.7243936883988
328.8596251476281
807.199658770427
710.4761003027675
672.7721850845637
382.3520284247902
182.48823431483845
766.2809267253556
501.73686720196974
669.7183230023556
962.9335610646355
541.8358611987715
695.5546139556859
945.9261396894881
1000.0076137417749
236.77209167482488
742.0945553284018
556.20339094194
637.8045061162445
295.07125012563506
701.6995409401333
368.55776792449467
667.3069860969572
893.1463289591611
363.70186658392686
547.7485972603704
187.45583593027357
273.26000740761026
620.5053446217531
913.2250979326702
598.1497168359003
944.1165364408134
595.125326759191
464.0299242663036
779.8392009612718
173.42263789236904
537.6020644778637
438.0277740628703
874.8611317102449
4.1575183878245525
884.4813118774723
280.81181700469085
588.2055669484105
693.6078393801174
308.78186800452977
966.1878111398316
957.4279050629236
530.1604994202919
861.004656059862
561.8365122778325
198.45223601932673
519.3202261115969
650.1686588505779
997.7607788220731
954.985162376346
482.4368407492145
882.6641736028675
521.5060099463639
1005.1239806660482
225.01916434693794
828.691571526979
213.7315400308819
1020.5578985163075
355.9084362308098
866.5465506427729
354.26127611248876
436.04231387068444
583.062998608608
62.4373914683855
909.8601715265384
760.0354570174075
294.44438700863054
68.850270131863
642.0407902497604
733.4777361020701
422.04634581257494
519.6394153945132
693.2776765127378
857.5849611116126
134.69676204586278
524.0930225564609
907.2503048229651
359.69487978980635
531.7628523583666
293.72120053104106
709.7779889096075
1008.3635104897888
744.8934620744576
351.2732893628014
536.8988339901773
376.86684452953887
417.92548804347643
67.84165785391428
866.3152155069499
500.00264338488535
964.5804719398574
158.53260256125782
556.6737786990248
364.5721551717703
827.1820670372404
743.1798903345662
635.9253005145449
576.4032981561883
329.59092187233443
511.83546406248774
602.4674042403155
664.146992986478
683.8638558745716
868.8359433923943
864.684469016102
640.6989858050855
925.1840062191908
550.1086559116266
800.3742549445792
584.4795347847021
405.88225061283686
771.5645059516628
870.0246649206307
995.76613298846
881.31235278971
852.5646570644087
831.5810032983637
692.00379753184
844.1053913303474
681.9771602906264
716.8564379062345
912.8451807950446
678.0165543548494
909.4708528973364
690.926339930474
981.0712313247695
521.255844374132
923.75266529021
691.8471247592342
251.05272630401032
434.8934216115489
905.4037936631498
758.5604878048014
562.3090647995529
107.82459512199989
283.59061630901624
281.22132510912024
1008.9000570842898
930.2236716732585
829.3301767049672
688.7216251171078
33.51780665206161
634.7771881024319
43.58025896953052
930.2782010325211
696.0378435986523
912.1936617508437
907.9768207037033
567.5291593576751
519.526648737681
268.5298632959258
677.0590106287875
208.17413661076353
514.4221300077304
641.7814391765947
552.8337925314761
392.89529069958223
925.43561018812
387.3280927793446
892.9171710183806
465.65195386450876
700.9300606941142
1010.4190210065507
355.9785956360812
522.6995402138456
101.83827329308963
847.9958120408596
865.3294271854376
604.4904167363183
721.6420011050342
885.3284300679704
777.4013984699716
834.9041790602733
897.4487602506276
695.7010377223216
906.3771610349207
1020.6052818875669
900.4359685913033
632.7490630833136
607.8225479924165
414.00258611063816
975.3777316674235
809.9481209689291
62.36193359919673
854.3954025412511
1000.6977845405983
487.7276221048645
675.8824069102602
829.1709392390065
512.6286486917561
520.4437720303758
482.3453566202729
293.439802171613
174.54499501005364
829.0148724873321
939.0030992398839
777.2639506643429
568.0715287350208
579.2256931975843
246.74776971269466
960.3544770522025
878.1167418393698
678.3289653773215
890.2110428696764
569.727912362116
881.3152781463714
913.0468555763555
397.8208152024207
588.3000768217757
616.6009651681204
755.7960139293468
198.76650341115885
628.7182993818367
818.1164162007817
321.6819449499642
789.9384751256496
852.7693165480764
756.5098671034558
973.2192515912271
723.8598573889335
399.17587815673585
753.0987500634174
141.26496999863775
795.4250821255341
872.2034663076952
389.3638003765079
717.74303583618
8.673865219632717
194.03165838460768
919.3020607351496
725.890545065201
794.8406979016141
683.4383170018099
574.1921977893405
613.769334939698
408.83019617578304
1021.8095031459909
48.65724094969437
753.8834248461046
249.7776949974609
730.793745837357
934.3939942541527
256.2722156136009
381.8408141580088
868.2951157424199
844.4808915680917
223.74163033425964
957.2854001354139
205.87118331530814
619.3453842923153
147.61326070868142
440.65260755314273
817.3235647836611
719.0243881317238
449.3577805315292
711.701302791392
804.1483286660941
