854.8910053996101
386.22559390486197
726.5015725577881
878.005688148622
670.8461947293088
891.3342242803537
769.9866748224318
821.343232804839
608.493160153188
98.09267407691607
565.7287778425118
848.946433372348
446.12691397292883
880.6312494039493
218.77263784916556
660.8892545230071
872.0923844604383
343.6247173377925
386.4782361120124
809.2479235570909
681.7313906555223
417.94287038117864
147.86402415113446
189.49898066187313
994.0392668810596
533.4491951100858
931.9762581131772
602.0069512910748
412.370791946105
908.2885174909368
734.7980885830673
839.9810826337139
211.7957611947263
409.20856782892554
282.2172152121947
244.16986339733978
677.5410599767322
875.5672827951864
884.4563129846543
807.929649954824
837.1663349724628
928.2658220400413
407.3630236948636
564.8344590126413
855.2412757633292
611.7309732216377
862.7820914934133
556.6381239939767
725.7717543671888
579.9976032895388
117.85833792899575
581.6858242939359
771.980340825085
549.6326475888416
955.393317846777
754.0745964326368
759.5390460829699
554.8757044839579
413.78695269027037
959.817645558177
713.3875327005122
773.1208660480336
542.1158185086675
948.1977556474436
914.0603297265425
932.1377531516232
899.7437055806408
660.1225646875706
306.1463191411334
458.7412643971795
635.1145317553901
501.6986172631921
270.44387256685616
461.2580619878697
188.86185594941492
875.1013022221255
778.6537936013322
929.8990104135748
922.5050270227025
572.374517658878
995.2593933308355
684.3629996077857
857.26033858802
401.9347089860943
595.3321299172562
531.9678744218651
895.1903703728832
692.564664926043
963.9299801887962
927.1206048309828
665.8940822607633
405.42470456832825
597.4734251341079
655.7205207485919
637.6611487927225
1004.6165605380622
375.52969028889765
887.760340557407
951.2131161981789
936.2990207477329
958.4475966422626
240.87590871685723
552.4840315064922
557.2620997682736
488.35680739345344
691.3613221868338
920.2212467968913
710.2106919593527
831.0038912808905
865.6027383308423
601.3487970162262
430.85801413802426
79.85394823356216
987.355196976699
739.8427373128088
823.5313221978281
678.8983801300504
782.817010924442
640.0651965133603
864.0379293774755
758.2835652117571
99.83290992320576
839.7365794729204
572.0003399497325
326.40619023563704
849.4478053698673
869.7405479396793
613.883994387926
839.744814106413
367.0172849480173
580.149452204756
230.0318717093287
321.218155003559
721.3820315292427
909.3074803017303
427.85381194218064
748.5053559040873
326.98723062781676
382.9842059069806
534.1182186950036
835.1334035291525
432.7555937593223
964.3410501196822
981.2618548300046
722.3388188717894
463.484339870595
972.2634026149615
816.1996463630521
248.9594720042552
750.4213651931951
861.5808433836812
78.79946590426448
914.7759120261366
854.5047062052796
168.8977674821973
942.4360002922311
672.8993880019002
507.758075097699
670.9742683806817
785.7880520367225
661.7682124915584
928.2001205678459
1011.3750291085479
248.0921386425863
730.0198749663506
754.0012275960382
981.5861560599388
412.46835923766935
382.6816677507686
975.5135955507357
192.1884040676108
166.78114665308374
1001.4982383556536
433.3790746163021
476.3931402547805
551.225688499518
933.2166929969354
209.97706017773885
696.9094046484918
745.707837882828
852.4601121237883
505.0090406392659
878.8374174970814
573.9977766199365
472.31653897019817
628.0931830184413
765.82094037091
1001.5385841544846
349.8438509027246
635.3699922816083
446.0666684740755
1022.0041174932944
732.7625162045862
850.627384379804
684.2752785374319
990.3991430769775
903.0971420026005
599.8697027240457
788.1865601268632
456.95713494753875
258.18466344849435
985.303555225073
474.4702747238447
453.77877977043215
995.8534301285727
564.4700449816842
907.9207220367311
867.1415565698237
805.7539097685641
472.57964030405606
944.2558214955005
1023.0231339366982
938.521649834765
781.2711037156175
758.040996104065
962.3177287415934
456.9508857762942
594.1968748327172
879.9325095818978
985.8186717523687
978.5056080002853
97.65954027163423
274.4276681555717
682.6650472810527
19.77268490945471
777.3418845417259
857.5460904258296
770.7746593949241
802.9421256334374
653.4675864557985
441.0521486238563
924.6489214747919
456.16411110073216
733.9082915106422
198.26150754057505
802.9778687645467
762.5962760402747
440.87054479162066
76.52493740400917
322.49409417001516
471.19647879214597
339.22919408135795
755.3358912325606
893.8796721873819
248.14677852594048
760.9820920583095
944.8691414378549
665.9477508321552
755.8972562534617
832.8327860638218
56.142662136251715
750.3116641650788
50.2944103291311
607.8119671914606
414.33568383645763
760.3561627692197
404.2355665025169
759.3082105050732
462.92650774593733
972.885844172224
849.6261794091263
344.8611852868828
377.22810247178734
585.1795922313222
629.4322810651686
804.5976858282821
914.484187537092
547.4464317853492
927.9656672295715
419.5808742279553
740.0128865344309
278.02795406211953
980.32734847064
759.5354504434663
581.9668123918696
455.3425102731982
379.927117345842
648.4336130852198
942.520074531199
575.8594364300759
363.4173133767829
835.34463480337
916.9818950312754
1007.9626158970506
303.3344250661471
863.9931054952481
943.8354079889198
1018.6832676821537
240.01405599500708
968.829004974923
944.3128878252957
530.1091690237495
986.5757739856417
788.571462324484
750.7817938133089
992.47975504691
318.3643081702994
986.3252482667751
998.1159860976121
435.22283926358796
959.9760434855641
964.116870961753
1022.8547143575228
498.11864171340324
537.0355498135682
86.54078527189063
954.2821699365019
696.1660059122794
925.861435204687
575.1899672179163
889.8608626840269
619.8043438269051
752.9845118642595
813.4025815496511
736.6255730230107
77.79136188698521
755.6220734872472
424.91386213323017
785.4141917065939
886.8117372835337
624.4238551172123
998.04800210356
656.4402610436291
312.7771416407106
655.6558522263988
973.3440753374333
1010.1076779761993
1019.0076966904007
238.72822589451744
815.8172264926818
817.6988994592505
579.2983876817725
606.0230322585737
271.68167902462267
748.9775267936096
647.6323719817337
883.7503634579625
553.0018503884215
838.8947733683157
991.376873995909
42.54499486576424
560.9152561430665
941.6176651575613
646.0589558632591
680.2273923816462
760.4585634232997
973.7865212880836
778.2757335324395
891.0541879263056
65.24209962440932
525.8367484482212
398.33286791656894
623.1016489160331
949.3683370385118
943.5006258429692
465.4640313731446
247.39597817362494
631.8052430705445
945.0099160422355
195.71646284730946
