688.1175068545135
964.3165112582594
501.6880940128144
757.78148887929
606.8747375485502
543.2143099625896
410.3499594491236
249.60913678328245
189.55262530657194
863.8191488040676
911.4297439213512
856.9632344625148
843.9101414121305
274.06795035194943
562.7391006491389
279.29303324388604
911.0808781314972
532.241536642523
976.0413550360759
660.3550667328982
638.0297501719849
681.8429818801208
641.4190470006438
635.8133126492298
938.7087384986199
775.6275106639
809.4238493112649
356.93480169121744
775.2917517632602
98.90437319445971
396.0299862110119
934.1077163627156
832.9297309874938
138.50390971484217
694.6215231373842
599.9483159639597
542.5135010252043
141.65442187471285
356.47162644078855
394.0043000629237
536.1515981591858
658.9536508575144
981.8568968135609
297.1060300214881
305.7264717611931
989.3301717325859
422.53083037554234
850.3275230026886
250.9678890827214
920.6766878287724
826.1604640702539
815.5023858814469
550.0019995116495
216.03205829104775
475.8420901709226
406.1853051524645
862.8951120388689
846.743763553407
751.0023031587721
825.9434308894206
573.3610653224212
475.6527386450258
725.457602668655
844.1129705332271
409.38036244392947
332.7787398063318
482.8629610537205
973.4247306065795
581.1375753262552
654.3304499984587
801.7713270839952
649.4813186220777
991.217649344125
1000.0062295200049
584.5290503038104
1004.4935439423216
399.6588632971724
927.4258877031845
920.9246269918091
332.27113893835565
647.9458435122804
910.3870555463109
361.11921250391083
621.3894592137217
383.21629250905266
645.290583391321
962.4313384528862
595.0442282047179
926.9157534017074
217.13362057697827
517.7474320735535
589.1238634964055
408.956582023397
896.7231805411302
610.4311444635341
780.7758370565075
714.2762359244343
910.7370849622255
295.24952617685835
835.740254980888
351.68559370262824
298.5411465129208
99.4053638568738
730.8797516133848
69.76925921169789
548.3104954921166
490.5483362041522
617.129693520792
896.9863524677162
716.4251056574408
815.5620805443527
395.554652914645
80.31541781969656
996.3395233719592
656.7581937911445
372.4063744177614
445.2736814317467
590.0305991394964
549.0773526011046
586.9270755734847
938.9128622026034
882.3726710749548
507.34479820185993
194.81019681768112
792.2801052434144
1007.0917913877654
877.0624128634989
921.4834068445641
944.8471081528222
822.4471739781874
835.12085407779
824.2955978658639
279.1893293069869
538.3592706955624
254.86342894537108
356.3273945924831
991.7164331085282
211.28620365199254
830.0235881011524
430.1691567331658
162.8813383605252
704.1251696024758
304.98875993009347
951.8134799591965
376.224921556563
657.7321922135205
369.32406970837167
950.5064225806025
477.64180995711627
254.486284537389
768.8277094651851
876.3806682520807
862.3855590496241
869.433173497151
663.1175259948616
1005.4173294733395
1011.23459148833
760.435643628367
295.0732179210585
235.65946551166326
841.7685182582807
985.0904936374878
76.78166015216016
158.8504939138818
102.13154786927976
663.4513994904629
412.8996888004011
996.7949834445884
362.31135191942667
24.372326312573364
244.89829971399706
491.4414475352521
400.26018242760176
682.7945149304753
666.0642792504013
743.8617036937233
239.94826369252962
130.12173421297166
674.0061701995244
878.5244877193837
125.13693508392419
542.1040975310386
1011.065765506864
331.0129788099392
849.0056000364059
776.6987610369007
500.65767877284816
447.23847194435245
840.2888811407774
871.2776857993916
582.9576502082912
751.1361236663878
568.1748018201065
613.6947154648446
493.9321278581899
377.26158710761445
642.481174007063
594.8564033843855
980.8621452413761
174.8491632754119
590.6118469942973
325.7549747096343
281.28109025086167
82.16085489280204
395.4933755284346
717.2549474411674
706.6892066462246
916.1480601707647
920.9210261808064
916.2556340555478
859.2144820758249
744.7140948053208
627.9113750538027
222.77118325658682
660.1158272622833
292.5024936867734
786.1909672638202
498.4089828333955
201.12913203943276
913.5433319314658
814.7791869026372
444.566912541483
853.6319139847682
248.2089213687135
601.4551785176741
851.7783180269128
523.6445884387763
848.9466905779004
332.8183376163479
589.0847639816413
745.8331333243838
1001.1292748043793
703.3048970622356
359.51808363529733
273.7290167643139
494.61631577777644
978.8423001468759
871.0051848669356
123.36658468931034
764.2968975078451
707.4761478821931
671.4216347733749
476.907119576907
412.0381921644704
617.9620181664436
528.6537740748017
523.1426074131244
794.5782994277394
391.5359049937754
673.451869523851
634.9649271148196
966.2945367001951
964.7728122782115
764.8192906230217
278.789693347087
490.3587822159702
959.2857610459145
728.6628146617136
534.6625581354104
146.45365340568685
523.9236520906245
537.6056771763809
713.2821583166311
693.0563426260142
985.5128687210972
986.0474506168642
309.0424815166235
662.6009275058469
557.5057399605163
716.1196084065477
984.4202211784761
821.9890504963249
539.2861441107791
385.7155581173797
949.6811864548582
683.2160859968078
695.3766351077829
838.9962025200457
912.687222845599
539.194935854086
302.61657636075904
226.62053329710784
488.40732658927743
410.2614389774626
372.3975102766808
231.87897493687763
833.5031938770144
76.32110394044162
427.05502522360325
794.273923803028
152.88435415800598
908.3707338757138
764.0539263439815
438.2903254178931
158.0565861807819
528.2836818926378
490.7959659501878
612.2534053741354
526.6469286078496
432.485954177043
830.057272404824
957.895646093287
522.704388865952
331.6016906353941
854.0306420715068
790.721268077958
496.1347723237342
666.598467864051
230.80800202029684
560.2537756274387
625.1621074818463
561.1730296667588
815.2734517688301
37.13199894073716
731.7967823963307
788.9861973050437
820.9456415927331
398.0367450398053
266.8261651437567
944.8786041464435
716.7771553319483
314.20559259286506
406.5970688140188
512.6518750794273
932.2833153404845
505.38270407988057
581.1135134985318
290.9376251463866
43.690871946811626
578.6907869741417
162.38478077400532
364.3574160125587
1016.6521798593741
665.525655211273
741.229608538409
479.9978192208026
869.7150662240572
851.600250199358
483.66209698297325
647.5744949931108
522.8689371514379
447.9429094884051
422.065316529219
914.4537807305142
69.91698098792972
388.2327206112002
198.08942203372567
539.4639244798975
591.2718941025358
488.8678650241417
930.8590550293076
583.7314006281138
186.61032082702627
70.47107689291192
448.93826325565783
357.55640240378114
929.6247718541875
83.74477153585201
44.30476896506468
846.5325109716863
