43.42230270235514
33.96178878997421
60.85295625411693
44.85606619176562
18.98022738421799
49.38274866800346
59.02127000244687
57.56192351808991
53.3899957823366
31.19929331979818
41.402061591254025
34.672391057645605
8.036862483237165
60.84921942455487
52.622753644387316
53.35053211491265
34.39942155454358
34.63875979461038
28.630098160198017
40.26464827356992
22.979379876304478
34.442515879215165
39.29588296875852
46.10254918101128
39.269302042120046
17.503217088575354
55.89287504357053
57.94533823998376
1.627234898083607
25.678112709669946
16.00133423740842
24.85203957529165
36.1724582693034
36.096824390344366
33.38893920591687
61.09465953966126
32.459209443103056
24.80154351764704
18.311461496590326
48.32979658503042
60.63750909937144
49.9307916594665
40.83353644253375
51.371477358684096
45.66724070586191
52.47829635934393
43.52457445441385
47.71624038317361
43.33878799943493
52.43987542181584
63.7644607828715
63.09393450957246
60.9215262441589
2.8182481065479834
50.58824687552821
41.76954445412782
11.376797743798093
32.985993411843
20.29395167135953
27.11866644837353
35.90401950405173
57.893980588447995
63.484320919141304
38.54046426425242
14.190651485916362
51.28404603999639
9.400629620520341
5.677420665195356
49.708094451017736
40.16242590026883
57.004935772390446
34.98447052338942
36.28844788410544
57.540655101009925
7.637440145198546
29.992089693626042
35.87113221141047
19.40292636704948
25.606523142439883
44.435661858416395
29.111073592416624
30.149672409903225
48.44562270433576
54.71130896204296
60.11609428155858
35.53940313199759
61.78363817814233
62.1033682562166
57.71584220340702
46.51874952352087
49.82894647267402
1.3300597916258639
45.099172989314354
57.49288410700129
7.493090755640637
59.6317564167102
42.51570678263158
30.049823984526178
42.758280600228616
56.77436920518613
25.820292767902927
51.838711891544264
36.92108866373241
47.442592222979115
56.42816047880985
32.57554632708223
61.051610590296285
39.156817702140856
10.460625865386469
7.0141427603549715
61.23429708846305
8.932273006820033
29.071589909516646
60.021286528290325
53.19065417347168
53.91310726648577
59.98470248828251
36.69056930132475
55.79712275680261
48.82051362384462
55.83307003547683
29.40558123055291
55.137449369064214
12.095341934795243
48.71310347624065
51.557667446123865
53.012758114591065
47.31112289687275
35.68826263773036
61.04435135407992
26.478076991582554
58.86091894027615
51.198546979618776
17.809448643604675
51.30388097606635
44.128865075988436
56.92807673974651
11.613410523159253
19.782773629127313
21.214681495936574
15.386976100609957
55.66199619902257
57.575965615990526
43.43213593251841
61.55126173185864
55.79287452664315
30.947488893121204
61.872411449939236
39.96852267468813
56.26663902165686
51.327245956600294
41.228892939783606
41.28500393658082
49.1875960678629
20.555255614784365
3.867826557929085
12.38353268667315
7.409190823348929
19.786128705157132
50.04300591943305
38.950843062758096
12.509169540123949
26.462432489893118
43.57014946709015
45.623211714765226
48.84253663336824
22.655052850668753
61.91740047287353
47.50319927735029
48.90117462905093
51.860522332620505
42.6310795256838
31.60772652273304
38.72722762563346
25.004067318493355
40.75868041233498
50.12917257905432
44.79971305640211
25.332031023228517
57.44709781297764
57.31556947993683
61.63351641458478
55.1336137186485
28.650454564333394
50.72223477760996
53.742550897281944
18.608639150792833
27.43917446446894
60.70523970764116
10.276019359754677
21.107983645311094
59.28064111520569
22.92192568278562
38.773728614758745
61.17619547726205
50.191336437020155
49.825361570316275
27.37753363110415
53.987000401225
52.29794954080543
59.453904805775224
52.78828072740028
26.316018463034716
57.174350162885304
53.046966800303515
57.107012067646096
30.0766035857557
52.196048786611
39.53678661595175
37.670508566944164
51.0646493370094
54.897824755480734
56.44985117279518
39.207730362014914
57.4943445244121
60.71498039206092
53.921918910932035
13.051347727920778
56.26079971151782
55.91804471237933
60.52305474293251
32.95005951245093
62.82036801952283
2.581783639354491
49.99765877341006
14.625303356949352
7.439416450261142
43.24657199325457
54.46410204912397
40.74360793026478
53.15328263134414
61.24658174075465
52.728068070457105
34.036086379211255
18.30587899726647
34.17439667842348
24.578718073016567
42.069420520747194
42.15146821562979
26.3787619389934
37.406336744829005
60.1005956364127
46.196881642497516
56.786219955479815
12.251383148384896
50.30258171094824
59.13676024800764
42.068735680365776
54.501355390305356
42.49442414985009
53.23076914591997
59.701844735827635
39.85466748616419
42.67282584557505
30.40469412809427
37.121387390834144
61.138376187725704
24.93956180842195
10.487298285336166
48.39678547354032
31.212525760479366
41.292614392854304
46.88431860817734
52.742442959019485
20.607974165322304
39.96657665632979
63.347425101902935
30.446281165738093
56.153033564906124
48.042402191708575
16.227090715338093
28.027386519404253
37.62804748869863
39.70420916206348
51.6774797167229
20.94975444881004
55.02764254901623
63.142601658877076
10.29561774537072
42.92095788669222
39.68175898287801
50.740754684364475
3.5317745644531726
52.91795529771479
55.27308422051147
44.67276065116158
54.35285146443205
55.201075873253586
47.917710357605316
56.97955332550085
63.468007385243
53.16208382096565
53.375176330254405
22.864235674229874
7.321483096907912
15.449250068335893
21.211417618784928
15.583591511202378
1.1439597293987092
50.59651471386374
22.51816887490162
46.1565232092275
39.559657343667645
49.507527429068745
49.32968132528718
24.110777831243617
18.276049441870306
36.20000994022601
31.85923871190999
56.22468345285444
6.426013158578968
33.610538447299554
21.555890979270103
33.11009463110203
31.63285389640452
53.405333228574776
58.359987146504935
11.546626104866064
27.628860941132956
42.33189363571841
7.468292654653261
41.05373055696856
41.8192998075957
31.290443659634377
41.70400962462158
39.164559102799444
62.57360193570944
49.80287699521447
19.671689634972125
39.8339857654082
56.38286254719145
60.439309114470554
51.147918574960215
46.39935713010856
34.637967826301235
54.781720337974384
60.399278001267504
52.36914038550117
22.106161236520073
38.410043517794016
48.477099492634196
40.282747427159194
33.38789070520728
11.532238570802122
25.217487621849365
50.020336299596174
51.33107047506881
55.64763654575502
51.854073208900374
33.15589463755473
62.758090171359704
35.65097001778817
59.98803681269908
58.98233414103416
43.209029581468315
58.00691518959119
54.02877894642309
63.81183911815791
52.0425439706508
59.89894079694142
