52.67646751730445
61.25797186850931
29.79681124541598
7.687767628171564
54.95030226421598
47.02690294268417
41.04090201047773
46.75033383820109
42.71747918185052
53.09691717085222
2.6337057304899645
52.53385176033758
39.55634281885047
48.3957388953742
44.81561064524148
61.057536302296974
15.366221805161786
44.319784253826256
49.72898462268973
0.27349276292827085
8.553563672394688
56.376530103392575
57.008074284204
58.98163465647629
42.591800087221316
12.197907759827167
31.062502734843527
50.30757909820465
52.58759603007486
40.485829716723345
58.43450076927498
32.05206890469043
54.61582123900031
15.835470112052974
61.77851747805922
43.86470437642194
6.877733658400125
14.076193793130201
31.217529749362782
33.269961807942806
42.42907722091101
37.92711446250904
50.77661893897553
50.27043133151574
48.36312974938397
47.270621471382164
14.705118990844483
23.181341951126498
17.383442625277404
60.012670403944796
61.08673074592913
60.02473040518207
32.70901840364559
29.633377869439734
39.57634181678702
28.87892776452624
20.402041055443
8.650659766555123
46.665305171472866
41.617181266387355
33.59589547528838
44.11054016282169
42.63704204777679
52.95404901476156
48.85580937021344
21.70277980179476
5.53291231712528
20.92162131740737
58.5935761636487
38.791731847918264
59.13209045125222
57.37958121905746
4.728628667085069
33.03195487200574
9.980985427179178
17.887790224673928
26.913035599483223
12.431483597094598
54.00542508946328
53.47440961264675
33.81985999974312
44.537792195884855
40.218409862688766
56.267161964320934
28.881123948336644
32.23831742310816
55.60410571313426
48.56493518724993
48.64062533296263
29.039451321451267
52.77907323828289
59.4942361336915
63.52965295138938
21.783850548523795
59.42955826553059
37.103842328351234
53.37031054297627
51.868408854279934
52.65107595628642
33.955466567512744
34.93500219419832
54.17212829675338
1.977232852499732
52.101105798574324
30.724141098120263
16.19187757631181
38.54113244349789
15.913082818745956
58.105317129675576
34.65973568430332
2.6944341698636265
29.63866185557734
21.741869036323706
59.56661311389233
47.47136297446623
61.3796140815079
35.04462760464628
58.44960053248558
34.90905111414693
53.95052533469345
25.935203122471897
0.46038528432611514
45.26514956839187
50.00370459596347
52.748313004747054
33.66558908742428
41.25805178219878
42.496924132386255
53.37681886264409
9.49022315655295
55.194689725266855
1.2044167153749896
45.05760314450988
60.50740722252617
54.12344218149425
39.170332185571205
60.176713879218255
44.61166784312471
2.872934003681621
21.783143275339185
37.46149096833206
8.745766009913226
0.3487384658984922
28.269792145440213
10.430319534264022
16.85119845623103
34.38844559194573
36.28086673875901
47.62343281275659
60.4564157968169
4.4866199372081255
51.4690710485044
55.39925168029582
54.18280326871988
62.600440238934354
58.74675451644888
36.54765253136712
39.28389519544177
57.186895821497764
60.568936463493756
23.092079874560092
52.010209254552514
53.8449447579503
54.34288156214906
11.30186933581178
12.57867272265252
34.79074087636983
37.800761289231986
21.742154415751706
52.253584604091664
44.628971676777724
37.71642976609011
26.688065429690518
63.41882866935977
24.183834101866054
61.536766299620936
56.74952277453241
51.55498281687403
38.7753826483782
34.521748346541955
53.76720374589402
1.3404351585780958
61.14215215407619
30.70728540861886
50.08026218310368
38.12145995129795
62.32511841864089
11.645279818435192
15.484957903965878
53.503671417525204
2.055847649046413
45.12158020194565
61.06939657847928
46.07084070423593
47.840961602993424
56.034459174792914
20.660733774478324
47.25935034451216
48.19758484347779
55.18012234623474
30.337550414115974
47.834473518559705
31.61864943592881
52.651656328686414
38.06170977913092
24.906599482665072
60.79159424999781
46.92713179131141
60.876659853610164
0.029952292020738014
56.22017205379318
60.38461349226957
35.23644510434485
45.96543781454838
36.37001045446682
37.07266616000945
7.131273668092824
53.90061923090282
61.754446504212765
59.01269523165842
24.423525446873626
38.46252412240253
29.91958849969467
8.484377956740836
38.212887285097736
21.600213149420824
19.90266573744816
61.09489194813245
16.646940467071765
52.844506509874996
45.59553464137763
1.9277445082554365
61.64302243337579
48.82215335234336
9.99831177409078
31.435833027331824
35.01577266869948
40.04154705089353
21.577688934923152
51.450403404377894
55.93649799710181
35.874083589183314
61.05367068386805
19.960438687482394
9.172119122826736
23.4843111084241
38.30566118408237
44.95657801792122
51.47156065223811
2.1023513676499377
27.930357327034336
47.2082743138879
31.839491146791495
15.941847489044179
23.837102058961356
54.980357467164325
31.591835154585084
46.26981516576858
54.6087849102629
45.837671185964126
41.13688157844638
55.55563307701104
29.94127037369946
30.19666089909375
59.07622362822351
29.797665738560127
28.46473694202539
46.560869208365574
54.593926046068916
59.083412416194
61.00620421015544
50.866633608620376
44.20410949385814
38.316760763446965
55.46809964193355
14.249376368635296
36.46700994291251
61.823134615592075
39.44287133725409
52.16687590959487
33.73214728122244
37.20685556427836
55.68172131910115
50.90181751729416
41.00551599620074
62.531670831842995
37.372799484455136
9.146757289301817
3.3268571160061526
6.13318572927399
21.416590425976324
63.955078140854596
41.02593204494856
43.675371217203846
47.098906592860516
13.896130738330633
49.8045773568729
61.42357925012917
46.03971138109493
17.20613881696621
30.563929573785607
61.00355986479198
53.57962351853499
21.863864735379387
63.42745634469686
53.7836374500874
59.55441405422937
41.55204895054982
11.702021377707574
52.19849341367206
30.292038067908237
22.918119140307944
44.22020885107676
2.285282407429378
52.24626474143744
42.79778903643295
37.822015761946105
35.86111941735613
49.071535096069326
46.24110976878437
61.53717239489546
55.310563384275476
22.29895840663118
52.11603247673087
5.99502662281256
31.085125860263133
35.591330022651164
11.05501100085241
53.090264802726765
51.342374779032646
62.15712356421956
63.644573353107994
49.09345879900276
56.96664865596622
47.01430172627488
58.34426531089327
6.034722324692261
49.99103073459851
52.68309257163154
53.806766911160636
59.346578865891736
25.46287049604387
18.390603293376387
46.13506709384796
58.28611183101075
40.22847455385846
43.72700740401276
40.1307414396084
54.10838508739703
44.82114942004735
32.84337760233838
34.6610726238694
59.67820397291923
48.7742524117597
20.63558487416538
6.48802343710274
42.39362526880058
13.55937395813789
58.810291959568076
45.448312084572095
