26.04856834235543
54.420782051630304
55.451906355147585
50.0555564166636
32.59009302177664
53.4649015243731
33.05589986271396
30.856288415595557
62.479752536638735
54.3691002870022
23.76986633319352
48.51855029037433
41.29687061874337
59.57605312864462
44.037435298822786
33.301601854627265
13.515456355141673
24.50723070475574
50.30759767133827
33.37920637645102
19.402238047335395
39.55235106390143
41.297063636934496
59.98283555023108
41.84135427964729
58.6650678550152
61.301048577907565
20.49122731181503
20.25534685855652
62.60860311089229
0.38138116117027465
19.317422760500072
50.691218552916894
48.28380068618631
9.831533972548101
30.48900493487293
48.48650940105676
60.742137174810765
40.5324505414201
7.67416877931592
20.791720951068825
14.965294441432746
25.34736358482062
49.814329657142046
21.61390723233381
39.774763746970194
39.57103231289517
41.32660628040567
50.66941005185962
52.30638314744282
36.93363664401507
6.493402280478179
49.2356945762439
24.964850528511107
27.999922277531148
6.639930223527514
16.722885477221674
18.729457854806874
27.36004661969445
32.16091222448382
42.01593394785192
26.287905767625062
9.525709968981069
60.10148059010354
11.699011486476046
45.15351026208076
48.4979703758062
61.46050604232729
38.64871863686111
15.738941028324163
55.7488573704108
28.724931806555944
23.878004492100665
14.31855948573984
46.419332340562555
20.316503276570266
41.765047604109554
26.393263288179497
24.008570545461936
34.26643115819671
5.308701092208047
25.707873751715375
38.50388715113813
56.637620766783485
9.42474814838846
23.5871797245357
29.96239351395188
42.48791437683734
43.51622362991263
23.845859115357364
36.477860437952074
42.0728581578789
50.68483500198234
6.3421103451663825
62.475099008464085
1.4306878837776438
11.464115445626206
29.29461872744662
56.94811558021213
40.33134002198172
58.690147958663474
56.973259570700144
34.89678748633395
6.675897763707042
20.241938515662937
42.125550102782384
59.32016494251984
53.25853205090435
33.663442706904085
50.464680785874975
50.761553936491424
50.414453445283115
20.23221679297677
25.358170280522877
28.34827380098453
50.68859773487307
33.18034057219929
12.492404367340079
36.32773900293081
61.73762593172978
18.77887196976193
17.025006287781643
61.28384398375094
51.313649585619984
26.6205365103204
46.949494348927175
63.950763005960425
57.78223148540389
47.81257523568575
46.35055053611491
49.90159289828265
15.59731216735289
48.90173255225808
43.36948948288146
9.723117766658135
25.338169960376398
40.04039223790613
37.03140731674466
62.703296434842194
50.54829124334796
29.057601884168655
35.13721306794081
35.63371983445946
23.483412285907278
26.66431406629861
60.89574836806869
33.41146639973343
61.77318816420563
39.648761707350666
52.98847276200756
63.40485924183495
10.736387113591007
57.52835999663913
29.49507633546728
0.7812449947227762
45.4182293287343
31.01372176516186
57.25317228613073
16.501756865694816
51.85889289349628
50.29612160724874
55.55899121653082
8.53052750797979
56.69220260073627
17.77511713427537
51.36433379768355
58.92039729241923
46.77862364547296
60.186530459480075
63.919494144308935
41.779407347462424
57.86962394340214
16.905372291137276
40.53315329906883
39.79712379537854
35.77531346373934
53.48060999970836
51.47660657159335
3.917023711163395
16.98067251439361
43.18091226067658
58.28410509787223
51.435873635620084
42.89279508208641
50.016429724792665
49.144498830403606
44.74947138223541
14.360436582257933
22.63681250075814
48.778134146889
50.37677884453608
44.307584978269546
35.01314568131113
6.45243540459996
14.415364960894614
56.307358200202565
36.44951157963753
54.705448102567715
51.45921141811786
39.210618276236346
37.93115551192588
35.34588578916163
11.336483668601844
63.71826358343967
39.48282054601336
16.852780010087862
32.23191463295473
13.069181208093212
37.311234867821405
54.26934568586009
6.32037873265643
20.411016722550286
27.625659588958797
39.068169670161396
45.89224813973409
32.00226726480466
52.15736410592153
35.120685744848956
20.059209801907762
61.935797128212066
41.38456928497996
11.405489239882343
39.656756062521126
40.42410830818078
37.42956862972604
35.04898906274887
57.91869441523097
41.62378396601912
32.99148908850431
39.78884938660839
60.293253763824566
19.032628556415254
53.27509783359376
60.417359583657145
44.48107913504437
41.33107295479515
28.287748495217585
4.027925890560411
0.13850040072384928
7.901876902030573
49.648087707646305
7.581271304177875
54.21291327458438
54.6312431010097
63.88499216237525
36.97445035412754
58.05426904320631
41.975099130659984
5.974717719199056
50.72762340055441
62.317970394652384
11.281188346336116
42.780075954720054
38.12849726278597
54.4063690699859
32.44766773529015
49.111764945692094
25.806345578142455
48.021245044959116
24.551873374882682
57.369625856740406
54.756024255935316
56.638230232541616
36.603027934776875
25.026707603526063
50.99087756842948
54.288629154487666
35.204788830555145
50.1459031831683
43.07792239555454
41.792625486851875
38.13738493318478
10.98844370665745
0.48882872423587287
62.65497924620286
62.90216720689634
30.826884561543608
5.283380282953381
55.92213201420161
39.15176880034956
49.02346026248111
4.310067860497753
33.436658210625126
63.13360454892458
26.657654535066314
47.905891793456846
56.29847998785722
46.59258221246539
0.5518118381120871
51.12519599067422
55.541666322287355
60.839517635255916
52.6134872574046
51.886426295743256
35.39733715668068
46.81218324187346
62.29920171715612
49.75014381892264
57.56635984119705
50.55560147828005
55.4978040477407
34.17951009713943
43.984104735431764
35.15398898090808
21.513660621766363
39.26417847517425
31.312924166192197
58.18635078874433
49.229802894588616
31.190444179581654
43.26816507129618
20.653051194254687
3.3394493084049657
43.250524103604135
15.328242680879121
32.184202637670225
49.14983122078034
24.767214122057126
40.65788329543764
16.669403791230387
15.161953198922276
44.74392391734609
51.10724611140162
21.057915268774295
45.05361428303105
56.71060211848503
51.32810484127667
35.8328013324426
24.43914136631618
50.70620855495329
36.374244021999374
32.05975436747459
48.71481374585415
22.303866209332327
32.77615573596064
17.259245092570872
50.79732444679583
23.857273319935743
10.071800339294846
54.336756427660866
63.05106730502775
45.19034499781138
45.50966511002004
54.21571901465749
62.2037223284029
62.38962020510677
60.948805258835556
49.446985890617945
29.676337711469507
26.550115335264252
38.84020553039342
20.95220676094315
48.94879722893117
6.936333176624643
44.02983833828638
18.38326790205827
62.51318221485365
43.791774129960174
3.2583028554401636
54.875639806893346
