18.61388953507764
36.88421536047099
14.363492320769694
48.391231436217474
50.63893620593051
61.99188693927347
37.84502040147893
5.216612034069918
46.41288210302781
56.65677113434175
7.580180970678761
21.676362407325335
46.831264773728094
17.417345381133032
49.61470622700141
36.881620543847134
43.260518799332594
62.742349187146466
48.79080784623057
42.880992462949095
9.963752810655457
51.693884888441254
41.66990846008781
38.998307982746084
27.475237481746944
27.452700718742115
48.932458401260476
59.27649052308312
6.067315203353566
47.82016101565098
8.259063725997734
50.392266426532125
27.074047407567598
37.6653394159178
59.66868594668012
37.08723929848174
26.654510273275164
21.187421756832855
56.687844294262995
56.34480908356022
58.45119107210542
36.61266222731501
50.08801802323876
31.053037404078893
25.423154418255642
49.29141124516826
34.20683811379136
22.211982358233612
46.03318848665255
52.61463453539305
8.394215383165289
62.42259197661028
40.557345845106454
28.187297252521248
48.28223284518795
55.65707010011447
50.87085294220835
33.45490065106874
32.39234794268532
32.529798848518425
46.1714432656774
58.35387527849093
27.249371115964962
34.00104459520347
54.82599689365448
51.56428972949581
22.75335762519856
60.33106276257742
40.76502946243052
47.4395553617114
46.25302948720548
56.66425942120908
48.27880886525378
53.99912922066996
20.9312643053567
41.88423726541932
48.79962946331038
7.183056081745477
34.84686151149017
42.610797685749375
49.61992746218782
40.31851501545099
57.843364488861106
32.46677166962442
60.24970120109948
32.04017339747841
38.910522007080004
46.7557934018088
26.102140217098842
42.583306569121504
35.88142032858713
57.16701760917046
36.066887344865705
23.012222839397047
48.69217084528513
46.69096507861751
50.540349330007004
50.90267453365142
57.82337156633938
22.24820741995567
27.902817081324024
14.016012784149645
5.304726292705531
36.418112591903885
0.1305194042662734
12.723987299978269
59.584496511849004
61.37014006842472
40.82888466406855
54.859097405932594
50.491509611796786
47.704325543020644
36.693395861548034
43.88117291541232
45.91305984817967
54.423793415768216
20.147055068624255
46.94170382987821
53.213320480127756
27.095025107956076
21.129164153632395
23.749792057050207
16.823638083531982
32.425406191002835
8.324571878367323
31.322242203625933
17.7839725718558
26.712866338013256
32.44415200393118
26.76379051268644
17.58195872409219
28.88247967252085
37.37746612278798
44.936612566000754
25.958243561843013
63.707107292313516
48.792786411098234
18.130982198084205
43.476277307687965
30.497997676154966
15.210675122729512
58.91278198009275
49.3404073946749
26.624876880690117
45.85741041317846
26.20752658673397
47.0395345446743
35.09579652225018
17.200433002793616
42.75708134412929
18.469442453937255
62.611229072292254
57.66463986756846
32.772821691905044
26.895806518232554
15.174939204513286
22.45065701517308
39.09459823876189
51.58552370757671
5.341229073854315
54.186114465222325
61.64446341986509
47.98470783488101
61.285733840090984
25.046678227352785
40.32253138682893
3.222383547339547
54.0780934031424
27.8574311579969
60.35483242385071
18.062118641271
57.46249719466541
63.51663564367699
30.504868021370555
51.326549060162876
50.60806365174686
55.52968342085355
17.74540350693141
22.20086454290101
20.305026883511175
53.478819986094805
63.2242577302516
3.843955261833358
32.18514171577533
22.139031459283196
54.45140251552742
42.65222476258181
60.49779821248913
44.062178422060356
53.2634531214433
25.96867431673472
61.069008772168594
55.75695385940675
3.5752944782737046
35.33132651867167
6.032225759837814
60.49345384679994
46.13506420037963
6.8430702988341565
32.40027368140001
50.864868239769095
48.08219849755197
48.75039242729621
44.56960154681649
52.367794458185706
22.181383318028416
12.609057036875846
20.43887400730337
45.740678103453334
63.469959443562075
4.405743530957153
50.36831044246527
13.563376184069767
55.442562297018696
24.83992366583088
61.266434565888574
57.08134505805589
31.19882033182885
41.61548983699534
34.745710301013446
30.664574358991814
0.7891557212260025
21.5730780919433
26.806919314797746
32.698465826698616
52.7859685190953
33.56511055471398
58.59403075652824
26.911110020209264
47.31943062869773
56.59968872517176
20.770287586580665
8.666837359589124
55.26832640652148
19.540641433678168
63.111333577266024
49.27514931788015
32.50005313819835
61.76220517769667
55.29032512190465
20.22702071752788
61.38941735111661
23.674650964060795
13.426743097123484
27.71238021086903
6.827557772371257
48.196177229929
54.39199823724557
38.92631894778931
41.52721671546508
60.689286067483856
21.87608568696247
32.16019777220857
44.1282862188578
14.115968170156343
11.081966258507393
49.348703679321986
50.40088996053349
15.064845946201622
54.98952364514385
4.622292841466113
63.06220904319023
32.98627780927248
56.85104047822267
57.177947694316344
4.546611041055549
35.339524423868156
31.859889425319125
42.352906188200606
41.821440974881384
24.6673652597784
56.37628563707811
11.521789303612103
44.182303001376184
41.75342951213304
54.21153933822459
57.64249072906799
58.660033919149676
46.2322989735021
45.36848493714046
28.413311660789468
63.555463406329565
22.25207558138463
42.466659837984224
57.764883217559884
6.615460452433439
49.66050520099744
44.88085050759313
61.17151653050001
48.166198162893885
29.194717730306138
49.60348851325473
36.69783499682723
30.608267086896795
34.89341688504659
32.80793207430948
61.23118002430057
12.959436630636539
20.064634145117076
6.629960113293848
7.526572363498914
47.22806256257057
30.001383646133533
10.860298539265479
27.952443443392774
48.200757796265876
0.9024286886766575
56.5693252763156
49.89889921224552
47.67606096642022
46.100979586873265
45.345583434554605
45.55607066851853
37.479680922660684
11.629512395221106
46.12088100802245
47.62634006974862
44.18231655582477
55.57996305757196
62.09979286129436
38.54099332435045
41.31720206990617
36.85543888263874
46.780808136954306
0.12136541938206591
58.67212927778891
60.076896733734586
53.333673709865074
63.243010074984255
57.552537491468655
16.140758539435424
11.276528832159478
57.76252235234328
48.01173714798329
19.00764160985902
13.9372285935236
36.448069797899635
59.869333058663294
56.9952489353344
60.86727613704535
55.988545224998106
43.028683188706715
43.875630650465055
37.667479375130604
57.052136304141825
32.917666542280344
41.599740544586865
47.76985547876809
38.04670053505514
4.579172548398965
11.776952196226738
52.43700519200132
22.632603959121198
3.0757341425882743
63.02171536207416
12.934947453089443
50.865392097053686
63.696036704240754
15.772754022992956
55.10546977124913
