15.115502369465453
9.774984243498693
31.801202821948884
40.065724681484326
60.936396322192046
18.112793968008724
50.5603571836176
49.43371008580497
62.746815700716915
7.961160724728856
35.5003003164732
35.167211369321834
1.1405735733914142
50.586219074355654
61.81784736179953
47.708749983692385
43.53462014843245
37.36893449981308
47.17118996896801
27.96461314243635
52.22200626511319
53.84243089176539
11.018679348122319
30.83290676840057
42.832567921647666
43.19124580420621
58.01414439127075
10.502975226770026
39.562907787893664
41.28012416189047
28.15909916520252
31.412837879596324
33.8215445255171
60.73346527266741
53.60270199156457
26.205984307155752
55.05475154059669
38.9402574681903
17.848712437924647
51.903379814638896
56.72560165514549
57.43385715724388
30.778211723848443
44.43168650101381
59.46429595252289
43.880858596015976
48.840372248573715
31.5121302102077
53.83628643301993
44.225357493604776
13.762170201730427
19.195078732879566
43.20704241633376
39.05856148603198
46.88919586926134
36.42954590779666
24.722604770597414
39.10924100811337
25.886085971717335
43.992662313161674
17.66829107965483
18.08213206901889
30.881149944731312
45.33431426168117
35.501271575212186
47.31522148507166
56.034028058191765
32.4497034327586
25.95859095659287
23.632543954388396
16.482210044689154
19.462721867867003
14.303934425432352
23.3718044963122
53.592342679888326
46.37973291998851
62.08006208691459
43.13373391799581
33.172383069798684
45.886922218278414
41.076756201371495
54.255069482057806
58.07526491900277
41.112718936703956
19.268578620273594
28.163869453281755
51.661857226108886
53.13641771994186
11.821366466020947
0.2425198088736522
41.35976991307756
46.26713404608652
47.54895015785121
35.74051349259362
9.66760671780758
38.10485518301536
16.979540875826324
37.77784954680249
28.9211064343422
40.39928265260343
59.6864537771876
38.11548451919908
32.0909840235259
30.123337829867694
37.16389804777601
40.853152698461344
22.978088615712878
59.93618016995787
44.70106147897644
22.556192832090353
32.303590389482935
61.63074641988538
59.86815821060449
46.9541897317901
45.1934417457487
23.195647746372188
55.1502193829098
41.82188277887092
8.319996419660832
57.72586866823032
31.166480015235493
51.384314779216666
21.879545713644085
29.482668294386322
46.14265410704671
26.134942623283678
53.084455453875705
26.462401476953957
57.919890757264305
39.27251861144357
39.10332010404984
60.85493074634769
40.46327227201098
26.584149579052365
45.44850769366208
38.95203104960086
16.07631352791052
43.51973721897515
49.724157056210274
59.918669001622774
20.522557332949084
22.328699690196302
56.11324277432328
46.84214350745988
48.66415029168708
22.774444114249633
61.61260093947715
37.489973260417855
53.91565818864243
23.12213491072906
25.120867774142027
63.97992930965542
41.02070111612868
57.96516100043444
54.95420812230721
28.496139245819172
8.427309928651532
57.70735212058986
59.074683989517034
34.27454037273536
28.854760526129994
35.401297525775654
46.06223888429007
58.584048561183636
36.98051611456623
38.365116854782514
50.32000259375115
42.52253529501731
38.08174802107351
7.114161109548583
49.43919636803435
49.07233495636531
23.657263121186887
18.242905326809513
49.39304113231266
45.82526969997481
52.9852670069654
15.576484122149829
58.15311148493517
58.6579293429597
18.301271932217162
1.6295044066882056
52.41644246498665
60.07120985200758
52.992303729258516
18.190671742276628
22.761239027550772
60.26146275318362
56.17066032935944
10.792817849252216
48.28400717613804
12.045604473052443
32.611068510855574
3.02335106745619
19.505329604990926
40.74613565129305
5.220735754448263
49.14488568775562
6.758397635686514
42.397957946454916
55.402131674096886
47.97193174538928
50.63696011401396
31.627858232212496
49.45399990401968
60.100112247555806
25.469404515341935
19.52956233108214
44.59760789265111
61.76537789071347
62.85931424459656
51.596388128925796
38.57824178522824
51.35654806200944
43.67714233310433
24.863572268930398
44.71403161704445
39.63694955925071
45.18126395263498
28.864020921498373
48.440078946391154
48.88458402904586
22.963540028881297
33.02496428312088
22.834689294662795
36.06084980600813
32.34521785665919
3.8456315176609834
59.2480134495319
40.106619493115076
55.498714656418514
42.12318700652755
52.20337615168053
18.146062568741854
40.01548113372934
46.81710219070533
44.57788938768377
50.48412274767731
50.94473769892497
54.76202736213412
35.52090217235659
24.78759771925052
38.163292843008875
52.48044419118745
27.123689898722986
54.74916872456501
41.110767941391
54.17586396414593
24.750033271363982
52.91743942259099
46.002650856839125
60.91658858544117
21.513444038245886
57.58036295636207
41.49522217091439
45.092068784884226
43.04809491819432
33.852567957527924
37.74393960872656
18.30809580353987
17.774663713656288
57.75434451561284
38.32995976650761
53.27117247744117
63.79184528105611
39.71429515640858
40.425671393144526
6.35135653214752
27.018135244036714
60.35865658946734
50.34342910031663
47.404610402544314
32.413485362761634
50.99095970764532
62.83499318705879
56.31038666927021
42.209109867230964
25.15345184381254
52.89560573322205
57.176760721693235
37.16288180107128
43.75925869347918
23.933975683304126
29.484396698229126
47.461728800618346
32.76047678961609
57.854177219258865
57.04230338428919
57.69761171155156
22.11304110417187
59.29134946001757
29.149678455756813
42.407792694238694
57.0166274819086
26.59259647714152
53.90498739283619
42.697505218510074
26.93346952537999
46.07732052048829
53.83386343074458
56.86968401317643
32.65357743625657
52.13225852389454
45.145963984469574
53.774360280968935
13.40389813954463
60.57171259684421
20.68184391105715
4.155516795417384
38.75524857096961
50.05326837461753
60.799316094124535
60.34652345899953
28.200924954556534
34.8008550793748
50.47320964024337
52.59940779017211
61.93193701317029
63.10207916127392
17.634229854971075
17.862002175753645
50.646480936438635
60.582888986229726
23.645331321439812
61.076331513990716
21.989994540067123
33.09302975778772
21.607623495826616
12.826825211315821
30.151120223794337
57.76435192324686
40.52910807725175
52.1645156419264
3.2494987778913256
38.42578463109873
19.598941988617725
5.102470218245834
60.34833275738272
20.605700481651553
47.394357892148534
49.18546870406682
2.1428127363491214
48.73827707055533
33.3747200222013
51.819311265132946
14.558297935385518
46.02017625823042
49.64821950480007
38.245326202308476
20.874927488223165
21.96840506165487
11.973883871908555
46.58550845730933
51.40678911877845
60.76578591298902
29.883792948947814
49.82060470966941
28.05061316690307
19.007320981897948
28.27523441698984
