42.66240978885689
33.84814154040252
22.39418356173713
12.739556124481368
49.276503884873655
35.171344342273166
31.603363699938562
48.33425142911518
28.89351141298313
33.971700503859246
47.15738082499692
45.04310218707414
60.68285249761197
35.87693075200946
48.25959791146075
58.11620821386342
61.19234260518882
37.75977116035641
51.394162413428
56.58531581097341
59.15409364559048
24.118879630185162
55.578511712043316
57.767370979527406
44.364845453134855
53.284046255368736
9.918269531906262
60.872447601243195
31.34628081244113
15.265885315338856
52.78083866467267
33.73055734305825
55.07117438241005
57.59206534468763
2.8187678363684796
54.54665004633592
53.64297923739512
32.856940425565824
61.28630962253221
62.769383083789506
45.56747397749423
46.53956362886102
4.60090275072983
55.12925632944874
60.8152644978501
18.179165863412955
17.56561349313415
6.293924725379313
22.737321469341452
54.28822339237182
13.506885935168206
25.424765047406396
40.09074106989027
41.04576943598251
23.362389615276612
59.62788926265405
47.45209994437393
7.792840964243261
15.585211777234136
62.56409337082236
47.10437379060244
31.374343445792697
47.01247571128002
57.15610947637491
35.72357411126295
21.74122877862441
42.521962775640816
44.02347258591991
56.67085259642346
32.5178003630772
1.5760906406903743
44.34799153926056
49.955076869739315
57.63431611436285
4.450397517590417
47.21579592324939
7.009309569887229
44.97110581365152
12.744981502283508
41.999964870000085
31.847507457568533
50.673746643535935
59.27861204541649
43.29646488295505
61.39902572214568
56.71004327406761
31.167169190536676
26.720150180608215
45.93652177375022
44.42161707587674
50.974058437479464
46.98856469732307
50.913064442074806
17.505595522472355
17.32463618128436
32.703800605313
59.88111721208877
30.18428744220367
14.662825472306409
29.135248879868165
30.760653816815086
38.981664202823794
39.80801210149768
49.577115358566324
12.501728767062566
59.38058013781539
14.898059801404607
28.83058204254177
32.13759912899255
60.96612956670199
61.32178236592119
59.585582091951906
52.876297726950206
4.304354723973603
38.055736314848225
33.07958217907987
27.268279143524353
18.113914891170786
54.49669678861546
40.57055723271765
62.15247903073308
57.94538891108006
62.12367046667457
44.79358245983282
25.163415001537345
17.086308408841383
60.48047928533447
28.20803692996492
36.8453800641647
47.528639674445
21.549690979356434
49.19120353373103
62.89990099001901
54.40439889292481
60.3934198254552
43.54095384197343
29.29299176784515
42.39112183783756
3.8785245107468356
62.39431693282428
55.258920088679965
61.345997250317104
43.51940088554417
51.315443897839245
61.45889025257491
43.4255098654955
29.68862324598218
12.746761266903953
42.20054940587487
42.91866982400107
41.30238866698002
17.61198928609963
21.02141189945457
15.479663588091398
52.08172750025018
58.89880510828282
8.181443437678489
17.187194678688016
19.448251103027467
35.70601346462261
38.97740112285561
63.4463915301213
52.39638558499144
44.09904536893913
61.33795917954749
12.524478660791104
63.17412487800322
16.775503575664587
60.741110147321606
37.167907438641066
51.43052032946087
63.69724280900157
38.98203780328195
48.8713795276052
49.97480621979354
32.89642236965991
49.70694028409537
42.42361112805688
33.128043400192965
52.20333723864553
40.41713696412622
61.79718756100426
10.917109303534176
35.634256788846294
29.885434671864743
13.481569249839403
43.44059081108278
15.181023442741498
54.62827586210399
59.60156837082535
18.59357244249386
33.93224666351893
13.085296764151316
1.9283691235732334
55.535688578597586
48.643435295033
25.769552251793797
51.98634064126621
27.0700210017485
43.73188870297861
57.828639337076275
42.83217433510939
29.798745057208933
44.02576280795161
25.88036363177038
41.80929825984654
34.25986616137827
23.364621215854235
37.759410345339134
59.95303487964818
25.695510737927357
42.75457048361044
39.22822019012255
32.92624719966031
60.42851322818172
27.61148883059402
60.23385491395226
51.89982478727944
42.474376138010754
15.748275865969852
38.24733423348674
38.90138441753345
44.63335813587592
54.15341020811506
63.26099990242606
53.08160771093091
35.239668118359916
37.79915491887995
36.940492738941835
18.687690008215817
39.776019652763075
42.4700497605076
49.374606075387796
39.95105488601378
61.05794491964842
53.62448134551697
19.353236762867986
41.65386180067614
61.47779818017539
42.86197012337059
15.71594132873524
16.81395018788791
12.78129135970265
16.417355754128728
16.58228490560804
32.279536015868764
55.95731517910713
39.226376652415794
59.3813983848338
32.08907550024914
36.471496167201785
27.123174395770526
52.30194618426995
58.7038043196839
47.42544058815558
59.07450795354798
59.51580635849153
36.16452473821562
30.95916010973101
59.34753154318562
43.32677333978694
3.5595114725321864
53.85505096556149
35.81137337101079
12.829148337297703
60.99735130679018
16.125616756206213
23.892915212604173
58.99289275381956
8.038646405343506
21.534871073718904
30.442858948368738
56.16779275329414
18.12160574246922
16.55918598134423
60.91667258702158
48.0391960799918
59.362665725520664
31.05620553472881
18.328340087960477
51.408187677678946
57.36059105752611
46.73563651628393
40.75528592850313
7.115684022098364
22.284245928684868
33.571473150156805
60.32214576079672
25.167081624663886
45.70537354426935
58.696041683718846
34.434806557172564
63.727366442199084
48.52753037634625
1.3588175130430926
42.63016015810227
0.09895018761210395
33.48469243793529
46.61549339376904
21.917084229260105
44.79971685157553
24.587072691600547
41.252435165784135
20.459191628266943
60.77142811339134
11.567916098551812
53.5471288082813
33.193270567336725
7.7395162945646945
29.19373812731014
49.67713987822976
46.00027099782015
30.300507014870426
31.224482585208065
57.835482109329796
7.607183690858889
34.10222035467352
15.99833871611252
23.823613959899014
34.73612893407117
55.554305433642526
25.93014329317731
37.54302281193392
48.36803927065086
58.43975638510172
47.40721834418222
34.98410701782959
45.8954557892218
60.66313959483782
56.36461504670928
57.82025132690193
49.79436037007072
25.29716713790303
41.612593455004586
22.251827132957096
59.46703098359853
50.46847905008316
27.11002835419471
47.42382529126635
62.627443042173084
9.955674819536227
54.978545805565744
41.10274840125664
58.538003701758925
30.935323011468178
28.531742739846614
59.922209785355676
2.248296527354732
14.48628677300541
44.98244846024278
58.06613358257138
45.61467188848251
31.493104873252875
2.187948265206721
25.860502167996408
50.762548833389836
62.62673766959387
58.242549317392786
49.3477387024533
51.426530432930136
