62.75990177671069
55.14387860452742
39.24882588441106
4.458181778182777
24.911115303395093
60.373330484267726
29.153147621032353
58.031556810031056
43.93547775969122
63.135777202717506
20.1935682353619
2.0896114186926127
47.4156778224323
63.53709604982173
34.7298869325234
59.95609492963424
63.06398022704077
59.042420267492055
8.860708966102138
46.869629842220895
61.68417605776473
27.664489114892547
53.619460164924824
56.18681770315025
55.848739485906954
31.679677607894483
46.980037942959044
52.93034784406285
63.497155639551046
63.63547445871912
44.34225767483633
38.61997891609978
40.13366467468874
47.875725297558716
39.46706838734834
19.520455179239967
47.38245332838022
50.31518517520456
50.63346551644946
28.20674454673543
50.58182751750649
3.2629468255251055
49.743185125174676
30.92526069824286
51.08515182197245
29.633743181059565
61.85298197632226
54.48394874840951
51.1418521645471
23.408819585495536
51.66421853389008
30.82429328759857
63.42199241457748
55.05573967934234
56.049498164539216
16.18363731878336
54.60797823052714
46.47206042688789
56.77780803677091
32.22309363188448
31.591214145148605
11.013745960623794
48.62423480642806
60.27725831810757
47.42340098162225
58.57156399925619
56.77524992491914
54.85508621447799
54.7974639873154
32.03123575009814
44.955073210926514
58.085431876010986
29.85001707729721
37.553614681175375
62.31491783674648
36.57531363018542
38.84612325018348
51.853543042571125
50.6064512190779
10.776272088448323
24.114374404046174
25.58113765625904
12.91147179183271
35.89029018766003
60.77588444072257
45.22081856360873
48.3786113678688
48.27343527544843
57.21777646247327
33.06868502136949
62.26508522974191
53.182209220901534
62.933761852397
35.66803609792264
45.738531033568904
57.99970488056414
32.62804978943426
57.34115939064873
47.847332055703205
15.645875071087573
54.05478650837844
3.7813991849281052
6.937759916326399
58.43421365921703
53.117169401984114
62.05758303024284
7.825668192712136
43.58081272872339
56.05916241027538
56.01618467501068
23.8037484596941
52.82959502324188
63.792259894749016
27.56796808741037
24.46102924242677
2.072735251802733
7.688612164295392
24.723352897897726
16.190169288219323
59.48171901201459
47.58503396642271
47.98523396522404
3.5455088797722922
11.54342314564925
44.529698429372836
45.74917266237385
36.912690243145754
44.94841519710327
62.61618878886149
53.96042198549715
20.17374116009153
60.67798568121715
44.172095460625854
60.6430804031626
32.198871058197454
30.86858292036839
48.22916102751464
36.87699594603643
62.74007408876291
60.72503203456805
47.362453607287264
63.64910303734204
57.27095872196057
43.452758865117985
45.12064378159238
48.329883402346354
59.93782241569546
59.961576654023055
15.68780588538911
19.472261606855582
15.072701819726099
27.244252850595906
31.74812465018786
36.282760731598486
52.80594078114945
33.348399900486214
28.202451838339286
40.07998017303355
44.77975703107341
48.88693249848765
38.222734857005825
50.22491562120745
58.27045961686345
39.913070363636635
16.483655999074998
37.28109603679492
38.156793553780616
39.91311687392293
44.062448477413156
35.80900815550453
52.09639709167093
43.502944936437615
53.47301456758622
29.693959355421462
43.61392603929308
24.311817065504535
60.85084212759692
39.01574976419482
29.86452461541321
49.55710444597374
16.845294272455824
40.67928326767884
59.10190177409384
39.212817042342195
30.20598778397507
41.38651744548362
34.56305479930123
34.88232349387414
33.06874900936535
55.22113813078477
57.82311607587089
47.13288661853104
53.62179125727321
41.2033369367077
39.78775476325551
22.83287911228266
52.03864918486266
54.703876544960224
54.3356129398887
11.913232624778082
19.942305086110956
13.012337492275265
0.44617124598045876
39.23181515338415
57.34711954090729
30.269669095581293
60.02742942087413
18.78418927698373
20.664768624091913
48.02575308531894
60.022119072773215
36.53720732636583
0.1145466190636526
59.95946696880151
50.37387610755111
55.71583817771624
61.21621597326335
53.422829410878556
57.91131870962642
43.24393739357052
33.80837462076905
50.40804204316924
48.038693101157605
45.29308638700006
20.884106546495026
60.928167309948726
56.76639934962008
60.43038605678379
53.69827071721383
22.526296630938425
10.491277422212363
46.822813854727556
14.959265789727617
33.32040619028935
10.40485224379016
62.89042872259914
37.797488235200575
37.71487506625907
20.9672582258503
60.88910613573984
21.46626013883391
18.647958485124065
43.45211089650748
50.32164435623187
61.73215950650364
43.52688749737536
24.53171546528695
52.67954434355718
48.135125300507575
51.25055439146664
50.59013524776874
44.09633728279147
2.138937314743721
35.74923777912853
39.90936174293749
63.00915324321402
29.918718476075846
43.51746989806608
45.94806438379384
47.28396272748273
40.34422034224147
33.518651212733275
40.15474317393132
37.41577830735051
61.750396350236585
22.981319961163365
61.36221947880152
47.23941491613118
58.52421963204159
1.9016388416584817
39.55855523461257
17.912396012794026
0.6562856224321365
43.73071050964289
52.76655446680833
34.490852983545736
46.03520564570084
53.679631394273535
33.12056791653624
42.17455592755056
36.33964312682376
52.95116410735177
50.778511818782384
52.60728933741348
54.11365398083769
61.44429211791574
46.74995758630142
28.28016983200034
63.549428448372296
28.90811132969219
23.53075260539638
57.62732518146306
54.90751689624606
53.17133616864044
52.099845508403234
43.569664127687446
50.63026728311294
53.47580020032895
60.006721007063085
23.6105716802898
13.017598537654223
17.413442413820803
43.90645025980713
57.07508279191352
19.96516116577733
51.89357565548586
62.26711292481596
1.8183792441334177
54.92235487493307
44.521774756691656
39.49083299833008
33.515594304092325
55.33957501034169
4.347167042490867
50.30273259038158
15.762639593302978
9.153274708882606
47.87182727292804
54.14333885293295
61.693702057666826
40.722189080052196
57.3365313970795
55.09243973789841
35.21059490055194
33.45423201186062
33.02334825348329
54.66982104442797
39.26000534794781
61.89045547757106
43.619489155542794
13.697557665169732
24.3602396015213
16.652633071876735
60.796033629713044
58.03509914530283
51.145601380883356
29.56925557549595
42.74457177094831
7.330807550784925
10.308838909535424
41.29890381203734
15.268653437447746
49.62785193400386
22.97153098312195
46.36917854175081
38.57564922646739
45.4184765805201
47.4201117802028
17.85331103425778
58.09692270768296
26.902243985642656
55.720004305855085
56.26196056409266
58.39572171207396
49.670510949092176
24.27358441791109
57.21483750182058
45.76644000354341
30.71203778750276
32.9223738150689
