0.5865856770991726
1.9547826940967354
58.83778990921248
38.50389844392255
53.92323433462796
37.246831628732465
53.175051579983446
58.699321533568295
36.719341458366074
53.11454121952636
18.038600518133542
35.68923434715995
14.010019345086747
59.2898182894745
13.376567211752167
47.970572246671374
36.16230632425281
59.676576907759795
31.361993997889783
11.132940988693193
59.20303721382726
59.857463631972536
18.22517898643457
35.47623766360647
23.393744119034693
58.84821207220895
49.74732738310636
26.942134334607353
46.66055453035206
29.685627337443997
54.30150755122881
33.47447376068628
53.48373785815395
21.289458080635264
62.577529455862944
13.131426938327643
63.2079049607503
41.12381457454309
32.28425197405866
44.618208064722545
43.337561392071436
56.60377145431556
49.879793749502454
8.45264202027915
57.98053381144865
27.762411871225503
47.7756725179793
42.4688825621323
59.83347787507075
59.080920772542825
50.67784615336735
10.63493852725123
9.186413360953381
8.35890332110224
38.779943808168014
26.409723045380105
36.531485848252515
37.81391549708394
59.336794716813046
39.68365757325888
12.022931134475549
34.90124071241037
22.90596172165902
41.847445263126886
5.573624975492606
17.91121197527331
31.304453544030842
36.57886696887067
17.753981295351828
32.80704508645205
43.83604114416491
49.78928481213657
33.34729630629545
60.512012299690525
35.28974972706014
33.57612265094957
54.21848227721667
29.161739563659893
7.706024484910948
51.861746643028695
53.76437824913527
17.29707852937338
40.83324022342941
26.3733773540326
52.04293077084245
51.831978961073574
35.84821368086475
56.26223968036642
9.171400788400426
28.435124866034073
51.07831332058072
49.747134508044766
63.55687685842684
56.618944222167435
59.31605243288203
34.11761089518991
15.319823745742092
32.08149277096301
51.59477782356363
61.31346038737637
55.96668975083309
44.28448067593985
37.284032222654666
27.84308386631642
33.76507409079878
40.382424202523026
58.20317690451731
56.19511917129849
4.114500543358012
25.332381802679116
8.833137249264084
51.77337965296728
13.809243472658103
21.8264892324044
59.10626511143643
43.07560569144737
30.802081286985143
39.48499180809786
42.4912626518268
51.55043731757641
62.83958363422217
0.31899997496854127
40.21397668584497
4.6084800710262925
35.31273729707671
37.40457994057755
56.278672765248196
20.842861324588917
23.255241484092245
45.93588245104933
54.083239474482944
47.02673030021381
38.02232203867227
38.05586627352357
19.42834033425016
40.91588413804222
57.1202117990301
55.99194421127852
59.50817490909543
49.33133318070142
56.06267243798488
52.60323493102838
2.3962934429105474
10.878459866411212
28.39896690327957
62.21419498861528
41.30623992042327
5.458520714370245
39.462270757363086
44.51184351900826
54.73221491429698
52.85434498118306
35.4209540353759
40.45883146695531
53.6029661988708
56.758556324202445
22.670431322237967
39.10875625842634
38.09388645413247
47.67396462691933
27.680099680374312
43.23514725923501
22.091621714595654
40.56312611004135
44.91200879611736
30.754068055734514
41.630058183860264
22.262907593685092
39.823567943813515
45.15346927778034
55.841513070794235
42.81107738274834
38.74108622366653
22.277791584507057
32.09266502171839
60.479527060129506
15.370682201784042
38.16785559849714
34.96943331058685
43.29306181378639
31.824421200841492
42.43897424604609
19.403726589445967
48.506405861148465
50.858413673252684
63.40796974268859
37.51469509139157
40.019018357244654
28.912407308863912
27.653554535762055
37.621129781822894
42.40297365688376
55.471574046813004
54.13489609651018
41.37371203257577
53.278949966740825
2.9207842155886112
44.98513282776208
42.883185313406116
48.00482879755519
42.95235436044433
14.771556356104135
61.719929915797216
0.3959006764306281
40.732881807658664
62.41702608991158
30.229414112705655
53.737161778664365
51.27441601596934
63.32742178622093
60.404537029135895
61.84030150702038
5.096994193989772
27.491346124204036
19.912035918488506
34.7775123986669
28.16213387657306
6.757496130053767
22.42935893586607
47.974446196495094
38.081998687436936
33.59442864878024
20.435380037128205
55.147807018925945
39.05428288845078
54.90808662870054
55.33444721375912
59.3119404817916
16.564044877190014
29.0782572777485
58.871423365177506
52.75051085925959
43.30000929472456
55.878922791609504
14.837436377035019
59.88393042232081
16.04828272848947
13.544487657867826
20.297797556211428
16.86945547759295
27.401803369190183
47.90380367320159
38.06297621877424
18.35489596884088
41.21975606963521
37.07596644257825
46.591145069471565
30.404752281938002
51.72362299320292
44.86835616595035
28.317236681891977
40.9309422078675
60.766726195574996
40.27430116657604
39.70803327857449
7.714574294580778
50.067810966499955
18.140534649660324
54.54610950638008
43.36346622572043
56.968436680134296
40.17256150034132
61.2415322894339
11.82092587113872
33.04246875917279
59.14325736819683
19.293351678111186
62.99132504041427
60.02885195818083
21.107611833688907
62.26738961955704
58.94027845799397
45.708295232701865
24.49676581157673
48.310033257014695
38.25816358615441
48.55466290676041
23.915453422930327
53.87182490235783
57.08212714697256
44.12340731402742
59.13982932783528
11.395435281280704
51.155068604173245
26.912888633689327
63.34841816923431
60.413134032162404
48.87568367738511
24.228559125134446
30.326799806684953
45.039994613580475
48.94469396876178
14.546433836897272
26.504095022473784
55.826048663767395
15.31980771023079
55.79327493410484
24.587070527397493
32.11926770987607
38.18494675968249
61.26978899984914
6.15140506846685
9.92489911180121
5.847432854591268
26.019865094275865
45.28134551960745
56.9563272517399
37.84715087249289
36.6202118458595
46.09460721173726
36.7275643003488
51.683396803710686
11.744268637706824
41.72693256436599
53.26408982308438
34.97767526863819
54.25242444183367
2.5394389507809905
56.26101247092716
41.5486879096605
53.6932080421778
46.12138656767079
31.843745020411454
45.06113010964087
61.000922278476125
10.40106469161529
62.62962598583868
44.9562206440527
52.379120487547404
47.19710964781913
28.171365119970474
50.7196701502132
61.8884323860748
24.097214582739063
51.60654163222844
33.038997754685674
59.411744794598775
47.34587097826211
12.93851289968866
19.700814564892596
35.274893917960796
48.56731692223363
43.09534104874628
62.738262753212844
20.727153218233624
38.47449171634813
54.059726104817265
39.7447971447903
57.91004399089408
29.290570162947994
31.647848182283283
49.075849164007614
40.2199968212856
59.713632830046805
42.8220917367033
57.91718499048534
41.82138974503087
29.517702375496064
5.330019023955927
38.12827005226856
