946.3846049378698
237.51940300900606
685.0463224982852
558.8590531672519
308.2029833474845
887.2809367404952
459.23666459072933
891.5033083289478
579.5591218714055
235.18134913353617
324.3887795971874
300.14114278906027
31.9294967230436
436.0121398341779
659.0466653572051
284.80246518295894
749.5818762589956
451.3731399234698
703.9365490591842
306.8617671915787
736.4561665946777
883.2030898891574
658.898627264052
964.2606481814181
517.4573145952411
494.51675519573337
954.3928021527591
305.0056524800161
178.33558645193307
571.8468112237547
918.4785649549262
475.941771715459
366.7562807467111
911.9912121420863
836.2424478329986
802.8254086173223
106.31509850773591
1019.028284276732
664.7603044131628
982.6827795121968
854.9785438984135
531.626745832177
753.8457559323884
609.2686332588823
954.6570336340694
996.3759680709378
734.5044303007685
424.3251663325143
599.553968434572
574.3506735731903
336.64732611833927
398.8921635354461
831.1694051430673
962.1766569177549
601.9007445453799
257.8807973380626
403.98229116487926
883.2151598186856
836.397370143533
653.3390607908993
878.1471088635215
9.30717145452229
657.5695591849549
450.9712106696462
949.1524911890676
650.825476927684
943.1744987107745
1023.4477770893475
822.1427822158482
335.8159427160317
78.93829066437013
322.78847523656907
263.0294464333806
920.0611226707348
654.4792896302013
767.2604702351709
564.5583065950173
676.0057986032946
243.9907702140232
132.70314725603657
803.3633508029656
869.0649487033461
854.2243913219047
134.98912411175456
876.423407468922
970.3976857573288
750.1320628682952
324.80610245671005
808.9417632947154
789.4990773606933
556.8463539662932
914.0339719477118
244.30128961436026
252.9951941384379
232.60825093874473
202.96674584241737
348.0631769714819
797.2776908686149
529.6091983468987
356.496981249119
606.289182703009
660.886767286238
846.1854572767652
701.9037684367261
411.2211802811677
412.71673703460635
875.2615876506582
146.4587848888532
462.67932012796916
647.7224000782164
906.440742359589
705.690641938668
497.39850990958246
486.6391346643521
655.8937053854847
150.79487409446642
634.2206470981646
792.1516573491091
822.2194255483021
749.5934824132823
825.835930615773
598.3047804189724
628.7995712562515
1014.2183857276775
1010.5486636152397
159.43283263713386
660.5411160211972
935.1908302636899
449.92399590603145
884.1127888223365
757.383854028742
659.4274887782086
181.4971467841741
809.1337635159448
985.4420891571656
854.6998308156392
1004.3749184572044
978.0121505196889
1017.0290854884981
614.6979057809742
330.5722131349912
583.4867317726618
615.42193881437
836.9842785036265
913.3550574109391
861.1859162162777
488.2019647822842
802.9440067430031
464.2264394236205
867.8474931399085
614.8698917262029
327.4991227558186
824.4584197496315
812.0863782011386
193.76692905529228
886.5604922502075
307.7246005265788
978.1970620837853
396.83996371431647
821.095467049003
672.4460851392766
319.3658868814962
738.0985115593996
835.1994157615187
599.271502128846
760.9708905794364
1019.7794508589889
436.3191762985431
448.7373311967383
667.1474465342701
851.2260067898251
348.326037036903
382.0418916115592
1000.1191493323782
567.0049362299073
868.7860364683113
820.0849187959961
382.6636857011773
754.3847296705117
1007.3355472553714
255.07612951184967
653.0983907333468
944.8643939659501
764.8316019165458
300.59669859393966
473.3688853277207
309.3269817463323
1009.4418942568783
927.3370257376129
678.2126678546956
500.3976565206699
833.9150577125462
104.4270129493018
496.9513451971717
43.37848241922882
315.1777751206771
708.3789267855404
444.77185088020565
465.6325809990982
509.25818972009904
56.0244581848483
879.0565660827813
476.02511761163555
388.0331630260433
759.5605421379214
133.40835518805784
287.33479202693115
405.47331964693456
746.7153029521827
665.4603684288309
538.9408540021991
788.1480647292829
688.4795898497075
567.541784718861
912.5991620901007
238.40055252968943
174.49408526211107
862.2289597764199
582.3635419771708
283.18480702635907
883.096385795166
899.2583186925249
771.7940382568218
764.7614085352998
699.1664888943744
577.6605097211034
842.1758385825136
361.45602426152016
954.6181652399265
702.5264897754856
149.58005997273688
885.1905791295733
595.5487521301501
562.1482042212645
972.5150976219147
962.7794724992987
858.3779070464861
531.8304018561929
394.9244869474162
915.7348208626368
993.9648713257448
747.9056738370666
263.8278353731781
224.10247190686277
355.8639787727144
557.9646889465896
513.670653027345
835.0349548865115
543.8117660717581
996.3544240096815
290.47916940193227
814.7453878235003
830.1207033237743
803.6035606180078
282.06213996773624
833.3097479603067
247.38917300435014
834.4473127651577
553.3756571313211
512.1390473518
966.3917468332291
608.247008292833
923.362762961353
419.2123293961689
908.2732140849109
655.2857186220042
873.7505137046678
738.1810563962845
431.4387773048984
825.2921675689905
713.8574382670442
659.3512850721627
913.7313846721186
304.93966307641233
785.6046236470329
925.859573386849
947.6210590981648
604.1747895873236
1001.1952363781148
513.5359487410744
507.6805191633872
916.6683851478642
522.641215057721
196.91070547196387
594.1619215742119
895.6536111487692
959.4233736606872
541.2363864951095
905.4001481662377
709.1561330770046
390.6645623315941
454.0910170042099
490.539897046228
612.5247018613202
630.122912740576
748.32255039408
174.2224179713936
767.717456077213
259.13142964009216
199.72666645508866
237.69470770291105
819.0785652788538
405.0709977988871
791.9738074225213
1012.1771821479385
579.3231609250624
367.27387284655595
318.56136938990574
312.7269117577431
472.5466122314158
615.093153266131
167.13873309726034
503.7876813192104
167.8295188482689
464.9374824173608
906.1016712890798
701.9160650518861
876.520969263059
286.6191910579531
484.76386971751856
823.3557129253238
958.6001655918
423.47346937892485
972.694406035855
729.1448729613785
822.3531124858976
724.0670387067686
342.00883876939383
181.6040520313153
938.2214789218576
385.63466083452715
940.8316203107714
788.0960395412267
428.86183255001094
493.6858996794241
931.8513770773161
344.58482564729707
971.7953390611258
1002.1825286905364
422.1276562406258
484.2724625218815
740.5771215332165
948.087118023849
375.37646399702203
595.5057913725742
774.278854668576
187.85003994016665
713.5505856055786
385.0310050730835
200.9713672048207
645.5770296046699
886.1857121393102
815.0087434411602
263.6750779909679
977.383655318911
621.6928467326456
693.8499513942047
842.1459555568173
45.95527014045797
626.9493690697734
