407.8177206268617
277.35924114724037
260.73921354672166
283.54852664384873
147.24661820213714
126.47958752992145
45.14604598451649
410.77584199215823
135.08614811601524
187.5373185707371
161.99110317351295
376.0912697297496
325.3279628901852
451.1870787999421
294.7210165675222
396.21091299206495
35.718745471627926
469.82528374258214
447.5728472195358
233.5378823923839
406.90313837281747
441.5980718244157
440.0977119607735
483.24471027326905
388.8517103147086
92.94930575059436
215.17219924647264
166.0094336054616
417.27000802967365
308.03448082489285
425.59987365863236
386.37066303578297
436.86551921700095
298.1963031589308
482.864763529085
445.3087828752677
266.9103996695965
365.2682889527165
186.065463389557
439.0319293205205
410.2868133386353
329.70358324316874
268.11972028688643
304.47307123821474
176.2479726441714
195.4528783073851
260.9226521960868
373.63423955082874
343.2781849100219
422.17636184215326
472.33401736066395
163.95644603788776
372.9470847224413
225.03654243960085
237.5405580615494
425.88480772972906
85.14732648309382
369.47511230702855
114.43764479554778
142.5380663183098
333.2749594103959
218.10641797824422
82.28508234673006
229.2784547848151
280.59663944154124
449.2543829809251
477.1571728599719
121.43849542558866
409.3200458246113
408.880993923865
135.83944347851389
287.35112335916733
344.66880099770066
477.50096194976186
246.81455713125513
56.8340905739945
492.5047535950842
415.0324210449356
30.040487564801367
338.5072569374075
428.3295060722677
99.15658056501024
3.0809965767158474
483.3858958186377
299.0467072761667
89.21407043736644
476.4280205347825
431.07316068482834
70.08727634531346
352.79348742381677
484.6633570646587
311.31289589175367
476.23833149407136
379.3925499764122
148.4321123225049
169.5872005460442
259.75971039331364
372.39838161935245
403.86085735437507
363.77559385727824
356.16419800412416
446.73228301355164
378.6421509704178
268.8009929971256
225.03905141681986
383.082563633348
384.78010323336326
446.4465849348892
246.2696209914431
185.05750323837293
295.11183395460176
239.41841956611677
418.3176690980356
181.83947607614687
461.7279460641106
218.3906426071772
98.75503509082961
12.179753868676812
353.5333932962012
250.80851895954333
444.0089484255149
260.56926896736866
467.312815372915
244.33223462760736
103.66501425158299
255.10242610843204
407.17684998097104
310.01679936334847
163.39761651610326
452.9199756606983
481.4406489042376
465.2309836441014
271.35358048925514
455.232862242303
381.8516867029883
356.05639299650556
219.88313447900128
411.0838388848621
297.7040366035649
443.9578654666734
485.2675961681605
334.52118626253605
80.69999850090596
394.8014287764287
204.30777791064196
326.19469833353986
69.3813059282918
465.14717113148015
284.6424084125333
466.8043000527497
219.67990742566127
253.47605898646043
426.64782606333347
304.84797019948167
486.70836644761
396.1968408446543
180.49329532192593
254.31595160368653
192.4607244544905
192.49666987044844
476.65257191625534
290.49378706904264
110.01575486985678
361.88762783352695
187.0547661490554
93.9453828489664
31.07836020552071
16.518975568348083
242.8467723059643
111.50135551910319
319.3952246209069
53.47404069366763
277.84305941102815
284.1553528905402
444.23595135979605
354.25347306230873
436.4896147388458
419.4818688692706
478.5889439926634
105.81689336535754
286.5525141704136
331.6943955882318
479.30239377487254
476.53771013653846
453.0622917099119
475.7426949621993
474.98885133182597
414.2992451389763
383.66694423830955
285.26043091095414
123.11386587579494
262.68875433385904
424.46744970526214
443.0030024524882
170.067273088977
135.50216139041254
348.477499402267
477.1015044990215
409.52533853584407
321.9678986718809
475.21516966696
286.772948210512
312.97993425365604
479.67132816222176
75.56187565593967
56.77436091505598
120.80262589503798
168.3199833315242
385.0637018734593
159.19204911892132
363.1947377884717
240.93439390306628
270.37714364894316
455.59856598540523
397.3258019413653
378.0847965945321
133.96869841128392
308.5666574732619
409.4633523107554
410.1627032648064
477.34865610849675
329.97336934529733
229.27548374489464
100.44714378265127
250.70632632989188
295.9992711509319
459.6987728874868
46.98135321797122
107.00718882793842
499.76425974209303
90.40964237346327
411.644554819487
489.3825839555899
320.9339761636971
397.66722947650555
370.8599591699664
379.6251399730929
283.5979674406822
69.41058431238048
227.19776400655746
330.1746057914255
248.03226200922447
430.4070399087202
417.59857246850447
288.3007208370799
343.91711889421305
337.0544796922145
343.6628997978179
349.2741866060521
273.8716084711091
297.47597595125353
228.2242650335745
476.5876311363253
456.4327660385577
374.58093920475335
461.3764443921789
240.67335917929188
421.90464957768114
208.35515841145065
299.46091338818576
229.53889287116766
67.21699676937067
194.06750744138782
342.43696145782326
371.190436762349
36.207112656316156
77.92656118136404
227.10713923184323
498.38847610249655
477.6375937612946
439.7476865986266
359.05869354632875
320.01853233667185
203.36715378467875
21.580991502701124
215.61034312606643
357.6947200712701
325.67786949910305
165.29881962614326
446.20602072383804
385.56414904319786
452.15021707217426
412.461146157556
339.37052900219066
207.55811207317987
489.27057846361674
147.08642012517498
426.0846317399248
169.93261589283128
461.4300204852527
482.2445069071242
421.51711214908994
186.51452809698918
334.12833715622526
194.24207385858875
456.2419443968875
216.29247437890882
347.5756589222441
491.7808003192636
485.4120862001572
487.63164369953273
129.28337311305648
117.26050308422123
240.14959264642926
335.2444375462313
193.62906094662924
362.6939717633373
460.85853312404123
223.92314014500397
483.39110020511635
141.0070809534733
404.13174196771183
418.06619543237616
411.1215284958602
263.70848456495077
448.12787760654044
11.322520129495842
476.7625829654764
388.8429423896962
69.32348028018419
342.0983882825718
341.8994649436647
337.14018003291864
364.647417031051
44.66395373545197
416.9461847150703
255.673953204466
19.80511221799958
372.74501868952575
366.0643128285323
370.5604337548042
465.79204194149304
303.50668310567397
233.77105777923492
495.8317041045249
370.1345803967989
302.83373431814
496.91552468261136
282.08017758798684
164.17684624239655
177.89363649699754
484.8035656769911
373.9768710021925
365.83058226974356
97.7856215339093
407.30076286386213
381.38756704061615
218.45900215247627
29.02690873344926
126.4550585837219
85.87710371558848
295.9584968954456
379.8136864065607
334.68839146251855
344.8825865456353
172.6275587306872
420.933873629429
378.0120952175654
2.009425444342753
423.40268912958607
