300.0282577478257
443.47443793407143
428.2930867998269
201.55613599596882
416.49866868893764
181.43791020956178
204.81355918910856
318.51311911172434
244.47416800176876
190.61411775993088
259.60714469269556
470.53440569016857
487.1641420084249
386.1818745025571
399.66372984068056
457.8219165075723
114.75580000505943
475.1899310383485
42.3057485276741
456.0695892531418
325.0625590578717
236.81440099439828
183.12185590221515
401.0890321720515
183.9712667861673
181.82954002071085
480.33571210597756
450.87919154531494
434.52309429808247
151.3386655094555
192.44470895212493
493.1688372028837
268.1046725388062
347.12125238504416
287.6001348373419
447.7383980207041
492.7795508478873
171.66639205510575
176.40248374617033
435.08767731304636
400.41155577355954
218.434423402783
382.20882854012746
398.00361763149493
367.34688346477213
205.7954926485238
79.69400817146641
484.238059614862
439.5897287549912
194.62567184511107
473.9224945311958
12.547617132892299
304.1090657611576
63.79423752637592
354.83894812857807
493.27711702697934
494.83564555319754
292.4334613990388
404.77790250328553
359.55545260500446
163.53781529907837
426.5293844564191
354.18243383430865
450.59346096875345
429.38180029794
360.4762576796214
308.34862031670116
430.1527350727919
374.57935307935554
121.97314085968156
495.2159456776271
466.9524500676009
179.5500168630142
463.93788567276414
265.13014328139377
61.87285156434962
461.293403644709
351.2359651474105
478.55469213991313
100.09218824266816
405.96431733683806
192.64051161749717
404.4405601530216
395.2521291014984
337.3593694135659
458.53908526068165
145.53884736683779
212.26521640977853
429.23615355794266
470.4230488553001
365.05468461056097
106.13894531978838
406.88908424257625
470.8958741837918
395.8280081798773
473.4560278383195
141.7315202189402
471.07895583607404
383.59532392291555
234.24553641460113
274.8747943868306
466.4888636433895
481.3613757462933
392.63897701868575
57.978462036816495
404.03414141960286
380.13875431411645
279.6138522570333
308.51902742894663
146.49102223363138
202.8908294915101
333.1958890140693
61.89408079547343
176.4131816726885
478.4224673670607
106.21264579884206
354.81854142926
436.5911688585214
407.2066548093342
200.18575982944265
365.1810940645772
218.60162940138508
98.6369783105863
493.2606351076586
422.3017730107356
126.10160560701576
349.30731794701455
29.124828691638925
249.05123731746107
89.19886943182598
341.32887167243507
20.240933894992054
384.10480817309184
249.0599759226682
442.7931130764948
164.90335374212532
140.26664692893252
290.18159332787707
215.35250511107347
323.482089878127
411.7973480121627
103.87334249878074
413.5400850358073
185.45627341262434
393.29816414316196
48.47535379602937
311.320206946208
255.68812921846637
449.28035271302844
211.54339310991094
233.79754862872
190.75585664660707
306.5120497448454
467.41556442924
144.69972732591515
260.681717367296
237.65541829824576
489.24796674050714
454.94878931155114
469.410121194205
495.68367296325124
467.10917721493183
471.7914204800536
204.8444112522862
308.39238831209326
154.30494965496035
291.02584339969167
419.33573667973934
494.15959451399635
473.3909729567111
272.2071988246923
288.4852808950069
211.49813055560566
345.26458932971116
444.7206307380318
221.01304319008148
0.18581279913593107
402.7562701982632
365.8726205269723
300.6828222613585
466.8338085455372
422.30061130477105
278.52205377165956
461.86791664482
492.9629527382502
379.18976233986143
338.4618196856018
499.55341627217706
484.93090450644746
53.62547224798453
392.222009704422
373.8810703986469
320.94849510653233
409.07814001188314
198.46675767735184
196.25576119255925
340.42394291103506
439.8844707403363
408.2716950119116
326.83603850325846
430.5495298650346
323.1747399174935
188.10111484194346
477.4578812010853
410.4371072780086
447.30798700755804
261.17175361733183
416.6809205187569
309.3997558178851
332.4003886498341
312.35715162994654
415.1712346716648
222.82216429539034
382.9711654131389
316.5596770436823
276.03487637703756
272.8690897208875
286.38014572796726
184.8647721481695
457.3102702090089
491.86611760446067
110.43309847219689
314.5409065184766
212.30962523069644
241.66568239333873
149.8074988461513
432.298851731526
463.75485708571966
479.76923266701783
227.86397625354
346.52540463236926
342.6134565970019
111.2867634833097
298.0482498486732
413.7714194573218
247.1634409812261
279.8657764882437
445.2120314595267
129.27847965092798
495.1743012778917
190.32038722162002
360.9412006688164
294.2451476739675
296.4843970292735
381.69876821081084
369.63620256229524
430.71474168759386
45.60215846407863
479.0425803838557
338.7792935055178
368.2434240789326
355.75625600205746
300.0052466096431
390.18603676617
359.8853108816356
366.3089375060749
420.27219958215125
110.76688844331045
281.75548769179386
244.11457391944555
218.80693384448455
225.21723838286272
35.6446553097785
434.90111064296843
282.9400733531345
341.93959815061373
460.08584230189
187.67047723997854
478.076118398022
271.8452999974918
148.4441410807455
379.5696821727922
222.6903647587569
136.63105314519936
106.88706004233075
278.12181529065003
121.62899208641528
377.97998870001464
412.838642235033
449.2555336525784
48.932593066717345
445.988521325103
460.7083025350355
166.6340951557401
24.67865610826641
21.61603322037945
331.58300898372886
313.473741813606
452.0066796926902
253.47335935015593
219.3260981571201
393.1775123723644
316.4340514224607
334.741402836489
476.17078738088424
488.0509174384845
463.5742633623107
462.04025891185216
149.87538877822078
442.5456833928995
435.885786261157
495.904240815421
263.83043592829637
387.91131104490444
146.66148516821158
405.27858218115836
492.34223357169327
479.08579957207263
444.2031490793946
375.5988492249129
493.05023712802586
463.25233368889775
385.637947076429
490.1114946761978
180.32429087327125
209.68284551927047
45.209032249701124
229.56425737159663
350.2399094428124
353.31565217610824
470.647864206246
83.94422188184723
202.24295049970567
444.8996571125016
278.5970208104675
189.78242652248804
325.10344630809396
125.21942659401162
416.44435477932626
138.2071712178764
231.84267690002105
467.8049465873225
442.0519780441824
484.5347495499741
176.9267293670651
344.5054053092816
268.9520080751107
456.7562376598601
453.19069855249757
305.02070973550127
154.39969846626144
86.28202293648326
290.11849162394765
30.96228692521106
184.43055420093532
417.4412865824239
195.88345946505802
195.09790615955808
83.18795215291016
329.20755200172584
283.50996112854295
288.32800135789705
327.7888556519806
109.72949165409841
478.0560067470442
307.19198836370623
252.97069158912478
445.9581401745854
324.69780986932994
185.32964886000315
