457.37922972068543
230.00852310955491
158.7983182519414
24.51313533574404
283.17613570402847
325.71125405632705
75.34144803037134
465.05282953203454
491.58407639799617
450.84707998574567
331.2498579195993
279.05209126711003
283.81888319303147
468.03898048824254
266.8168073534589
38.812051112752556
216.48902183365453
302.46537417954926
180.00892149892786
486.04866821389635
203.10401091874172
474.26522010107146
404.6776484692039
215.23213777677694
273.58675003630924
426.3142743680445
222.62865232985877
467.684768004191
361.3758994166709
489.9672573381394
352.2373391323184
358.83681380508904
429.54556827808767
477.21434734937054
67.28263865204474
387.9077663845734
255.8230291554664
223.33291125647565
298.3013498462432
91.66568951184087
390.40302271100256
288.07741401309374
329.30373378349555
25.133775707909763
354.88297562279723
471.8669735382605
112.74223175100843
250.15976977513535
453.65897860110783
386.5349911875656
426.50561815936175
358.3177500510194
211.060760419705
116.47333210138947
136.7080561937031
421.3674475973374
79.11271399362266
425.70810119875273
336.8251515352727
201.42114815865546
372.2406050446201
259.2460758150138
332.82375948580795
10.255047046682137
430.3653105346894
342.0771803603333
278.77663464518037
402.63145785121327
424.1822084395054
338.7351620999127
465.9534226163926
185.71284468605126
53.110035916365746
489.71218526579554
375.1472767994161
278.9128496473469
463.9519895479275
319.50398091359017
490.4257799384846
331.3885215448297
487.50517505826963
418.5480890340971
494.376993767205
229.91450326985773
403.8736573328233
386.6079228403429
149.13181298845808
449.86590357696036
464.07568017100357
366.9776749083525
208.72837965442216
492.7938872385717
248.78357084823026
309.38047933980687
306.99404591386065
415.54307186944624
328.13329195180296
210.3373807072316
238.7049105523276
156.70862161494995
134.11675811370299
417.6119135618328
142.09272169411167
421.7899273899356
27.157021903557677
448.047602177698
337.8562829674237
483.0249468597991
151.52819217926208
150.92486268699008
133.4876594797051
310.54311441987716
480.658102591081
253.20917929780742
257.550246548642
373.27277401694954
132.91512201610192
308.83548936659747
308.46644131300155
108.00590145641854
488.4620889734351
417.2463227419873
315.4205726343606
164.03420004425902
359.42886908585785
480.247716136787
293.51217459901625
498.51775916654157
101.12473845205943
352.3565835173904
373.4450512264923
473.4298216041909
317.183185333639
192.7005067500362
345.0767068785425
442.5399830057675
370.4714302784912
242.31279425928807
317.4860237699272
277.3836706833189
352.23056797424795
411.51785147603886
31.474256057653406
338.8249198810372
355.76644785233225
495.28698369304954
0.3150688878178016
96.8190118426403
276.68447520394403
491.57289402867315
174.40163659450485
493.3003270774674
474.95831761636373
124.84050796618857
461.78910895445995
304.00902351473144
442.27152831158696
429.81544391580513
128.00467043490505
299.6676840671719
60.418505610564694
29.691187710153883
145.66515406742843
490.21172042317164
344.7301340225288
311.59513713750323
71.87253767171
480.74667609267726
389.9182346383155
156.90028444633737
255.39918039712185
334.2265063126082
459.958667262626
340.68953405074524
437.76311582718563
254.8491696552563
254.534214179915
235.8042318582377
250.7726746346648
247.29511179758566
324.97255963474663
386.57803536926775
218.45243373221132
284.55882078618197
252.9458063032024
356.6744156753257
456.3343331387657
462.80908622526545
338.68558144149716
411.8087941911117
494.5400810068818
426.616652359403
287.09553945699986
251.61009059559427
223.06866676955968
316.23322734716055
473.91879217144947
190.76529249904348
437.6774686797485
124.41606630283343
288.91798988531156
490.90411872952745
496.33783504649585
491.86350557509314
461.89101529364456
389.71831928942595
444.1581227365603
494.75499322613047
399.233216144695
280.8874967897701
319.89599387719926
404.54480255118216
202.33171301414404
284.53440526283504
410.29195538332567
468.34100425012633
199.51565948045135
285.72807575134675
139.85448365114252
482.0134124070919
490.3999354928815
465.2738539833821
346.81565366523256
64.46385519914128
273.9248575188129
344.40606306396637
305.49428562600576
377.139825760067
206.070832623657
353.9655164900914
408.57189974910887
406.7954788757412
334.59964239563976
283.4852156154619
339.85721619125763
437.7287965920441
178.39555287424645
252.01918283950144
438.4488230557711
332.8227478054989
62.36827252868443
472.34806995416943
410.18925266312567
35.194132410925135
188.42888780342133
441.5776623080358
302.07995364003756
448.53155481433635
384.3964572788096
332.92607686634824
443.88462337258187
297.81161908846514
308.3876832539695
401.1496121950645
306.35258465590283
452.71987832514856
169.78250064496984
376.6841008237055
268.8231762344042
459.22535317727653
494.7093709054062
8.06476883006394
485.48717817831186
235.80725562726826
360.7705321288394
249.73643170784771
464.55802793122893
393.8741270307862
426.60510850056255
344.2988135780795
32.82873162091829
67.20562937407692
199.9260863067517
285.9307242098265
376.7761409204753
442.9156600656444
349.60018263816113
346.10229153826606
368.46823673833774
463.251450360716
251.18585866525706
10.108527384834474
52.69754203052787
390.6545123273168
232.42319736772248
404.5124773785005
322.0691484049861
393.823485964852
400.3778636876622
297.1968667924849
193.09655927012562
370.65312056189487
480.37657824534506
488.1526926853968
187.0623290520125
469.70811681297056
206.67499196970584
314.901312152982
364.6110758873691
262.17709627621997
274.64497907100576
288.0177949705667
87.31537841024306
297.1022866870412
406.47068739833463
341.78976262681863
368.6361792326586
212.27275422713268
264.4119165620478
297.2439000900597
395.10034452015134
151.61484045257947
361.25505709315973
23.297955667142105
213.19136768594757
491.5777065538957
418.5714255844414
330.52082097299694
490.58555769224785
365.69937061863925
456.1647685536129
171.03969435002176
98.23123706413816
411.77308542299386
455.3108730720939
233.12565070671417
269.6413769710766
301.99420993149204
329.60918734650573
385.0181252236736
354.94169358563636
245.5400970263975
325.9493594712394
416.70727372040255
288.2290479925423
446.1963789861944
177.88420308425214
418.19384342774146
252.47670809717874
336.6447947525397
298.0613213958038
191.66346852288683
204.62398748566062
326.44011466370875
214.89397056338606
463.4922871841352
421.77700988721523
116.53491864659969
473.1263251937724
239.22090703761512
467.5512658757632
379.5905732390258
247.54608226822324
499.9787991481286
276.29625808461367
252.77046961844547
430.6873064317076
433.9524455103899
320.1001512533569
364.8742878521676
