352.7652109902657
491.23869688934667
282.0973756293623
24.173798530342538
446.557422553076
204.41891302471691
215.7139370011272
311.8769453686513
368.36918028266354
268.19500272966025
256.085633056506
10.669545403738198
481.5742247703886
486.78288276904436
272.7107807898632
134.7764714984624
390.07700658334966
269.0069750140258
333.1248836582927
246.1961920376999
497.89401576801714
219.2877308495856
447.20761513239756
259.1319993818629
259.95822983694285
185.40151357446132
353.2085301658392
424.60217266815596
490.1281481722652
185.31745882022875
377.619063366903
382.6004818042281
355.0439585314058
405.5347916282341
227.96769168902534
188.8708366748242
462.1582546500821
28.02173686499117
368.97335252393304
460.46573455597
459.35647199510845
320.49285787617646
480.20268449604583
233.84343947666565
464.64141862819156
283.8964072952981
340.22876182715027
310.591708587733
491.6952267387699
136.16642686330835
359.19066255932853
22.87887499902189
223.00049023834293
328.98891938228564
193.79599134536699
447.2392003973455
81.49190752824774
428.08711563183306
390.7898335863967
395.05997636807615
497.53751373950473
47.34697560823906
172.73909933312183
191.64516711067023
325.769193173271
378.54210554774374
327.49435662621954
226.19421186048282
289.9031465429153
321.1891476099979
53.64208105144229
356.703593541525
410.2816656267447
422.61180293378504
179.64190334339236
218.6730907700072
180.35587722886993
237.62875188382236
453.31986652162493
214.7844681514552
227.0490613888096
76.79871192320587
326.1061986417659
315.4248665586195
381.11716848441324
448.5774314914496
416.1852415277011
296.3927924858518
464.7121789626789
195.5898097266758
114.93810239386295
473.0132775797425
117.0936230085943
469.7976187336435
358.44274583742674
37.94193746537127
355.03586027002007
187.6145493272213
476.4846675903128
458.1424697459073
428.874350479624
377.752388462207
126.51402355149366
414.2712196088605
174.00882146907747
321.25067276709734
388.2565661471069
328.2965041801157
114.62471624844687
346.73559578740696
374.3046230744395
140.72046712753502
326.38382578886245
239.5622197364234
131.48431693786767
499.3652508136573
355.50967962774365
269.3155546915163
444.18521042484724
242.63078032502602
147.67081015279797
237.42941802325316
474.07364081671284
326.5706139319043
415.6647101319762
363.9506972925316
205.36537133497194
260.78616299710313
157.74174138853283
243.220673432634
305.57290341671194
441.6780027182467
211.43347808480274
390.38272912550156
303.38550037784773
412.5780978600101
310.77537378121656
317.34095515376134
300.8667457947927
444.93058963096735
491.3633072483428
478.62402621084937
284.06986130877533
296.71792827796867
164.20901375761423
51.19331528199626
395.88490097661105
424.6139783649731
378.0908793459604
236.49990059543984
155.69668874677967
374.08854778509175
323.76109220634316
419.44653293179505
155.98041931261884
369.7902285824714
341.6141216933146
412.51914107034526
442.0008706773451
51.30640924634753
244.69917436491662
369.58448732891804
261.809763800013
488.452727341589
459.42564398805877
477.1257501527218
353.7766716385727
229.4505897726798
318.73447221013237
490.8145998179911
343.21212144997054
220.1220483096116
449.0795808869676
278.43652000660046
254.3133168704048
164.78109430296388
409.44289155437843
496.03126328736715
299.6556751493196
373.6026379362993
135.62733287152537
118.87994481343503
450.87995977057795
473.2139838879727
40.48175104757763
484.4631762995556
341.48944567485455
9.91172978332105
364.7361499975234
148.62457135607406
42.236431538051875
459.9455414388303
498.47409780081585
492.4437793259303
343.64808013063043
386.6241387300414
374.11609393194703
468.52605884127075
343.7671684822749
157.7292210688356
420.35615790289523
250.72783922310683
305.82092275560024
272.1806036487199
252.17609738199988
266.85462046075054
269.8591803119973
496.2943024373
129.72429564310607
407.62066521130896
482.9850059734599
126.15872528600767
228.65613696001736
21.85406682273691
261.49420275353236
283.0657445969724
352.4438733412146
339.75970931374195
251.23936241505012
444.9411895622907
309.6578615709933
405.04675326343164
6.643545864820851
356.5080321148704
431.85675241629394
407.68348506972063
493.17867206204687
434.35946708653154
458.05965149352875
89.57606310592473
166.49403066379062
438.47468326637784
186.1629095449473
413.0153912008768
418.9677680910475
261.9518071556627
363.9841879651748
303.7137307893099
124.82785474616225
26.642060026270315
346.0697208147335
499.5539911027014
395.0962337879578
273.06175168929826
404.5829270313181
319.65132960044656
236.72899297629675
410.08717016787347
344.9849727264135
181.12717473206663
20.014226732250222
271.17681826447244
400.3382390934081
261.89253025349444
362.64185506619486
391.8502452239503
362.07058594916555
398.53495112940914
145.57254621935977
358.48918972460825
488.69985250776006
237.4006672254377
471.605613309629
147.59975089271222
462.6637606485755
165.4998480057326
434.4011578234273
362.80978540279307
442.1495511539088
55.19786108002728
297.41044771396537
195.89568001275757
156.76183473296783
251.1338163374804
454.2015715242917
461.8623789756396
264.27883830612853
391.00955616340616
207.71178806943828
234.11665048928865
475.14154540933765
457.4624734246521
298.57638121209635
450.85021275249943
456.69433329295657
446.6366273647361
399.7100811453772
277.9529955570424
155.820081309677
172.93687551696473
453.1155266944617
369.07031648305644
446.5194094092183
305.6854481433996
495.48383484842043
482.3033824308571
493.5378837111676
255.9449560405332
264.5778005498903
264.56960573970116
241.07949082801787
395.43133010960827
342.2552229670331
467.56044980469613
455.8628823952831
211.51447259340006
280.44646617065496
424.81484109295855
499.0527774473844
114.387266303135
126.1275127319484
426.80059410168815
455.28939294129077
18.171662090687903
430.72330791875874
431.91870354077435
456.7559616189507
205.22416152012102
155.31693311460322
343.877214183497
367.4939793566714
351.9440641719839
47.843565145922696
61.30794518533298
211.5384427997679
105.90638969295463
346.66389419924246
268.5309822351948
132.34016256234884
371.05871704339353
386.743199150808
367.43977347388795
290.73719854673635
486.4044585188966
149.71324058526528
347.1169411170635
340.6408158743994
417.1741700606164
449.9908520107378
307.7872574648409
471.2384646314563
431.3699038160039
422.96980545502475
203.47318767751682
229.2234612747498
451.9424136754003
466.71429157198526
387.03596171662383
458.0052464125213
298.6888396442042
20.12790242480054
346.1831589566623
444.4433944876523
46.981963142500774
387.64435258796397
426.7338564543884
104.50770533842103
150.87589345753008
475.93073872509416
152.1849859006703
