150.94783697659773
283.7704893598868
349.7872615794389
459.7720551806991
356.05337413062114
392.96318100679366
292.77030094844974
482.9960344191876
391.0157449754669
361.6626468851472
284.4484958964696
299.4824496610748
355.096810617609
80.88562678078335
308.86850304653706
158.99746326610017
128.7427921537382
394.01236471055057
432.0213791888624
201.40165409343723
398.66601004281756
303.1692193111351
137.6954169065874
473.7742736210335
160.43187082370088
178.42172238939474
378.36143096411826
327.2839103827104
338.80416397056126
11.010525839552429
159.63080146331964
405.3883536212144
477.62361155669447
304.9296361502207
475.5714407622767
320.5762889614395
455.01705512563973
382.8772848902886
326.857999903251
493.60208575743025
443.3553083768202
128.52375565410853
356.7528666050347
397.40292879710273
398.0077594378555
125.45260492261349
122.66465923731312
427.1278225171105
474.5956603168241
364.3563831311844
335.64724860102496
19.581683733942384
177.54835264615082
316.28255363197354
324.92834521590163
327.1102341934867
351.8238153978508
443.8524589903081
268.16214310950613
441.0647418868304
321.3709988871975
351.44987661543274
218.35534656970998
277.2475558797238
451.65152665873603
345.26311522891206
130.14988500198933
244.95171746725632
148.63263357552358
148.93374824019367
414.35542246567826
348.48160717549126
239.5916149188805
380.78258847453253
261.25419315063743
146.0518754121283
204.2122776649403
183.28507119582514
389.199033843007
491.635425956908
404.7489165066204
319.3646979359927
379.19420402075883
279.802130934914
183.091821223509
486.4602909809779
396.73290501304166
214.52228274113668
26.084054443763534
345.76632589615417
436.51509341418694
161.81970525010837
428.710480369265
385.97198256416493
466.6523296675943
400.9981813281546
473.694552053711
215.97744207998898
339.7860265462821
253.53563311819246
431.5118915026469
24.190858088526454
487.34978113239043
416.7502666693397
498.92653265084317
327.6298254848947
473.42525416389464
363.1756656078094
372.5375332762661
445.9020054510984
467.0036388769766
172.2749073842943
85.12965737477737
287.5059735376577
206.1545938177203
445.3701079272
348.5830217819515
312.80086737173343
431.24145917394736
434.3722606745365
429.0505786645102
248.90550022563585
321.63843176952594
332.335917237525
291.16001191698217
494.2942121516671
362.2422838289577
328.16333938739365
11.518066133597017
442.30271460593565
351.1593883023351
454.73454430003704
376.8704567464832
286.4983251531586
361.8092317326485
85.15293227640342
270.5716110646497
283.8375609630135
324.6965196557272
349.16059896507613
444.0506006491493
340.2934157386437
250.06628959067706
291.37563217502327
265.4467259964035
485.9515538696591
272.3813827250236
330.41648436712313
464.28605386383606
447.54973082563333
466.50526551887697
224.89908712323
247.6837229985678
447.97202262143463
135.0416600469752
363.6775790545351
245.87681924788288
235.58715120441758
474.3579541549124
175.11701671942717
135.19101216604122
364.6601279319949
67.03970821955744
131.24253243475562
241.28899365003758
125.4527417025871
42.65118868383996
203.00462847792363
387.2520655547052
412.68290190039886
247.1970184420362
468.9228670580349
486.3270431147256
184.95106134347043
199.26518124314555
271.41311694258127
472.2627714873859
166.87231476052216
15.609946055101489
301.16875318150363
153.9559994141494
130.48817725816798
66.97510494418924
292.4650126517573
382.0308400602135
294.83540535531256
198.05305227453346
410.8426099286675
345.6415298525022
326.95572934928765
268.5022994615821
0.8021546456050146
325.6104294736243
185.14518594160614
403.7786981409888
336.01204704991943
187.4999476759616
443.79228949197534
486.3073072725852
309.6133284133597
379.8365560200466
348.6145612820916
373.55563308709736
352.3077415214141
292.4534220348005
248.7737395017909
332.62441263037897
73.44138666657437
208.6952742758832
270.06428793197085
390.35613384618887
274.4902186754732
62.18772041666023
129.42537928588177
301.13685289424916
289.7796841677755
362.7504213250744
294.2990048476307
353.8220894121324
258.139216064181
223.22662489099054
39.683147321929994
474.89670070388263
487.8027460607258
253.62333493008825
475.18989308641056
478.3015324497334
207.88419215559333
170.61422227679316
318.87262945439915
431.5797929142362
358.6293649702175
487.5491067274261
343.5565962696269
383.7966982413832
393.74937545703403
230.8659055237789
465.2153428691545
316.5668453043702
318.34887463982784
432.4090444465709
386.1610587238603
400.93330867732254
339.581545330547
243.164590566421
208.95591695711295
469.32165704175605
342.38695542600647
470.93025445053127
290.7729660676959
468.6845262572599
79.64712502290627
354.82723302528206
64.79558975437595
196.68987814312277
416.78783543254303
390.92629633889203
498.3112594479644
392.90061625005865
26.522975149374417
355.6570253913067
399.12997743509106
261.27459052249765
407.9360855359887
478.47249879858623
432.24452847654595
307.48224616882464
426.4669793679278
447.56376224521745
171.77576911099692
275.3045643812786
431.7956525267099
130.74831710364833
358.3232950847265
405.20142448196225
417.5220508845657
385.11539435483724
312.1430832588776
101.01857865520918
406.06254241383897
475.81811909570445
182.94617334137735
455.8131785566555
0.22686212459041144
270.4644438865548
224.31209500420596
443.38545432269285
290.94397536261033
404.9755830005781
200.883316849802
413.8782423295835
397.31756820080204
400.98470732878644
467.7435042835207
430.643457657329
439.66156252096437
457.025872058725
97.13617545234302
112.56072309602763
38.75157177778948
89.48758632879805
403.8870182240345
260.49993736483907
368.9107015361685
462.1276702704987
99.71302568552699
417.04224521768606
3.9724965632026397
373.9624040922348
134.99506626494627
228.50811662586813
339.2851231843358
333.2589835592984
211.02943963710675
35.57005190003633
489.76774860545305
497.19883468784826
470.91696876841877
168.76016937438357
254.82837878099963
53.308871701876626
141.00483025952224
448.8820715665105
370.8634474707285
276.3692207475602
199.20005261822882
433.15145255064454
156.52506437458635
400.6935895067009
97.48339906976616
216.68742267874484
287.5922905073428
465.5734148593008
419.37286541325005
408.8336251106352
454.1315220717386
291.8907335382364
224.7846855704508
212.21770884143513
488.2061954907699
392.7415878631896
388.3172238980278
189.45146582864595
349.18658777472825
451.3483715734663
460.766377621465
402.35495366976227
487.7990946547379
123.23670690267807
403.3099919499906
427.78077522560176
30.8205435532617
448.9180727877783
446.2572333413714
313.02183165683414
461.9116862446185
430.8112304395353
124.63615059498323
386.9379842630954
271.1198836301794
