127.5301990345161
463.2395477199535
122.6631978707266
489.6605016556045
367.08142881977244
409.47682224890104
218.93625648283563
350.7295646664571
414.55707324174597
320.16474069019216
485.53365536137096
164.1150500938278
264.24644490120704
295.2884463197829
352.43765108502066
358.9092265445535
53.6159289596236
341.66334331267655
189.10985116152557
430.05226376688375
350.41550062559037
299.70023545474874
486.74274441722054
162.71421498547562
362.6822048143951
315.74756772864055
316.9750898067009
362.3065873172095
67.06136492074859
463.40676239435726
448.0911127551752
114.19526942447084
235.63265707881544
321.32888964356005
368.4580476047627
263.8042074852269
476.78822040965247
281.49813663084706
390.90008662681373
242.73101504695643
363.1414396313431
413.9791830797392
419.11452723884753
385.2539862293741
249.62483355010764
362.6389848221137
87.91125527962208
8.211889204578256
433.5314882290594
466.46375096725683
339.026352440074
378.94195362162225
478.1446536874252
108.73802924498415
28.173476887055926
481.98232470925404
181.4439868576577
296.71563246285757
209.6042596955944
311.62875141418414
188.66102676489794
393.1936142420923
106.23462863353325
141.3229803102496
288.09005949274007
299.9300540313301
461.05831933928914
459.2012751100233
459.57639156191135
107.19347167274992
245.95734248610245
197.81261656124917
326.87505846458316
337.6807066906351
195.7058993786572
482.7817195850884
366.6897816513226
140.9731882778417
30.95275549147283
429.55785585700244
369.9579656709621
478.59692833832713
279.0900751317764
254.10850853408485
396.9374335470644
241.64992778582035
356.50195447697735
432.1138120990873
385.4123762722129
477.9563501661789
373.9195487435009
194.50792520474545
209.0465177438894
224.24659713989007
21.909582647898162
368.90806176597806
290.15490087161857
476.5323444459902
272.0812534519679
473.828194820077
461.3633744854515
271.5352896793958
60.20456375652168
230.85822133941002
341.2534409021846
94.14204845687942
316.15370717484143
357.4873461635632
435.53932496696484
355.733170433062
135.48035679212376
280.61130459569654
223.02267436756443
218.94313577478766
250.58148210435988
391.20704001071306
284.27312825017293
411.23612307207503
448.0437140765316
224.05160193538916
363.4830302725118
244.9984685687013
287.31080661318384
461.25004363889843
335.312719436252
349.00292117530427
438.3304717666572
220.36542229667674
429.9251465100305
347.7566053418554
351.4828923232576
313.2209403794935
472.34301651306026
431.24466436939304
124.56547053031159
135.72087134309504
476.7897522604808
74.12233880410668
375.9207673017903
294.9308506041773
439.5626617268167
308.92373093843344
276.8103466769956
22.739696824613077
424.55422423653806
319.0489007133258
382.33776497603003
453.3846099494728
437.576247606921
491.98551815502157
143.93275556202377
376.5620488246461
433.8464067952476
358.43020989970694
438.7759227683684
408.40417305664033
216.30549054017263
187.15750546024333
411.7962566702288
347.30762803981105
347.3418716870628
346.769368960463
104.0372412392204
397.782128619031
361.6457408663507
280.554987353121
452.8949192975735
88.32052062908843
433.41998772583315
490.8035364965541
427.5821192584874
256.3145126319965
335.92233205057727
475.46266343970814
134.38257461683764
276.7378247122945
397.4851093381647
456.94647996696597
468.2766119840811
122.1368039476281
403.5271843006623
451.7981757785515
496.46877480909154
400.74815446756224
128.8014233630342
409.9468979786973
168.46865524603953
491.13730149070295
457.1637678798259
398.63678853094615
444.7299908282119
207.9331458171631
365.47964637004975
451.5926187127272
42.69719076892761
109.92885609825089
432.56655526169214
470.98590303591413
157.6216557972894
129.0521915923801
216.84394916195805
258.3265854631022
272.8428419220685
292.2826624957862
419.8113955882705
446.5632911886431
351.35011525046224
432.1542498156661
107.6718453794877
339.92837119223185
153.353114529496
416.3977534633292
296.23205323995035
423.7166114284669
371.9077389681653
437.12075179097184
399.5715424693255
368.3176616596112
54.74973776675978
294.1607546827239
68.81218779579291
420.3324717995497
114.08718640809593
194.9819356370366
239.79180074636628
295.2578332832125
474.15037589018414
230.6899648452498
406.82377246377484
454.928992074427
216.07127003821506
316.4124531490088
249.66017743481234
210.98274530628498
479.7796222656596
381.78505236587114
453.1781180161205
473.8686980142141
361.6176314660323
7.202761088683303
159.8376600416512
173.23643928870547
156.6973649763463
427.4744807330237
27.5791537710881
323.6379302296498
93.5858188950732
158.33348204548554
51.38711789179348
231.40596105027583
12.318926457464215
469.90779977386467
447.6381137410941
184.07086895900972
300.88605201163926
428.3359943272928
200.03925314928927
79.55578784211428
196.21546317915335
373.6981688814003
222.91703362258556
456.56269794450355
277.05371045519007
17.734337552572924
482.5649902065725
279.5873260155664
319.74932632094885
409.01170074277593
220.87776791361495
474.9759937603589
123.53534566446905
498.05434665608664
438.07445162524715
251.66532461216872
492.29140981363156
350.55657446746227
113.11443643109266
480.76903641246696
128.78381492993418
352.85712491365456
479.8398386731149
56.359152505990835
363.6649103928606
90.44179735292863
78.39853832913286
456.3606750268615
413.8584222178955
358.87132985408675
350.8109136931769
476.85824399500103
259.33465938579354
34.118156237500955
458.8455566679041
133.7218346059679
128.97598736663537
407.0971688427536
394.0973010344077
200.84351105936656
267.695483916429
421.2615033075746
412.0179411427654
356.19196234909947
483.6235534851822
391.4101270948182
343.47571741705747
378.32877011456327
461.33757410019973
299.14117563911475
72.00789280225183
88.58316315465356
320.3672268508109
329.48052762464124
396.0919113995703
286.4767940590956
94.28059126226879
441.41827932079417
242.348605457413
91.92828113822173
379.8076837105933
396.38959510661994
426.8224288763165
223.5835683782626
363.0561028123759
106.8298505270763
433.85176687635465
76.30321220858673
231.514328014319
161.84246030257685
364.7025338946497
296.00876440938634
459.1772907107687
285.561177791144
154.8559604224862
194.71641778458928
404.0504806822837
172.10577159332342
349.7012713668231
400.7880597657692
40.37019058321903
261.6122146082786
474.5493856640675
200.76118721698083
447.4391647528408
230.15465703977065
224.48177918683024
320.84050867393705
475.519714244578
410.63506499499533
369.40979636929876
186.01740443177425
425.37113653104257
338.364229830926
495.8880000709613
212.18681680976204
248.66006497605525
79.8917730122256
251.1167116108915
399.63660678587905
46.793713761748165
247.93098851693804
