277.4868554123517
467.43022054923404
313.4523591403786
204.4645691876832
294.26407561535643
177.92896672311593
172.79074354039307
488.4445373058316
370.0475797202518
263.31163208000913
247.30437870738416
148.04756949069406
245.63985267224913
259.97850644474
180.42612510034076
480.63356415812973
277.8561512822888
413.06262350410077
320.96582374419836
388.2814458463276
393.6612379531954
271.7540857941988
357.28122047764566
304.4265530349653
180.0689480226044
492.1739915581191
398.009210741076
134.38334192932632
397.6304696963258
494.22715500194624
423.05913132851396
344.54399976092554
342.295501346437
421.8702323444316
399.1872957199563
202.79599285193882
369.86863376850044
463.34815303548856
194.8747116032597
309.7537568962359
95.27521774771117
360.7955360965218
333.6868093345143
428.53383848610594
251.4115265705366
449.7762125914164
146.2173550502788
254.08338958197038
308.15895749615527
252.18800256462325
476.36040937799925
101.94440890278469
135.61997011374154
435.568835595923
174.05387875770236
361.2234511995155
373.08042651694444
425.4703004661012
245.76735187888886
474.376667852932
262.5236810329583
443.1944300971486
281.7901142674874
103.74500150114375
331.8871120905741
391.31340897552053
175.5624157991615
440.1815337865863
487.23453439773897
324.0201277500299
447.9900685171698
367.46341637991077
331.2135631516331
461.8003128774466
126.82142079753777
492.6969116843768
398.5258246794158
446.49456304262526
342.1432181467178
320.56363465540846
248.2502869984779
364.04639630343047
494.96024511167434
410.8505558120657
375.10718513823775
491.0624734377758
452.82858051724776
171.82240597593307
357.0194955879148
264.33034375851133
223.00815422533833
67.8514445007159
172.81259038973326
282.1985774630532
427.4125298910629
467.1657586653151
290.91964590589737
53.775580883006
36.54392134726078
361.69282932130557
170.04545506227765
39.044772128157774
244.91965330188665
215.76137617872405
401.854587822354
339.50450244417027
160.3719476315216
404.5589428900722
431.6493193992394
410.8951433031837
444.31431139449114
353.8731677874971
248.21328051351918
392.5272572781413
483.87950235351263
112.97969646394654
291.2298509695012
477.03994318729514
351.67224138371085
466.5202352210824
387.12470370102045
411.3035229078065
488.78456388803346
93.061533888962
291.6568862093502
475.96242692698354
347.59105630519326
441.52942861007364
473.78669833636235
138.9882900466551
240.29229783415593
434.86497680872185
404.6917993360354
334.0726386030131
388.24583795900526
443.9216017027795
410.0561814133755
301.8295162398581
376.1631401896691
314.91542232346535
22.66363260496604
352.6457561001562
292.034451720744
464.1908458736301
450.99149191418917
117.42276836996194
248.7746062656402
203.22271189775546
352.7941188746368
314.2860629887342
441.6082167690903
432.38035008536065
305.27424508415936
55.856474394101895
482.4240604740608
465.03234006828194
479.0415366419088
204.38602392811197
228.04607132530123
408.6132390883825
472.08585301275224
241.77354085709186
383.8400589505213
487.0788582053452
479.00004529794256
491.7006690667766
259.8204852891572
307.0727941257417
274.2410817620852
369.9795664415939
396.62056290811046
485.43403058192774
427.42376505699
316.51929059582477
319.45574834651177
280.5752450199617
364.9571286376597
434.3634847051072
344.1463888674284
357.9810408506261
119.51665571297593
89.49286745046379
156.51573712747808
478.75925132801706
76.05416036735988
387.29811029051115
60.58268297908728
335.611876162628
282.01622212103075
401.7107257563765
460.7629130290168
70.39021323626798
478.4514983243054
312.11459334443
368.522606030248
468.9139878023564
463.94699061800134
156.27510608806682
97.04753031544436
430.45425015643855
376.0600474119198
497.9628507081912
155.79277502844405
319.49077505684784
385.0315844430489
342.32256289095034
314.3610780777401
78.58822844989243
387.99788290351955
454.5788007726931
50.332698092545854
419.57736653190796
246.92006064876955
431.1136637378234
400.9454140298644
203.402817488221
401.75748561520953
396.4422027710058
294.90125004239087
462.3474747440854
484.3682735375042
495.09845207758667
380.12735850105594
457.75462257015016
65.09040556250159
364.9008409556155
489.91083356833815
156.1368770911559
159.53721253209164
222.52216286250723
362.6032065481696
126.0502449568882
449.9052347139422
208.3618233488997
374.88454223193037
10.191015100725906
443.4169842904396
447.84489942633627
284.24584756142326
455.41838685915985
475.34331420625244
415.8053052208943
368.5093928333887
395.3284695980528
190.6617066329698
337.6679489738293
481.85431254213154
447.0988984330975
431.58498537852483
246.379837361512
230.40002774104886
421.45171738948346
382.1424521192529
250.87897844131777
460.39625634348823
276.73636510310826
263.4797502757793
423.2417824291208
213.10503897156735
308.3637775973892
360.5125389577946
278.20096444962576
480.45877672448273
453.5980496082412
445.33229281097437
473.75984081532823
230.64220710676966
463.5510072646307
195.48648316994024
405.53344295691306
382.5286447651526
455.70809709623
493.95700899538616
122.00083324937975
18.041161281154643
465.51594105310875
59.3154147015461
410.55996240730724
431.18941808913274
215.5755044282671
384.87057569693275
402.32552486934986
442.8139981526583
479.0728914916517
321.93445320267097
367.2655262618314
368.10478600226963
469.89439241813255
423.095137438473
156.31145872505095
220.75859732637696
172.6533194837421
439.5576878710123
418.7866559122749
242.05792300902255
272.26309613347973
428.8079812793095
116.33120290725788
321.28997223678857
420.097031673704
434.9008203604143
28.31761122089364
405.53285079081763
111.0549939140169
280.85508023717114
222.9890510715719
100.26268199845254
428.38066997735666
187.68862258708117
330.57786921596596
117.1377884116497
62.54739829671428
478.4585021995874
225.38344517909513
194.10685017478488
438.90078143290884
182.34162842268307
239.5642165961313
214.93523075483455
307.6040546893049
270.85745360300086
199.8258175429043
438.4823710655761
486.32378249928456
193.8644700384453
407.05399008781603
218.04399983211323
463.2354136144787
455.97195000743994
269.90680993612216
376.3797004731813
173.21368918579714
303.27588589652555
460.944429993906
487.5886577376553
365.96691289942976
229.58982485479441
453.47560482829186
335.3528055893104
95.83041386893848
441.5070981476169
310.8973747642365
174.05560457328198
364.45117974459407
377.5537606738266
178.92741558977974
422.60226163814707
68.96816143638222
333.41011221407166
289.81170045409164
443.2765417340741
291.80044782892026
220.5542167824126
439.8541376740284
370.31264976194984
364.8582976381148
371.30470338845186
490.9074397448383
468.42646329214995
492.9476589114374
