159.60365057394762
165.4353842488476
177.674873854774
174.77261816844276
147.95454561844204
164.4691228883425
178.90672548436015
174.4765874219557
172.07753083322154
171.50544018108832
146.96576306372384
151.05604483640337
156.72432658952806
162.16963133661167
168.27631561359982
174.71056243560824
146.3947105261367
167.58124055928863
168.31574905481537
179.28054397039793
174.87577988252255
171.4566709326046
155.66084696673786
173.59724620362763
185.2150741594029
164.04051783054263
157.79642803476804
167.3137846724206
157.50750918336357
159.1581704983085
156.78961292205247
146.23625987544045
141.71095853203752
168.94250159493754
175.73205364516554
171.48723049837136
156.21366746578965
162.20895503886152
157.48818301449867
165.78998158219255
159.8431488431832
179.52433126893044
165.18092044340952
166.45140976400242
161.7331387059005
149.37610257322004
167.41058609714946
166.14258492651103
159.4236570947459
173.6104114590818
173.31762212971444
165.13940765203571
167.4800541774853
163.3720768064992
145.67293811226867
169.48510289079653
175.26052279665166
167.75734238641778
176.5594218816377
180.88176528194205
176.97996477597795
159.1674637060347
161.18450615296723
155.39163683358694
162.91344346210303
175.69990425428736
173.51678269343483
162.30129401925115
164.03566145484058
185.66702922205312
149.4360745670647
176.56418188223003
164.80188051318157
176.05452158078143
158.12661611434092
172.90531931514633
180.35485768687164
168.07535595853022
163.7034659794513
165.92914102943683
177.9289608547691
170.4473224793285
183.80793021642424
156.6466148224644
175.7973667761203
163.9427433727467
150.2347098904252
147.4374376928522
166.86959737600935
171.34444815372908
173.643977043086
152.64279751400807
165.22156541715637
179.82538984182546
164.43445757476314
160.491771738553
144.5378322700251
157.81834387011975
186.33823758301617
157.14838060566714
170.01219458151945
155.0095598607444
167.86802296497856
175.44727601367816
160.0805233393273
161.320305987941
181.22450319941967
176.85942663727025
171.10107286519272
170.315491560457
172.08862859756488
170.96522231996818
180.05439532061507
185.4159346331178
164.79229015162542
156.31964467454796
155.0407648597582
166.59507014797654
168.13890702773608
155.91619054642766
138.1039784899481
172.20387085323023
163.37804104531784
178.57011733767771
179.34768574175226
171.3054559901217
168.6306424047831
170.83031905970975
154.98311379784013
167.3903045377465
154.28545014995385
163.39886663543092
169.57543154626063
152.8975936529551
153.20841581247126
150.34673381377394
166.3443696941933
158.84675392408892
161.30034612795978
171.9394878651251
170.3247868457619
160.53156021075552
167.0404006242374
167.57046679015855
168.16996303138214
175.3430451819195
160.69251550582274
154.64744231746826
183.2610793094266
164.15375151437044
159.33648992166735
161.82052015447013
161.30126332346097
172.4604584690304
168.4518601695262
173.3541520742194
148.71722989735
170.70482201038504
171.71460763367415
160.94927198247322
167.0207183589226
164.29511854957443
158.99740457531735
166.88954543277202
163.0910677352074
174.27578998651242
161.66994340726117
166.10027350065553
161.03122681234288
170.22247318493547
172.79675429755602
151.09248167459117
174.5533044998749
177.28215100137035
176.14406449720911
167.15176200733094
178.22542622401107
167.1044827079654
160.53429325571076
172.01393434209163
153.19163091872514
172.36320208411345
160.89977689919115
163.95388358167116
178.81304317655054
174.57805199604698
167.69839683079138
163.308186277973
168.36332381601366
165.3628540680088
162.1839825459924
178.97716968571726
176.3359353585058
176.54432200593232
182.24684152307077
181.65845829928585
167.96039239051422
185.9715613344793
180.17689526914802
182.17207750670767
152.95064614028655
162.7432242905706
169.62482336165223
174.38386442562071
169.53459027818764
176.83332109720342
177.59361004823003
163.88527527658036
158.03251844373648
162.6772405288527
149.83007484927958
174.9395700694669
161.84155184126251
147.03757987749978
166.31139746392634
177.769920684419
176.57974211926174
166.21403166726665
150.07020852552296
176.32817123695196
169.55612807731916
157.480965491026
172.4153381914937
152.17891567568432
153.9488132953733
173.74523074144355
166.739428760944
177.37702591606373
161.84882321632597
164.4273525268481
174.6234310996359
157.0808725052825
171.76447780414478
170.5591916398991
172.95394410667322
178.73001679284206
167.86422832346597
156.35872896815664
172.6480179531026
169.93508987295985
166.1929606034322
159.40700733007205
166.68919653478898
174.41119946926045
170.8276012963367
159.06789630210977
157.25637809636913
177.74009290002806
174.28689845000895
161.7905987940715
179.75267235411394
174.78803177027007
162.8326672001543
163.11470112264317
178.6890270544269
167.23859413453644
154.96680604361634
166.85725099888106
172.60596819845188
173.6177425473424
171.72041265960559
156.62071050102787
168.15171515127014
157.0065305181664
161.8832306578101
166.2304657921546
163.02048039853932
168.34250279849886
173.15544261198096
173.30574922559012
170.5226715672596
171.2713986575314
166.05257183219877
162.45293893131975
153.78145085446877
155.19458158364452
146.2595914394887
162.43490640259702
151.46447081782378
159.4321933321552
162.02652400692764
171.6831619078226
156.9112133013765
171.512875704596
171.7084966277919
153.29078382011727
175.95261882012693
169.47512238138978
155.23044742004566
172.85145283156442
165.64860254815508
170.87988785252423
170.77801856753953
171.43029602793538
163.60338642924222
157.22537616768938
173.02606897212482
182.67733038324903
177.7020296641537
169.77625048034264
165.63572259503698
168.43253413738663
160.32509135768458
175.92003649139065
163.9237730944553
162.4111505605923
152.06890387631816
175.4732169770405
173.17990805275076
159.46289546802956
171.28720789103392
156.44188773192914
169.1028297044918
173.40066106809059
177.21620395032838
166.2586813837439
158.16645335450693
137.91819581996103
165.94029204274304
150.49507366006677
172.3631187022647
165.7461980003973
150.3339478856534
167.68210028668935
163.92369743128276
160.03622332825614
173.62331212247636
153.8738991517082
156.8298618125438
179.8696998406681
165.67886007973078
159.0342115114722
173.89687979085537
163.70824081096362
172.65930650573438
178.31117417715592
163.869539643318
170.52336174749303
177.35223417324093
182.2971638642229
153.92709459084548
165.16393260953214
167.80810847766486
166.5171657886515
161.34030845497705
170.99250961058644
160.0587033577542
145.78666337599753
161.59394705192148
172.5792430884307
162.57537318821701
159.22943063682575
157.89451690309693
174.8063016043603
177.68633290714465
160.45687311414278
173.55420579593826
160.4053310164612
158.607478796921
168.50433421747223
167.74445860616206
166.44309531396294
171.0861008618509
161.95489323446472
164.62447777957405
169.265588851124
165.47470906662937
174.01308449126154
186.17536801102756
155.9136314820737
155.3812960886034
166.5679862788282
178.13220217759007
175.33574854060333
166.06191581054728
154.01084038924716
152.17861251567655
172.73292002786206
160.1219029808023
159.34658200147845
159.2582599648742
157.9074748796556
176.5476406339714
166.368918490891
173.0959784223827
175.79365578969407
154.45776084652277
172.603087809148
177.1737293986915
171.36670248795568
144.43242830015808
180.0556782206412
169.94741633838055
155.2672164222697
145.75949477166543
157.38331715994755
177.99809609583752
174.74731547335261
155.04405297529814
157.98304491375188
151.20957907665502
167.9434068088994
155.26734419602076
170.02463428323603
159.42730006229166
173.48513753474626
172.65953255790612
151.74274092979323
172.35770424076134
164.97377653902518
143.06165773905101
173.65426455689393
182.61687909817198
166.90934324568158
161.89700308865375
163.17735323759223
166.64781611506362
172.1781454713068
165.97722632888906
177.99507703223065
165.13314913307164
178.78083484987582
175.34563782869796
162.138029479657
166.56975198091774
161.52789206200546
170.02556409351496
171.45654162115585
184.17767364667088
171.7580650396223
169.29268332229208
167.5670968175821
154.12220325396956
166.30961465295113
175.27097739199954
175.9889257669842
182.97378386371534
165.03514783602432
134.63129388686502
159.28823925453992
180.24497574977565
181.20141986557198
164.78348391085646
154.85777002271266
166.26768245700674
167.96423897695257
153.7522851998563
168.2936933941121
180.26113165611994
149.5277189792943
170.51774704816037
169.31738118494775
158.75894301539623
156.81476965155818
181.5287714412515
170.2585095866607
155.31355951771124
175.58312635575265
178.1153780503728
174.34719901590114
167.97628482457597
174.59192930350184
158.26093471808758
164.9658417676537
158.53695798114452
149.97814848523296
161.96564059171527
171.087394235698
154.5594864089129
169.43023233557383
173.69852673486517
150.26504905498226
174.281801052086
171.96250712261232
170.4377626927268
148.9494841129368
162.7724284096583
175.2324075371404
156.16487214852148
154.7512485874163
149.09525254327315
169.94204266032796
169.496494614913
166.20633808240746
153.2600689659964
150.66571610897375
154.9087723722996
164.30495050003057
155.5255095777393
169.93799126357825
174.9625388477543
161.43999526450378
157.7333230869591
170.1396099299548
165.91888245613123
167.2279165265271
166.52224890296864
174.17895789027526
171.35799113477523
166.71726267840222
172.01155069215204
186.03434278016854
171.48382521130102
161.34321787556146
178.16461454275554
156.25783881858348
181.28234899398797
163.4758996833527
165.07182067117202
155.81464793321427
162.55859760139606
161.29142242833066
150.00525575118547
148.84528858603255
165.03932775022972
176.49917498787622
161.37996747333924
185.89340252341952
171.09409376329336
154.99203548051352
170.04530726399423
173.63896822392675
165.35651665753085
155.33579748749517
165.86318685770422
152.74175551078
161.01899628666519
185.89798196515207
170.26331638396505
167.3213329399887
147.78402327858336
169.27763077436504
175.1584426628723
141.1446991480366
169.2958181521226
157.84758357458287
166.4467028330953
169.52800204106947
166.9205003076493
152.27309710094664
157.19475138458432
167.025199892473
166.54471853453586
168.9651517239135
154.96166602156822
162.35607008235758
172.7957372997544
163.8149530729635
169.49569308433144
163.3880141803586
143.25718871901333
155.78267139932035
169.65997608379152
182.79384375657767
164.23613842289717
163.43936534660259
170.30552758023788
171.90932533492855
161.48400095600988
165.52088266907555
166.75213884810145
169.4471512727278
163.55349731158512
150.5681951613579
145.83895569397308
185.34091164487205
170.15904233236557
150.12407343965864
171.46234693431276
169.80981637596904
166.7482389118281
157.07704764454527
150.61687488807357
165.65616926837072
177.65551841145756
169.30756968857642
170.43047628734908
155.2281678691191
151.88471545644617
155.07758821163122
168.50408322249314
172.40094635318252
165.44946845532255
185.62432893169375
168.6525172546625
171.2895527935415
157.90530511083347
171.48152742176197
159.2146415236028
159.5864338406534
169.6497517962805
157.06926592800875
155.28159943261835
166.94895568622425
158.91817079096376
163.87479572043017
158.94647272485855
159.48998263559378
151.69700401183792
177.5119125717735
172.07379008124536
178.94981806365757
168.3043788618453
168.6629543467836
176.88945809557373
164.00739344199934
165.2066301837657
165.5280777096731
159.80517350274468
184.42226711209852
151.91290258436698
160.25325498910627
158.94999496461605
183.37422096121995
149.087556219008
181.53168076174816
182.16370218346475
158.12442785977734
167.8297110300376
178.41080390214347
184.15171284717727
158.81619222856293
173.48707548474434
164.66468155343193
169.1446510017807
163.2098424218274
152.57882215797878
166.89102635995314
151.1532541468922
168.88792652548744
174.18361605883808
174.51152817683564
164.26516097505572
159.19070757706504
177.2568087963744
162.69788403780197
162.92718673234145
160.6029672041336
161.5686863692122
173.04912492903452
167.69509575057467
165.8523116326617
149.80641179430756
163.6284384506977
172.12202861688993
177.9052049161418
164.44114291298243
159.6634535175712
174.9400931293456
170.17558691548254
182.26925370829522
165.76119941469761
155.44974593200124
180.14162424864605
153.59647499164197
164.91264227923054
171.94200414076371
160.19782748937916
157.91593470977062
164.86964172912593
176.8515311102009
161.88671185242856
172.92372327764804
174.06100186173592
151.65686779823625
147.83132375306275
176.21118584687775
145.38842040505583
166.54824694137085
169.31555373107386
178.96207485209186
143.8594276352997
169.34407290858385
162.0250763556134
165.9053651991316
155.89462460033766
172.71520762981802
171.42146020622792
161.1187809151177
154.7277981738656
165.58996419759217
163.1104597730072
183.09884339777778
166.74279295494267
163.1967289090662
162.77203508499406
178.97088371752133
179.4837389447582
151.16060868190203
177.4868509486861
169.43348506550356
173.18134423681389
161.02404490384504
166.18807858113976
156.15852234470248
159.03483684745518
174.52326333684354
183.04624912485002
163.0666678698906
174.88470467407961
169.59065222706792
175.383224227078
158.92214930533618
174.66213314917673
169.56751840648099
178.95646787378644
172.51390649699297
149.39299095565048
179.158533189878
159.93895621620857
159.17184266939498
168.0298184231704
158.05448484620754
169.6188873235643
156.98331740962948
171.1681587001701
158.88860536685362
173.96896476005054
145.65681544695232
176.61401054725175
165.4074354356278
157.01288843704336
170.1811631013046
165.58259394743433
164.52745144082516
173.32687639094513
161.32702090201926
171.5649770927365
176.15051204547146
161.15739997013702
169.13894441700722
180.26213720310062
157.0472954221086
164.50942766662354
168.8557355857825
141.32060678516535
166.84704328337466
176.97447522992564
165.73672793263353
168.61504777372275
178.66372331033722
166.96734700805166
166.04512072127915
151.3205666647978
163.93776969801206
155.85731890208362
163.60574925741258
170.43015710085405
156.5169717205357
158.75232667006105
181.05400804527713
169.64175807625787
178.41904764018264
170.00300265488573
174.08616141231735
175.77445468967574
175.49051178557252
167.5255369185628
159.10190451055004
155.8263751885309
140.23374130780294
157.0820697285857
167.32259078686562
163.75982435889844
157.16090351408414
164.91218908634482
161.99591143893463
168.08943985510413
180.39715803160408
167.80723195597005
163.96094041355957
143.648850825344
155.48403349173913
149.97610101209827
176.2558806405033
171.71976718392813
167.6913209141474
176.53808886430315
172.87725518040315
185.72098268328443
163.1888239125978
183.8418848070528
173.01663849166044
154.18540578977883
156.0760725741257
178.083411604381
165.3190719675485
170.46581581370788
167.88358721756052
166.80964239495026
149.63513328184774
181.17909681241582
167.04903530354252
164.56398142550825
182.3351031402458
167.90794196695984
175.17026485727195
152.08999330154796
165.35941165397358
169.4878574922972
166.06160047688186
164.78057771268251
160.98557262915222
157.22695679453113
166.23186977374854
168.39998752171525
169.5657877901328
163.99464782566628
179.5283365664443
152.40027456274473
176.10972801645445
162.77037023844366
170.5012950259475
177.49183683023503
182.16647263563314
161.02532590032072
159.6518150289784
166.35415472893956
160.92863553137846
156.78203126999045
151.08991959811365
184.95295228456916
151.96190142507356
161.3072695459107
171.15360469100608
169.83652231729567
185.8888043745847
179.06552686649263
169.52435741279322
173.35380845011233
169.62701179630037
145.67070841318483
168.3421089788884
160.23628193703806
172.3752468876307
179.82325852576662
166.6787582982728
156.00615941229375
143.38019726631177
152.45841841383452
154.16377977191357
167.0828858220536
180.1986360484077
164.60937282309777
163.41809986264394
171.958443120664
152.53119005370095
183.43714234929476
182.7502945000498
163.72387924189348
146.31823124738486
157.2195565179356
177.13974306471172
174.9475452693765
170.32299223990753
165.37397146910664
180.1787152618164
172.1984588962587
145.20856851461014
167.19756592519528
166.58028833094812
149.90692264878047
158.6194272695301
177.41405333603018
165.20952770775472
168.66094577973234
154.20288679373053
156.3065613943529
168.4509331389534
167.99933628995964
151.26973147427114
177.60762971459351
168.21917822888346
164.5644955913861
166.17164368499695
169.9143766345766
183.6810892711386
163.28163429779644
177.54609845593498
182.46388192274324
153.96454798121795
169.73661923115037
171.93226989413594
159.28591733217843
157.29530613673677
177.41443024840362
158.2628975202392
174.43907363870716
172.5041752344437
175.80149975512072
171.64210559334933
175.0427714571628
163.23304675362283
161.69022544180524
168.12271422321916
164.89970160695813
170.88891358798088
158.516892138243
149.8091782828709
151.90859463767111
168.18113996781895
175.09158740002914
174.69282047814926
159.8159326165209
174.87174090802532
176.39157437042758
178.09041644914768
171.16409800896793
170.09738133717784
164.44082043083662
155.91188769635522
171.52789048791706
161.7145507936918
175.61566311885764
171.39693197346702
151.92412014562197
148.45159136945452
177.47600202437687
173.0739808308777
162.24755250374457
169.4300369482122
180.6256154147656
168.84439525902474
169.9427719480603
167.8501033569847
160.62535404778103
164.86158266484657
155.2498835046248
168.02034369099945
154.9701858262223
168.87420617453463
148.86523030930653
154.93694791474027
160.18511262940677
162.47165791973546
173.56524060744516
166.24936711154928
157.98990295923957
160.35663685289154
180.46362362929327
162.6024708000498
166.6108501941
154.7833011471466
174.06165160660908
165.8306663930118
152.02140597380662
143.37160834786425
177.4669167007731
156.8420284794533
178.58322539257392
152.47208507109696
156.9822281712588
184.63613476655345
153.9485004824401
168.46001514845403
152.04484767270526
173.39186205754152
154.93969333710868
152.88332561777614
162.2393535059114
156.8027218702465
177.52914440566758
172.53556305126395
175.29254893988292
178.85169127955578
160.20335668103073
170.25088715356924
175.99650492460523
158.0365365468082
171.00320808898996
162.98923210058723
164.14003498539978
177.22371802026555
172.4267088287265
163.19644429015787
157.69452245299425
153.59849828155487
157.81459771406003
150.52606877953997
177.69146157361612
156.81560588750963
172.7132665326902
172.97854079903158
175.9303058634428
152.92633767307802
158.69281911951762
171.3021270641924
164.59826221729523
166.80501539199162
183.83207028702975
167.03377506799004
169.33900079680686
169.70282150003715
151.29963386542613
153.05308925430535
174.33297240202222
160.39472701769859
164.5606594086778
169.10120875427504
155.10074535906512
156.33955897561293
162.98243841127862
171.04738946396466
160.99957726768716
175.03725766769782
166.78714160467243
154.67880463722585
161.0521892400049
158.82676592225522
169.315186346392
159.4128894957934
152.67750963666492
154.89668170014053
178.17971436747155
161.1474773044396
143.91775612023315
147.42958658084657
170.08354381992444
164.94996317368833
160.12072100824798
157.67659984064187
169.4692531065975
161.63785396816144
149.52704033690642
161.9399735176671
171.10209353565554
153.96431123849794
172.57965354523114
181.9444064395359
159.21410830903187
172.8040120985344
175.28750990522013
162.9957046423275
168.6295625508214
173.09268263895032
169.40009085200032
154.9260458141756
174.39325429424542
171.3947149575678
147.42618277175902
162.8436082031072
167.8224062370129
167.18321742371705
164.1139490268361
160.53726002080853
165.73986342873354
178.44901482497957
156.06944113221041
160.37866406929854
177.86024035008123
155.3402478231108
167.10291100656084
175.4341655702492
153.53450266001875
180.09339422502663
147.69260680727302
151.63297757371924
151.78287733285092
164.05068277465622
163.67512164639834
171.81486781355443
173.2210873854476
164.1269426954438
148.86532978099177
168.7809446124898
173.3212516906193
161.25985911746395
177.4046109793228
170.60985936919934
161.4478913241637
154.67973691741713
156.62800998913346
178.3257344049966
164.8610639131998
170.07983525871327
164.07057047543444
163.55787656855745
168.5551044135982
157.02667974687054
168.22129444776382
165.64257635753273
162.83325441251253
158.3644711709475
163.68292304245173
174.18942737525407
172.47179896852262
166.43980086898287
144.2005949462205
166.2512655780166
152.49843930546564
160.89932955394693
170.96667972679887
159.26433019309857
178.9892624183969
164.0257516630617
182.86369697431778
158.23848794276796
169.4508988056782
167.3330276175262
164.4543396980461
172.0528842169028
178.06811894979785
171.65052710018034
169.11861012703298
167.53670546288097
151.51031115459006
168.06080603990236
165.5921012573298
154.86732120874825
162.52382789460466
168.6035767912148
172.9822762788657
162.52981286303438
160.2246193465927
158.4927296627363
172.56380533894247
153.14395657827473
171.18365551348225
160.89006271777217
170.97879962604048
178.98884104005379
168.80005829228332
173.6456897788804
166.84052144657122
160.50335348819652
168.10677043419352
147.61191124593648
175.51679841211475
154.25232019331045
158.38908729374614
169.06635385734836
172.0404112821405
183.86402340635863
165.12783092974945
182.24810545744265
149.31945325729652
180.46458560287002
164.54434842659964
148.12272999448425
157.99238229157078
155.8699028826168
171.03488690414162
162.363692713399
166.07994949571457
158.00674560498064
155.37268259041437
177.90113887986476
170.7533258357198
155.20846323373752
172.8537900369436
169.3705345615575
170.11319132058006
168.1884488689362
172.41225815772265
165.92898419653142
154.89477709398483
146.52578289778302
174.61493490504188
169.36989534250657
166.5856198107225
163.42124708212424
175.5898556747627
177.73372531320234
178.94162233321447
169.3238462667682
170.40717128137058
164.8367192714257
180.7742735381779
166.0527520502456
154.48651883663692
152.43421240381517
184.23482714532122
168.8737189338045
180.56076412132666
162.49070487379944
163.474875791743
171.354830786596
153.3540650181892
169.1795285691352
161.33130059867847
174.4182859798523
181.0991915142462
154.870637436546
154.0824281051226
174.25755224983365
166.56375209194823
166.6127985267306
164.02037842839007
167.98557578825708
159.61535100011562
162.94827800365638
177.81198357887118
149.0633534798813
164.31008756941466
145.38002805226807
174.16495690490478
164.84798913296953
168.59234949976997
179.93588762576127
170.92134313626045
165.1093692907513
159.8283208735303
178.84629276582444
180.41950433068453
162.7553118938274
151.11687753611673
165.46911655094692
165.01641225814484
170.8282332989105
152.5185714952492
161.75639802226758
151.04345081538926
176.51655202429424
163.0084459003081
177.19703643765934
168.29365484538187
152.82587167691094
186.5905471332382
162.6190061384153
174.652074306332
165.31233933093682
178.14493907857502
169.5575165135412
163.26045854674308
158.414460639186
156.451155694296
180.1786322360668
164.818974649737
169.59964329596173
176.26294388669407
173.5423948475815
157.94173938123976
155.95533601784646
171.44767646838088
167.42964499842466
166.28171277287575
173.07931489071834
179.05699430456067
149.9275690549035
172.58134290558732
165.01440455936046
177.99326806581735
179.88078942654747
156.60924849353884
171.36415440631038
171.18219343480018
176.1854879639393
171.06911498670553
183.08754387367412
160.77649058757436
153.82933015267244
174.11508841342172
155.09757624026017
156.93138770489244
170.19976202853715
167.03389114255572
158.36216815117493
166.23327704591435
161.7583736314491
174.46648116583776
166.26540433014938
171.27592244575433
174.22318436086795
163.69501716074146
158.92985419631762
159.36210444139985
167.02835150691263
176.76941838145171
166.11869795339214
167.51862198092834
145.54816893286207
150.31666442680302
167.5264460444078
176.62645499641454
162.1501496555969
177.93537326590013
170.83077492434913
157.96099067961066
184.0464875169697
157.23424712094013
152.07233720965345
183.82447211811353
168.8424723034396
155.07317575249405
176.3418729274583
167.995807505221
162.82770240077798
165.52468603213202
147.68421601002987
163.11247792675726
165.39263797295166
166.53268735811173
177.31161067774073
179.57884852549762
153.47594846928936
185.52242177667821
181.09422814593614
163.66398894043377
167.9275062313044
167.3942802503222
149.88050896240813
158.47974604365723
152.35855658785025
163.48180965406672
186.11508867399186
173.8433698553915
165.89641251454213
166.5988965143094
182.60987710861872
150.78992550142434
170.03721445155506
166.30399826081694
161.8974356874495
172.95095701829302
164.01370540260413
157.35225034961746
152.15265921459786
164.77351459975324
165.77154719901034
164.13867384418805
142.85186852515847
166.7117643702839
159.8332808556492
163.35113805703313
169.64988777144745
168.83096848019707
174.7533182170126
165.14109977314104
155.56765571386327
162.94275644761018
172.70889574739576
177.11054987052762
152.68852693278592
169.2039262281616
169.17085026436717
160.85253462800955
184.1824619231438
163.0297356152053
163.48099629837353
175.06159982377622
169.7302748282951
165.38820795969954
164.9113350370875
156.495001357381
165.5694484707624
163.58003045725977
167.7300557020343
179.1306627199983
171.04735579878536
168.66673209238877
164.94299089597715
170.11901882493737
177.12287886708322
185.9243980029647
159.58532628902984
157.41680526761144
160.44327019536254
152.64730852551787
150.8687062245299
170.62468227874257
150.2839340470407
174.40138787364702
152.51595068793694
175.84697167808082
153.25406920029843
150.4191813684691
162.03751837293524
158.38753778644872
168.75422303151853
163.04529643186285
155.22652270203602
166.14344167057854
167.9157619266923
176.68897241872997
172.9858519796349
150.58406688062757
153.37402970239742
185.3754578688442
180.0615090993681
174.732390442154
176.82517010584547
162.7056139333427
182.65530369870643
183.27843822705972
171.61733626318428
170.2648062217887
154.503257217909
179.34551660843252
176.25392627649077
161.03375689065055
169.66900079633731
156.34762662689073
163.0464568507231
159.8655896021906
155.48945960243182
160.54124751070285
174.7570573091192
170.02543830768852
166.16419684763028
176.83736503777922
162.36227141287603
154.598507629156
175.41839164456457
147.5013497796536
168.10515728263368
170.21719017045694
161.3739158381601
166.54694414231153
165.3353891211889
174.94974979391426
171.1880059615325
185.4816090984373
173.09425200075736
178.9244350068051
181.65528549388796
169.44681023763061
153.77041808887356
161.4127593748902
173.22031742751258
159.8803973800065
173.2553083814041
170.94391918125743
161.8638353623865
154.51286454080523
169.41549318728954
169.5842166996183
174.047091418995
166.84821570200586
173.60133557351017
155.3104520042902
179.03639663866736
165.50491791228697
184.15532740998088
166.83014521227966
156.07742586374093
176.2877875357111
174.0065484077535
181.4139829622703
159.08493163456725
155.70751411222463
154.50763106979508
171.17710227776757
178.9000411104576
173.8546734216997
175.07590758301248
168.53695312046818
185.13091811226852
165.33585246054074
168.87186905093066
161.07718479729328
177.38034602177342
164.89640299167277
164.42656706556429
169.56756051621093
158.13213949112472
146.351026051831
161.9121107103303
170.39763516282292
151.86246788187165
179.14267134027097
155.11562024059288
148.23402017616002
168.14546183381213
174.194829846998
164.85296659872324
149.76628699358992
150.57789038107578
169.10095545673406
169.06962717934914
170.96531078675167
162.5564365836498
151.33381523994115
169.53364752848054
171.94132600190562
146.90534883100335
174.57816342776522
175.2463074000584
181.01114513242865
157.0781666033583
174.41996124908238
162.65344494292853
173.9311083329247
161.75345704457035
171.0808670037124
157.22457576176387
160.8867155806512
156.15635479205358
164.08436345503003
147.6649750351576
159.22656102467207
182.997113232204
155.67267479859163
167.84526187048374
169.22598721830715
183.52946270578056
152.10368102672464
168.72010808226815
152.67225192058865
182.82338184214296
157.42321717451082
160.79399949365379
163.99754506034407
164.29948107151012
173.68607592552237
159.49442095585826
158.75222100202197
170.56482225676362
172.4657668384247
168.6503671804766
172.98810788919468
155.224323935682
172.52872352301998
179.52495585218986
168.4739286539541
163.35507279841238
155.00031133117866
169.70980790119228
156.9929138042775
162.04316603285454
165.56147161586026
181.99676952284472
167.13318443956717
165.85409452493667
168.58862946127044
174.42482055693938
158.52228285391195
168.71557488959053
172.80673127248076
159.55109379997063
153.75074845313213
163.4429948314116
172.90416587991066
159.30564716871936
149.77121995098074
173.89509379803908
173.69521074469347
167.01917546892238
176.0535750126508
159.93430981312827
160.75566623471187
176.53685746408684
165.96182548971586
175.90219370908736
153.61023821589757
179.04881994967246
160.6683189368827
174.16494005177154
172.36486813813434
172.03607454511774
163.30126484316773
159.13559484551138
170.72439598833247
182.9098476095389
149.24801079963677
169.2441404635446
171.08729285817768
155.99939971625074
168.15942229610383
159.58558839165838
175.91751418714318
158.13763947692007
181.24057711089065
176.5784821813969
146.22739675896128
168.8821405613134
174.63665068748193
168.6791976229189
167.21177744427675
159.61075161873458
185.41472800053924
169.4402087966753
174.12536212103555
155.38867952077518
159.55140783584181
154.0950246561737
161.643513532359
173.04302128882762
162.6998521721006
172.71379900575602
155.92840065092702
163.3922197322095
155.6064965054082
171.42639532053272
172.57917893537703
156.15628696749218
181.42938322747395
176.30502934253508
172.72673621858775
160.00760145696108
178.39913274998906
171.73911157201553
165.37576125780555
171.83751949812762
177.28676905554823
177.3210315869101
161.3326203424546
151.38147157948634
156.1857013469605
169.38030274989796
162.7658720503868
185.68195496420068
164.4055081439079
169.21354218121542
156.58423434138575
169.95320503783435
164.94327895794646
182.7806270779181
167.3354677660083
166.0836663833554
160.93069283889392
145.65206795131215
152.52132328673082
161.9002885715216
171.44773224673912
178.91501670289747
180.57410532371216
158.80709580549058
156.5094614236666
163.52817646815427
153.309199018632
171.73941643303607
157.8249034515165
175.27617346345255
174.80431975051903
182.4441534146113
157.8538141580137
174.62589329049226
165.08018270334878
177.03678628946716
167.75048286439423
178.96574134231417
171.66778741622176
179.41639099744364
159.761800756275
166.17457378157138
167.3901895714213
165.54926016734748
181.01530570633005
169.0478510069038
157.73163756213077
178.3560786924691
175.75717679284858
179.42498694885273
172.42705127042274
161.19885739439593
183.01180776285526
173.3681652426831
179.6014799614384
159.9521551703153
167.9192313281773
167.2495988477326
176.68313372659233
174.0543134408281
149.91554855113958
181.10197509388664
164.96970210154495
168.45716368920134
181.85943499127924
172.7229780782661
164.321308450319
176.41227729848174
179.08207381622492
153.47160653460946
151.0272773553145
164.7664952266255
154.02115727066507
167.45074571407724
163.13853986235628
182.91133303729734
158.4316164343254
163.07976254948034
184.3241072270559
185.90445019567696
163.22198253621602
155.67485083615398
151.86158506575353
157.14521775718634
166.46486374879322
169.6279130364699
158.17032368787082
157.45515793743547
167.39293438430371
168.36254850216872
174.9196465356674
178.10585651974873
160.70153164010492
158.82822636445712
149.10896504985863
161.4568620665091
158.42953618734046
169.0306883492981
164.07339172634912
138.90584361869298
164.1078278722209
158.38673885914562
151.5880917256643
175.4851522725964
177.09517630358584
169.94006534266924
170.82115072638513
174.41419248129776
171.7865810115132
171.04165235397386
172.67937857478157
155.57969846398734
162.1251752007987
166.0344960322458
159.18617303134283
163.51606893993593
176.86711540760467
171.55709017906662
158.84824934678971
169.22751560953103
166.72876565184234
172.5536322941179
174.98731423268077
158.34133238540426
145.9854567526708
175.07358677580962
167.44201413077522
171.72633883969277
146.88125750345284
164.13681522844348
181.24089757246682
153.80995729962245
179.98793839150764
150.12776791975682
152.49378534588186
156.0328847888098
145.72070259500344
175.01438321556248
156.75406646894407
147.77741342416064
154.95307817951362
158.85394253291042
158.14981771975994
173.827227225409
177.27123793038857
161.06465078269264
162.9010243806716
171.25204258211343
165.73420691750965
168.03332107870062
165.58470029745874
166.6500215159959
174.1430493290969
174.49904422167393
182.15575881333817
162.60608758637102
171.40500209938025
159.76266221602367
162.6062052698581
153.51112829106083
171.9983604805844
186.26101612042714
173.31789812934846
158.4716366893984
176.41252789702077
175.37820499109682
166.86975863809266
153.44582992339767
160.30571059565847
163.14325762869208
153.84575809729134
166.4362993643504
180.0147826982428
172.41003826095536
182.1617094377443
167.69748322747134
150.98896719393593
166.91871649901543
153.1753332403083
168.4077161325066
158.47723730397078
166.65359831916817
170.1452977555296
161.23233580262112
158.54298578777264
181.8416452206722
165.4101048867052
176.19411938350046
171.3202465276307
174.95747761774507
181.46577489093698
157.92659187961348
171.93385873164831
175.36742538669571
171.90237965627793
179.16904457698976
167.71790817364504
151.2747153557592
169.9413812689657
173.04168041795828
169.72145070887632
171.09636674285548
167.78295844793735
160.0604885850775
165.03696555103738
166.19742702176038
168.79556301590432
160.19731425187626
154.22018746032182
166.86875984556525
156.6243769100776
158.81418714467577
154.91130609295905
177.771664005511
152.75024097025167
166.81375742775265
186.3269202361581
161.72019722880307
166.48381976224886
170.68278008246693
170.84187777311573
154.38673681716134
164.4493491365765
175.84355039501563
155.56300234689803
164.08672897390704
157.93003288977616
157.04855086555807
173.02742950052345
181.16617178787718
155.7998022000311
156.22266925070852
160.83081567037644
143.6601047788415
155.04270181438116
174.785603357696
174.46740924804942
179.138561580515
166.51566490274408
184.6307412442576
167.84004439372072
173.5896602712266
170.6386131721991
159.37905771171214
169.80358469991526
152.7247884605325
182.0932481737579
155.41511192315045
165.93982111790498
179.78586988564572
148.53692147619074
174.53122887033066
151.63114880322127
158.78969680583418
160.7527969133226
167.29612974994157
141.48093685369489
172.71480795231702
162.6066249077564
150.58761761944533
170.98064914967415
157.8216225951362
145.11215582519574
159.62761720982937
180.85841430929176
155.44161551654108
174.9408747017181
172.10785308213272
154.78099822002227
166.51569009230346
165.5436003372786
176.02247971322456
168.4275994853899
163.16884238681172
155.31678748208748
178.8828959679146
175.59964145761185
169.05165313044733
172.40888985565726
155.8505147659653
167.298538335743
148.50762702472665
170.05667176764675
170.7402787131214
174.29679890774122
182.62389543792375
164.96110910035634
169.29604525454272
162.97655268701104
169.16183437499242
171.2773938347924
173.4536575050313
164.63123378431214
154.54316206934135
181.5902257480018
163.01138700306237
163.03189411246763
157.26625983606382
170.86258471656586
182.65939855049822
178.9165939201181
156.68560442853254
157.70835419527387
160.0099660533151
170.18913321185758
156.75249829867434
156.30320995153988
178.16677889429002
183.7052211760021
162.34276907789842
176.73636571273144
157.53392302840234
157.06643756999117
155.90695127415154
171.3502032123409
158.09904839752406
181.04354196114716
171.6731492331472
170.5474817636149
160.1779088625996
159.2236172806801
163.979254552999
154.30811397325502
155.91714027713368
178.54494141645486
171.36284871864177
167.6700686471473
184.6256370689813
147.0727074816798
152.8345643416921
153.4132156200459
167.6549270285044
166.7040502484828
182.4953900136032
167.81170733002588
159.3940068170643
170.90136728496367
159.64037519886404
162.0733326004321
152.09216401675292
162.53758271408842
170.6953226271294
169.22285569817137
177.00772761633831
168.54229518677175
172.3727851988782
179.88042095840848
152.25878281254563
173.6694524702981
152.18520920889597
174.3332506647151
146.33135344186212
178.54098954204142
166.893633464765
174.59096680086566
180.7037919298194
180.65395975433535
161.68410794975546
183.73398558000358
162.0087535173975
166.41079950500995
172.91970568781437
179.79994243185618
145.14148931731785
172.09277075671054
167.2367934913105
168.19898581281717
145.43190476842972
149.03077535276074
160.19947386734992
154.25944236861937
164.7758684548717
174.3927788934554
154.4510540404131
160.21812853813515
164.3751432795773
175.23462215806182
167.33515996255798
150.30640274769843
162.4169841695465
163.99773267952827
161.01613678086596
163.03838548618356
163.61220112287316
175.25531680162328
161.23703566127898
157.50073316143187
156.93107610065425
172.98518179534696
169.03746898371992
165.0590482178224
158.4829798248041
180.42636882835387
175.42089244133672
174.3759690674624
183.34170705408494
170.01620756503277
156.52747723997214
144.46660916413649
171.56976871544904
167.59448266242597
155.31566420812575
163.81974538994075
167.75918851059714
176.91532639411568
174.01442362912002
162.14326106284895
164.54070865592664
165.18876823176416
170.8280613877183
180.40650194975697
157.01100159002434
178.44400254440484
173.80632641943066
169.62092744630834
172.4758917691559
150.33402730067758
174.93978344883837
161.45802475999247
158.1827021715033
151.41577136765972
167.15918081001618
180.54323393984382
161.63582032381078
169.87547836632405
175.58993376036315
166.1938728299234
166.90851085104867
161.62523138850443
154.80674538012948
148.67701135991285
136.91983551097724
160.81816106425248
166.0289091866758
171.96568597530322
162.7898791325913
179.70004054846854
159.4521617959173
169.64810651709837
157.7529861246808
177.36404970376861
156.1366825989812
160.1727508780802
164.15769264701743
162.09181380646223
153.07242707684594
171.61871270008834
182.2058102290185
165.8549967780066
165.17715183027397
174.28084397180166
161.54525637460276
165.33813153803092
166.22024133660693
153.24821069135507
183.22465140064202
160.88675588932736
170.9184534028769
176.12736643409818
165.75311998293984
162.35466929871941
168.43006767405973
145.19886246651555
168.04625793664786
164.99606980107043
160.63493102510216
184.59768418074424
166.11769449425532
180.5773190785482
148.5071276151166
183.423772707954
170.39518722030533
155.82824460037824
186.0199116519961
176.60976051463354
172.0156764725029
154.9704826101557
164.79006218227738
155.46211475831163
176.69402433628483
169.77240327299677
169.2826760276454
166.39114508209875
155.6308983394084
157.58423423138473
170.80139980171757
161.83438644218634
160.59396410784277
162.3068295082591
158.15757097017695
176.52959925347537
176.3506737356888
164.2426071682424
168.38499060885582
173.41773745582438
155.40211970014118
158.43837136270415
166.81075934222108
162.36813720843173
162.65764587478975
161.7820185161815
164.15175778033114
144.1407037966351
161.92317806352196
166.68680031187463
171.60522473566076
156.29960831275696
157.08687047825515
157.72636333032844
174.90365189332368
177.18848185195802
147.2918348343743
158.0655214641071
180.25788458748664
184.94398071547377
162.78763608144092
179.16355375872712
167.30078683850914
169.1843320504927
153.11658014532875
163.55967409892904
149.73974261064504
160.63509505842012
161.43649226574672
161.7428924166425
172.22944924489838
176.2679717513347
180.71650272944984
167.37368823046327
146.53091540569142
158.54159075143735
165.90333601629362
165.51064250225554
147.8983105137908
174.2440785329762
175.56362511651992
167.77833257439212
183.37730788595326
168.7710045521608
163.1848849129128
170.64221130347053
172.1294823810319
177.78173610293265
163.5296076925248
170.53884918177258
147.99990958107531
160.99352628412746
150.12625087829753
160.798219222245
164.67456805163346
165.3977711287593
168.34927877540235
171.921538950444
153.24877093750848
155.96812160279052
165.27500460448874
172.8176379846089
163.24957623298093
176.70390493917395
160.70027823682585
165.08970824148457
148.47595093617164
162.49616836715404
166.29291808053839
167.17201607154013
176.13524785102015
153.73547201082758
152.09246611837656
152.53497378392788
140.00970378888158
179.21572476954879
157.4488263643578
169.14133997327482
166.67414231470357
155.3145526854541
173.7482144418382
165.8729949424243
170.41801043809758
162.3039582059921
166.88327402821224
156.45448496723068
161.99798207656923
148.15620557947548
167.87809405721873
164.96554353613638
168.0588930037848
179.45621225953386
163.88178229369754
152.3130684274116
159.75007197357837
165.20531169591882
159.08401336476936
177.84281074434472
161.19572226591376
153.4595743431136
169.27077267438662
175.20597075644557
159.70522859660855
186.21930895290654
155.5770417108487
155.23927791024312
170.66269761757866
168.967681352828
149.20485582422035
174.32625970704285
176.75897350789606
183.69010033819598
166.9143654997609
182.93077748567964
170.372415433258
177.50811461796562
145.98105810542313
149.4198906481218
166.43148226760388
185.21854959326828
166.64443083363173
160.71832842723572
161.89935785701465
176.15385194907356
177.62970076691357
167.64221932077317
169.25958596574407
174.1177975961504
176.16850191578658
166.92864587962134
159.063002061806
170.35831625338213
155.44972866829553
170.0164007467828
155.75124881239108
147.28460337227924
169.94631541113625
169.21659091850134
173.6492017293232
169.29575046072773
174.61718395318746
155.0062531162794
174.18260509198748
176.6806375121604
168.99818840851066
170.43378618425484
162.82629357829728
159.21930428747024
171.4003856076996
169.28723141074806
163.58314403020123
182.46085211227134
156.96318852058133
168.4516021516205
159.72382996596204
172.29366123915673
174.4210307806776
157.8101950545924
169.66891031082193
164.57870939521982
170.64343166228352
166.73428220867638
157.2346576466236
167.2928347758908
181.80667558838368
178.67616571597515
175.85883892552576
161.52314653549593
161.43563112271454
165.7745667497737
161.61710886088431
174.05181232497
156.7234862057407
155.03009744900555
142.8995415382447
151.57050298428246
173.26012320212106
157.61688132363085
163.78427097828018
167.390501048874
179.1282093954241
159.0676280746079
161.39978488518076
186.39297878932192
155.66222382232672
184.33328041649722
166.55782005250066
172.38296259300765
169.97638480822735
176.6114029399476
165.2385554917201
176.78508671206853
176.59101373608675
177.85922693985347
157.9010053186418
163.41138576028396
161.47204533597971
148.7055946115628
163.92805691931193
169.7480290493554
173.67279975085935
136.48834749717403
167.0429128232505
156.8354973564113
156.85671354208603
182.87537729184052
179.6576598827702
180.10657268558597
152.03497578734695
173.24303821790357
159.3781108982019
156.35289457044638
159.22842780188867
147.90525088373383
164.78190621159823
172.12703271566198
167.22667620292265
170.1621994935327
144.17897061936907
177.85873066883627
175.6386325307256
161.65863820245258
178.84816833879214
158.69499373329225
155.05730629327232
170.60017323182774
148.8270301585393
169.45621919033698
164.47080990712846
170.95085501011982
172.32106291638763
182.4731494159662
166.11356016893578
171.54587534651242
166.36248876068467
173.51283240554397
178.17774357583397
168.53790321859904
154.8131153714884
180.46936071507542
153.93001127359258
183.05431343482093
164.97096180353884
179.95934124163557
167.47704687711112
183.4162897267576
162.04022205260455
183.970249077189
167.66171473629984
177.5336893684534
172.79601522895805
178.8160786351466
163.40038829953696
166.70015182218327
172.36150404308717
164.00664000236495
162.30947246414806
149.80038036755286
172.83586791438785
142.44717780188412
158.41970129490807
165.84204515754132
182.65801061550772
145.39138442790681
166.79543749248566
156.13892944209468
160.51692230444158
168.5454407831413
154.71863408605873
162.87538451775643
157.62242427485475
162.10197518841704
169.82019569261666
168.9199582151452
169.4125191645745
176.14988908223606
149.02287615436356
160.49751314931552
153.31397057901697
158.31944513937492
175.22128632364317
173.92712575021878
171.17703481839038
168.53720940629213
156.15256083601673
170.14047227993927
163.2120330811323
164.7038444402747
169.36586635629484
179.87649106373726
155.60240428323544
148.16909316855183
166.52776596340067
146.55502655511668
159.56788589637188
174.47941024397997
174.1075161024722
176.4055231517166
180.02645865046262
168.68265190519338
170.79329317100257
151.28816939918045
172.01249822821492
153.46395568806906
168.69061155541849
172.83394259703852
151.88704355454598
161.02027190782496
171.76259782202513
156.25689857775552
146.36272257882834
146.46397037170888
160.48466993034836
152.52707428477555
166.10354300655283
167.18327881022896
161.0921198335075
162.65272857587263
165.45701398759212
184.97463016699072
162.09576487948914
177.40265184202278
158.86191749892217
146.81275723591412
166.64199057076212
168.82188028610193
157.73071642784686
172.7761289930101
161.2162690338554
163.28239127733707
162.92107233814878
160.79989887759493
160.49169318335305
170.53924232345656
174.74401913789737
174.5086410699928
174.05920374295556
178.69239070551492
159.45503918597342
174.9098197849516
155.4568837896402
176.5284649697615
150.11851751772446
171.18372579372618
168.8356507112426
167.19182223346854
169.27353523789478
146.4551001761997
167.99294704985255
172.56268665843032
170.56746660632928
158.34466147609635
157.46444435424263
161.93989917187722
159.95900290917407
156.11143336707477
170.7314416277148
148.63101324389723
161.9188808890806
152.35833118546475
176.8679537594376
148.82379787333568
159.3829759955962
182.08639047085947
164.93674122986525
165.64328225006895
173.2681529371841
169.8087889190466
159.39792820787892
178.21279660554814
167.6880034674114
156.99693030748242
167.31919929631746
167.35155491925804
158.59327364069267
167.9327507378721
156.76178510779943
157.66907564599413
176.52698840348353
156.30184434099584
165.61781960632382
177.85395155436555
144.418932630093
174.398236306631
172.02647224927213
167.03085427833423
162.75647544221823
161.2818730411531
176.73071082354565
166.48086665810675
144.47956586476815
158.6651184072008
154.4730598182702
155.21002489564498
157.36984554073152
163.08996952973
157.92799873111764
183.13729945340077
161.38906514290898
165.76031694538634
153.00046800327806
162.36266012513704
152.49723286621645
161.36846157823845
173.77427784918322
171.05091265263172
164.92387526825314
160.4721601584328
174.8901160779984
152.7635415278657
161.74220775927878
164.39358491106256
162.41920738000363
165.39478728275276
164.0678083806602
171.14238900435507
174.25654784772757
173.27755397809503
153.7165861657607
164.49500284508082
162.45970012234048
165.48332449445257
175.1060886047346
164.64291245564957
166.3820874401705
172.1875219818413
179.41073018948134
166.52566168811526
161.1021545462858
157.92387900786127
170.47378938658719
168.47657747991613
165.79999448945136
167.2051904903289
161.24382050485656
163.62256248244
181.3141157017418
182.99730405551423
164.0887705529611
165.76425486507407
167.6920029199285
158.70664475966413
167.21684733027638
158.3529495182804
170.48494887222108
181.05768871273295
152.89632899497272
165.74587871996238
168.7362919800871
169.7507819596398
166.6100860244264
155.42928973478791
164.64807819287591
180.89638605174918
171.97630451268338
167.1199663071611
168.54035568630718
167.1721681553612
166.79977285682622
156.11454251425786
152.8712206304633
149.37145376018958
162.82678258758094
176.55712777760556
185.04514973640963
172.30360091352344
168.5669123612042
176.49763314137917
155.73337581684476
164.4726183762429
170.46224299295756
157.70349310113795
166.5642632130584
163.08682011156984
161.4499529830225
173.09042179512815
164.27551629328107
165.86602814188996
174.86732174043476
168.59952790655151
178.21254390280774
174.9329273909548
158.7968388201344
183.59546897061887
150.61384448664154
163.16917022579807
173.44767058610168
137.3706008980869
149.6984535374807
183.70970536188756
162.29474443857
176.79133348294897
165.8289965283222
171.6257765653888
161.8928693893437
164.54060308012745
160.22058968340323
172.37689583599374
179.5582626411038
151.28488149168115
177.19190890081723
181.30851907280322
181.5481586156815
164.1589054039794
165.802777155138
155.27162965618083
162.83753601963159
170.6616184503216
168.86885915228348
166.85919191220154
140.18328830855287
164.41412566061013
151.2220800991804
167.0316453665622
165.79747694038525
162.71765091719973
171.23152288170866
184.53948360779776
160.7125305297599
178.67183956510203
159.93484377240102
158.90913074863636
174.047501632187
159.33483355299123
152.08690611512907
163.00247006951167
173.67035436942527
173.6465178827687
166.46549732460122
159.38569605661672
183.79070002487273
164.39945437857403
146.02916701730922
185.73967614314503
161.08205227953363
181.20500541297258
166.98798439827738
185.0644801235714
148.70490748570785
169.75356838972667
185.18282449034032
149.41891296764442
163.07131377463168
161.107710730912
153.2917216619422
171.44286912513783
174.70172620022137
165.184759643712
178.93409404125222
149.16438637536038
165.68460191429162
153.99169886394515
165.66525416289588
168.59679831319247
160.69985380492116
172.5261867108271
169.0189606185514
164.34839943084026
177.2406254399622
160.32479975763277
170.41740611720456
164.72396304635996
178.54132966799887
168.02638921473422
160.362453563211
164.07558732653754
175.29915837674392
173.48389561224488
166.9301744805305
157.13848363709235
176.73688873644426
155.73082962649133
166.09060227650193
173.0255648998693
173.46668115135876
167.96420909316484
166.58562981164954
168.70952023794572
162.9801020383659
172.4274807862441
158.07987020197476
171.49696409563066
170.92814697721255
153.35005744178818
173.8590652720687
173.6851883905555
172.11591911863496
163.54548343844962
154.28940648488594
156.2809047816086
165.79780313644096
164.4422926181632
167.07230267648862
151.8536060649993
163.31388060550577
158.55418328770298
184.81345490417172
185.7030915813947
166.6490977805337
160.75445963106372
168.1616639892907
172.25350916725293
157.69838921936645
165.6231966079213
184.01597848167393
158.52231866427417
180.2108676159335
161.97407455995497
173.61389007665392
181.6050713971091
176.56476171273812
162.04238172478944
155.28059231403398
183.43251251437823
165.48881701977825
165.67547355889192
169.92619724951626
171.15750704106978
166.37380490984185
168.5390792637006
157.88938378044003
169.77113989382036
156.67679421068053
170.73550001698916
155.93201679876748
162.6758451359833
165.82385157797265
170.81620132455018
170.66269192365928
176.9151284794397
168.9973629596363
180.81688358405182
157.6215136077416
154.74992983092778
152.48340586014152
169.9472148563972
160.56780696831507
152.34343172026914
146.208013724433
171.005648914502
176.8375292479645
166.3896032928285
171.3698885202839
168.7365670492822
167.07915821664704
170.0904131288406
168.1277465189698
177.72628985689485
177.03155350056318
171.49344875587786
149.9039219259111
158.69169752667455
173.05719764448497
182.41904057012064
183.67142536862832
161.40738062056545
183.4036440335548
158.79276023045463
167.15758971910915
170.05757864723148
169.4237649280103
171.32851339404968
170.8482046820629
173.51228991802026
182.32680946340042
162.15566833378105
153.3391909849525
162.9593061803196
163.5831795161168
175.05372042641673
169.86120701279611
154.99184867779095
158.8247565154584
154.9607558579983
171.9543536443642
173.16175230219343
152.1486612767057
162.40172969803794
170.0806576349699
170.4332291064163
173.59888348523248
175.23308562466565
171.67487661654104
171.33357861909522
165.79097809883
170.53512803557774
162.0841363228812
151.27466010772292
157.20939350504133
171.64485571941802
165.60046673052244
163.66242444381655
170.78606807268355
173.11164106294697
155.75656130806252
168.24294043645853
164.6473396672763
174.9157770367909
162.28467545786813
165.0390856098129
162.2698357611638
170.50868176320077
167.3127244443766
169.79385550961098
167.01964318717955
171.71072678527307
175.6405758873574
170.93538291635318
155.32063112966736
177.21159148214053
166.6483260778801
157.03940404591745
161.6224582916353
158.96144135104018
158.67770679116185
151.8954307509471
165.7640282994246
180.0680349859246
167.4655448930268
169.80885925825007
173.93736271638454
157.29413902918196
162.74997638704866
163.4737825893183
159.28185060490216
166.40654978910015
163.19657265842727
175.8417830203237
167.18711228532766
161.46753958992764
171.23491132736007
173.53397629896511
149.73247802465187
155.08417215042758
155.9752753516654
157.59310041302774
166.83648308916415
168.63350828117768
162.31894330399
173.28469320151848
154.70316624899232
150.85466386550044
160.08327370256953
172.62462679155172
166.61493862639188
151.05706125281097
164.92770987972474
173.6806683945171
148.30470642768498
166.45824297791108
161.07199206849862
166.89758690776742
173.10728654954124
162.5926573341028
176.8034288196682
167.34178895774232
161.2411167834281
167.21753792774473
175.61651726811138
160.54894837653683
167.2017351578146
169.94013167143987
154.73599251006766
174.08817604525547
164.28712526410132
163.0388953197466
176.0013035373339
159.40371975963834
181.1495150569331
170.96097087154595
178.77444745223798
178.23065649996414
150.32286624070778
157.67344043221664
155.34478814331527
157.92012048940148
171.01962810359421
161.54363050959978
173.5327949384
175.10655094152105
163.51809583381407
148.86867541368701
169.05056414335624
181.72318884776197
163.34862878813024
157.14925094761574
162.46591305946157
164.34495893074015
136.7681366889784
170.07573831616025
164.2890396783477
161.76932130724236
176.4410575748111
171.67551023829165
176.19596874810827
158.28709146569545
166.43356585152642
184.88757153786048
168.79096960409544
171.2633662721419
159.82927550187713
175.20060103072572
157.95552265830855
164.88836938519995
165.75711596294127
178.25613589079566
168.7525931455233
171.47733549113542
174.4571319535956
