167.5955375392417
169.13240490178694
157.80966025696657
162.52019074362323
167.30043413326624
151.25217934159912
165.17253363565072
163.32148993867784
174.8893780554992
174.4089423920574
165.26087170926658
163.41009485736433
172.73003489086975
171.68202576037703
167.0386582405981
161.00550678647727
138.24035619424035
157.35066971999592
157.4577428044817
175.43773302657914
155.27900502435006
162.60569754982464
170.6811238764272
162.0452257369216
159.79130276920077
170.81547932060317
164.45606275307404
161.8913240800868
171.95101398684793
176.94705199172537
162.37025073893759
184.87147137200066
162.88765883037902
184.69408781693627
163.73293667928004
152.18207693527347
167.85383804206867
148.77099539951297
178.7301649172643
159.59843126963943
172.83675160858482
185.19018984186562
162.1769550124333
165.0763469882166
173.08316322816862
178.21212826438668
156.10871015987493
163.43237799094072
176.9614970289408
174.58278364902418
174.71347554654335
161.0161593278558
161.95414095746332
164.73287052278562
165.65750138864396
163.51208090726902
174.87241260533062
141.94233053177535
178.31625591043112
161.34097140140685
167.38073683272478
178.6497627702549
172.4431381084974
152.59188466255287
161.36478324652757
165.0543608651143
163.76339883310072
170.46133431308067
173.2012132158055
152.68692249622427
149.49376982257772
161.92021137496752
169.26538901773156
149.23980668549464
172.91669996680494
163.50955625678682
180.22473710941895
151.46672376521278
180.8609038300084
166.31619469817304
162.2134507663642
156.71444940326552
152.139589483659
180.26402588112956
170.0027379911546
164.74013774070824
153.56652338345447
158.69258477401286
168.31514539758686
162.1701621806122
151.34890012113485
151.92962506299023
169.06207274545602
174.4052567750114
165.7738035622778
174.63532577518149
158.41848436233505
160.51958879084103
179.96899230707194
162.19942116468977
170.05042425253646
171.98929990911202
161.78247577787076
175.38866371501135
170.32949487656245
169.70713474808795
171.54279709856988
168.3558308708172
163.84418936712098
175.3701798324382
181.62331857908745
157.6123456771787
158.87898049876904
153.82443693069806
174.34282979877497
176.901126634141
180.27351608612997
175.28480776527437
176.81797813547925
163.6477235280397
175.61410195050087
159.01886777280083
170.84942823385023
168.96442165399984
166.2743307083118
173.43755898472602
148.11272396495747
171.7850724757953
159.177526483443
168.84679497321338
180.62697227548705
176.14727640214676
157.22646070144177
167.29879038423368
174.9948758495033
179.73930944544747
163.8064346233748
161.0414477372614
181.43708472736404
182.2631514818038
166.11921836560413
163.04797237472877
150.49706605878418
176.0956370561872
162.38104813064237
156.48412859930312
161.81007194357562
153.32579105963453
149.14447674279356
160.5806879229533
172.31857041970278
182.40400001132556
160.93482930529302
158.5833283938268
151.9556939693353
166.3533979323651
157.6382234846203
172.42250938722086
171.0848240363599
170.91644886758814
162.40709642750156
178.7847632818166
178.1492877643231
152.26956377293348
173.26150885836552
177.5902617167169
159.12832232123904
179.30857614511882
170.74970217885962
170.24392354871333
173.01216372479257
152.9690523220243
180.79860622400886
156.61959040025616
168.84894072158824
182.40304493117617
169.325586459101
160.51229599035446
159.5148145281043
161.57757278741104
157.8040933245667
168.426982501851
157.56185667101775
157.84455772951432
175.31517129220637
149.13952416882108
159.61906960185166
177.1662762040853
164.19052055472937
155.02019956386792
177.34874825494262
176.31622927520223
160.21462281088324
164.61209049243553
158.94016375750024
180.9316642406095
167.90781897845557
178.713188269269
166.72721293797434
172.9931155114096
164.5105202707558
178.92756067505505
167.453274779318
169.9796820047814
171.3826363961636
163.7957232280223
169.06809133158595
162.51819373033211
161.014713599679
163.21426264997498
140.18050862568137
178.60192245922624
166.72796567885922
158.1554265968728
170.67748726655492
182.73991845895588
140.96012160439645
175.04055294004073
168.0717212592706
159.539273317947
155.41752376208578
173.53383693372658
164.93117007427986
164.8877516233135
158.86984396326602
161.3639117827014
162.9550153322508
142.3298986585807
160.77085942367958
161.0398801173474
175.85514905104407
164.653047059126
156.10943445023761
174.32037011374607
169.24740544716983
151.13128953964963
151.56442929286047
177.9231883716673
159.38089847145957
174.21950005466812
164.24524384251896
156.59959644073143
167.0762119892745
173.55068116315923
161.46887382629455
174.13622917266304
149.63214412029762
152.16156092236866
163.45463371568667
174.85724817918452
142.02469917111011
155.89363218828743
160.67966018682654
172.54488748897606
160.99902442021164
165.21390399206913
173.5149883536013
175.00559974950096
155.54223908246973
145.5435245321492
164.3725992636412
171.8422643854757
164.6299068125823
160.04983920575694
168.79867599197206
157.73622128733518
161.83813665956228
160.12088018356934
164.9713725662617
161.4028156664799
177.02906001188887
179.68872627266242
165.2579905791784
158.74180799044925
157.83464310104262
158.12049282249998
154.6465666592921
173.74624985198045
162.34591033983813
156.74518258896242
151.9689477090409
176.86549303816273
163.91517127709847
171.7666129428158
164.0689437559164
173.10037356044472
164.7893472277635
164.08095035886862
164.43313018897896
176.82224619938424
154.99746453127372
161.58121807197875
166.40440610015736
163.49310607319381
178.1101923034169
155.0562869766104
164.99552778148896
159.46283068927454
181.82553687354627
169.07721085368843
175.10391861302452
162.76396666580328
169.1264658290411
172.0471920414862
172.50080942648185
168.48040778346626
164.90203436158373
169.97837663324097
168.5374192310053
156.28239888690445
164.62560791516717
163.7449614816019
165.43748799988307
169.49787938245635
165.31372043820815
172.4129820113412
182.2739737706717
170.1629063382766
160.77424695799476
170.56151171809847
173.7859049289515
175.0896179762123
172.07056318782202
164.58109469494605
176.8844886859742
166.51668762287096
163.59723403114725
164.67642710015514
166.83345461060497
175.89017713946532
162.71985902344787
162.40972374040246
161.05234079777244
167.93028886995856
170.95882900935297
169.10528172954696
165.53574236486915
166.23042690180884
167.47831282085303
149.79830073353773
164.3755118632654
165.52576617111444
166.7886073972819
160.68126212944523
168.58585480670308
147.7342748315475
175.33631110071735
170.127278374682
180.21173752569732
156.1951923716417
176.06877519418404
177.80560481333913
163.85404536828034
175.28174835054392
154.68635022689787
174.72498538032676
164.44537782370526
160.25297512702463
154.16360867176545
166.67822296086823
166.2509350159777
157.94548857748356
171.46583156323905
142.78194929984073
183.2522287191229
175.8641133517957
175.15946326674137
146.09011592774021
167.7725717223201
164.095799913896
172.23113636411549
154.704026842183
183.41442094033025
173.58087645283135
158.00074495404402
162.70245579691075
174.76535457572567
142.12595719443462
151.52138895101598
160.1457123814403
163.1601800662492
162.70282434148533
166.6023470649975
160.88760418698084
180.24494972472857
174.39250087888743
172.19906560161513
155.6439392635621
176.4850518312202
176.4674039028882
161.3180189197467
159.97520958551485
171.25378420685405
167.4575749921747
164.7283790655942
169.54659601647344
168.22977218995618
173.15060077671552
142.52265827551605
163.4725241278662
158.97089543956216
166.4022432161983
174.07525282483806
154.87836946701634
162.8809942116427
179.07607608812708
171.13327435898188
150.59760308951684
165.62216093964403
179.82252870311214
163.24199454966663
178.4782712019648
166.61426811507627
162.11302047497787
157.9559536960296
171.14765943025367
174.25035635170966
169.57511035071033
151.15838889592686
158.1951500592926
150.9191099624186
181.92719019519797
173.01051393827808
164.4733396368471
169.3115478475653
158.4024422408283
173.83561338476457
154.5181144618086
171.19351258248054
168.97691382926482
167.14451996164672
168.87852856232774
154.42558554254654
157.96434460227152
162.31272373001897
175.49946616550434
181.68987447265988
154.50337937787614
150.06487268511452
167.88324608033955
167.45293966960833
162.867108621098
175.887420392897
129.40307596907326
183.53571480332076
166.39755927033318
167.71767683067517
164.70436651873075
155.3876282940056
165.25478830259374
170.51347044368026
168.2440398835101
164.04138700163242
138.06239392453273
170.6425560126088
184.8349133609567
164.54992511683338
157.25154392950586
180.4300919091666
171.8989955841771
169.36561350082226
177.17424984449798
166.7398661924833
163.7246808190794
170.97407305583403
184.3484534951357
160.64860902472188
165.59230708849026
181.92983848188854
176.4819123799454
153.58792457075626
170.50266737221637
167.2349663370925
170.0337358708535
164.78030654862417
156.01145666979005
160.94972946707097
154.22334757669051
157.20391476988826
161.92265562271956
157.49128032991868
173.60183147251135
181.83882085615787
164.8570184329994
154.58025095750423
179.63870689984572
181.18932047016258
176.56018720384532
167.88336401423751
162.35523931856218
145.36789094963936
161.9864133128126
175.97799278160102
157.93407678493776
169.01770158122906
172.81122031032243
158.93829383176325
158.43661953375187
166.82723296536642
178.881648321101
177.36962339371252
159.07048643709618
158.9287964879233
154.00874615642215
172.05647519187303
179.31591810505543
166.25725247366023
174.98910322306102
151.31324593797495
166.2333235309638
164.45452256440865
167.1969383480037
181.23152487252335
175.5638925142761
167.46883899650322
174.3613104695598
178.86089787266343
164.15921070695597
164.0628485574185
151.798338039202
173.28950563089666
169.72756596016296
160.08178569794924
162.0503900146182
153.90545798885094
175.2983353752998
171.2985627691522
174.71209076911884
163.35532638574372
173.69967658450113
173.59281342975328
163.92759289594213
162.52767743150474
167.05934334410378
167.8503702886165
173.71179478916517
168.01149814411932
162.78295055651708
153.18213066288405
162.8310621166074
160.46238432740947
162.029012641062
171.86669497178067
162.1792406754577
177.76729373759986
171.59999650172742
169.57530151378074
159.90678239565676
159.0832143002366
173.3601385974739
143.55015764835693
173.1578038729288
170.17471259957514
163.5284893529103
170.65109750250198
172.89957076885875
171.31523510814594
164.93185690027477
168.048129259385
172.6766726298456
165.76937249159224
175.7982004287528
158.35283220656675
160.72118889519695
168.86258390751237
183.17442705116832
160.73804787416677
177.73852382214415
168.94977141970304
167.8564201880621
169.01434809987816
167.44564676478842
157.08737948922894
173.46324980480614
183.8572113597136
171.39570651280118
166.5972519699239
158.98941169955586
166.81603366840085
180.1361347107788
159.08591864528614
159.23200276987706
157.0570305355335
174.3892257981522
167.24022130729864
161.83097868446265
142.89451213520596
176.8328774900298
152.22570746850465
167.96888687298565
174.15006751641465
163.35537373419746
162.21648695218838
160.37330615452817
175.73489835284147
179.24355775109825
160.87883971110057
172.20943605443483
151.86684260640135
160.43751983840653
162.94748865913368
162.1053338659403
167.69722089555535
172.85231707991906
169.35200203734675
156.18669677261013
145.96817005429347
164.43010433005637
180.7007581854134
178.94296582619657
175.71338445177048
182.21013624998324
153.52587768941746
158.47066253000958
174.7779084754941
154.41590930041795
176.71554376329786
164.3869056192659
162.62725459052066
177.811662631828
168.00290327485234
157.16648587512427
167.10438204538588
174.31912601511738
170.15556832637483
159.57053139994972
156.77642951652587
165.09176120758306
156.663165254501
150.76351619639928
169.8812075472584
184.36055577714455
169.77995510684732
175.32643339812907
156.22496311249873
147.3026369192234
172.21205627400036
147.96837865047425
149.8183494107219
184.92300077705332
181.64842821916585
164.97631379012458
174.42566465412307
171.25420733344586
164.78495917935632
164.39945790732227
164.42155225925416
161.08378394465694
176.64703331591218
164.23430880273216
160.08660816085052
174.09330325564852
176.53545838008307
157.36320731460196
177.37808655928538
174.3774150507978
162.29280887255112
178.2545017760714
181.7515640401129
170.99855000144237
169.75864746036552
161.2305958860553
167.43512342079035
184.97260290614196
173.4921290138334
166.04380868942584
181.70323306635115
173.47943017253695
160.93099947193997
176.76122888174788
162.60830963491512
154.72124029428932
166.3942912801714
161.850783160017
181.08985562186436
176.65084688647673
170.66422053984465
169.92231844832347
171.99679088587726
174.9902335176401
156.9620183179834
163.53680945579947
163.5319794491523
173.40384441518995
176.2791859833623
161.49757660493037
168.09577535701277
179.28152310710195
152.218577604366
152.39728618305304
170.5158472006659
162.52854407753438
182.6014329255075
183.17069353355308
161.06924782777753
171.8586063523043
159.07382332542386
156.9365019195055
159.9307709046691
173.04232785396755
162.4228977729917
158.84737812215818
175.70900479887578
165.9556528788572
176.24113913189845
157.68448401893392
157.67495856392665
155.12495665411433
162.51344311477578
167.53274043998147
152.7012635171286
160.2691032089537
168.828325981173
175.2334569423982
171.33636681186903
176.48750399104438
176.17937011537506
168.03703723527852
158.39922117681127
164.1620011740463
159.16150036704005
170.38490590523463
158.4427674838613
157.6234298230744
153.0585084094587
166.23577382708453
166.41270245160808
170.7558865095647
170.8316267465077
162.95548416507535
170.8385069509091
172.73399750835134
160.73526827823278
167.43439099905282
167.52700259542496
169.6653622840863
182.24051979793538
164.59398050934556
168.8077551424857
171.54819326227548
159.90084275298773
163.83075535315754
171.46617723410708
158.98400674843973
185.5332516617604
166.40924077993736
184.97545736335877
163.61002042302775
155.63317137234617
166.71815352202722
176.32210961181582
144.98251024203665
171.33190311468462
158.46727543014123
175.24488222744574
177.58312835813925
161.52981202573739
161.01835839524458
173.46581178760775
168.2431827786326
180.8061820439605
168.66476783020173
156.817231800301
176.50209234228885
155.17680679340697
178.26402363826898
180.32327491758443
171.7365389353298
164.95448487667176
163.03254765721834
151.80597618967312
172.43674204450676
147.3451943231123
148.14288238947776
169.41924935415713
183.8071408001568
145.55672913908103
173.7316769362004
153.1815015978193
172.5613025043093
169.82733574125825
161.033734445124
154.23077608182484
167.0943174196049
156.22083587739593
180.32432724147824
175.4578572314635
161.45778387375637
162.135540962481
158.13168983907033
161.58078159974718
161.861122732865
159.28217613088106
154.465180046893
173.81598341083483
170.24591694577276
172.2589233927297
148.2896564449175
170.72813604504734
175.4552603855993
180.03682354135216
172.0825919049507
152.4834395358757
152.35134914330564
152.29817029301054
166.91547694869914
170.09363482317306
174.4771626189384
164.2473267909129
177.10738480637025
183.5481521907018
163.97388737343454
170.92251926488086
170.4958748610467
178.16476700244624
158.16839442319335
176.21945678098177
144.91646894393327
182.27526199987616
157.65161441828818
164.54841658922157
166.89878584901857
167.00327046841824
156.44636271544408
179.6739395096812
167.11853592217787
168.33449526419363
165.89370701595817
156.92775481277667
160.196764571064
162.6100033979942
169.6228257364484
177.78655908437707
149.26153074618483
172.34008531968277
169.20837627270143
156.08558499071097
165.4378202802144
158.27289201655753
163.04498448066192
164.30783821312795
171.57642661021487
162.58929285027418
181.95359533761643
157.51675548783163
153.94146774300833
179.63637389554643
164.83476131483678
184.19982178482178
168.18651612363456
163.97479985373545
146.57962280655968
169.29198094280747
172.42616752139787
175.79106592324615
152.18032745212102
163.17558853059572
173.37731473344073
163.89073363914792
160.24592359566938
176.49710417189598
163.5647095890635
161.42853346638933
167.7712975854794
151.33205252880623
151.3176069391155
168.79773453960757
175.7688610540017
159.52672240859715
169.2880085390674
179.41962960060903
165.61219841379412
169.23726031284187
161.92404046479115
170.58476645775394
152.91317655470885
159.43070742905547
177.42832982248274
156.28666943766316
181.19911737226022
165.4240644564595
150.27139699501308
175.6976494492656
166.9935367614661
159.174122810519
168.5423450750255
174.56806118171053
164.8934637454482
158.851816724235
170.36611884514215
174.21891323517127
163.2208645354604
164.50307534322783
154.18226657180713
164.42284713601697
178.65796659666978
163.67564012794398
150.681207914677
166.47491391172335
159.4668366489722
160.90727289608964
165.78289223752859
166.93089440675084
157.12077262574044
179.89754280343502
152.64164464651594
169.36493535407746
151.57591371904277
171.76426684910197
175.05274269399212
164.85737673622418
181.6861619240459
167.7693486716576
173.36058002181437
166.80957611975032
165.39701506850605
173.7755358489349
150.7239325962613
180.6739496625764
153.63427056099502
174.59448241394063
180.06936506914755
163.9901875879256
170.9181163470712
145.21753124082625
160.95589979116102
165.7779565158826
169.43372114908084
184.04857017588182
176.45561414242152
165.50254460989018
177.98968772960944
163.54320454039436
163.67601897180964
157.51894700987566
161.79793763623607
182.57192019485882
151.87913423319537
173.94858283100817
176.01976864482356
163.9399648345067
144.8198911152525
168.1701450190442
168.74534820118583
167.84677161522302
164.6720954540637
157.9816744898593
159.7263945235182
169.3303100923487
165.86879563851332
161.24253314415674
167.7714603097728
168.2557939640319
164.07996948459555
156.73437576626952
186.24345421202722
155.8948436344056
162.05874162088435
170.24029830019552
163.70376787238868
166.42526292821097
181.13415757132583
181.1280525956524
159.72847175819962
163.23705089698393
166.78039787807242
178.6381136850417
172.18581958114672
167.02749821037094
170.94709695453483
162.60832505095846
177.93342566619873
149.02344449334984
179.46482296484686
160.2302047944146
171.68572959650095
180.35940588491448
186.02984252017416
160.49504704865547
180.00365667492196
162.86402529995547
166.4611985475541
162.47564077417377
172.28844275572703
150.30076738158226
167.80584053465225
177.95292894017956
183.46517433866174
174.558523707084
172.37477252401777
158.4903522208587
154.15672562944616
174.33866198106298
163.1668930413149
158.63761435418118
178.83248662895582
161.61144424258498
164.5086936297446
152.66491441216036
158.68552400952146
171.24024232906717
154.8410552863439
165.9781748450535
154.31432817017142
165.90819046664123
161.40755003825328
173.12455023134152
170.6576823530679
186.258394953138
171.59468579291786
179.37682200323223
165.11286044659087
154.8041910225449
175.05603229353378
157.38719485132071
158.47929018702757
173.51080061302216
170.0068245130123
161.69221625121236
170.2260009445697
170.62577747015294
150.8902007714328
171.37405788360826
161.6461216572089
168.8856439165598
174.6582023586057
171.45552593756108
158.9517312716618
162.84853217148205
155.83300381468908
174.7501898288209
163.72454125131605
169.49467637592204
170.7307718710813
164.12529735485052
162.65422273533636
161.8234819951622
155.2359010249529
155.72936365869398
171.21798134882562
171.40677847167504
159.9346188765535
178.5964738433096
146.34466580406928
162.91451105409567
185.35660264224614
158.66399904453564
173.27433359120212
176.7768131512066
159.73603533824829
164.63004070905112
166.83106959686938
141.42704874332753
153.2952491813243
160.92928100629493
156.92248535418435
148.0237599560199
164.58019774095987
180.89630075576272
138.4671179925313
167.56803423821466
168.32109514001684
174.16916448872811
169.10450160178118
166.56922027693312
175.00933827976215
175.76419470449528
159.0804421145116
159.33360852549896
174.47943553177672
161.05733272210034
147.77064096538794
172.16102249601838
145.04531156253762
159.27008372673257
175.26575010253868
160.21339441877114
183.2595724748485
167.23674077286532
172.253113309864
172.5710242341531
163.00576780805588
181.52382646180635
159.5847018238401
166.3329233571658
164.43038668636817
184.324173699215
182.63900549311518
179.75382043133493
164.7451402743618
169.12026408296447
177.2221155859882
155.12998474258876
152.90239718654652
173.64639213899434
162.53120353844437
164.88588298435127
171.53844332018022
174.8072984772064
170.1138154255799
168.17356764718767
174.31021400111598
169.66369446329884
171.0125985996772
170.05684323346028
129.36475472171068
184.2930176195701
173.58221992092996
180.44698165138607
168.81663405966762
152.6427874011446
160.88924735313006
163.06956187845617
161.31856489526092
161.74973486960812
152.47862800746145
161.52955662042004
161.66664526105075
169.5039022308672
166.1910934715037
163.27325232733384
152.9829213815986
158.36793794003984
160.15357761225087
150.36051673266758
180.80576689960762
172.15914913243378
149.55785110603935
158.08263504627303
173.3512064432547
150.1865612789584
156.59054654967338
170.79008053118386
152.03879813421193
174.68115435752765
152.4177557018307
168.69547365194478
170.1749033603719
180.69432185871523
174.04814842866185
166.3160104401321
160.98361802348546
153.39600004460507
164.17215559639033
158.1737261148709
180.7949780722634
168.43114957647802
149.7116394723838
157.70304119799087
177.3067525470819
178.11463089606224
172.99378449715164
159.91292074240667
163.42338556057985
180.9066080880165
163.55755618075654
169.77785801357868
175.2643728942933
154.91968966222424
174.88419670013195
156.215571881904
167.02865918974086
154.15033087852882
157.7769693067671
168.21750281905844
162.28510514747595
170.90716194644654
154.0821528896228
161.25365418992786
148.06151185343836
158.86407832596961
151.38347099126082
157.87258741117037
157.9720787011391
170.3987242784966
158.5041024910365
170.60477666346344
159.7863900269441
152.66880750777645
166.86868394211925
163.4444280542927
149.86756611885963
174.17438624371596
153.57345235590859
162.04398750129843
172.35330060593418
171.22110007807697
181.14571038271083
183.4776143358083
169.18196969919086
159.2549068988844
161.47937223758788
174.3855347102788
179.68501949118505
175.5113435146485
149.43476961377343
158.1560288884365
151.48051249894147
179.79494854178066
146.53882038571805
152.77679189146946
164.17989785836141
144.4817597130178
168.74127594342957
158.6798278815329
163.9110252507422
177.13821821134792
185.39812981412237
161.50394376521456
153.43033740605307
162.89852178698828
149.67063531782142
172.42170357471645
167.87448711124955
144.15462972101062
170.96096704554114
159.86548591935238
174.61406978183572
162.20190086606164
158.7101442868555
168.96145435046301
149.0173864821962
157.30256880662185
163.45866729513943
170.2515897710865
170.33228169389892
155.2576316759062
164.822768475815
179.22868302896995
176.24028609225078
165.38748080966042
155.73093753678623
173.47533355279685
163.49528511816789
160.66883067813427
173.91708604063757
168.10084769361262
153.96169139095778
164.3688808559752
175.28780038111978
169.35434584605224
176.343380066056
184.12165900614647
181.27068247307062
174.41071318313098
159.04858053280168
161.75638374528154
171.12372986650558
155.78383302009001
166.9983156336066
156.70429329923303
180.67179954031178
170.36703031048268
153.17615894227214
181.73992625614625
141.56524643808257
176.04347492283173
165.60015226717766
179.45649299563695
163.69524443938465
173.16384491120655
167.09615710715613
156.71263612229376
173.67424267601163
176.4632328166561
161.0492230257334
174.35155374512445
158.29244104676212
166.62651761546203
180.1189111917423
175.27404715898135
159.06290408983648
173.89402095838486
177.41096340813425
181.73548002678115
154.19692152035483
158.95846542953643
165.69126081739495
148.29710301893653
157.87991172043547
146.8550976898179
179.9341666302647
185.1976958801448
163.2023639015138
155.77249149121963
164.63988251217344
167.45914028833306
175.2728414172749
159.69151508401472
185.81936003304637
166.40944172532667
174.51392417667972
172.6057220232829
182.56302577913243
154.4404157488727
156.4881405267684
168.77645269683617
155.64079613806723
162.60393751925534
175.32077122841295
170.9751844962346
166.59198234665953
166.03908965804246
184.82424964701585
158.17649336994583
162.13250641514736
165.5683976995555
174.37019678993843
182.22592805348177
183.88912617193452
184.58768152965519
169.12151203456386
174.12033124385115
185.23893004055589
166.19005968826318
158.90987284540174
157.50699130036352
166.10552903810117
149.92725387127874
176.8485384705335
149.18337071303839
162.14478720991002
154.84368714911963
172.78874777257056
171.56838201178223
161.08129054723747
163.04106534546946
168.0763140467881
164.1648088217649
183.40814007506012
168.36735548218684
174.67946881599437
176.14875605477877
161.22781699055392
174.20341595709314
166.6574421994509
148.22160036595955
174.55111253114308
167.07653265154553
166.91256778735416
163.5758156801766
184.59065340799174
168.04221731926737
159.39477287824417
167.36090377744952
173.79099360205174
172.97505009104268
172.63340110340698
173.85792360628656
159.1153710791068
166.70445411985062
167.92950334757003
153.8677777731218
168.26394131013166
155.14515281743843
165.0776204398178
155.49980450107918
177.982657198429
166.1008281632815
178.9411159487329
168.02281625898885
182.968233741574
171.71905572855138
153.38743987292418
158.82827572781704
165.95167348663935
154.87641903096144
169.88270325627352
156.09598410567992
160.06468213963538
155.69624950477143
159.61887754598533
162.15775303760583
163.41259366803826
162.41105124182886
179.6961747779243
172.10124209265283
167.91430317651108
175.02353693818006
161.9998106831558
175.48263538588924
157.2463789115427
167.60543205948105
177.5921414209807
163.8808542441358
178.75556807799373
169.55938354187094
170.16909860732744
161.1465870076734
162.574355819993
164.38619264590108
178.1266542303183
156.60782556437385
178.4950434325059
181.2348932916072
162.58814187275874
158.06511074397324
159.86485635554538
172.5438247353982
164.81424983288366
164.03770594700762
160.4687098655448
175.42480296608161
147.2021914373615
184.20318758416914
168.81562292555543
161.30020695885253
183.2468362473132
173.73687413824672
168.33860837477448
148.61476646795558
173.69388303348282
171.20347578910776
173.40725232375343
174.29915099196367
165.4587440166116
153.58266086239473
179.74928132340307
146.47011083367227
161.4172365197098
182.4323989892886
183.98694463736945
152.13911009117234
182.79020276794347
180.05898151798908
154.97965130905789
161.06136709850736
155.7489862349647
179.18468850669848
171.72007992634948
178.65861937630496
161.47803476944716
169.43243789434646
164.37904630587596
166.80415226690727
167.27212330251558
169.8047238646607
167.13712114489852
149.94964224954398
148.02237015273232
157.5419387180314
155.19884468647717
171.32207644567387
157.3600395838871
168.00186082745188
170.96242653603505
161.7534222591139
168.16760895023472
186.39505737794178
174.9834119426698
167.69258242248438
164.70982734909617
175.49455809965846
175.63539782804605
166.40070028291774
159.24262882792056
151.7118797376255
177.17977833359768
174.92128212952335
158.96712057300343
174.8212817756615
150.07393038577615
153.59627253640116
182.1097547007948
165.09670557327485
152.17793206625998
181.16701815523416
165.4654744350821
148.101830826658
171.2486655110846
166.41163708513085
175.78365337388777
174.92664093131376
168.7024202489756
161.07061503387297
176.42343712331376
175.62454462094053
159.8980833210849
162.63765667881682
166.9656040338325
162.27582079223953
173.2643217704937
168.56003432554618
166.05421042149246
153.60192865500937
172.21864074609795
147.10793438851186
168.5664960014351
169.2408252313297
163.84515536178017
159.56804493568123
170.15033298265507
157.2054220525019
167.754038376772
163.41423824842246
156.03831673836487
155.75642129751083
167.29721155476304
158.15669345486396
161.18049439126054
168.2444617274567
166.93544777246018
161.19326291791748
177.30083224816374
180.13074902801557
160.2046430199402
159.87403723381598
151.99973813641128
172.23293462722796
172.2773296208959
184.19602365032284
179.31047848420033
164.62643657777565
158.85367339358868
182.12494774640797
162.9723187208874
141.14370671524688
184.9367408598642
160.09693986290057
177.00946827541685
153.27061850498524
176.92668347051523
145.07418753359713
159.5903129290165
164.5391067299494
157.2695993935447
176.6012530156727
159.4883303107256
159.9701529934881
162.78819128124707
175.1879611136566
163.2325120533891
167.95912129489895
157.34933052714598
162.42373340874062
161.01288382427208
153.02056258593302
145.76027618731382
162.42313135464286
167.8264083302154
168.07214079436812
152.7436508371775
161.96161784774714
178.15108363767652
170.1924179035407
184.30590368202306
171.60963278269676
177.0589599127673
148.239268799291
169.05715734277612
171.85333687316748
172.6058694610446
171.9247594805236
180.3635836558492
183.30466748205163
175.02302831363244
170.23531488773565
176.02418308043445
172.7666553165423
143.92343675531234
176.60225972598155
169.53017576361995
172.03936305364167
158.44849931447658
160.1388494937885
171.00000550540267
154.51920888961502
163.40357569499858
181.93153480320373
177.35969450437162
178.23193766762571
167.555925724496
170.5807156362456
186.30456751710716
153.6339704328792
171.0083071623062
173.44746421201603
172.56119610929275
159.64458809086804
176.61289038237774
173.56138298427766
143.52829581309618
161.7604834067207
171.5832943738486
169.7267745318633
141.9730586582326
185.83593440758625
168.22930659081635
179.51069191582673
166.5041254471215
170.94809736211985
162.58751843381813
151.22040159835646
166.18865209716856
166.31811265958808
160.94949088300814
162.11155310518154
155.29178126265248
147.729301073368
171.3924233227542
182.30404238661134
156.83607028324565
158.77851942398843
169.70081777414103
154.47783066644854
176.76704068202207
163.207831497463
167.3926260830654
146.2192588064043
153.87187034480016
159.9658224060072
155.69155093415463
153.7056675270447
181.02393629227043
165.3765133515775
163.62729662557163
172.90548460722718
168.63874648581088
160.85500564659222
167.79895108507117
175.13799938120044
164.9811409256062
159.8084870078058
176.2078483693224
173.29017700857395
181.17754072028353
146.8121303698234
177.96916587347738
158.1383929201155
173.91388827108747
169.19131162730326
171.6285610306929
161.97129315978003
165.46980881696103
169.08875572607923
167.84555731222386
177.8465347070627
163.10023232993333
179.06027321300303
155.07698657216446
170.57738696620882
167.15083092832455
172.16680937236936
155.54329682970302
171.31571140614813
154.25050223252575
151.89362330916484
172.47879469733394
160.28918767518203
162.62951433171375
159.46342690237452
155.0641871712673
161.08302086727213
162.86766426811928
151.88530181745506
174.99984871875034
180.6474339541833
186.26621782305426
179.68031889927158
163.1484608376984
152.31492770926644
167.17269045441523
170.79755771241352
182.44823984077613
175.61894834129936
160.58654861329833
185.24417419747098
161.13697524422238
172.8155946066711
175.5104220146713
158.28943009968594
180.9124841258063
162.78939460109925
165.5682795934333
174.89327091160268
170.4912861085373
158.67195135638826
163.88022880276029
172.73607523688227
163.47795322811905
165.59469230398844
167.4263251439886
168.21923225827584
172.92089327042143
171.77257275159738
175.8586643289852
163.0381841073094
167.11241088691892
161.93059626274928
176.077355123524
157.99535653729848
172.18191946195918
147.0432414143933
159.77994556132273
161.1445940045501
157.4602564362331
159.03880635065954
174.2424523582765
161.1179489727233
158.8845669729696
163.55036930642967
152.20194567368696
167.4361628763922
176.0375770773988
162.1608235164
179.41937828461636
182.09080452779335
157.133876725186
173.27666938714916
161.72454143534443
155.13109727826827
164.47450372484138
161.04930498761925
167.53135029370787
172.03071991330114
170.84435137093382
165.7811393091589
185.02128677651706
173.2335195217093
160.64565060679823
169.27477388085563
151.67630719571886
163.6553770713491
160.71462955759284
147.5921400223406
169.4753104357513
173.4912847613453
170.00347800576213
165.40576963707701
166.60866026536408
155.6964561473149
154.23777651828667
177.03410646882477
160.29562883487495
176.4316020039188
161.03526595909443
168.02670092273738
179.35639977628722
174.2086324271116
165.71559008377108
177.64465391993855
168.58537791800845
167.1664123658879
167.2363239260659
170.7029741707091
179.0186764178059
168.91117829178486
154.95295298136566
142.6168864090339
148.88045582798608
172.1575022080138
171.11348806952356
162.32595557749363
157.5308367734634
158.12401684710693
178.15447530929995
164.4873573854526
157.97547769590597
151.96726242584225
156.28317501906255
166.75136958691186
169.26441650955618
173.89849549282016
172.61105280092892
174.72982240904312
173.5125737598438
169.85099151138652
151.20845304105796
159.70883379405674
165.84442837000378
163.79232809328644
176.5384244686212
157.83557652520085
165.30040929345617
184.88864193105857
159.39950348010666
170.14823948466744
174.73930224449265
156.90391884285182
154.48984444918457
184.9852499077077
167.2224337265224
174.83615212584522
183.08583387503757
168.09131663005505
149.40032653532043
164.30692163299798
165.57499307153725
161.86242954442253
176.56271995792974
158.5239049241999
169.77920508317592
171.22129223988142
149.50286187568892
183.39606574206124
164.34651797009965
168.2402762608596
155.47487512268845
185.1997554131515
162.70525474203765
159.8826045343367
160.34242987533665
177.40533735398355
167.97436052510093
172.18635341144778
180.84207219718874
158.4990017720414
166.4896736147613
151.97597334596114
156.6016672958853
166.04457067730618
161.0176454714564
164.00476229751547
170.41645579287294
159.34016736532536
151.65070011236796
167.0064360732304
156.8963732742557
185.96096213637097
184.62889144640806
156.66488695267168
181.35778047208572
156.64122213811518
172.51381573209935
171.38651153305128
164.73136342996017
155.622655194071
171.37400599904828
186.15862240142764
153.5537389505223
173.9580224452411
174.5585640736431
158.645208322983
147.18808092494305
185.70050776617916
159.99171375090415
179.97940529092156
148.10698943386123
172.6024823697506
165.54878553687143
184.03040330437412
159.4796812677814
175.50702522678745
166.36379982744884
177.6899641768393
166.2384419873654
172.33931601378669
184.66845881370605
174.06871047286205
168.50472618767813
158.5847477725481
179.59384173895808
158.61152353907224
166.95397867692583
159.8553902915343
157.45845366810372
155.19252302340723
166.40174024062682
159.97847592613104
168.12005722421753
171.4279387482398
150.07730389717543
169.58574199193353
162.7322438957899
172.37346052249958
158.19103100963275
168.32308323057862
163.2550369913436
151.41498575973026
170.50871433851302
174.47640407164465
186.11794214621892
156.23151588806027
160.63641100575802
174.98098967227082
149.9450406208612
178.65067146207718
169.35285467943194
147.0117646585527
151.56046363272964
167.2730069875223
179.84345225017935
172.87023281914094
171.22856143285793
153.43589727150027
164.70109785910796
165.17153275513752
167.51412917948036
155.68085123388298
167.30752066096366
169.6136382323004
177.79773543502193
174.93994872282724
176.64054260529673
167.4696323985265
173.24679042622736
166.62471001557014
155.168679325278
176.5501274905128
176.77702258740462
169.29410370777518
159.55978598650992
180.49597427669994
175.00079226608702
164.00832471894765
156.7720588913266
163.98945066653923
168.5677526073803
151.9872266492894
170.52675935213506
167.8746595921118
176.4237310076617
158.97993422463117
178.98357668487847
166.6264405673817
170.10742719974706
176.84432226705707
147.63751902795835
160.26013772245736
151.25685626357048
170.8710778291749
160.91712086730547
166.42979006752242
173.73878478225814
154.50066902456427
186.61052675235143
184.9013892339588
176.99573438552375
165.4401998626725
158.4133415076432
157.3623847922068
159.43925861545574
178.9457083434731
179.95458572397047
169.4684403234187
158.24244723262464
163.1120220318561
170.78243838999083
160.15503630945045
166.61232186667826
165.92784536053196
160.14300592832365
156.409230011926
177.74790582462063
171.84578103199655
153.97370955414317
171.29423897737996
156.6885973172161
161.42248512920827
171.17776002662018
178.7177416925452
151.1117138253669
163.36069372015166
163.1607502848042
171.29480081305474
154.975167700772
157.36441806898114
171.3072107403511
180.8972954891931
163.02484394722603
183.86145330243795
177.0289751918744
162.63506294918275
183.68327675756328
166.83765221230257
173.71537458690958
158.9292511822198
183.44673475762755
162.606166951757
158.57613912051173
150.7344622600653
158.98271235710894
163.50390917430698
171.3637385702296
181.22059627517802
160.72542883335475
165.58325936013736
161.10630965400588
156.7856388196402
186.40727113774298
182.33422421456947
170.2245209050993
169.07875615444857
169.07440958766128
159.7094354235599
166.29289811696304
176.2579228974857
158.73250142310016
149.598830973268
169.06083182753716
154.0470501059639
180.73412790204966
171.8721715643332
173.4020668126456
161.48533387526976
164.15488875093195
181.94937989153257
165.7968612999322
177.91833968248008
159.42437555771238
158.59640968040065
165.73061231273348
175.36737615024623
182.5981773496639
177.04857131606155
162.93833050617945
148.9547663471899
155.58460455238387
157.4672928052989
163.67019865755827
159.5001684217739
167.9189781309663
163.36555680691527
177.7981710263253
178.88677542846622
164.7989161453392
166.0165850686468
154.37480980304832
167.1168058131623
174.07508285564288
163.93461726688534
164.144974280888
162.45974319975792
173.13988457873273
150.88248646863835
157.5207592609319
173.23619154477436
161.52255191772917
174.641583692714
148.32421237800907
176.88783351599534
162.5621000087871
169.35906209774234
163.91308159533318
177.63056325785328
175.87802421840001
168.0661697858586
150.21860754969615
165.7399042745386
167.33795862433712
160.68279823420528
171.51436562254946
171.1393157291307
160.62284597341772
185.6900526156423
161.34249108183872
167.63965875203846
160.96248247107553
173.25338777161912
170.69945181259249
146.61170101536752
180.62044527126838
156.00752195320192
155.8486893470039
172.92476800252027
164.44431554898424
162.61527103174336
171.15972790173643
160.40772356087652
184.7551580049732
152.68949480102432
167.0676869162466
138.58384536944382
172.18929276817173
169.37494752291883
158.17750885082987
175.87768722095367
164.4665465063943
182.98834941637574
175.51073080284132
167.5846708992116
168.7964728009041
168.22085808984667
161.23163634345934
173.7589783999012
167.62396556569678
175.31230603534377
175.39330324299257
169.42809725544174
152.4803460640523
176.33155274090402
168.7661933432045
180.8815405980422
165.24187087605776
179.66596507335623
181.59683592698403
139.5708584391702
163.0336340407446
177.3834401536364
175.45768241756772
168.698411799757
161.23104355565465
169.47818855350084
153.7127387838347
180.8627515987941
171.6255650965639
181.86271724100686
158.2883064225877
158.9944633507177
162.86071740819276
167.74656391920962
154.13260716460437
172.64303477840366
160.43972306542727
153.3895648543082
168.56420918488305
181.37519142591375
176.72942868254944
185.43640777858263
165.53115118900698
181.91606295299272
167.07917639032343
162.23461532998516
170.31010106118848
168.11981461621713
166.8132431256461
158.2524980681352
180.20884868557363
156.9098220381161
161.44694533024662
147.0431930763928
168.66045240411276
171.02603199221448
159.50782569027913
153.09927005155205
155.75349681157363
153.6681909213767
146.58703931333287
172.4432739012969
170.97465621735353
177.75937191239737
162.63670452766158
166.65095038486427
177.7090194010263
169.80968808989175
166.0452809888584
162.59734889066775
168.09127636398705
162.83283380633935
176.27235432462862
169.4391409023425
162.77858541963295
161.81118918763747
168.23291291885934
159.85196841317298
166.29018706065216
157.82980273892184
142.73599549127843
177.59389025221353
159.44190080352627
171.23859361825768
152.76415306725997
146.88259884999073
161.48498600939382
136.69789114082909
180.48989545907676
154.56419808366024
172.39309163931486
174.68808227141704
165.00525026347287
173.427965390973
158.70415465569647
156.00272334528677
177.90127838455209
179.53563105460498
171.1508665980923
156.0536358687574
176.05968648219263
174.63831329259125
166.7703691084024
157.84514082203316
162.3843295965852
161.76696981206837
164.37918555806297
156.12463243627286
168.2264431812356
164.30012534899538
171.44180497950939
182.92576620239694
164.7466871129066
165.0371188493856
160.66318818947826
174.3627108503989
163.16786989989768
162.60493178370356
151.3344522863211
162.43284245167112
160.09027899091134
159.60675825595303
181.484859443564
162.5385137513568
158.45526744940406
168.92619170916012
169.6342068348501
158.57437284679634
152.43933427637455
174.52367961347366
184.0502272522785
168.43157967112535
172.97588250981562
172.10431948346354
171.6564019260398
162.14101710574258
168.13783037915647
170.40040203538848
163.38933692019705
158.9343960735443
178.2247506925071
161.98796277118257
156.83100405380316
170.8738623525798
165.9214073669719
177.41929801828923
174.39918084767837
165.55961604126756
163.2672319529181
168.22481901147844
165.6102282939283
179.45336078915864
154.78457648134523
157.51620115859268
181.44956529450346
164.12044568826965
172.91125684158646
149.61759151616792
152.10516827115964
167.0316768003841
178.77936541412862
175.07759157414063
148.58820595036786
182.52068007806028
160.04781763366265
169.70719671061906
152.12594163463072
176.99192070445278
161.1935915019825
162.30550973980536
169.32486681705984
149.02891870453192
171.96872730111082
167.6157164797573
164.4887627903729
162.2750897904105
183.26466380800161
150.11202575831328
168.14578179180077
165.5431459536643
160.90461988158611
160.14974723222252
168.76269496742904
168.5905732387501
172.11876975251766
174.62199320910761
156.522945189
160.01458631370642
184.7848419622039
183.80162273221606
183.48320922690672
173.15852799144767
171.6021481939236
170.8297142909254
165.16845708997823
168.5933964109334
153.5649763158723
161.83450302382778
159.9613498000124
156.00409315154974
180.32004315770968
172.9414207396577
172.83434649954097
153.31894445644951
142.87045346005385
174.2445715937049
164.10304522470165
166.22679617835544
153.3381475126483
165.453869248161
171.991104795126
174.06931013332067
176.65533119360163
170.52611306382684
164.77501687804806
177.06861050053348
175.70815948264112
157.89053530791955
165.07472551047428
179.15641821099763
156.79458012485907
183.37726396398818
150.38128234579125
185.6070182907483
165.20412898944627
167.9851454115584
174.23848555519695
160.769672867224
162.37244483749836
172.41390861641995
159.1361153885195
152.1967950249634
163.12696289674182
163.77243687115055
145.7698409397343
166.53405046921407
168.27966880691906
160.8149049564976
164.4725244023556
168.05139178525067
173.96841858659417
178.65251624553287
148.7600882322644
172.6065283860123
169.41343710557436
157.43872572849006
160.31075586592257
169.11829977407328
172.1951826499017
154.58671650925268
173.4457875488208
169.57668418250287
164.9205430239008
140.59459894615838
164.92843876094298
159.30858319867323
161.91672919648735
149.4175864252753
156.47233545259363
152.90748548711764
173.6282407008436
149.30414250214483
179.2961970816816
160.22753072576467
173.88388634427704
159.18398670539122
177.63006116082414
162.0379891458142
167.04968772471216
186.3772371404544
154.29598712326992
154.20163860445723
169.56608491065455
184.5723680077793
179.0569776772963
165.63288498219802
152.51993771909045
171.1014714782709
167.07902852590504
171.78937670464236
170.62554131346462
154.85690097173955
176.81724269967745
180.24696405700007
177.15504082360408
159.91388810436638
184.18639376895212
166.63785710330922
172.31963182548978
165.29300029352106
181.97883201332584
164.81723235759648
173.15200795857405
174.87525448029834
159.40073856764621
171.38799554577872
170.47837377419808
159.83349645344236
180.0706941344526
179.71538315538817
154.26625761151558
183.0241695095823
174.9608735327063
165.06886522496222
167.33684558836467
169.43390679157451
179.88791723290103
172.28254474440197
159.8282603789681
154.82138695530116
163.05025600905256
180.84855596719115
175.4083063922538
161.5589503819086
166.0679251865212
163.23754185345885
143.66936440939503
163.2366223129049
159.61173255345383
171.9209225498137
162.5728620693322
176.92356433845248
181.2698238217585
151.86259705195567
167.2797393585421
178.30203671405457
158.53302017859636
174.91136597768332
149.80513046996472
148.31804564850458
163.65784860706265
144.8824330606415
174.6816649546248
162.23263612507097
163.57359822475033
175.13113930014188
167.97013110607955
149.8042008620062
168.4918790088637
170.4729966248398
165.91171528409023
169.6941788169096
177.55552140315257
172.85520619174795
151.1541955084234
170.4038038766788
170.64498465273513
179.442984265357
167.36864572909795
145.77450856560242
170.47337014496463
160.32643759651572
164.87416613089567
172.00770378063072
178.59644942536823
150.62766411777346
157.83989025668532
169.44666402091522
164.09249746831637
176.58370019345296
169.00347723897966
167.53842585919259
150.21066970184978
163.18679045186477
168.92169178675437
159.43193005831432
164.1271452076286
177.69998954530203
170.58932556041938
152.2796992266131
165.5323390025075
164.60590462647556
172.49571365341555
170.38335980249724
168.65958491502082
157.3398883978258
166.61736020009
163.75829621835834
159.13637507251363
173.05784907449336
179.52492698508343
175.7099053152292
154.41992171938415
163.09313025503204
168.55154385352967
156.31043957805764
174.90536836736428
162.77364285391153
155.53456898030555
144.1126210357296
165.17226566966707
164.51357941433469
167.6349921391393
177.3933527869617
168.49167003311098
159.11308977586242
169.3491288669622
174.79403075674682
170.9468607319331
159.7943506187113
167.48456086451932
177.31168128136986
162.34273900524198
153.4914325868919
173.00347315528938
171.97086363679858
161.844816413001
154.57358058368618
177.63785327778393
163.194427916007
182.67916127176636
181.2163638465058
156.46157417585644
142.8031028880858
163.57002498032548
164.62077947880994
177.69705204258483
152.6320250301797
157.32460677104535
179.8970215127949
181.01905250462934
151.8211297086375
171.32459009385747
169.51250015548823
170.90681560272648
176.9068362814288
137.61717860204763
161.90046071776544
157.3380969163694
177.85161410927296
152.58198165412708
167.81803363286514
170.89874555798787
155.77737790434364
161.51728813652375
156.7236010909644
160.05914428223872
167.67357922670215
173.4014431426229
176.4830898723033
173.81987610587237
173.6671573503941
183.97195290963214
155.07329069109733
161.87895703299446
156.49041555200847
175.9623581364146
175.67194716237623
173.72550294225346
158.77267433760235
166.20419807312823
160.1260136124191
159.2726609777578
166.71043283114852
170.63465969924832
163.3214473019435
165.75345202042823
165.5705021087861
177.80275869784808
161.15774901890302
168.64888785128414
160.48787978052943
179.67069520993374
169.70415341187186
177.06594301198365
173.28687753202146
163.76709942588278
169.69082696590553
158.20477626989768
181.92604026117118
171.53006533534412
164.50435706511317
166.2123941467529
158.63662257760933
167.54441323293682
152.50443509975744
162.32228821844848
172.37820580774428
171.69757790289458
154.35325489230533
182.73793706272738
165.58342934505913
154.35220480611667
148.22443934000506
155.35791407070258
157.99875796872013
166.50124250498195
173.66550800811342
156.15093780494746
151.0596148266692
174.5402819641836
168.85180485770422
184.4730594153596
156.18105855284077
158.90037339288077
178.37896109413253
163.70595509951926
168.00432620767933
178.3026864991668
182.44510678376443
172.11951960249968
163.5879151492541
170.28409459911254
169.84023937684967
154.77678811284014
166.34055601064946
163.1080614660676
175.7997945176421
183.4937363514619
174.30845025311075
149.7885865523696
161.1236250520139
165.21379741980078
152.79342528556253
170.64774438934967
165.88231773624952
159.45198363590032
179.34994962435633
154.01771746361464
173.25547333305548
175.4008214354032
176.52333236355696
154.84440973606115
174.2277236026231
161.01332260837157
166.53388382337073
149.798964513981
167.6817244271897
178.42793706583407
173.1076925589221
154.73629850165273
171.76105613482287
169.30151116751432
182.01654414344554
181.371378492299
157.0847026375084
165.32950381769277
142.97258358765583
176.79028049030072
168.90687478560613
173.36320424804558
159.7420246949067
168.744233407956
160.70075474071498
177.79011878577887
160.9381217884852
172.5344492728737
159.78965270114813
157.48727820459777
173.5337850860301
165.52278256892126
172.75695594496713
161.1448710425398
174.7506674694868
168.22974208724483
182.34429241827547
160.4057919474153
146.24822386004496
147.15024392513212
152.93496711058194
159.89128228651822
152.18894545038992
166.96273596420622
153.15315922836936
160.61722160472374
166.16040006041544
165.21441539695422
162.1129196707684
155.71736340077348
164.81821079822754
173.43955128682776
168.60633560809075
180.91737812953872
145.25112859542782
163.46966327248353
176.5572595125454
166.44365690917414
155.66648619793935
183.31825893420034
175.0495423325784
157.80933460701266
156.49463371684405
180.2115578930343
170.7235180043722
176.06066377214157
161.7954761549125
179.72933673315663
172.4242642383195
168.58996506456992
175.9289233194288
164.55600017085914
160.00087399116427
152.50116758369077
153.5800941785424
180.27003843938772
166.8025734077725
170.48723877140586
172.67698052951684
166.92589053445516
171.97210006275873
176.26076917920236
168.15533711329587
161.61828553796505
157.50485884033512
155.44492410611903
172.11737060014332
159.1071006585478
166.67717472425667
165.2898187023227
168.1034048229952
164.0166054870271
168.15381111651652
164.50826829101038
177.37129468482667
148.96742482623188
177.40052025349405
183.6567982300462
161.26928340268535
167.51641751591131
157.61173302447338
175.4946430627472
169.66165604773525
164.937382290815
159.2455587358302
179.70239102559017
161.18272180254382
151.12459388457768
170.11665190394098
181.64450032355805
158.3161053773211
166.62176507930937
175.9221883541458
165.91929728104978
161.05618299074487
156.06166675860382
142.43668418293868
167.74813243280755
166.91098206536708
164.34560895573253
163.81025651961767
166.95924723864687
166.04671205346307
168.97157456251296
183.51585116628635
158.96022491145226
169.25747984120287
176.18330564908715
183.14477117677814
155.3678059282712
168.8531161637846
163.33104112179367
172.48957210404504
161.23886801944082
146.35711239809177
170.62645913172406
174.4304231044848
171.9232840361486
168.5933173426576
179.40243663262734
162.93721260609365
172.19988516724763
171.0446594179984
160.2521185246054
160.13861288345848
181.84151180862827
181.36190773915772
178.76186095875565
158.35226220074836
162.9589114327732
163.6150219025136
163.74214842026987
168.36805677996318
155.95728210982688
154.3625404129026
153.31423661648412
158.35248681473425
178.727332032762
168.15485857104224
179.69192577027545
155.9132058727089
158.67633904396763
184.22228297088515
143.90047312369887
169.98872632821914
177.887360385204
172.48699368080923
166.4529148073732
171.07221244994784
154.32088308152552
172.61972172085572
177.07002961567406
165.65203210373627
172.22451608547536
180.29819182104126
159.66595694412564
180.004929471494
186.29052718545918
185.9855585160481
171.87358544567599
174.59087229407237
169.07108745305527
168.92903817262513
169.23208103671197
166.47011933756562
166.64555288906152
161.3596446437348
154.56503158491535
174.66638977535982
167.21559267775086
169.09180479566797
174.17686122619085
183.36077050047078
165.739472908696
164.7730725131812
174.13743012437743
160.71335570048709
179.38846854022765
163.35548397900942
159.19892108929133
169.0164672484736
150.15900432089705
156.0180254570124
160.98113567201003
177.4303249758406
168.9061748507755
158.28197790065454
149.02413392095158
167.35971397025472
168.38080912149553
181.43053327656352
153.92712546151532
170.77396113266167
172.18156523038786
164.047477929367
166.01366906608146
174.93278343960256
168.17103009630316
167.9297244536677
183.11330766630064
165.99498863688012
156.138717042262
170.3350485546927
171.3585107571317
170.38750210426323
176.89920000676082
167.32199114022907
166.27491813212043
164.29874212242592
167.38887190216212
161.13360175338383
162.64380978084878
186.30167610784272
165.79899101197253
175.18033995396777
160.12831427004645
173.09368088288758
149.1458344943571
171.6839717868316
178.877457862177
164.2663652734204
154.12032233632922
182.70579405578715
171.06150747980365
170.63802348267126
168.72326005908914
168.42598691162402
154.75423685608058
152.65006952561947
147.21328245922263
155.67787306377545
181.9088550441222
171.97823359471232
169.4161687744982
177.12449494866402
174.53176668110717
152.19966393287834
164.84151177474246
148.9705707632816
182.2330326186475
177.09332543589113
156.67250653139325
163.11134917539306
171.15176570661333
167.52012575644648
162.62608795659142
163.94130537106213
146.02516054592203
170.04187715958193
158.51448759636088
160.63288727739354
157.93894276220755
182.4157321597573
180.26412705853906
167.78488036239781
148.3307888722271
181.53748031764832
172.01217487268164
166.97523609286344
174.49251905868255
174.28239842926587
168.9178955190333
174.12802984790335
166.01938602051243
155.64339725985502
171.76080193474598
176.84230141426966
159.64131080892412
175.4617121892717
167.4092994792404
179.8053072957484
162.37947509113954
162.58912063747775
158.17975027345028
172.66083166056214
149.5414197350893
176.44369171069633
169.49059638966256
176.00941946062497
147.803954380771
153.6397302406064
170.74065735330527
157.22570180692793
152.7277530969188
168.61178125025816
159.85349171087705
171.2253261030392
171.81607148587509
162.81132516923344
174.94219297463925
168.51637726431542
