175.27689513646018
163.73849112520554
164.45685048626984
163.76375257256166
162.59893531762268
152.23139699187763
155.15486840798772
156.20404510443342
170.97600019685268
164.01866313792527
168.23379749788876
168.0146180591736
158.13719439853966
147.30757142517885
151.5936177222821
169.14943420708127
171.44224448239854
157.2494607055038
162.15318014893072
165.00407973394834
172.04627258319965
174.30554591180228
163.3656429539189
167.48264619590498
161.22608351939593
173.06948379881302
157.0794878705029
161.03958170814386
153.53238351431258
181.31909480180195
176.34288068879732
161.17482869209883
177.51386220372024
181.2993977541247
173.79250174083776
154.56605176237056
162.94096913511197
181.64328363212985
163.4330078084565
158.87404634170892
135.51063896096193
157.2073384242746
185.91194660474122
169.53117000108497
151.12101655965907
165.35290535236277
159.02463511578986
172.04526298534842
165.18223670962996
172.7255451428716
174.88992532181265
176.14293874385717
157.93888202887513
168.1969897326373
142.01123024542193
159.38476282862104
170.79155511676694
168.06388992788297
155.30987276469574
168.33321257385276
177.31878346807986
173.4519539096014
174.66186831536294
172.80584027047644
166.57483937232027
165.2623293616165
171.74699388595167
170.56322050990252
163.95549225986755
181.51155176101094
165.22570030979102
169.0828780763914
181.63167836751646
167.2970318324492
161.37802995449974
166.63142140288363
166.50166754264393
159.65997658488348
173.22875427227603
160.4985164547022
166.22242837007207
181.6197028070768
178.7082926915489
169.9219919151133
178.12007436140937
157.98156961897263
158.81791814830984
155.70722913691677
172.22003800401748
156.59702799727103
176.54839631472095
152.71317180377426
165.0274405551457
173.87326688210706
162.45421444652234
155.93745633881315
176.01293777678276
160.1849698324681
179.23264849374726
164.70785319938986
165.1135724933938
172.84251715296568
168.59610041810114
168.85941358841143
168.15629655000322
175.59433897630922
163.98332354282252
165.3724586372737
166.62282562968247
146.38694613094157
164.95300343279305
151.7927596988219
150.0404647833023
166.05087106308284
157.4156654847037
168.69692442375813
175.17823210492256
157.25821978306504
173.8909932435529
173.89097842074736
173.40178449380224
185.48209089516445
167.08995633312156
145.8280145155755
176.17200654075
166.648241886211
159.73971430347413
169.73030191369992
151.12180316392838
168.9110908636727
169.5899675729112
164.93138214936627
166.55288935892406
177.4873049889292
172.9614703298034
153.3668093533139
147.08079871046
170.32103633500145
171.54971885260142
168.39650365738325
171.49259726135423
156.39829478378334
150.12729904570904
159.0628251711911
157.82610877074194
170.52187359705803
153.21059124309292
176.7941164554384
171.58008513980525
166.78546467616763
180.77901878185872
162.52271752408836
166.43326402446147
173.33268947383254
177.937991197846
154.04283322577498
178.76126710159463
175.85678879069118
162.07404446941618
151.66550601199552
173.63178919712047
172.06467055576036
181.49014963713353
158.6207519329848
162.77832043963812
174.29940047854524
151.0803485793817
151.5675118790067
150.95237377438266
184.7095751237724
164.9688591160264
185.43742596222899
161.39759903186734
166.69516540624664
171.12876199677058
175.70052603320556
159.74645947451708
155.39813290143456
156.942921381619
171.54341686080005
165.60543294569197
147.82091051392115
147.18303894539346
173.87483192176757
163.28280602036605
182.4999597936401
162.416282624837
180.9789571007767
165.64902926667222
171.75877138536302
165.70572308112978
174.98336591601512
165.50752999361535
165.14406541212398
153.74166254650626
150.41338604370216
165.20161217074838
177.99059580951413
178.17960925310732
173.9011472586466
171.42096431993625
180.82241482788078
169.318744958664
168.12608978686475
171.90190720476443
155.4296988905525
168.1490549981767
167.98229708986563
173.56588230769884
166.93433823179402
177.37974081913626
168.27246088481795
151.85452162020488
158.34036985486938
175.19091450058292
174.74790803176103
176.9279243575109
169.38533589474395
159.16407076734808
158.34653016104454
177.34792613786703
168.01834660192688
180.1768424914307
178.89539223574928
172.0792668375243
176.07776094830444
169.8052573245622
178.33797134290364
175.9910032815571
169.12800143475428
144.70919222168578
154.01092373526964
166.09445789694703
166.07794962484698
166.91257265109417
158.85274401408955
162.24616051094537
153.6955100568217
162.58354877687736
144.74967674601402
161.64250638644188
169.82310671843445
158.1317452307529
159.64678810033342
155.56902021229178
162.6515066858971
159.99438079480424
171.915782186297
164.46629432007757
166.6330045711486
176.80027534769354
164.4984571600105
156.3069918044441
167.82837333837125
172.0558383892673
161.9855487005018
176.94295711335346
152.46801075534177
163.32257237043032
177.70755469693134
175.5986954011076
181.62305558688732
185.51485912643918
180.45070455817876
168.79515455625395
175.45122662113883
161.14507174277176
149.75004200461828
152.13608035697064
161.07595964006805
167.29208405762242
157.81171829807892
156.1545659242036
150.56950165714355
172.67281268409258
178.90894804339197
172.21159919972328
169.36095229184056
167.56685918508515
178.7455950771581
172.907808416964
174.70011550444434
165.70414650536094
172.2331451342013
160.8038510842173
169.08265263311543
158.83226735157365
146.99352827768774
146.10833268563306
175.62548740632923
169.3262679845998
166.998963939402
176.29856055308446
166.3324371235089
163.3370941825154
152.49281155380493
177.9533620235635
163.83772572898224
171.06975757626276
159.97609019933418
167.0521064309709
166.44715070738422
170.82497108359783
177.04434507647463
163.068603885097
163.63898958331495
169.4870608629922
171.64984490816946
181.2597174676365
180.99912507158797
175.0854440520662
170.8380359051089
158.68271196392988
172.46299362147852
157.96069234363642
166.2870213648945
178.301830227872
170.37671291374141
165.83477934266526
172.26333833582007
157.56150157938742
174.38387269139386
167.12231883886813
162.66232800624732
173.82205000711195
180.83326193977476
164.84626888749878
139.09432039246266
152.03300275214025
159.57722877973163
157.6703856460537
180.54578289177348
161.18132622874296
150.4353464401124
185.34226311506094
144.9523512195331
175.31221624989806
184.06211665485654
162.6319752984509
158.86162724053642
147.35041349462512
147.9983756546777
158.5831908191126
159.1795814833813
168.18960264908608
159.0600440748541
161.09549576287844
174.3451888831774
156.58341297793754
170.50897150022902
144.7937885858832
162.73930064904155
159.96900945044942
165.18809827631654
152.7664653019023
157.3508697342836
153.68253972118413
171.4685254594677
182.1929844687966
157.24999250242283
154.72812524226114
167.18254889730713
155.05039077903683
162.6701359379777
170.4516953174307
177.48801499778727
177.26686888999888
162.0163245102115
185.31321942051167
161.83975945557458
182.42966837772917
160.8490653299514
169.46520547985605
164.0668678849447
186.52500924914767
171.4391106100199
163.15215420861816
164.01113363779112
147.1504062655379
174.28090833475477
167.04562485962035
173.50142769015758
175.86835319355518
157.20454883246936
164.04096637570834
168.2484368196147
157.30071126173237
163.6756356679393
167.21819240271242
159.44091512431342
165.2625470498907
179.13456143395607
157.59615328223884
170.96748800929404
182.86163604298378
162.85493657757522
154.28327900892188
166.25118821530188
160.83092675238643
154.0848123437349
179.32001703320338
168.09371119376652
156.42827282289576
177.75389380798484
178.98175463265056
176.7962434861783
179.62237756712634
167.011253918536
176.0289128691829
164.45262440416573
186.40888760524163
145.7311620707618
170.2429012366264
175.88503309870876
174.46878638168607
185.20935851099213
178.47875676369532
142.70486523740055
171.8738698569192
164.8665795424098
158.50288475076073
181.04810899941873
163.91703108845414
169.18711772779275
159.51941982872344
170.6760518788186
170.6029677216639
158.07480385186778
157.37057112255775
161.49274317205587
171.31956417729987
167.96956446156514
170.68008452730373
167.40032994397458
176.14732778914453
157.8979764159346
172.06001114454622
143.18175044108168
167.13359586564584
164.32332964197977
182.0399031316112
158.1157350327237
164.31325197358544
166.9035475703358
158.19543604131405
174.1648813799332
176.98459437491846
178.0989480419231
162.4148607381976
151.10531819426106
172.98045730298054
179.82667704502
156.75921184785292
184.6837891679974
186.1379732459404
166.1896345334775
163.4918993342268
175.50429825786188
170.42626110804912
149.3513050538525
152.18443373320312
164.07909313606578
161.7449454773148
159.87208910474808
158.5446405004368
155.5671472433991
183.22323237535173
163.65276512528158
181.71829047029877
174.0605881946988
183.99007476616987
157.1734262786496
179.0235784076661
173.27599156383147
169.02367656895092
160.21476503792456
168.8482008763616
160.91132453517153
161.09862224089676
174.34503160171718
151.90672248526482
162.81517442959057
181.1941697090109
175.46800902571215
155.06672197142757
153.45635462566713
176.44925980131072
172.32439300021633
166.17335661004995
147.0248590662888
153.9280260894849
175.10976665337955
169.02322456864906
174.5618606451771
166.31465643191729
150.02092373621784
160.76943028288653
184.308155625401
164.87372552030615
169.28389111120669
156.38214849161355
172.39342960040472
162.79991024029306
181.0059635161376
156.9288431986626
168.54013560246818
172.95839495190063
163.60898978719973
164.4016426035651
155.59840720835078
164.65274180730935
166.42508379648677
182.16771986918457
147.23653557635618
179.42428901303535
158.8605273217401
168.87344256168612
168.03079909887242
160.95400800905446
174.0302333542318
161.06538068072174
167.66919938228799
157.9975484367764
177.1892189940172
153.36431146233107
146.10994933174612
166.8132649972301
143.61297609143492
168.66770736163738
161.7039376704096
168.69073676936344
168.09172776988248
184.58299345676267
172.30462314549206
177.77934744457224
174.1783194666453
171.67900402290172
173.68286569993336
176.52126817832385
161.49787803107097
183.49834176979695
152.7503755971451
150.52592723150676
166.23574212471593
158.30856397515336
168.32648840839167
165.7057276517882
168.42363927683314
151.06500345841334
179.39956623737083
155.8949902878718
173.8569740510856
158.38975010993448
159.08078103116148
161.83768353520617
169.92836567459025
154.7627556604852
149.08222256939993
164.68284367011987
162.06919213833928
169.85188692519702
185.12219345047222
161.49681345961892
162.72391054919547
161.50558633079507
161.31673970418018
154.29767221416574
155.55610765024548
165.1149921047457
151.03370339200853
184.84066443469106
152.28940643616528
160.12824658928798
141.14904053571564
172.19199224597943
150.71948831325258
166.3423754388274
176.25534714462185
155.45185738144332
172.93586559089812
161.62288022349443
146.50952058610773
161.8069805310923
168.1103992530102
167.38314486385795
176.0102401587792
165.0314385585504
161.02178615281045
169.3007632347742
172.06795138141013
168.74136228499702
166.53758455961582
170.41811442832994
165.04729736815767
159.61451053680517
157.34400468404573
172.5286320051852
155.24437302895234
174.1305649728634
166.60898463497534
181.626299575962
177.83533907206353
177.51355320640832
151.8061053964696
148.5684422775796
151.74830218001287
129.12714955331325
170.31527452246792
173.32983722481345
177.55285072538948
171.5197132119525
175.81463051029894
168.41775699655312
151.004633261458
171.86128568746608
160.97534066173174
148.33730293381555
170.25879940639555
176.42560853342127
171.20794195994992
164.57732244154786
182.0964806288814
155.6044068454756
167.1669088437053
177.37979624761743
163.81907376721182
162.91321854398728
151.73608249963132
138.22722547663864
168.03962426214866
152.29260776872874
159.5829833663139
152.48039649919386
185.15299242140233
169.54431233235454
156.96687795795205
158.59684262921303
172.42101301879694
163.6692122133225
171.8896552382078
182.04565727888578
170.16961468295594
169.44745386161446
165.34358471784202
179.56930048544828
170.85596615745163
156.82118060225238
179.32390312597497
162.77763790059672
181.88489329783556
172.81467894283958
153.5650534489889
167.4604188103564
155.62624524796425
175.58570101113165
162.27438527366147
159.15239540062228
158.81904061678932
174.5415128199354
165.55000680999365
159.7768653144738
149.1082219733688
162.82083234591855
141.74618143660715
171.99462371410195
147.11535208591346
169.3179323776513
166.32349468023597
171.39635316497433
175.76411478426854
165.03892706155804
171.9313606483964
176.3799794157853
151.60174375156888
169.82113182595398
166.73139066179692
168.28853337273318
147.07595997831297
164.17225804833197
158.73329754857636
170.64357201005396
163.0157076868087
151.6492588879629
180.9896714823414
162.67139028297132
172.77090141245714
166.2912280590302
167.23630111525665
172.68732870192238
160.29900222874366
185.19107419166158
156.50686018502557
160.41165254680232
150.38336083325197
164.79621026216458
156.72690936183992
160.0142239637889
158.06099047556899
163.79701929514425
167.32658109735115
166.20646867823257
156.54591188450846
181.88106578343792
153.2515659743829
155.15216874275598
160.10967212587389
154.5099980247617
175.60712298890178
157.3177577692546
170.89376777438906
155.32292052665127
164.82107086708243
163.75563400539596
153.39082964880214
172.71310842623564
173.96533913424688
160.02764863690106
158.43474137263593
142.9048646946908
182.73196215882405
151.30767110632658
147.86518635395578
169.6873288437558
180.2544025435414
166.1786198307439
155.06118674349412
165.2769642068668
146.38729178829516
164.89720919709646
170.8627879006073
174.80478180354308
179.18038770597911
178.60251466735963
162.26554074903686
147.1924761914731
167.2724046786799
156.38302839699645
176.7195626310237
184.47192776916233
174.29628735768458
175.56888108231973
162.1996176054543
177.12717851876312
175.85686538554597
152.3972841777335
166.39640882127
182.54158839765913
176.34453997941964
156.12863041286707
153.20375856204078
171.05071720404823
161.14508907808977
154.0121625085474
166.75791793607434
160.42864175537133
181.69712827095344
166.28152033916294
180.9245798576663
171.60061097154988
162.59551116055033
170.56933565303083
164.68283466803007
158.6612684710592
169.6283569291971
177.96428582090667
175.80719366968884
180.44175384075467
149.94167700216286
152.99002662651247
166.73274282426257
170.4158872044794
174.02090940192153
160.6708183033207
170.24123063129943
173.38155555166486
174.18767766608443
166.07064742921327
180.66337187644248
167.18367176084666
158.4082268558477
151.53051872105007
174.78882363321108
173.66662003437645
174.7825936493963
160.8793970461542
153.01017198232927
167.80946587820017
150.065874199309
186.21892336955733
138.40459516895544
184.69381365179268
175.54326907098337
161.65810826707894
174.92329879862734
172.14076901483298
139.89055421868795
163.3375696935779
167.63916732898852
174.58220741742971
159.85428345700734
159.55959383971185
163.98623266339783
172.66837038243622
152.66343858421942
168.8899058151152
168.55923999937954
178.13560695626998
169.9431147246156
163.0701521330719
155.28928060311878
148.15461234598223
169.46644342266237
162.17719945537772
157.75793498177921
185.3203646556092
170.68386480674778
164.41472133927286
162.32475818192236
153.1983850339092
159.90866044947708
159.1527390777357
154.92185648877887
177.36075359372384
170.2924880448444
153.41071554167252
183.0900727810918
183.05911930319775
163.5532761961523
162.43970970780148
168.95732387719954
170.19783186398888
167.7360950699147
165.8645775332438
150.29546211456528
170.8709590219232
170.54747074954474
164.72428659449224
162.75809901926402
168.71510316857263
154.00038512398834
173.63950656754545
172.2323650467155
168.68936820309665
165.37769957405138
149.38221839182722
141.78772939717126
167.78720632967583
163.6457410886435
162.8345299707125
159.80800563627244
175.27335397669805
175.51382836177743
164.4007423178823
171.93243471015444
165.0910882667045
166.63222329384894
159.41485915056654
163.11231314620204
154.5564369494855
155.79653163757078
170.97170836439435
172.50950464667955
154.92997812993045
179.57807818447637
167.52476419236098
159.14747142652374
164.69894512107763
166.22294122854345
163.2680135211595
176.24951124837352
166.06526345669366
164.0062336094392
177.07244461284006
174.6295179209436
175.73849107241193
159.8655872200127
168.8870000105516
185.9061722035444
176.55139393949761
185.4365751533001
166.04015578650785
146.07615768932695
184.39826659052306
152.38193449546444
173.7520248399614
168.24220663618888
175.15418822093156
184.02328636821062
163.4157789600814
166.95448892523348
154.702315481654
144.003894495412
151.16670487494088
177.1564840149892
184.02066783174757
164.71468586450175
151.32486709273041
146.55852741383356
171.90671212354385
175.18997432230628
163.1406055314628
145.3262990503108
167.67865348847607
165.40436114080416
141.38382803731042
172.35268974641815
161.54655899152493
157.44832754798145
175.51634908638525
145.69283309540293
176.91215240648265
153.58488770445106
162.44131978601038
167.00072541349456
157.94698977609875
169.08869854152826
157.65950391721648
152.61052898583847
168.18632075434186
163.22406651997107
165.6646213080069
165.71153167792576
172.55700874730582
151.52265091523228
170.84462192847334
173.4025425476592
167.37795319123478
171.73895286640212
163.11225050703507
173.610428498453
164.4431816033621
170.39869051086518
171.21632109370628
181.06881838551809
155.86118186321895
153.2689679151375
177.1306709480411
157.59019532482577
168.27444317650622
173.7239566912153
153.39892279736148
177.28848069202442
165.52034689860488
139.25268474735478
146.18462993763458
166.46975241349426
160.05293645369142
162.626403921442
169.18612773722342
175.56185660166759
165.90361766663455
159.95206186290378
150.85542122042725
174.8317772604163
170.87684043000192
155.71632738435514
151.31383693802815
154.22419764665355
175.8102860949278
185.69191706554335
171.41010027077078
168.31888628758867
178.18719958021234
166.05033911696378
174.55127915488748
167.6915347519446
160.08964886297204
179.80037854764072
147.11685461959254
175.1393785361219
170.5595417673121
147.9131473467961
161.95806988128516
169.62305375274238
179.51231205835836
160.04039690217243
166.04025598558985
170.14763072013193
166.7335189082946
163.87539346699643
156.83449696284853
156.876627330347
157.2742102880703
165.55802551530448
160.10384329552886
161.9831413017348
170.03394919111307
175.42758998088945
156.5921075256906
169.6119030394166
163.64952512378665
171.34952959085663
160.22686749603653
182.5175416469909
173.63607687845433
154.62011330299183
177.98722531181738
181.2913515233945
151.98083758240207
179.08784545240667
172.51371937796702
186.2824348031795
178.27706172994675
163.10981404648427
176.34672017164553
165.854213021832
152.5656427044462
139.64744566501267
158.56165982622392
164.81769445573676
173.77898879586652
174.70640452732997
144.9333204982191
174.2561367497857
185.9583538435561
176.0263320388221
166.11770918734047
161.9345673963586
168.1468621016372
161.7869153765489
158.12021971139404
165.2115002097294
170.60282925970134
177.99920056434036
172.21877040724056
178.83467159738672
178.4240799661696
161.56624236639328
167.95115711380643
180.16160951619256
159.61153571118942
175.30621629597303
153.4045139581098
169.17920141518937
161.3568443362804
166.27023275641315
170.19443650129105
162.75654730804973
157.12053054046578
159.534971008315
165.0557860714101
173.55039688657234
150.34855115626146
168.75871810023258
171.9986879340429
170.10495019714588
158.63647462546834
171.29133567813574
176.68494441418542
164.15287900437872
167.94554626470602
172.19019532390595
163.23108573661847
169.84080847289275
182.35118875183946
177.3254897076745
161.84061600395862
161.76112167621235
163.94634364760847
171.8678239710518
148.04318240235364
166.74012641993318
162.62707578234634
161.8045812226151
168.82809413848113
166.8084121019089
164.48741839063985
177.54590129122855
159.94629476255494
158.8357492465702
155.5938691604719
169.77416104171886
168.89836145666868
163.81838888914953
146.06385991821156
141.02471896637292
165.12300617046256
169.8256286646459
162.59555227566554
161.69696071481303
166.25144438150264
152.55994638203612
167.85387549326651
156.50957626941138
152.02932306599286
180.2015057228386
168.57168528434505
171.8839658977779
169.87646554939977
165.72380797617555
177.19401064115988
176.9292844333401
152.77558038619773
149.9052787120092
176.90552920088138
174.21150722495463
161.68127620230464
182.32629588506643
159.6281682335156
164.81206619348805
166.10452895111388
142.87327217426667
166.61933958043267
153.85068065699852
170.7984086008048
177.3239773393602
157.82208014481773
184.45674995709848
152.59834577685882
167.95881184582345
167.7825452123773
153.54653756577136
176.14278956352814
186.40071384840294
163.4276623328157
172.1311978434511
177.45203205082922
165.70613696069853
164.6777883512407
180.26052668203565
176.59299368333504
145.60137870531383
168.80203789745045
165.9310447123093
170.17066750824495
173.98629195284263
152.75973600897012
177.62306638662668
158.1432126874326
171.88622066490558
165.648458333415
161.55479939906863
160.28586100676046
164.82167265774018
181.75980378806418
184.66665954351842
161.03535424511574
183.54920513220264
163.9354170583518
178.17798028614826
157.77625879765318
157.5276091848669
150.61682156211262
170.42205046839405
158.66855581949991
173.3416401313951
167.4632446880159
169.5516659121221
180.2472478682777
168.59620113207885
165.47496412460183
177.90992498877068
161.6392552011143
171.39144975395226
166.3963203262397
180.67913322201971
163.5277688012611
158.58344332969745
166.11446059678494
156.0678239196335
161.59976949660023
175.9372266216841
176.9193853734529
167.90966134935138
171.5543611161729
155.9117602576695
157.7821167194012
172.68568810944458
159.0166808761592
155.43057429665276
179.6272563839205
161.66632390639097
178.39989444866427
158.07661970218788
160.25903520851284
161.37505522801675
157.54167776666222
179.28461681022412
182.72921543528668
159.80565337684186
181.44161243454835
162.58474640268352
170.43783705443641
172.76219097815923
143.90370094435858
161.882283938194
182.84571230786676
185.34421192705608
167.18149012219595
160.93016735828206
177.9413298954139
166.91007652372716
178.33419963993347
164.80278364234536
168.4286610781791
164.63397921221656
159.66550041963217
167.86492200084396
163.60318958491172
166.946985981472
165.87582071186392
157.1568045036133
159.75536377124524
181.29166836053
162.02719671871364
168.444064938643
155.19580707381533
179.7963008196428
153.6331914635123
170.10414126839777
156.2405140745337
180.06102565305227
166.59331134926285
173.94490234296987
165.38650672567363
151.7851879894061
178.58726543523946
149.20759952322848
172.2209106830179
181.3270411104376
160.09905259202048
167.0083302689026
168.06192618357358
162.4181547891074
170.5488316395021
166.37023697920367
175.80911395604116
153.32722302773828
159.75909022086302
156.19886802940786
163.31468711623
185.16447586178762
173.412796084546
155.1323808763011
166.05188217264305
166.31226929018118
162.9230755824025
166.61179069705028
167.66355122504055
165.03470815098288
171.83739103559563
170.68833782882803
167.34870344713954
176.68417735486722
165.54784378204974
164.51909799104746
156.61673262560709
158.530232847599
177.7917697916203
160.55009005181302
156.11639188362167
151.09576862931002
177.70662365883106
177.25512295907382
168.45388927856604
157.18339752127832
152.25327401773512
163.5263368500063
172.78426283982543
167.67630973105872
170.06109809155294
167.62267834233268
171.08997500762712
161.0611727019668
176.95382884953892
165.10471920207274
179.79408397717836
159.6476798669441
162.70148618289429
163.29896397793266
166.6650523332621
152.8718862369235
186.02873287178872
146.01818618023816
169.83935404060827
160.6580647742467
148.61618775462478
160.86418366399442
167.894904709502
160.54602348271226
177.7716766646524
168.49808248342276
152.20706086933725
171.6433972837572
149.450725529194
178.86400134586492
148.44488755080894
165.14076047423757
170.72664358004604
173.5653623868676
175.81226150211825
185.00691472264324
156.44149273294008
158.05769095846037
173.2802624792206
160.7987578651483
167.3482466791645
157.722266601719
162.40315223260404
161.7730772230851
174.87479580998664
164.10353504891748
155.898469300942
154.52482304787375
176.0048609583597
171.22873425991418
169.6534100492218
168.83143834363648
152.0828738705836
178.08799856068418
180.50840080381644
171.41042075619484
186.52546953553747
166.4901938984553
163.3352261044034
178.1719058137329
152.64151113144334
156.51584521891064
159.79051209218937
158.19258892035793
163.78005294662367
161.5767180385707
170.21329085549203
166.00123193828657
162.7764890799137
180.44926800777293
179.1427860960551
163.43869868975023
163.35359010619098
169.77615766462543
181.68578367726693
160.46698566272
169.57561328530272
171.1503539095534
162.5415743412811
171.71751214651587
164.32557376439857
145.01701335861128
158.49455667514218
168.65956064599766
153.37486081122583
184.683765018109
164.4379372627879
157.09552404228396
165.77470579291904
170.09911177486984
153.90093098517144
179.20664204180014
151.32734423042027
157.3621065827299
166.2388886374541
167.61923493358506
167.42297834110906
158.27921948369715
172.57021303918242
167.8820589726884
161.1711924504184
146.32938541674974
158.20652441264895
178.35230081553652
159.24536253270378
165.77358621150756
165.6337002233307
154.7904644256277
155.96251617148675
176.22287812365863
171.8230493077091
168.2898332872502
162.87295380293543
167.67438751807958
159.04398446112464
161.5436179294896
176.7163691514636
185.1186692920023
182.0264778468418
172.93198286465687
180.36355757582282
163.8102533772538
186.62771378343828
162.70239018248645
165.16704791009815
159.22463359250736
174.13178491103267
173.07044011987284
168.49248212357992
176.4867188382834
179.25601716819276
160.05492585364306
172.9573748362728
177.5359338700433
185.6733561572188
170.24980843508294
146.86130473982627
167.16076769250478
173.13386663507214
173.94667070023434
163.9271494664917
146.63249572105624
159.72162757434492
166.56720794201175
167.71335724332
169.3107158270644
167.44733550206846
171.68912409460728
172.82657066041668
172.1942767585599
178.88329819500606
163.92315473858133
161.46141029227275
176.96544625167627
183.54454580483244
184.07914642415705
168.4297537242494
177.0712127530189
165.17274865152154
160.5544772347597
153.57099904112928
158.96006351882033
184.75715957978278
161.0352282818936
164.800767447588
161.9345575963553
178.4290111714036
185.93517900254076
174.28146703909042
173.8764201960675
159.18205228946428
180.53859135886918
163.23354256249755
167.03964968107553
163.05286430416538
167.04328117636177
176.0617448556349
160.25647695968988
179.49139872107264
169.10875738121553
171.5426945478049
168.43286736833193
161.19065650890755
174.05558917864084
146.71248264962009
147.87351767001547
173.17422056880923
152.10318110420434
160.08464905824772
171.91842271085125
164.85171474646128
163.58491520654636
177.45206855042093
144.56014315824453
157.18476051659394
166.32873776972568
182.42272314688108
142.4093467528542
172.2630330572818
163.3951366789567
159.65313910948856
166.298746896025
166.40131319503425
169.26587199696326
156.9610639687652
183.5745732272235
174.3031034438295
157.0388415617321
154.8054684502723
149.70392216536015
169.65281179440427
178.06059836010417
163.51981118330707
153.2615386467159
153.89447717384502
175.22137042111888
159.47540548480669
165.5096481380587
159.52754624524593
162.97828281411046
172.0193765246978
161.09591544119746
168.55695351057216
160.55525942860118
182.09350332405188
164.03890554711276
170.11130226854982
160.3866303771815
166.76158785050407
177.29093168749426
173.03396376945753
145.69940288882793
168.51544149483124
171.82960713166503
150.3531711100432
169.5384588358415
171.8615222312381
160.85544791015556
185.16828387435646
169.511557323979
164.30788394804972
164.22519669313817
180.79414928297786
161.26336442768297
164.2630940612064
158.90494169931566
182.1393975021637
148.50799304753303
157.14756886768907
166.36678195423272
164.59339879736334
181.2046123991254
165.02321793663282
161.09224419397628
154.55011405350857
149.65043294698722
153.23990755646759
172.53091433299596
171.57564093692744
178.1260459805519
174.21548485642919
164.82468447180003
169.3567281418904
184.66689505258304
174.19811683895867
178.52824009099103
171.57385736321274
160.55733203748753
175.2443394054856
157.04780622301038
168.6025165573311
155.11855880474127
180.7754741262815
171.88770853140358
172.9110500325233
165.42537364717612
186.13087689365406
159.36181743778224
165.06536858104204
153.27962041691606
164.79604336691048
170.78211498380185
171.225570846852
151.56926741732866
184.95326547690073
156.84121736435824
168.07367226012443
185.8247082937985
170.98932968320642
163.0596984463316
160.05246832803724
171.8769446068917
165.7402217162059
147.70572659255623
148.86495094716292
167.93500579859585
151.32431516446704
166.52381953305104
181.75949642541565
172.40175250969688
159.9475532510938
178.1451977793499
162.75762459225624
172.15662345106932
170.9659424082614
177.7081620301499
170.55634598000054
176.55154583264573
172.2824135181692
158.25272121488103
163.48316848671516
171.9404950410535
154.89168538823546
148.68433181802908
176.256989350598
169.32694735556748
173.4964154348012
169.13642910217777
161.12663493195444
136.0600639593712
176.47700910628785
179.7113853835178
166.4605553395446
181.93412612006594
162.99987693226032
178.5608637419299
164.04930078603684
185.6512944757867
171.0218590354252
175.13542904888746
169.3643129926013
162.31915229354001
162.04540672058715
158.34250904129635
165.04236378617043
168.994515110318
160.2671212518096
168.14785376081159
147.65215865171987
163.1058265016023
176.32097651403484
156.3713632687693
181.8292592946963
159.9042553146913
154.69026113868267
168.56358173274396
175.0735710901636
178.8665520547007
175.68158849300704
168.33892582280205
186.30431703782256
172.06207025501055
172.12319324879053
171.84527837225312
178.85535160882083
169.26713678122928
167.3486984762987
183.8053941143855
162.43658714163703
153.0225677289101
180.44050116566223
165.5618032315234
163.93595590413125
172.91490576186894
150.01249931153166
154.74588459880567
182.17134255680588
175.9458677783837
154.66522232284132
166.33184784707393
164.34150094189187
162.91401255440786
170.5548297287911
168.44416310398992
166.64134351609223
159.56912207060435
174.9632904637078
179.3436330885055
155.15500364620905
153.0428855462586
175.17594682460035
162.60874277573174
164.69234095703132
166.57188225379932
158.62409213199496
171.09385385642298
175.42334877261726
182.49507997457582
169.07851272389854
166.76839120562045
163.6537935995356
172.23519436786663
183.49377530392843
155.05703757833078
167.19514616063643
165.8087425332868
166.87837721124185
168.72560721115417
168.61746283614795
161.8464115352758
170.86330068603203
181.53365793574443
155.7183676347546
173.4311553324425
169.8238051365018
183.4704687199888
167.83212949914954
170.12868459834328
162.52728632801558
174.89101446866565
175.71298687951315
160.08590646874063
162.08431069449384
163.335825252146
162.4512061430781
177.1883212416617
175.09041105734093
171.49383842993353
171.39763849472658
142.64346880479798
154.78231678844188
166.33787029158145
151.46188332715187
152.59750214239565
161.36881818333396
177.90483574996506
161.37265474195948
165.96096764421617
170.51341019808987
178.33368654590745
159.93803991002207
173.97604680941382
136.16309496877918
180.12957731362138
147.15397568347782
144.8248848474392
149.82762888670516
161.18224749930843
170.44386346852923
170.22040677184253
168.24987228092368
157.39071854291228
178.19689057217514
170.02473428560324
170.75218813166268
151.47860534878308
159.58020558499297
182.71153902666092
173.95937733853808
166.5593530503966
161.62973911669758
170.0944106527808
171.62142687305436
165.2124426271682
165.419952959447
161.84498168357823
174.38990052272783
176.25806653146014
175.30153790863085
172.59733583431677
170.52443828969604
159.2997459413236
158.56011341562788
168.9397905730079
167.29144601073548
159.95953574088765
163.12103504972336
175.81487038858302
159.71672299956043
161.4465423574935
178.5884548190822
148.38296236822325
172.6954800959291
167.75829287591162
166.4649084760301
148.2412457637595
170.72162129330817
176.18535743204643
154.17392532583997
161.80585371559152
151.66106193621175
175.36958381100794
167.327660713154
155.74982534880706
168.03433661900394
168.5729400813717
171.9722742733521
161.66826272172509
161.9326143966226
178.63767797994458
158.73252250857348
174.4928987282472
154.4318712656381
150.0511397556252
145.84108261330235
180.52954583587407
158.03201656839272
178.36386395186815
159.8062303424763
155.61117850941523
162.31368043177068
158.224084889271
163.33274399609274
171.85824841832843
171.01179218392224
166.95640741146235
175.4261868948866
166.6764624536101
158.59869488802988
172.33495294573828
153.39606140206118
172.88851398904214
159.30900223748466
162.66796198486082
161.91629505623152
163.730718798903
163.44078287896355
173.3149532121322
164.7702083072713
160.01591556629074
176.34117350219697
183.8746512357069
164.13479071852308
160.07967177060263
167.86892016013576
175.50640249636547
175.50237119455403
162.90441475439138
164.3390325266377
142.95804892580483
156.1286078958185
171.30247480480486
164.36100816370785
170.81416637617346
183.36020979342652
183.6474323637357
150.57548925169405
171.43226545019328
156.21118867796469
182.16883988248478
172.48494420794867
167.21609437347212
176.29138914468462
182.45416027069027
151.49860414133636
167.84254538668162
165.13410665469766
167.04200772507915
169.07269540989947
151.63342444205256
155.2624031500851
164.4455974694344
162.55486282164398
172.43870974989784
151.1955312293515
141.35562345462816
169.75926106397029
156.7408935519441
142.98590763622744
185.73087908976893
147.57685862740612
165.04382047571093
181.31932722641673
182.71296536514737
165.063859346732
170.15350231668432
149.22135377678933
179.6702501065012
159.91876097220637
164.92417094504899
185.08121052627075
168.1712838019749
164.9272224800021
146.9826436480748
165.19997018118707
161.69028947058285
180.61687183552294
166.35170510452957
172.89342955866113
170.68768356329917
150.32668452583565
174.76797735244338
162.5319875025687
171.5909760331428
173.2168407216071
171.2239878392103
178.87166114566207
166.75917418837344
169.444881149598
166.8744863067212
166.75858402345224
177.03562124418363
164.87942574402243
175.9601547460459
153.6885166604238
154.6914384979578
169.60697585012213
162.21172188727698
158.66614988820257
169.82703867074187
184.96067575117607
166.72778969994727
175.31504386869503
171.94362965444222
182.15371604119488
162.26509399910478
158.55732660646453
157.82862581980487
162.0940991612516
153.80208158026
163.59879122737385
172.22473486863947
157.03020906083935
180.19362416060147
165.20623708134715
155.4864201866706
164.99491450963816
178.6199673668708
164.5404768630079
170.1528816356576
173.56962093876515
171.05455303883215
172.38737911921135
170.0060912020094
174.13359039038463
172.9840470097961
162.86235460760975
181.72858258474304
157.72732126897503
160.43975889161032
173.80262088130613
167.25058092375914
171.93342724662358
163.1680566248886
168.88099496340942
162.7954553900816
164.25603893299052
173.03505018089268
162.9082059799564
163.3479778804585
158.9277856559139
158.87150035430594
174.95196799708197
170.31626037655536
155.40027334755595
152.3947070654388
159.58907327625832
171.1872110500291
178.41268362075968
169.32055843105732
154.02612682786256
165.2456433453904
155.31725496029082
172.7472335474709
159.10223556126212
156.97749960332686
176.04598033426157
150.98850705412207
182.6329845369669
156.9814824354854
161.880025516183
178.64161088004556
174.35996702012017
175.66040105276073
162.18639170094815
156.20491230238883
159.60073441443336
155.38381466968548
158.6254095144012
168.7669453489783
166.8126443937406
165.36817467062022
167.22515903943082
172.51244298386771
152.5866760437354
170.230715326391
167.6442442808099
168.33827225886944
160.44386291292918
171.28943225417183
175.05569251946258
175.82968090727567
180.84969537915282
165.4866867374253
163.93529533912823
172.81405750115164
158.72675829417884
173.95080581312155
182.82646373600977
171.15494839303898
166.49901184279395
184.71043502539294
157.09974293180025
163.36333090908616
158.17430784888455
181.1797598965487
156.52353732010124
155.16505147499564
177.1338728152347
161.02304686341313
178.45059696686442
171.5890247436918
154.9038057677638
164.7999222225762
166.78430494097051
181.3249070760614
172.54148934700606
164.54438429515434
165.27729797940637
180.38234324894123
160.41079872016894
167.88663003074825
174.57621752420692
161.6775647734127
168.57039786280308
178.44570362406418
165.28442316076334
159.33675193978374
165.45989786149897
164.78480365262686
183.09163726992145
160.80403171492878
151.56369727637565
153.43095019223836
181.70767387253565
155.41458255237634
164.393646435269
170.75255866901927
158.90136163899376
173.944070024912
164.58571592424838
164.55691366558622
186.2689749638346
163.81348797261418
181.66267905388807
172.148390524895
163.08565482295143
151.14386270416946
156.85479642999587
175.51645523559333
174.3765527653457
163.0880866408867
155.49325318305276
163.89726002961967
165.3413864713792
180.6430397708041
181.33373014985756
162.50957828135972
163.27360182973214
171.0041455568751
168.02903505906824
159.34141029610416
167.06451075029213
166.8804650120937
151.09944055070375
165.46177224901996
166.11023701461698
166.09715345424172
170.98622071828183
163.91295902519022
177.02400917877875
166.92549651938765
161.82406478552554
168.75459186395855
153.3742925373258
169.29870267567756
172.18522649528293
164.81112200826436
169.9966369480885
172.70363868865627
181.5979775691714
163.6902956778009
138.4029054003653
173.85160483063538
158.32855135718845
173.70475892371533
175.1411462063741
183.2532979197024
158.68945342780088
162.46213380373715
175.12071548851
184.66273214572863
167.86472309547446
155.78331873659903
169.94390637150684
169.9652446935881
166.40680261199338
161.55506022100678
163.6530452603174
168.60492904504378
176.4084162879052
154.49881778298737
165.60657097561906
165.02880194460067
163.8907144886852
160.56802411037108
175.5521121402125
166.991099449921
164.06930232933001
169.4432002604489
174.02805690143052
170.03142424127677
161.78673706170895
170.3349410959336
154.44075108283602
164.79029499771755
163.53187938174094
174.79542238039602
172.32275215207605
167.91408083878122
185.53163150146565
172.7926840888161
168.02661274708652
171.9190891625985
165.81876457395705
148.13814510604124
152.47252648036334
152.88567669485786
165.33370271851598
171.86328160834555
153.73700306420585
150.28159172153374
169.89607416296283
180.66428203890896
155.1924493329977
167.84993475180818
168.39888291352392
169.516945540091
164.4979999297103
176.2554802522072
165.46307034028007
185.25431728970491
157.74130068326656
168.179280600338
166.58137294854998
163.26844391729838
164.01667512783908
148.04830723936627
169.206466074997
168.9265827949709
167.37913620746943
178.4723877249675
165.6264412499802
167.32914219401837
167.30082801983363
162.2436594267215
172.2768245388658
155.6814436514679
158.76595544573598
151.79481718508836
170.2196633789436
160.40337792391813
165.50482378353502
174.51520849116574
168.16674134424923
171.97647257213416
155.69739965979605
155.8905390723292
153.32972203806764
175.32201497101153
165.0477765102149
167.465393867214
179.10650221523312
162.2454580645418
168.99214057937277
183.59181621896573
174.99463491110816
161.12495434328704
168.09050234761597
180.15479275575188
167.54814865053524
185.29771766677692
167.84065425353847
177.60496049013494
183.70034282269083
167.1336464440346
182.2381451796324
162.8376574242756
159.551196187752
171.31861153679455
162.2017532978392
162.42058787721723
180.3295128473065
153.3070292897264
159.57134517262514
166.06956926661726
136.13910035410973
166.56144141515432
171.98618859029546
171.4761976392333
163.39428606395987
167.30867044789133
184.76278924079904
156.37823642163352
160.9386656671695
164.03871803773453
161.64004343886953
175.65770753518473
168.4416678707886
161.58167555354348
172.2870683789424
168.21758609271907
162.8619057517013
172.00643446632284
160.44327968691783
155.89345776943154
157.97438939947165
163.11308649091342
162.3603109426149
153.40324158174494
180.45153091029914
168.40857048322349
163.63498481640084
153.15407602515478
168.10964700267462
165.04886926542096
165.21798718840793
167.37142479416022
153.87561584506187
176.59307201341053
167.9363236212633
167.80557937709796
154.52819338630232
164.34878761950554
146.07887017012655
181.5629852829789
159.06080556554758
170.72328382451892
179.5267085058733
178.394552020796
165.34598490046184
149.55276691560908
156.39258127638456
169.7634827266542
174.42999154145335
169.38707013630085
154.43562958613532
155.2224410029504
149.73306329649023
186.3116648961146
162.0498693065292
151.46747232983984
182.11487854626168
170.61037399024082
185.52677528452276
171.1221662363297
164.55418066493237
173.1447355677625
171.6043003926463
155.77067276401016
162.1517648793422
177.95433990323033
176.45690985394685
147.18354802706068
162.209607420007
170.2800327792306
177.2903353213902
172.88237492813923
161.49731759864625
171.20346811260674
169.07452750808588
158.54311687040246
169.69783788554636
169.60107145325642
176.36696206667986
167.743920409147
172.8618204311892
165.91928095304576
184.62437805348068
139.22299048341716
165.1098615236521
167.18293019220303
168.579814514248
170.48105541850634
162.62827060862114
175.7346140649894
163.6776535487825
168.5489185941329
159.67799026465428
174.84507194715343
153.60631979480274
153.35871285646687
167.11740143668644
174.505517211812
154.78447073801215
163.64751998124186
171.2132535141205
170.54518110065987
176.16876056232877
164.90895488377438
172.53161716240993
167.12982140923572
178.45618196383776
166.51245012773143
169.6690330993328
159.10201887021572
161.20858452006235
168.54093087843
144.07366770414978
170.03122504421648
160.12727756487692
159.20868105009575
163.10472281640173
163.68867009755274
156.2283809105459
174.51499684751434
171.00077117638165
169.96556190221276
169.3008414417223
176.3356463853073
167.6728325234096
161.34182711576318
147.87954696476848
163.05942659585708
148.00161299465094
168.2647013984031
155.7202125252192
179.06490762900546
172.46121647404993
186.17009065797416
148.0118440582603
176.10834477997804
163.00780195447746
170.1202342017671
155.85679639929117
157.31891734885693
167.0824263902931
163.9319204072472
158.21638287640434
174.3728205678382
176.68370241811058
173.83784720755824
173.05901517107029
167.0187444170405
156.80704351586752
170.41850648716883
165.36203481899997
177.4590182959414
165.36097668596258
166.68535834549223
159.3094360062436
165.22766509687153
164.04151974309875
170.39983988575622
150.54808431205913
178.27418267082334
180.4705027073388
170.49444509871768
172.95746435368022
149.58188195175217
163.6574404671358
161.048261085003
186.0521527632906
149.3639023501797
176.74441070394363
162.77965642849117
157.2288644656735
156.04493023745783
159.16605987145445
177.22580558892702
143.15934062174136
167.99920157146332
172.26251684901914
175.0239208819296
169.72364070320768
165.50240950523346
154.58043474314587
172.33897652199613
174.88285735129955
172.23680605672823
127.46169304186617
156.44271141698468
171.20639013890548
179.6720005180003
149.38582123818733
174.8859485450572
166.3284866902164
177.83573352181443
175.20680224175973
171.17820834338323
165.05419786715157
168.83797677781305
160.37727381547765
176.0153986445615
183.52262467397355
157.8663778068406
157.40844951975612
155.58541944997754
182.3105473238902
157.85183927575883
172.28419289139845
152.61775868000646
166.48319327374293
167.2508738962741
172.93158041802738
174.66360389526375
175.23234743933295
150.68386490349366
162.3457287369449
174.90740736911727
161.67112815850965
181.6452562455344
156.83297300672098
165.60858395592797
163.84410798806087
172.79527452438938
159.52879249671426
165.11609726552948
158.5165149889269
154.45300357566558
169.74427287783627
159.89841565076077
169.6712457034336
165.5973729924179
160.74026925044677
171.89329658402113
168.93507978042933
158.17628882056636
178.46802381211822
175.35791559720278
157.04242563418015
175.51308943474712
152.87716566783715
167.232217272178
180.74957398073354
162.52045063178014
177.15850135772257
165.08138483541907
161.129493948906
162.96934351385
166.33231556510782
149.9058625696332
160.68954433201247
154.77096041900032
184.45435148999294
173.8894122936668
164.5494374850917
161.06517414825552
160.22801768319286
175.2895668080882
157.68961912466239
147.0426083019153
166.90786656531262
161.08858577647914
182.77230234172922
163.8454183931177
154.64137355853757
174.81159678330417
171.04555749869067
163.64747772279122
155.5470469934969
168.13989299009458
166.06016065827788
143.88550084360145
176.79092385226835
164.67715535563508
146.1838927648169
178.33021666404045
167.2191925476062
174.0105756234164
179.92547131859212
147.43324642885517
168.35231508587802
166.06740273350906
162.28122943680614
179.73879357375796
173.1740004346328
178.58045497942408
170.43610160421107
148.86792306871666
152.49290440782337
164.61703582901484
181.38395097938755
160.88691050969214
172.36609751564922
178.26927324546313
174.27989733772776
166.26260282922692
168.5383435060022
152.583948769599
160.12179643707015
161.72291189220834
171.70648748986898
172.97869435227258
176.37488468691788
181.3111573674505
139.98476718853433
161.65968593691906
161.57046961000253
170.83877393511005
167.15556205017165
162.71464505698708
151.82989431460956
179.59055776865142
166.8102881059407
162.38590176404668
170.6538779011461
168.28721466184265
154.45369440303045
174.71739133026153
172.415344694814
169.711475063757
161.51293036110783
176.724702174828
158.55574470090824
172.2561874792009
179.87097268490209
151.12616542817116
181.0500651775909
180.0024394482692
174.74645610775997
155.50858143099094
160.39022538105564
173.53031128514783
164.60731827255057
172.60768612436325
163.98940527873324
163.15006411742198
158.88982744882586
159.12403681719357
177.8813125501956
162.77838573836507
162.68841086113534
162.58557495278785
148.29889324821926
159.2779202479992
168.1266568819325
162.08081317136532
174.70816593721867
170.31132547993414
150.8028583072558
164.0273993101946
164.66752975811812
152.29748255339553
170.28687225316844
172.46878930463419
180.21302244675383
158.01721156026238
163.38285686011855
157.4266773355646
158.47696097867748
152.55846921167588
156.17662925371587
169.72589596494234
167.75701411684315
166.08639678094312
166.461523835369
147.79837542596394
170.68228449646406
170.79491709279569
183.64475173092455
173.71427485475118
155.71161513744497
184.17182749955887
175.4567190182679
150.05816143743462
163.2166865051575
163.66330727609875
180.9249416641618
182.21012408581632
160.77850698217088
165.96686096082263
165.16522313904684
164.21600173131202
158.8213367875661
172.33391746679206
157.50918813959152
175.69496787931882
156.03887261172463
169.15023749083596
172.17784824123186
156.04338367194174
156.20087515041013
182.97639594452667
184.12977502694
172.55826154978735
174.58495866349367
161.52208821709587
179.35463010922538
173.66578636872472
182.7402964273503
179.09697409901065
173.72952807334158
158.81964946839952
175.4987657440617
162.28921612716076
166.30336191363645
160.32418716083185
166.37192759781968
157.67272304684474
179.6197275157861
157.27078384066593
175.69651459771055
169.73803101518695
149.92420177889915
173.8854335664954
157.91586821194045
166.94359063370806
162.997876899766
186.13957511071075
169.10397030956082
153.7989562324888
167.47106109338375
173.0886686654299
154.98609233160033
185.37623188239115
165.56625543273694
176.55650756829655
168.50606577090613
145.53010879880262
185.55910416024443
153.08918282279268
162.4655081041164
167.937070626033
167.50193058283247
162.60663485274478
163.14815102926326
184.4773051941532
184.1184254764156
160.15222646880713
159.94847884646836
153.42154839101838
160.87190906355215
156.833948109099
186.21352401550428
155.90824676174793
167.77474090765986
169.21846858599108
154.7962798196291
164.31512275705623
153.32216967861402
174.43806362066374
176.57140619077575
170.46955275046676
161.51109498861558
170.2945695380267
149.77573878294095
169.95579703667497
158.81200729118171
170.0225937660364
160.5475673839767
178.72692000948788
169.525716962198
147.37515948220664
179.54703726589392
169.07569154280654
176.8037559726224
166.19574360645083
154.91791966705296
158.70173396478393
172.9661412374778
147.38552018930022
176.0244192196697
174.1660080339627
174.2084193223137
164.0472097617131
174.95918062800666
180.35186281693038
169.18106324491313
156.20780928736846
155.02577845404102
147.5159420861832
153.07221855074408
164.4905151723696
156.75825663107213
167.5011506040071
171.98921608284775
162.1314522493993
163.28005033766323
156.14209222293172
158.91374108412276
175.78712811769117
167.16906650004842
151.70587748306914
173.70199468925304
165.24796108399306
168.22230001951698
162.9280189215573
142.37200774470705
155.7446494524681
165.52595997966972
157.86366025338702
141.3754933440136
162.65905776403798
178.9925311453487
175.935808847242
165.75263461282927
152.3968062648701
175.9233740425438
171.98588800545213
163.73380052708552
170.36196482174924
165.8802711051766
157.03341973804163
166.12078015955495
178.7258160226794
174.37270733869795
160.17554790768847
170.72327428536343
164.3383572258125
166.41180663216318
169.8943014297276
163.61468591415834
163.54688127965971
162.78143518876826
173.817223189443
174.118801698734
165.76778779751442
168.3158008527728
168.49528657590906
168.833281985427
181.28384168610003
174.5037870549725
180.69027743826894
162.68821169336
176.95869162405273
176.3648455873343
132.1563972377298
167.06377828937428
172.48400329603973
158.2052924756968
158.66940188523532
153.55192993260295
172.73162915303556
172.6784409969232
171.66013565036278
174.02097012069035
159.23774181351413
157.28812623605884
162.2588630998669
174.95946029887602
183.82446605961232
150.45164605796998
167.92263437658528
169.13439504887836
153.50704766713676
164.4139064373118
169.875711947599
164.0717407681175
155.46207459436732
170.28212420776848
178.44999700318624
175.6340750553016
164.24539344228808
170.3877556419643
170.5299559107798
155.08507330072317
172.4288696426401
176.45212437003585
166.2166622491142
164.76947634423252
165.89204873960702
169.12555342250863
168.21715508328768
177.4828057144813
179.39451920539946
162.1425118309531
174.2763924472642
173.2295682373838
168.6587456817548
163.55469449599406
153.30220438895094
163.28325820326577
171.92587997436988
172.39514943335405
160.90791671715607
167.25241100325815
164.393642952073
171.5613964790898
162.1100115074659
175.7310638514642
176.66101444512705
157.04759808857096
177.7742169392389
167.97583186068812
160.43148586327428
175.2476214422707
174.40121367785733
164.979649516757
169.47296534543383
166.67592545347964
160.63181989882537
180.7927035614542
164.14490557470234
175.35481430932902
158.0206253984509
158.8395915647925
160.36908671014257
164.41485175411995
171.91967339707625
161.000212744408
173.6615488173925
158.90210397174235
168.50669660298368
171.20693482349753
170.84848818711583
161.1367331776188
161.41477578853804
178.5185419244732
173.00058722397125
166.80601902789738
160.85973007106838
169.00470772963874
165.18867892407013
164.37839296712156
156.02852645360187
171.41270502992182
176.3132256325162
138.96216002418177
180.24656379614956
186.29727989286087
149.85462600363368
172.1538603639871
159.5658233668809
173.3094388909538
161.77173541749767
159.62849626279635
169.35983859364666
169.5375181022627
178.4857240613391
162.6999847491717
168.2125506089623
168.7811632753832
151.05412848242742
154.43720272564656
166.3605568196233
156.3234438557322
162.5461346927987
165.19367940925832
168.4197361244849
164.0059030060765
169.5434257277523
165.43230958904164
154.04938188743412
155.77698962365204
167.5010609371756
154.7567608560043
166.24708611441457
163.059382592381
167.13058920478113
165.06709174538386
162.66967406496343
166.7855042641485
160.77535260932333
163.37369439800653
169.19401770856456
166.9295950597457
173.63877568387613
168.84931705504164
155.2182435292482
177.1008482109953
175.17045707784442
168.77795702641282
162.70863271730386
167.55187886105753
179.95002792158593
171.91023031804764
161.4469481732517
168.4978222271418
150.6893257332462
154.49548144045482
162.9522557161375
171.04958091299997
158.74999923484643
169.42364812309694
166.5454434161808
174.07104404487373
171.15360863512657
179.0084040683709
158.70203231687813
151.91043587443386
177.66915157975097
162.93215897234532
148.3381694528198
140.34488906026579
167.65789302594055
169.8356396880688
174.35854112462638
170.91772991755744
159.20133675714135
159.52197634359842
160.17823032125634
168.6191695389797
166.7916647471023
157.7814429647945
163.57973440666848
175.0945129294246
162.67223680947444
165.67173775743862
172.24691830308876
173.72729645613825
168.37547066728203
156.870522467587
165.4920220391059
168.24264500849182
171.51732602693417
155.98304770323162
165.2802965384707
177.86035992078456
164.48603970262616
163.46741856251222
166.52301704666138
158.1789902437864
153.17653135142956
169.5657975896362
166.858507172217
161.9626196330226
171.8447394865532
168.66233280760844
160.97353890629458
165.77258245684362
159.09145368787773
175.3733011788029
173.1300155924605
156.83241144375123
160.74070105999576
169.92423609430426
159.47128515003928
170.4885135329899
169.70541062764795
170.89183413083958
169.83541863589022
157.4544637979639
157.92481122140202
162.55114448372174
147.72461786590307
166.2719192546983
163.04523308509567
146.16251793990557
146.46795515336714
163.23382009468125
170.57848199615447
150.87398021767282
172.26943908709575
166.8282292684607
154.580670548511
161.49675373553598
168.46603825839276
152.6353570326415
150.212848620828
177.55341246855832
