75.26366511636539
46.03145379695352
58.088445109430545
147.2423527504742
67.39064274092577
126.97535962050591
59.15021253659728
69.3373686222292
113.03680668298976
107.19852310639531
79.061228026843
97.37047007976668
27.155397358194293
45.62725448948396
67.03481270070854
146.24536159283687
97.67733522261972
52.93874264748882
78.01852671286716
84.22603829299584
97.47759491237446
38.87207802359106
46.523071999335414
33.6784528089313
35.93748737320929
28.617544132728888
-11.403778801872349
10.383514603716513
30.739033431367204
74.19860151256545
56.80846831248952
92.33639346285781
64.78731223858892
93.82180954313621
68.21204125413438
-28.313547379945007
54.839955402686755
125.62754509794883
94.32481038184665
89.35062414502488
161.35386889080883
72.21389137099968
79.92079892856393
25.633327766716555
36.161795972937306
156.51104168305136
110.76535937132374
71.34863341138178
15.127429636635874
81.23961782427693
97.21954564229543
47.78124098169265
96.49209344979711
72.88577698575243
63.87125103544183
3.387549497464292
62.59589271029952
43.65911850101699
8.98407487403513
63.258902201972006
95.1748879661986
92.22443150861325
138.1234144021638
46.517684110500795
93.6028004793508
111.0714984385672
34.543529477628184
80.57671814611527
35.113797212179236
70.17004196026669
29.40431258221178
65.57865743113068
-10.574548033895852
50.671439751904835
47.22799040661608
96.27078846233798
27.858485882529543
72.11141296170882
-2.874649700550208
76.31116293650133
89.02331757955878
113.36145996081584
98.30906841988244
157.88306901098872
59.25343422793227
67.38461915764987
55.00318005083534
72.70144310515703
11.193120611754068
20.694076100973007
53.976140622340104
121.4248069748526
63.94881890946883
91.63184251474445
83.7954488226614
36.43457436140915
32.306709838476365
53.60283358506216
52.68500720512331
65.7080186192392
78.79605659061866
93.74133353180255
72.09428012076262
132.27915806383606
17.187944697777354
86.24529295829599
46.75093007809533
91.08263811233613
63.983152317934966
128.22665024992983
62.01491705438673
80.73151132619043
92.98034116842689
117.00466485374375
74.31941430432785
44.14456560290145
84.36996321371315
56.25853023584974
31.515235310220007
48.39883290628682
89.48065954590295
89.49815176029325
72.52048483499001
19.550586356904986
19.11651533330403
71.84481121691563
34.718077400590175
68.21275941043044
43.63393840799387
71.40006021543705
41.00968040510081
25.038920916979272
107.01536547695174
67.23935270583502
72.77179541267493
63.97909869113962
47.41647986974742
54.91432341240869
39.50485191231536
75.79054118396742
32.246579185855786
72.24169509156923
45.78444891712729
83.9859198565088
70.80924158733491
122.1740437222976
-10.547911479289752
100.92212534018842
44.44283878235616
35.623062927756166
65.77771972992697
128.35344190972904
61.935531847200735
48.15461696772156
85.56701705578463
35.201074538711765
81.33411347595703
71.49276496675421
69.7628516437738
73.91128104783986
71.51807851806159
7.867926391092681
26.114947410038944
90.06819141243128
49.28870069673882
65.35417402920744
30.911282267233936
27.64010987558123
97.13914968011778
74.46262598935505
51.245194296157784
40.77077138106252
65.09495671565463
127.79955272259878
79.09282179378326
69.618619911428
37.897251699789265
2.3206750538924936
101.48936906708676
104.17873546874395
35.008105276747116
108.96240442486379
82.10295301105813
57.09910639504327
58.51634556123963
40.093936131705284
56.08556842102285
92.86326479157793
114.41149084447622
21.188502565780574
146.1423241795561
107.74011288539268
54.326217329638354
24.20161650108755
90.21957546510825
74.01175016435536
41.350782213339556
71.99981026174122
54.5440050762756
88.93727820737872
124.27701858937029
16.815055616971684
84.55166630454143
26.55938078473804
39.65372470058698
51.30411135170054
58.50770833413416
63.27543223747889
126.26352021748596
73.36369580554823
58.52050578270672
139.57630385328858
90.62572340266901
104.0363303417708
61.623602021080416
61.710559780390284
75.46424801285573
98.58789775792405
111.78323373407738
97.98929304835733
56.86915442920655
103.00399513633937
32.83673752780943
35.44292226546621
44.47348025087291
73.49823440011313
71.88988113074522
113.33430769351443
-3.092248173455687
101.28323479539097
77.42633743903706
76.69132551627146
69.8272496039647
56.64832893698719
52.309019695739586
58.83710953207237
49.66186591826518
31.379101866829707
97.0268084918427
111.45562791468966
101.27060914737805
155.59411558049646
18.200227953052718
96.34209383062483
14.559077760378301
101.14850273246165
61.875394394598686
-0.7363111687504471
98.74443361702583
78.43032816390803
60.56957704586088
78.3833375041896
39.5952202411583
134.33738101405172
76.35166649358845
5.710844792203062
93.69330571263943
40.5630745978236
86.42554641343858
77.66297907312253
100.97686778301191
84.74858886974636
44.11239774133357
13.399079656928095
36.94990548991509
40.39326058452548
59.81068520584541
97.72425453156151
116.12279045681115
48.141564432033476
6.236861428398129
79.95422031160732
76.40632255018635
82.26195406010027
44.370189233045245
77.73055116116544
60.884270795018885
9.4326560122486
82.11797229492684
98.7164553748162
110.34263066948165
-8.936561269449939
102.83601992076427
68.86753689210227
69.2050701318475
98.26293782354298
50.05933432564442
48.16535171948455
37.6429199515333
71.69036346539002
3.77368089622928
61.113652533308354
103.81699221607187
82.73363090643068
45.65960273200364
67.02190531760853
74.74265992538197
63.40976335812627
76.61198891608608
85.71535017914304
152.53994806626116
26.132719265631394
59.28316100335367
101.45859137613749
42.84625436933818
86.93480232673454
60.8536841026372
52.723104284289164
37.71827093501073
16.684125379488258
152.8369781866749
59.899032692179304
108.51445616184975
96.96772191436025
102.85978085921516
114.01551610140989
119.68668139652718
17.225576367223184
31.403147190295904
44.641089566095204
56.3506583898778
94.80594106293162
135.24108158677336
142.84436242003565
8.39747145751312
16.499700415619408
43.47546058322571
53.00784408097798
73.15247184137394
109.90185972504884
87.38441829439053
112.58620983892916
76.98120708814409
64.3905000262035
84.37298538539686
83.76439525544343
46.56041836779253
74.03892812714139
101.89857643185412
38.80008980605791
35.36093757611366
86.59968130346445
27.02572063143569
67.76238035818636
41.55158730356986
12.662394909927002
56.153257862911964
20.497094977963563
61.28803063382967
61.136547697615526
-25.28124078485672
17.201390663793873
75.47626936354122
85.49932311414707
76.51371437707222
52.0637338028268
22.826347507826235
32.9955218946227
19.289460404777728
50.536018673616844
32.48491787702762
92.8533855589803
92.18065897322612
39.50100262151627
48.1248565966289
33.18062724002539
9.421311742599997
39.565439671891625
64.4424073767981
45.86339386424615
85.32103636008983
36.52070708087838
121.38895899339784
61.758114368769476
66.97261643664358
63.271290871332624
52.40429630018177
99.87037623200537
81.77368269112749
153.17830277751347
46.22345374257744
7.886875293543284
86.80916554154302
19.322645252139743
17.16474586871022
50.80811693116219
12.65585380133109
72.94125504642544
119.66249024472411
83.09522527294517
48.5011294259146
108.87080789542912
95.89097031203812
70.18952278695751
96.30072368309715
59.150364588766955
47.913322584012676
47.59778628087304
42.24140741629927
21.946606994505203
-0.34621724653615615
128.49569793613045
74.69390948986894
70.12955472222319
94.02185334332462
83.65122215401685
78.15281576927745
55.27918569836652
108.26318434408569
8.290207103886573
49.27878929506473
80.96018915251486
26.493842416788873
69.249704129112
43.577370051097205
67.35899562984524
72.18903891704268
60.64520128821612
59.2114485224196
40.389677755421445
88.79474274580843
130.95650902057542
44.4287577813399
105.62222513853888
95.46279537581546
75.51174257459363
81.5533809501859
44.7201770737561
80.64507699448367
61.926698251584874
141.04179813338027
102.41377704493698
77.2658118662305
81.25554277411032
105.99042393235213
118.8343120164762
40.62691300628548
69.09535860215507
110.35317147665992
56.819214396933795
24.96961777287924
33.138214506166975
46.89370297219644
27.32033560563883
129.5202289758775
95.38019466168144
-22.320939173343675
119.96941247670492
116.94020165294489
57.338251274297875
115.73154987321638
78.26009522136357
75.45326622151958
139.73054909903294
58.60223249054575
80.83806737975297
62.48877323876414
41.04492554770562
95.00326927987254
78.58399975921371
79.65432352937573
60.4844369772708
31.68438819772129
120.29853314036481
97.63746406205952
84.3710631798204
59.8579535240379
112.30185114029027
51.304531753779045
99.61908831680515
76.52485344802353
77.39913336030034
116.78833462347328
42.32581757102086
107.87858679800445
75.83800518047124
149.80945909519193
66.38304724539792
1.1033671135464758
52.86231213179478
16.643356689860788
107.14853067395907
48.418000924743566
82.98243209576273
25.026349482155958
88.41666543584857
111.19073817649945
56.41321390170041
26.792562485541744
46.19214631874658
3.5977504777814318
96.38789904787151
31.07112543098085
65.27929156023372
-56.177289324570694
38.44664640751276
63.69523974088651
56.89323179777237
42.223624226735105
41.26022002988552
189.187389481303
45.57195395840405
85.18313914360905
42.09210451151706
101.34962262246835
75.30224120095514
92.44833097269671
16.701004016348193
49.507767994207
23.92325746358538
55.13811184384099
103.49218695285018
35.847809788444444
28.12216539815399
68.61224040954727
83.29353131867565
98.06212409632576
45.87137038218578
77.81324699669838
51.79307901674467
66.16320034956836
72.31634053938
54.337907977623225
106.01880324550291
125.8528960674619
63.9204459818998
61.26066431185095
66.82856044089621
39.37840613676225
31.452593356992715
41.68091544127237
60.641354809777425
84.68506753511622
44.70541913372851
64.2819032988745
71.34345892880079
80.21777917362644
78.86722240958073
66.10689169194494
61.5249651100943
120.72499734984098
54.28009966694326
32.99515720878277
41.32905365495405
70.11924020797625
23.836999917496833
37.32621858281074
38.20747316677851
64.98284298642284
70.73830907068027
51.712877242257015
129.55298817353741
55.51014359378004
109.20389194717042
47.91917690980895
1.951347495816016
74.40062786240213
51.85059452444077
80.37643066003442
71.83566811173276
-3.560654214380108
67.87754454843432
41.489629338756785
93.58918832785295
79.84166301674806
39.793173437902084
46.00791433133561
33.20261350709343
72.64624248173071
102.89494612534557
43.902306288581094
85.57590323067832
94.9818634002271
63.260852582058135
120.29801476742745
118.44821751988263
86.44990518571039
73.15597761244022
78.92780307572198
11.372468633977917
163.85245211199597
118.75341141944618
25.658313616433077
69.40621108420981
91.26655631270737
49.897627749147915
36.183039718760426
52.38500655462609
41.5553065439824
71.60810417657484
88.08922082178294
55.018598311576554
70.26801140500784
23.29330581422778
21.888893792817925
82.366520669845
23.98183394889601
43.269934595617265
61.965837261017356
41.49122424150244
83.4527592177718
39.84114093095901
101.4702999364358
25.117425391998857
69.79388640854825
53.03014650592972
81.66389651472633
106.52597443144253
55.12810517540152
41.10250777532694
83.56286135900851
13.279343517852887
78.28661293659823
100.4373451020509
68.69285122487956
73.7526584738512
39.17722112920684
107.12932248209583
77.82271381764393
75.64586623379148
72.6333389444391
56.40872743844872
70.31539114795777
3.9500335290016224
40.54065959224168
36.91123384185251
169.0280437388293
76.27602225904167
-36.6104300045471
57.36995830839212
68.43968097339453
106.19190317869192
130.2386644571691
40.44595556671453
40.79404102393365
72.2254772577849
40.932069758241624
95.0125682244932
33.36888787608292
76.54895666704776
148.1269445104735
44.159525653884145
41.71714159502044
76.60051976508569
86.15602112665937
67.00333742871258
-4.294238847208462
0.6536162860028654
58.24652252311457
33.788303571196195
92.95577782967538
31.819749652095624
137.49012327913252
63.858119993911
74.55652727475022
89.61560066279918
72.75274110133279
88.62595545433602
61.24753599355108
54.14371313765102
90.29977765442037
11.560137492661909
38.81104005368148
97.05573881033581
95.84504767679402
20.430404821382325
75.87206421816236
51.089754695670294
33.77066326239847
42.135092039419014
75.58292260043777
90.75762256014143
-5.624199815407721
-6.928465070722808
101.50391301949983
59.20413114488624
53.909248221579375
-12.15220833370492
46.513937689548
66.42471424957618
19.85072571911315
98.67420043288723
13.299765714551171
103.88015771959306
133.75440924351716
56.88733025193996
126.17926398584262
53.60171790666692
44.65043431510625
53.86271251884784
30.33031516400508
111.8080209556428
66.05143244868307
61.406781305929385
125.84526104677786
19.167317776939697
2.4664058735621026
7.485329571245273
81.32592828440407
56.464465224440914
13.289596087986077
146.98726264858044
44.05911989901938
82.76236363987445
-2.7507134793079047
108.47666758446967
80.05752943486564
-5.051658006928676
140.00546211919522
30.06906254646666
54.61132434422408
75.48632670376615
83.46413883532637
69.64923923676743
62.074668525411255
102.20562434365519
38.527124543840436
34.379067210551014
87.18354848836503
46.331923458624914
33.28022533551635
14.443868021517318
64.00801887144976
97.69961072354317
48.046332722835494
174.8296660272374
63.539524286854714
99.54743626002133
63.55510225918785
99.42087401463664
10.660530085752399
86.99201310068898
27.422447873014526
169.727023623147
74.87795369487282
29.946055945563167
114.3574463528503
54.713658863662644
116.87236098247214
98.08734712549725
96.28765332703136
63.766086850193545
79.95201400579973
94.40375637807342
131.04413088005978
8.553332282267924
147.50783658051574
84.62393874933186
58.87326168338641
85.35316120957715
116.4179300530227
56.65969475450128
76.1854241018198
92.08652003816582
37.58411827118077
93.58667443877656
26.619763788284068
98.18180301348369
0.9398429382700115
9.652993795995407
-11.600692523553079
111.23905815999879
86.74072112277346
86.32547705171903
83.93028770418533
69.59432839653428
138.71150779145665
-21.899661860317224
131.6231789597699
59.94618058981743
26.55925553677563
29.60159140223842
37.017117956151765
67.0463017147357
82.52272642628083
37.36923877425499
52.20365056163271
71.51700635243022
50.374879043560384
28.955989253143414
64.58840314066107
87.66184401577118
64.55403032457458
60.51365664323325
60.28331465251342
85.55828717202382
105.06964357400783
108.48435818268624
58.705644800214664
33.339306403674
35.837420062448686
170.6512112920745
128.928158493661
87.02913096613604
81.3618806370613
49.24989794642718
72.39289789129654
93.47765615657347
57.82243933725545
112.77209868363735
77.92330489038054
-0.491665436100007
57.66038772714827
43.60501189824448
66.27526244439794
67.37679398258955
54.31739464025931
74.25422258517031
15.759144777263494
88.56331972251864
42.83043724342018
44.95440187739014
128.23457547124153
41.02378226658895
40.4433141200021
48.18116087817887
48.874800716787526
55.711907964105876
41.033280906618806
43.0799155354826
87.89062633991684
55.39942509490385
53.32102314234351
46.4737445437669
-3.6833397646336437
63.042760649458536
43.609423772424975
-44.74539216775386
10.207692866896927
79.03471764180536
118.5346025762865
80.3169546421628
75.02102899714528
54.847986692561335
82.17317531211948
42.61370521327183
134.09573145083584
46.63937745909173
48.46260685548468
67.56158752319807
33.663401110829675
39.46923769345224
88.60401393886681
28.44386621140181
84.65271818972462
28.87363322668616
54.04053978059108
40.60589496437315
13.074529399702215
90.32403060719128
41.18571337849863
16.371038812291232
61.04317528204667
87.14597953679832
111.81304268184115
85.1610259589189
23.555798031825475
121.53689864522258
92.79356587761711
-39.65145514357117
66.14019031542762
63.74354884781789
44.76524300179737
47.391200771112565
-4.223984689777836
81.82486633107733
75.48855794460584
55.92067120086051
21.71377832393987
94.10832826463256
84.1559704803413
79.56154879389791
166.13495996097004
84.74692536410042
54.31230351237565
67.00875769483311
46.30563110387382
73.78483323370376
39.02928882646934
112.09985655284146
9.837517724873003
84.00289541246167
76.87282119392705
28.495836772965177
56.32145309233522
64.25153504646384
-45.72416858607758
118.50471025756787
99.25404117358175
16.734665643675015
66.64558345581104
83.0694149475855
23.02178477978559
106.22465628696716
70.97037251303828
29.997852526160145
12.018996826360997
-5.20989742332371
139.1756331670935
78.62963148660886
-25.375464575709472
59.91615988261641
54.05692051836183
23.064091830190705
96.13275673010196
64.31580022941233
97.07415256927008
-1.283942857478749
-23.33549997102226
143.7820912714516
56.503087241578186
42.842910887861485
58.00443405135415
105.12696453753823
117.11339270347867
79.55311968774713
59.03067127176375
61.18451496466424
58.26190651011613
74.12682982629337
26.696951695355665
43.776583872777344
49.89047295569466
95.24697589819245
69.83890885495096
11.430506981863218
90.709698081451
65.16571449869912
16.919473455167868
50.97729244433263
39.60345317633552
20.64556564932102
114.3843283995769
49.28707365489184
102.58065772445676
54.455752147195376
35.30707676530423
136.42845355371867
49.2267056357794
93.50276873227116
40.9116202764843
93.32540978840971
31.729769286767997
91.68134310257143
19.033926383590632
43.89090981325461
69.95433286632873
69.32282004987105
70.46535582394084
-4.788412630899828
65.64455485219315
72.50433683196715
35.79802851241154
75.79655025274643
36.662207693615485
50.177577628969935
138.64002537702407
18.161110155079648
53.82770680339769
62.65787866424279
130.08150789598835
141.45418764909573
16.7171685667412
104.14271421674606
63.877297478657496
31.724108166423505
26.135947745857138
51.71119165725027
22.913400801992466
56.84267963788695
7.0090849260704715
140.244546341722
41.02386796402421
52.68643520958923
0.3814949999744073
101.8735394369065
82.16570413256662
75.05135869781421
61.999242836807895
131.0145769115058
21.769206452316375
70.67063449290275
88.89341424840269
37.32819995521133
73.4257739432424
63.17821371814929
73.02862902379843
89.94634768942294
65.11258746192284
58.30568449618089
85.7431072335869
62.0632016674685
52.78155292151895
41.04348400116462
67.91259955159835
81.8480901793666
135.09642184658642
49.65419411314461
89.65325414305718
-28.749755306496198
18.15053209952653
-19.563783416946862
85.02196496749757
60.07650157185911
15.591835344835289
38.70447814254868
62.693627667344636
96.35253437399177
68.66219838249901
77.81965877890394
45.85920696311112
72.29907136738862
82.77711508811393
78.36623890058327
65.72740748533481
78.46675170275346
122.73331859945512
65.16288880638933
89.47370311150772
-10.461011595100643
110.16373992852958
14.79155122234826
31.444462791244625
39.25539996933956
11.891836713351154
88.10905161547342
-9.627458792668051
96.6789058249417
87.07293553667813
79.72078831347687
37.95072292479927
51.054220020442855
65.07843201881906
84.29445252363192
115.35535990508549
103.02757978415434
48.66481855729087
88.54741339310051
3.0048039059481653
55.72255937919176
24.114963671627578
62.12112512368823
86.17377357317207
47.512571566181734
57.78345419758401
69.40606601843926
99.5315164593126
80.75841118950567
40.30923647900623
95.45356445731521
60.13279704418217
55.235177459115235
10.364799749264677
78.98582110489387
14.10872438549002
134.9985936762286
22.289727870899362
71.84123963785382
32.065526573040884
94.10037049080495
43.97686638556592
95.04137810888157
76.58858562764217
38.425360330484686
90.50701844455276
5.651578115048302
57.67266283948399
53.164930443216434
81.42803495837006
64.38193011304506
76.89263654853866
11.447980682841937
129.94526681291165
67.68912560427245
7.208788381091722
23.47087993116166
73.80411713778565
31.715435717154328
49.20109953135592
106.5121152663307
30.927948476918644
47.361589465866004
124.24998789066412
40.398950997803084
29.139389992259588
83.97613606151612
49.40827205081914
47.091863584964955
116.3986362925752
91.62442297082853
88.79379753156708
78.50884526178828
63.401585121923326
44.55952512943033
80.84663924944815
12.805849075620444
25.82000204556168
90.74479241740025
53.41781549196075
57.77456261325366
47.03056759715109
107.99737426169256
85.11955848145804
115.28129453591879
41.41462451939488
23.8468668659754
88.93058844897087
115.39232702439568
69.14998705873646
97.47273400502908
80.88600398781475
64.09720283498702
97.07467518347346
16.95433395251961
49.129680383903846
45.47791637527923
-28.178058113325292
37.43632898292256
68.89209768267195
84.32121486350059
62.80632549683781
99.84625950828948
64.66104756249256
48.486110017267976
29.693700150713866
95.16183956149027
90.38118062438429
70.8573996079621
54.72694517921681
63.38410472413605
16.432973387710653
99.69120017550507
27.14255566848187
72.54389031472594
43.72558683136753
80.5594037246811
66.11050628983253
70.91775444168174
20.963563883841786
54.94360495795481
5.824994794984079
12.88116751534286
69.53450737477212
96.46486711171521
94.49539109509294
100.35526749437945
115.51908528662415
89.33939941680319
71.86321239834746
99.84943692973809
68.4396938840176
50.98980420771977
54.76181485477653
42.91264732952207
87.16599619664221
-9.124267100779832
37.69465839632524
183.48411585484396
75.46909463060932
8.629642143684528
129.97152153258367
108.33903607549749
53.692110702419775
70.83519287142323
100.83364076476443
22.75668220079892
52.46743556221078
117.77067818750234
-10.975556978382912
71.76849627638529
6.330213664750353
131.22327605561196
60.74208970435017
75.62287174021871
73.17665192764632
104.17499779059324
61.43398369089817
23.384149916504377
73.45207293899159
26.036834849606457
50.58758114989753
51.193911943176246
64.14724711209318
57.91446724914867
74.92774282267257
22.14292472917814
120.03305765544037
56.85062896392859
46.476080832604325
14.745413197260767
106.45597763302496
65.50285853391878
37.078118507271114
79.02743658816502
83.02017807324037
70.71888347883755
39.85809295839127
66.16943567376961
54.33996281658924
69.45319871120725
45.01560583409217
64.86838725082761
82.44639064386311
72.30605007858033
104.43281777619273
117.14620598014538
-6.688780487525008
69.40839327280298
42.894435410952596
128.29820709587966
30.726909596508726
108.87498818020552
81.54131276632361
100.03530881753414
85.33196522091006
60.71154015538681
93.96603264393927
52.60093172142854
49.721224910274145
62.69098602734289
58.135946142075056
116.8116919982896
101.78788209149954
60.12979302224503
45.50404527067704
45.55127403603903
97.02914121230336
148.4529279784068
70.06402071384198
26.42028771331062
34.02110733480936
58.61481936059879
-7.8815078116682
21.13599251042291
50.9092434429799
102.38352422018693
82.58125393940033
38.64686550919562
90.72986777443523
46.57046915261961
91.79939728565233
92.62778264004245
128.17753130038506
94.08809072041711
168.79725480511235
4.211378308539132
-24.92936992199664
71.46443010844301
15.490507604780014
-3.8711126084996863
4.559301283468471
65.86719486459032
68.39284532473167
3.926900739083237
84.75397505533843
73.57719519204602
45.62020174665754
35.95474351736284
20.166201907915905
58.20188786476264
100.72782649819814
33.931314319743905
61.787585344631346
66.76151373896123
72.98574213154053
100.67981238827862
57.67740310397359
43.048883859383096
49.64769510370471
83.18309131023051
-4.072050613260089
49.96889676451932
61.71972411984118
45.357932256273855
23.387233486060325
27.236987360394593
66.11049636846188
111.59013163768466
111.27514170623203
66.9807619901056
44.39151890489431
53.686139891933706
34.7266582887418
40.41314611208735
100.50169627297399
33.55552472015813
43.487557194307385
89.56782945566839
37.15589585695249
88.89236191531347
150.21039841016153
83.95515768559252
60.560347516352124
106.82953061302625
79.05909737769204
120.24947823725773
32.563438212488975
30.15798373533925
77.3178265994248
117.38712492872169
15.810542122599522
59.29385425787084
27.113259552268858
26.72203656675112
65.50575882293805
50.44495418085838
30.147775313028603
-13.827977182678453
40.43383227986769
22.07964558770817
92.88098654265661
82.70673019443312
80.48501964706091
42.73857016890244
89.83159981975835
4.658406600611428
55.65975486739216
38.618347782722985
64.15957399369668
56.32417482169017
40.48426722199375
50.54019411664548
48.366687145252115
-6.780344466372554
21.529737646705655
131.40950072091417
51.25462532357361
24.38010517649993
40.16027719427005
55.171042329796606
31.94832456924823
42.07589879038467
52.059427811753245
61.1780049414894
94.91932015692765
103.20935873934926
112.65343812602305
98.09634110399715
82.27901867073408
91.51021319267709
93.22224887803728
20.51479640420994
70.51067027224738
65.99054733520286
65.61186162252797
93.06958431553485
151.55884618104312
93.56153067880342
138.99925880922297
41.704496680484525
27.085061594758614
120.42816714236686
13.606809489952674
85.2440067108518
72.67192106033838
54.68380839118368
74.37896391136127
82.04662631252269
30.789283226305244
60.67608204573319
43.582301920029906
92.67014936831906
47.01292888333836
69.35758895200107
39.780995672256445
82.50403642666006
30.807629437447318
80.00984434390965
62.72959411006258
95.63316561564935
68.6669396738615
63.770055322177285
59.33473419014821
123.84970730353655
-7.19066949865838
88.75363892583465
108.7694931808633
91.2006004049794
102.97430219619065
135.69342331642753
38.41135105667952
110.28112595085315
87.98886583057205
97.89832198423208
57.29762970632934
65.03227916000642
55.300505873730785
66.13771749543712
2.5116329443442
101.2941932958477
129.21711189373056
54.65145862759719
86.2105041522679
50.89618669524648
89.17002877882732
82.94422013176738
27.023622882836243
44.77709084489284
96.64542056785692
0.14069302400542227
24.66488353353823
93.03708475740967
63.72767565917786
52.356538842316
78.91340373513557
114.58168819670873
9.632869837144739
51.757282782301786
65.66625129794895
6.265883508148605
55.092786343392575
59.10519424419236
80.3219602344603
79.50391347913497
20.84692794548119
90.22809403054143
25.946846911731598
78.35956136134043
99.17042354056494
17.292793345716646
88.24909904143294
56.42929700404887
18.8145337456412
-8.338847322611244
81.5883251693659
95.30306001774011
127.23878489752263
95.66099843137265
57.07020177902802
89.77691830822907
97.33972438044376
64.10363868982544
96.9727302863325
75.76431111450857
31.274035823185933
46.7408539883218
1.7409925906168908
73.8228079503219
99.32360448946834
46.07251505507264
47.51795933609934
59.71732095039544
49.12590147636373
56.28179102069106
62.792050314096066
110.91048138265404
64.09287325183097
30.672366529728286
14.790857158570489
22.153729842999674
70.83399750844124
101.80757530149788
82.85300345073856
75.18231812468804
92.50061524586792
102.42219919435081
105.47053247616947
17.967408080194872
89.56088977289274
38.640789088679995
88.23343439940479
106.31446004673533
97.76239171478201
109.68583766650593
53.60835998965151
81.50564550178782
102.31034628206069
28.462444867565615
96.85920131411258
106.54633196350389
72.36857205801142
68.77012969976894
65.11179613600528
122.40486729691466
57.71215348979625
19.855962346718044
56.63559424348
77.45814268588126
65.66434355379695
96.61407865252748
123.66639700309881
-13.904574520034032
33.755247675907114
63.87928130692684
81.20876130064595
46.23010627279654
57.31049270768278
162.52415429758406
119.17983447697125
71.03614990010004
85.47423786817609
102.74612837425673
45.10704548613443
52.796846751756895
164.60172911529236
103.53372138213716
84.88179656384106
62.27652201792967
70.92303398248984
45.66801310576403
91.27050772546882
64.22625720264223
114.06853183332906
10.443322784538822
28.717628946869908
81.35638574634669
137.56618429029822
103.87187894187801
80.65053199041341
87.5556946343116
116.01441553223654
114.28917970128211
78.90977638898082
108.34105702762727
96.88987763843889
93.66601587670044
3.183191149836226
102.81135716040117
55.380810678663636
50.18564490943156
64.0541304076518
64.98433672729249
35.30147037815549
89.96697549288709
-3.292489115955078
85.61667748719539
70.0520842722449
129.84424985812518
48.55648772253826
32.900722199086616
91.8004337964115
56.93161970529537
55.352307552707224
71.9120620476289
28.21720331474804
117.79543194198244
86.16796271426904
111.35326313259657
54.6956240331986
91.65509898299429
77.6872415646503
46.67359835385909
110.17523024522299
67.27821004902052
54.94217206506873
78.465786295247
57.80103703942689
106.73850871790236
68.33494259811026
-1.9785720275476706
84.57188762389599
78.35200489967451
70.85364009841764
27.20935695422049
93.34492959736887
79.0027120755868
45.91358728264042
35.71805051511778
142.6047461804349
84.83033645393175
85.71883834046861
41.21685239205269
68.50061742229838
20.72754507128313
50.736766654053284
30.614658153673147
91.35854587804793
33.84057864578267
98.90885895120805
84.70429492022411
66.32909437191876
35.309684967292625
79.36244073960125
23.649473013093754
28.68188182860313
61.43923047368338
31.81460689638744
17.337217849182608
106.56419487407337
58.6057075521041
78.27467317767325
21.886892447696773
41.55591425108055
-3.375505453346733
77.5662040246715
86.68970434061936
36.877821994014596
3.571540317084043
145.1912622016256
100.16434684073855
132.67220302917406
86.3876872473145
46.45447355466514
92.0306723435473
142.4597087126151
83.03427930374137
84.04215924421439
9.365530234043696
61.89971568749222
15.505345611011911
101.24653580812151
45.62992484453538
100.5715643268255
22.158018565573826
62.703923862103416
98.39295862089752
24.708609963909723
97.45708570758762
104.2302153140291
60.241068703407876
74.48166930439422
67.92667967549771
76.31845310985528
48.56963042376403
50.61636939868235
58.811153870845665
45.156397236413106
0.02248292665866103
71.82455839625229
59.42314098544233
61.66539372243682
110.3227227147596
72.06675683027228
97.6326743290722
126.1926286012899
114.95746216262373
87.74577179066561
22.4390557395944
97.13326901890841
101.57846867428442
67.48740064254741
78.06274962466131
4.608954117512106
90.66603443704172
12.263844937835387
7.092074052299729
54.60319049751845
113.61401703347263
149.4874645638435
73.12958770993758
51.35550894527623
41.51551370709333
76.63911028943545
13.97958073965578
-16.264610581070187
21.870982618972064
58.18052485791193
45.20284212248197
57.388314435105436
35.65306110930412
59.38515117081704
25.28580336412022
72.3379136140714
26.471517871358337
60.96021468908118
54.59364445298275
75.67580921622059
15.857450134777835
51.86130481666423
19.775062420785673
47.42357816757087
154.13566186134318
68.63743069785438
127.31867877658212
84.0218906700344
95.48691571865459
95.75369604498843
25.939837318457762
18.696016251862233
79.04505525276599
70.16069529445345
30.661138038951727
111.34883774807375
111.41839460866848
101.15709028980257
90.38136282061092
61.6784040056057
10.872815129356106
104.3517234498598
28.932995533961957
38.54865251596934
101.05355986247227
86.84835448201491
26.59535896240981
121.9858427445619
92.75745752069983
10.05345777717826
71.97768548448349
84.26983483716973
21.814090622182945
80.81177132275225
56.302320617669395
32.29597600974974
73.17325501181104
84.34388778736462
82.96465656307552
47.066293012874404
40.62016637079203
95.76704488048281
76.26287974889453
54.964927419273394
100.98700736236933
-7.775516060122712
82.6442715976475
100.74905196019458
44.21881785951714
21.945524491345232
66.83756250024166
90.81678477880006
22.068169280396603
58.62440229669242
81.88431193700261
70.01344085137421
60.43292731099352
44.28607330170003
95.24499874912567
77.12034132264846
134.75561202182647
136.15631445302623
56.47425453307164
64.57866548263908
77.68790552957947
33.59774202673273
33.684262517423505
101.21793559943217
56.677471605666085
93.06649648508298
71.65263063741604
87.83761579522299
92.42583226971908
58.785908082788055
-3.0188623315600154
67.82933350536767
-4.629090873724266
54.792383176299694
51.55257483881232
56.55893804444227
91.22622434464142
103.51257382009553
55.44606678806135
103.91266152790806
60.17324937789295
78.90250092144487
41.66270330675307
138.0270663862558
77.88473505363011
71.37080541944374
42.503504824192035
96.66514657136747
82.80031099858056
39.17897200944893
80.19193719349045
67.07208198110376
16.00938694817647
69.1610997995259
71.7251949186415
59.04696676765347
87.49982764666589
35.41657178474123
83.16866451768948
60.60321440861198
90.97590199645727
74.75512715197847
71.95426425597007
81.77814885617425
60.89381806996125
93.84312205743154
62.14021908987221
58.91537744297625
55.88165573521279
39.88617347416347
95.68035799261312
91.54030847000467
124.00706605983935
27.08303625213965
32.45952050578817
46.53216888779947
45.52370863814856
90.10368379261243
30.16742029604235
94.92818735564957
87.41855972404103
77.76001873060876
78.19870952526608
87.42431847850105
50.74380215169526
78.06463221242983
96.72495445887633
16.171967248664522
32.74034960094912
61.64525020277304
70.18691723483109
-5.496150058962357
79.91211110644338
24.558515800815222
141.80603139637566
71.11294578959578
23.300474960174967
77.51734866935219
63.24724827582535
122.92989363431661
14.971102416340315
77.51535654007262
27.099114773268305
62.41386140262998
31.051694846693948
53.14174871500047
10.699015533960953
49.35863288655265
80.42064922746914
80.52155072140654
57.79302421353803
51.92178441948265
77.48072236418601
23.886501397093248
22.91218562175279
120.41855864743533
88.18547869135455
58.69576089352806
24.640762293942622
-26.88639729178189
14.809110454730778
62.37561197174671
59.89140282624015
104.62888177529237
115.05952730008408
79.09252144487257
38.27443507717734
18.154103591483548
58.18068099711999
102.41485098310305
76.8004125039129
28.21600652734456
48.545431431212
73.5465357005022
14.920579389683844
30.17988179228327
75.02778027586852
31.177989735554107
72.82724935665921
128.6328814997226
73.15691053254466
72.21422449698115
58.89033113052073
53.71565834732867
41.35489518162175
27.92026763809276
11.84188886343238
26.69484128919995
57.51134780165823
-0.3940460435062221
17.385402116313387
64.78816345117333
45.13187712288139
69.81107103566066
85.63168410417299
25.655723140025785
14.543971799721092
66.45180280197422
11.514320459242889
122.18289674553154
99.29317591430042
67.37085708768386
49.68834874708321
69.3304655972224
64.80946847773878
55.343409010993085
58.198328339138826
62.209947920694525
42.8483411688335
92.38151674792036
-4.6026509591572164
64.99145085192514
96.12679803152957
75.79355009872387
117.96834362074235
72.67257318478077
114.13837491315044
71.98623511053266
111.04362618938617
19.574192970644383
114.2230198847693
72.70951294982066
20.599844488924475
19.877227737740768
43.61863697309033
21.53346478204768
61.45797237122345
7.287535112228397
115.8162056188933
56.54688033458714
76.63214251348693
60.98931061449423
70.80532107448796
88.41684036215239
74.0468654528498
73.30681379228457
93.60889726398861
26.21440960044498
78.28072709735824
75.66786781051385
86.11579190790938
51.45581220765651
107.11706989861233
137.1748198736492
87.80804015292027
59.63062622238683
53.995384131664146
67.76918311298668
86.85648272487607
66.57361247027521
67.69722710602377
132.46579660350824
39.31379670064764
35.52130345052262
13.07585049164539
65.35904109021286
37.873514809712844
60.29521834612712
65.66160362409657
11.674589484900437
3.093902306923802
24.559333371736933
16.949590201703003
14.042910697513562
33.03371566246257
77.28867827291174
77.39964139180437
15.471986354527381
86.09583175034322
34.835814003097575
94.00967083458643
75.4672382258444
88.12549006740677
27.829845285251196
88.94846158400523
20.605069732247735
126.26321892954024
90.34936353871659
44.16069064768605
44.84058953965048
60.48963922155869
32.379862027522925
125.91240059265725
73.30678130687636
136.46699574083243
64.09306512211845
68.14184582705268
34.24753913882276
42.189261343157455
97.0184681923379
96.82752049126108
68.1574779555224
76.63462143977088
24.85729579594078
78.64849555700805
46.52110442025679
58.18275372015479
82.9864894860668
-14.622115804220002
20.274478384660625
18.35678606011934
49.21216116163576
78.04923369758691
75.63829975908928
-3.0007992711687166
74.52618974021792
90.26481423074631
45.99303820574063
-21.178053846671858
95.87796289746424
9.434567157026962
84.34548675951038
-26.437786744677425
56.83555444086466
89.12868024771942
96.10018339004378
89.40394655468786
76.96050153163927
102.22488417029746
110.00472352691787
71.41088905144622
48.654364278345284
86.81853270379
111.00479887096051
57.063666930664894
62.07806833804452
49.93713427345127
57.24186809631453
131.40318053304094
81.65722959831965
66.19716587759677
33.53417904644262
12.408118553790494
46.31025287254624
102.61631552735315
94.69798759209567
113.10120942425013
10.084654240854157
37.37114995608614
106.10242673750287
95.99306251718379
80.59100436437424
99.03771599603236
101.8724547160641
6.243967216896436
52.37035418489177
94.7836752478768
34.85631695377792
102.00829326917602
60.63557281060333
92.83600934316058
23.622897333735594
64.7918732772263
-11.65686285195072
58.05885378903823
89.45961886235013
85.96673988317852
50.39470932178384
59.593200830265424
69.16658868762819
98.94057087775425
51.96961743295752
58.169526437525676
64.9104566645778
-4.790574143264379
92.81413290151895
63.462770877142496
29.407290785397763
104.73475128325941
52.0274139228786
52.12884660571039
76.5076624447455
96.94525239768302
24.268000346179825
56.08667448395142
111.62496448552841
-25.020228429594198
74.7038757284543
59.84037523160413
56.22567981889615
10.856376904537704
30.47030800210134
1.1336963395857254
49.24043226492995
1.7258092907948281
100.15509042287002
41.462227108838974
56.0177747595714
38.911287873619955
10.285451476880063
15.34430107733229
77.0129909228487
43.56464717714266
111.25866149722361
134.97979061378607
113.32055436582628
64.42360690180368
69.61258575234699
131.9184754493478
23.268646059172447
93.44338012433735
88.75372247189905
32.17524073226639
25.674443893089794
68.00322737851342
8.975355834831191
120.34162163387202
36.80836190198485
143.57381660863703
1.2306505107605474
88.93914149032261
78.23244052967372
80.08394746777361
79.70816523042615
-9.632441318354381
61.401377169598355
64.18317953887953
117.0220984885787
131.84321711697692
35.61746086176052
1.6349803583843894
84.1258574606299
89.07351417141169
30.783682205957795
48.061971450800435
66.48098880418151
89.4132140222286
105.71849766737382
52.50085953622223
37.07346332046335
74.34765032627259
80.76655065839236
49.62011846937496
50.752747341422705
121.38052607118588
64.33354683237577
89.1914082484148
-4.401985102496724
51.780472344492914
140.53512038082988
72.04280113452279
98.02330956532022
77.80274608263385
15.051739133699769
54.34650735561411
49.161203400475976
114.51190373936342
106.2034149395059
145.44906656410427
83.74451946739079
79.53778918155953
31.94810450849448
33.68785148670726
37.340251333998225
84.7167909331189
51.64200931950023
63.92513200285478
46.63919870306571
64.40880319728552
33.23340421110953
20.668089058521616
71.52341903545269
21.80746197421155
25.798275889874205
83.59066553037272
73.54858474189469
36.391022946485464
39.341619987391695
37.52396130230524
58.104237846657966
-6.672937257713258
67.28568907593741
62.75872062593155
150.39575192624181
71.54783154690175
84.57252287015334
37.84143501510863
127.97559896648295
8.087444068378929
96.38740786358744
49.39148039898342
48.29589882503172
6.785980209843636
152.00161743576388
53.81729364908901
103.14157702533285
71.12620280111396
40.894900603918174
39.30124753581928
51.315846432500514
49.55194865181887
91.80479692048193
79.94841346536823
41.6534506858051
121.66474783741728
5.394314214759362
70.29903502400423
12.934293652017004
37.0037584076347
104.90684042863163
39.33957755979512
133.98270235754345
82.11178529338498
44.6349962489827
72.94684792051444
135.90507077816295
46.34332259049462
150.74948660125025
78.6939754871135
59.28026850242854
74.34721312691295
49.431714148368386
93.92425561401672
106.66676404635992
73.23257831002465
10.703102448537749
37.83923962422293
110.14255690908243
62.79240035758497
61.56488868682579
55.90444236730767
132.83652931424967
83.65881672274733
110.25142499438067
127.22026103915894
-38.109043784465015
85.58029050172176
36.6626464323024
87.78100948716923
28.10655484506585
23.754789841705467
46.52919112066503
94.68334524098974
49.74776224466224
-1.921463281619694
15.087640474282964
144.29511672912096
75.8743029566342
26.975106957377534
77.02898950689453
89.36472803732002
118.68499137093877
106.64972915502511
73.26809392661072
67.37407434383654
17.096571655604087
74.70214281698257
101.53554352940222
73.34360679638438
42.06339207000068
58.117102270559656
68.03783646230521
35.60290862354084
29.89558616371844
54.705190922071466
82.72880610886206
72.90715450549624
0.4728121071330378
49.31304162417367
44.85394853106524
47.71472526624963
66.22344489730153
55.336599515468166
47.62978932855141
50.27776914315119
47.93968486911645
40.373138970575766
41.122665333265516
19.11394991594917
50.500489937833535
115.96652879120683
64.25425911903626
28.795443451435368
52.42805439701209
35.53178083398625
45.36962529197476
77.13350529866902
120.43356267431662
123.31728329192775
81.20493190148647
102.83344481077833
44.45314504604389
45.48595419744366
39.84298516908974
92.3004095220894
94.24630549459421
96.14437393683798
51.011573733973464
27.34686937549082
39.60814229337042
46.482972554443464
59.08399183051951
65.37080936298172
65.04368138284315
79.55429106460002
16.416151087025433
25.093471732978273
43.98401148342418
126.72361491802106
52.79872041305482
6.481986007838927
56.74500040519597
51.88400369446486
16.861858799537764
81.07643981948532
54.51306635484809
115.78784069744543
73.00549198303972
49.57218723269031
58.129950343961404
62.236707434490405
92.05120892854409
86.6235445550987
20.57743381450519
-5.011912854327861
120.98791430165868
35.52411338934125
45.858815064823936
6.122372441929336
80.4623258052319
3.3901265024436213
100.17083663059589
18.769353405401034
29.34637355850112
53.52930679399194
98.01236771569336
92.38433897571916
110.7702902622367
57.47388374919158
92.75974324335758
50.86671555123223
59.96083936570019
31.314571846157435
5.869658257575189
107.37709263718762
39.73354339792467
84.44469252004635
79.61026388168364
49.1524917615853
56.43773410468696
62.84148561116922
6.001817730656086
79.26713317822293
-12.93132758850659
53.96797094942326
40.94110565279991
91.77837005365681
31.79472546645175
42.20843389317574
27.91145163528156
37.17102976493307
2.399041401426949
119.06921831709184
41.25947470143311
93.10174756683213
72.92576114834989
76.50205084922102
87.2416787327174
56.021458202677145
79.19716226318164
71.43896264798545
78.90349634154464
121.33355387052491
82.87351562360126
26.121375014215594
82.45236381078274
64.49691139250935
8.150429430642674
133.777130827207
18.782465933854645
85.46616769777154
33.57838918224713
115.87708484224001
74.77920925515848
-1.8940601227828324
110.2738774211939
92.42387126802109
60.23064493155589
126.91710440061848
58.862744906660204
70.51827353400013
51.86649798100463
28.611008220767303
54.70182673142095
79.54510397274024
84.7914878594754
10.742704221993044
54.339656554978696
20.122139416039744
39.36457551119136
95.7131396273436
36.9346958607711
33.64651807263007
59.675516702753384
62.844076090133406
29.6048897512878
42.191299197329734
42.795834098258894
126.15864523004707
39.50480587001903
36.76974060463567
95.10110276920477
17.471621077562602
101.0759230611842
24.000513880579035
60.7851148410569
58.56953680390902
81.93740680215876
105.36736982104478
49.86084776933445
-1.9136067974200444
101.46866411721557
66.589196421119
117.0208937974019
75.4251876931389
16.48339625380796
81.21993335428739
149.78066976468207
35.79495207860087
33.224437255655076
105.69475307713884
57.455972255980726
81.54988755765257
58.65955984329606
76.13965415866677
82.10850237847362
68.18354043288687
13.531191798889907
36.59113286855619
35.361104523955525
22.806949576426092
45.67219702333526
82.06553544377815
68.0306413628845
85.33956140151399
78.05669136033725
105.5905400952731
70.66426180312088
84.31338446090061
78.88095359563079
41.04970838489573
72.40588533948366
63.837164091239224
53.21305397093318
59.07977299053562
34.975764339322765
140.4355869927817
109.3482306246193
28.975951026513847
82.98699838393179
72.65274136042103
32.67719288135015
105.22533353675013
-6.265602269332717
60.69138216657564
102.03597186504538
59.46772304021309
72.67066004602749
86.567697322983
73.95801276088189
91.92408777577495
9.672132344161014
54.968880558220555
47.44001006961855
44.576283964080474
34.035776375276775
65.11879760241965
49.142148925443905
51.402342677211664
50.994973388863386
40.39596079226399
92.37500501967158
62.419097878512765
62.8748027914995
113.9699760416656
72.02534049851377
108.09184523955457
128.60097791056677
24.477352196968248
84.23625605077542
28.313599885767346
71.39882462861485
76.51011098981861
104.1376384379825
125.14449411885036
48.41373557806092
59.25695759681776
57.27645079059647
86.87211893686478
-3.2156061778914022
40.66086133518574
45.2802320077581
71.90128653106655
70.18499415311601
70.70006888519418
8.445241580802332
25.701858676185047
87.44381554908304
82.52658871808381
-10.980860524038619
16.203396405325186
74.81407773311663
39.698301732529416
28.6039456774203
56.80821267515536
53.66898801616491
74.6174700799858
107.8542296334449
69.45938658712868
64.64948670077072
23.8893352670598
87.2111651568828
87.51352603058942
58.400441145313536
20.430819982407243
77.57615599682286
36.70595179916337
66.41518484964624
79.35224590984309
85.6302793944962
86.7196736745737
69.48151271626175
110.51174945720103
132.1356872627744
36.2056619441821
62.597452740441554
44.19717842200136
26.312618278897354
75.08149142295328
12.914464994654764
-7.65563086248271
82.2749762158171
39.771870053661104
44.4593851361809
65.1169811513911
81.99773409359003
82.44204526791265
-6.552502853688068
50.424266964086485
85.67388732154566
127.04500469158151
110.4432926295087
99.94817340367675
68.86131104391507
130.22515394205277
49.50809723740254
40.449996927674505
87.95451148957657
19.784608794950607
38.487687444423244
84.68830207947217
116.42370521635037
22.874235229935238
77.9076193445279
45.9904805861992
102.55112860103151
73.83382188960611
100.17586445046886
23.20523128150451
53.80587193791048
75.18757325334872
89.92913224432976
49.358475697942545
61.577407492661614
88.19417827025661
51.08663631691535
95.68789321079038
34.73747284611608
55.086096805753215
38.219918456640045
39.166044325718886
62.1114485861233
30.148511387473725
38.8198154011615
99.72184542539102
142.9662751683963
143.2982322488256
37.47386067821558
100.5880885029683
48.03120374112629
128.89188588041054
130.38606375401122
10.617285235942497
0.25277917539730055
-28.8004892691483
80.7107016642893
64.1412567909979
34.38653198680379
51.2316986983748
54.33986908104538
25.868910203403573
117.26421176740124
101.26757180551405
68.6794823161596
4.049176325245064
76.37448239255698
24.190758244271322
35.28499647173473
105.00979560944292
90.7035765593497
55.9414054250485
68.88141296918496
82.74613090656987
94.46335814871594
115.6987513048921
111.8795489271605
76.36129074199596
72.37483788882379
-10.04167415569728
105.52279001348266
112.41726697945339
112.33056966581313
30.95384176263761
28.307991742618533
97.2431752338307
25.789479666153547
50.74608706546146
61.4524960176116
18.417437220936506
52.54153205984391
91.09765443271405
78.40590172419735
81.19949206805993
85.52974489460907
59.63354734906493
88.87467674057346
43.41043981573283
29.023623012197277
16.790510732305783
128.29749323675435
174.7516445645088
127.47957424369014
89.84274377414398
94.8729447907397
98.54639007731609
64.0922496093471
-1.3880861649716678
105.047948057117
62.400143385338794
29.254044343839496
7.282701597763655
118.57833644046774
32.75684508630968
6.897722038421172
40.38617013531774
33.88402938225188
50.81478487797448
54.68798587514681
65.34662334472698
135.59104035443767
36.732987014564216
111.56550867005518
87.05345096446457
112.84512339542951
19.16571450269891
-18.92952826100864
20.473019989083966
39.41725097190018
45.175996888363244
20.229552133448173
44.8206165729915
136.92906042104966
32.585876857205946
92.8047656876275
18.837977833461757
64.80138120157818
-12.453815969317986
40.26449418217891
72.6762823550025
73.57051204460086
34.67610850694507
92.24978655528268
84.79642581247197
77.7244177331451
25.320700193582837
72.63051598362426
61.95632368058569
-28.202820040803402
96.56897555203928
99.50767947516437
82.06648349138197
118.37175800421772
70.38567946736424
40.74914003826359
60.68194074599998
25.209258438168582
101.9817344606953
110.44433175853328
85.37057636372434
30.63633731842068
58.3607597156634
93.35224933231287
33.09670236729638
55.05628244203249
89.20108344264851
91.06291994789007
45.22096889893305
89.41995852026129
101.30400243635285
86.12329719825497
36.33771699351887
19.886019970208928
50.24003671498238
89.8829070151375
138.51949231952074
53.63255977521191
115.18956774472221
47.529457212409724
93.84107022088855
98.81389932072459
76.06100948482067
69.5354668918056
89.53108633728827
40.17203411108661
52.262541203494834
112.14190410418871
118.3924939286578
12.788283008561542
40.502777699240944
133.83272492427926
27.95002668818875
133.84938713243957
33.153077255679236
118.60670568833946
80.83035722317041
66.92017545798674
92.90836503416747
63.47170008662347
82.14335786518672
139.77952051907795
22.712099911832475
55.852336153377166
90.33277421339541
31.52769230439418
115.44278789000258
54.04725448246745
21.577465290368202
11.263792564121601
52.81571378579613
100.127474003228
64.96167956674145
64.68107311561714
38.30063402278175
60.82783933826477
132.97324864086127
93.16747256182924
93.42040034336625
41.414792382662654
97.63722620471088
96.75615008533838
174.63598721381697
67.18019228020883
111.41769427578919
40.54976804355177
96.4996598379088
67.4277752761839
82.31492076223516
15.0419647073724
39.24579976481772
49.94088155913632
6.223897379266866
96.79042872718031
49.77787058412748
78.42600061705024
73.84849925056304
71.77854712752453
60.02933535403651
78.29810012952213
102.61498046090449
76.381671341436
44.70967696492615
83.13032769405353
47.13894146905321
48.297510755209935
48.81623108617811
100.10172786918685
114.70120972923988
72.92647998409448
-18.8312988674696
79.40717692701246
76.44065705804732
88.83349280855674
19.39805489550678
14.94981152577477
84.98173661109801
73.24482877229231
26.2290989139437
31.925613453659302
76.52939640815238
63.0035690031631
126.84272786077887
83.52060386708902
20.96703515211891
95.69166350764489
144.59144450479113
107.71549903437021
67.10371535716911
63.617111510919486
16.603894629993754
114.22810486123015
67.31571799844326
77.22159867793127
34.39376546347799
54.608425939860254
54.066224904445335
75.79822866832413
89.41984491861874
68.57117734602993
45.03027123242967
27.77376486154047
101.89334528543705
107.22862403155116
107.08915469035722
95.50953940601879
5.84794601690929
104.36604059877446
17.98781797346914
43.42509362094653
81.88823158794176
36.77814351840857
45.97996023135071
95.41441932727918
90.70428861648382
106.92053361695903
37.2221876239267
22.519368673207964
54.41600181107137
4.853287932371082
37.55495513111413
107.86927944812771
-13.630951223761912
48.69309461043571
58.872318760873945
39.218531262115675
0.15519729796975668
-5.350901649538244
121.37250457794761
34.5631712456039
93.91606343321114
15.868454127807453
13.220744549825099
113.3717468224776
58.56704466207106
37.93605227046103
29.025554786243234
-4.475493590715786
67.16582721959412
61.09559208548738
117.58786019758438
50.293634961223994
61.788122415085574
55.0361959634159
72.54608264704189
-6.398882854217888
26.666264386514683
11.204662521513711
43.45357729689425
84.59560061042231
102.42586345496954
55.96588190637083
47.76826975124475
85.9318138476211
72.60729342869875
89.3050598614972
42.196223290339674
105.3789155682122
89.79300308947025
59.31301029691528
17.01524626426484
73.70374317707575
80.67824670919929
65.09638976860354
90.22782786804939
116.7570248122549
41.20986187084055
33.4076696875957
52.25062142353085
19.50609552377516
162.04865292046566
42.34325226103219
22.04850110054778
75.14450997243262
-0.4577246106854602
44.65819111694877
131.75180602459056
144.27436461293752
82.24353718022634
-40.332815568038185
64.0917388270172
-2.2741735678444854
88.9795741406276
21.86276078543986
-30.3560800343069
28.844090521891744
93.99570512258428
109.41888265276897
-2.923327304052748
34.41818608868053
73.42234982904365
114.50567475406085
-1.98089647884116
32.3290745282051
103.74626499481295
81.13511343588475
72.76309622372396
22.126400620105372
115.19640819002365
68.0213155479877
51.473327947709265
20.277394471625513
95.9440851792017
29.31449704826956
116.79902700999969
17.22581521630704
58.019283842140105
31.64656499375252
35.37109377888368
72.04265696288886
54.688832966594774
50.820203342202625
54.765526573493545
39.701600445140976
45.79431539867001
114.15937702704502
38.5264606232263
99.75358895882839
58.923604924357356
97.1132421455153
151.3283705299898
81.87172210362198
106.19405243793506
65.99233122605644
71.84650074779177
112.11735243701523
112.17872693675244
1.0313359415411298
105.68062014798551
94.5243252839262
49.77461622095686
65.5951280395429
55.21021962510487
59.05258067128626
5.688703549785849
72.78154868693518
44.40050653429517
92.43521850145196
54.68007021673398
122.65051112708547
64.98088344831349
76.87551532184051
79.09755538851749
30.33144641232378
27.71373905883887
40.94800088291127
24.880555400464345
81.40613323958445
27.83574774124746
-12.796199201013025
60.592694008285925
67.06007658565073
54.644769324351095
-11.36847459597331
80.84830107155227
63.55495999696704
79.026151887844
101.16664046036995
70.26915338382224
83.7982119568705
23.06983778403584
38.65610441795677
8.828201213122263
65.98088684592679
56.949173803230856
165.78657930729233
103.39376273237188
87.56125266129258
13.28777651410931
65.56174346294038
27.408977804179848
30.419973641086678
83.38860931047827
18.633238331631617
81.56079964653664
107.07702804170964
108.40747046819337
62.580851502194754
67.14149069216137
49.398007575195415
99.91731191559029
88.14051041630296
-10.165720528672082
69.15109150296968
92.61278022808686
32.46861911272642
94.32288957095861
15.000541944806052
93.80302941432382
75.28443301881629
75.22956029505963
59.73360175204429
48.22938251894385
89.75503018264267
76.14519705930972
70.46893784883979
28.273927199965897
61.82309417178862
57.456677008923506
67.77763778856531
130.9222408141133
93.90319402656564
29.01384739098181
52.693773216830756
103.15938994986016
2.0912652539887517
27.423797414996976
7.703001429450644
28.593571050762435
42.18399801098586
-45.03679864527486
75.78571299179922
15.171651435127849
79.40326294781684
88.11661652604037
41.769178665957476
103.76079779693794
58.08371917579445
-10.784335865102534
14.532964023114566
83.55617197676999
67.70463122347354
75.42780631518977
-10.003975406946608
154.63986682886264
87.5821541739569
33.42577662513638
53.45149343026733
24.453504834156995
92.81765254768641
-19.837152155394136
62.25117679209089
89.10720881933749
14.981043864507782
52.83596520082328
112.56297500394973
114.80180918097896
115.35421327039572
127.84753890732516
50.26450219861823
65.94672368809036
68.86759704224986
48.70200939474893
84.38846438571954
20.447092878315416
87.89811870450582
23.675548513047104
88.52225359588371
32.313685680942186
65.74366831707857
35.66626753530487
16.500359680284028
39.501049190408764
81.11603791797198
16.352930073034102
66.427875380029
60.28530308707621
78.12106948415607
-1.6332012755926542
75.29806442514197
87.94007140378287
35.62112076842668
113.57759512114718
57.44328685690407
35.71673745487381
113.04226337650246
21.088340199736926
103.00755470080396
95.32561675128915
65.19260015752042
75.00587660754577
77.3832751069531
108.3793331890224
87.23440144788783
57.41483092259314
75.93510047167332
119.2390372024505
37.02351604682133
98.15714415410436
76.10645910761083
64.30712714755978
48.62369631900459
15.209005662490405
35.70431696643287
69.20928815492681
95.38613696610024
31.16028979973325
37.95100598506992
52.77099255344535
71.77597705772945
29.15284746810589
42.67232950388449
45.64117529409475
80.13541018787618
79.75419879110623
73.31723708028733
66.93063504724442
79.12998698084732
54.585692203092705
78.60908970697567
91.55656435026877
63.61281012173541
26.869189526770718
35.89413962395666
11.598212787503073
45.02188718618993
47.32107439707228
105.20971440102767
100.40419114429493
71.95066731637841
13.297492394799718
49.37416486797666
38.149847659460285
68.95890060318607
87.33338889480767
85.13909048695258
69.99875366338445
10.606425983065648
129.52623555526355
64.7311192104377
59.53604017831221
99.00701953803548
65.34516936132889
125.74450282641857
73.89730500207871
51.826637248310135
91.92274519965534
48.51861016928551
23.35894705907019
45.25702988445855
52.709994417074455
157.56880232808214
65.26747508848294
92.4080211295803
83.21091283266445
114.45915208539319
-16.745620898473504
47.19883976326891
86.65057499237157
49.3119597757443
66.64036253312715
124.65210552900396
68.68864798301244
50.71116530602247
73.12076552590877
55.62908333651477
75.16568232263907
117.8373070054088
84.60787474785212
55.02516337200777
78.98819032131193
46.0088778049883
40.04193541144059
87.47989514956987
89.61058249531891
88.6189725352975
79.21926064731045
98.53368570061897
72.15938381706651
95.930998310169
77.82459094389809
50.02656042505204
101.825000471759
74.40332472938718
64.61121321728947
-34.53948969503891
82.94182304644248
92.85423267895698
46.16922143969649
125.57098403239944
-4.322768756625635
64.545156275797
117.66184832958189
-9.26848570091066
81.9038195814911
40.883712592501325
62.277449235672286
62.73214215256454
38.09957393081429
52.078154804062656
62.898230564524376
130.7871202652933
118.41867820576118
68.95378547956581
34.90611149555952
22.193240719765996
-0.4592222829344479
57.80353881919934
91.4009373052937
86.84315607542496
71.77109663183879
117.36566430114586
121.7403205207944
91.76881403985145
84.55058691656987
84.16308310177807
85.54126315847793
96.4146490845904
35.21923992755677
61.6009053483351
86.8551088343406
55.54723293600802
26.84037829849047
-22.80375843710783
68.04481376907582
50.019447606274525
130.79350383006334
122.50471642088297
75.46029679111201
86.00927055298874
66.02148036555288
20.05000503967473
79.17679388188176
67.51900369822076
119.42083700531516
96.44805689739718
89.47533740022153
82.46570499199778
19.149422877300083
59.406206469063804
108.08749357966192
107.292880584485
62.90470032777447
111.78168596506116
50.2868213633426
109.79011710679475
72.72397239775543
49.722735583286195
67.94482658310953
26.74799132725522
73.01052387206997
-1.003124972916524
23.31845075591891
20.078900240424545
41.95014498811646
79.5615198527445
52.103013066119885
93.42503468927643
16.230113122126426
88.57333465923409
77.8058217188461
93.52150513998417
84.05569168568283
67.743380872216
77.39085081729218
115.57124800556818
64.18975822370336
55.06700920935552
119.96443631628065
88.59647714740099
41.3274618285261
81.23023048560563
24.721085673392835
13.012888750182903
38.53248071542865
98.07896885066455
87.78441694688993
58.12078219870648
51.00206150274509
54.97213677649775
68.23659551611296
32.47085515811956
47.29627000395864
95.71882520696828
58.010073065213525
106.43756258254199
106.28335606531465
98.23030718539627
42.9167092036828
101.2931172532072
-34.786638133855845
95.73225952357616
131.8848015310667
105.11654570870095
25.728164533490983
-3.060386354712662
42.65964316422051
88.94751497102749
62.24019318086346
82.91715429019204
56.388903449899715
107.34218544137165
118.38472957703061
81.57107846177469
6.171224129377151
3.1882517235255747
27.609105940495986
67.18869009450228
13.007071960984064
75.47632390152928
68.75250974268482
54.94786536118778
89.24836086299103
122.96292520202746
97.14555093734869
68.25436213682109
-23.20194770705534
80.37605741606026
74.22410327444469
90.73686786245122
45.132757009769605
67.1273336766603
48.190366379915176
57.523677399364544
97.04252869875711
44.40461405351732
-15.069886147561135
92.66475175027536
39.50540868340846
38.4493404562232
58.827878886135366
58.71959913457884
70.32681688633352
60.95999011940672
83.3712823413976
52.25144221331426
104.19640022568234
106.0189717199413
83.02427144544333
69.97705983522465
84.57350157284452
57.34682170593439
22.694380418301044
13.874869605992757
35.994613924633256
88.08009808031024
15.932214292916584
49.026194893000465
76.03832691036025
-15.622449211658477
87.54899201041363
46.49969873706986
25.094269960901514
128.00684401706124
68.5506552627321
18.36348606478972
49.046770069728815
16.810774612828673
98.42227529762127
76.29451607860385
51.17935631761398
92.17818488714613
42.86046111847832
21.719143438059746
72.05231418261985
69.639282571255
76.38264331308073
55.84595311613887
40.27944526565628
68.06815024421887
76.4061393893409
81.36509511496001
28.99152650509317
90.01244829101785
152.01223561045077
74.28903487613204
77.31080707666996
76.42802061273464
53.14689069569776
98.39725872163564
45.76484220676886
20.457096390390817
19.932091444033077
19.196933372836533
72.45748659714647
44.03375024373541
49.13614166663883
16.976462815719664
75.20626770677404
52.78099237097328
45.831433440483046
104.66087706702797
44.491736644940346
102.3583456208454
-15.869665027456023
71.79283755738638
30.612013708166288
117.46173184664504
68.79122979818085
83.79241852329955
95.07509326100002
62.43304284113371
54.754082609700305
104.40084863438906
48.5644357801111
-5.214880456147483
60.410415336809486
98.1495938719669
129.0134059275773
86.05883336061332
52.52263568434397
142.14924226866256
29.489039463293494
99.65577484155648
111.36891719510226
69.90759805636729
45.13224054324868
66.12036590614467
57.559531492105435
49.22360493581422
84.46233954626452
102.07671252063483
-15.578564661194505
24.22984933886984
44.74112704797978
54.96282828276729
40.831819138816854
50.020873893392235
87.01800755355102
82.50384435612213
63.37939990902315
23.439935977626433
110.20633610657546
78.84557978208105
86.03831789935916
47.03537122025294
114.79020938269485
56.42828936271134
-10.508904723069037
76.09968544248446
-60.26904190328409
68.46432568566098
99.4604000693513
23.272764968284655
-7.659078635949413
48.868842692461016
56.21917235828126
112.07314556562918
53.55071197245545
39.493434931657845
94.85474428333278
14.28038149782364
116.00921454651667
89.4502205366707
120.17576229148261
45.124219548244376
70.06248728063251
83.37249974056279
65.54562436353883
115.70100103239238
97.13412116560426
95.76804757693358
76.3994837140659
74.54380522842885
20.575486207438722
97.3531194943166
106.17989887149892
94.33393214667095
28.20478951023106
57.33238640029212
43.2275200638567
93.349036123146
58.974715066690756
48.076653458825305
-7.75116652366971
168.6403785458141
30.415457734141512
160.5874700796812
143.65799868751859
114.70614581041829
69.71211918886875
62.15701883672119
79.66899112714506
51.29409041017531
-16.98577186733597
32.27893441802349
77.05020545346656
123.11322598352427
40.45056920175813
-17.542450419618447
77.51537237934335
59.426173740696406
103.31727745166744
51.09927222311498
35.53820870696483
78.05416166961825
56.12952336386027
130.72164126933717
50.57950347780069
50.92972491608054
82.41918794808105
22.044341159078556
61.983436328469395
68.21141210643302
74.50173976171368
39.740811253434785
18.744410273106986
31.61167840421227
69.42091077064441
59.981924093669704
96.42793980939062
105.69200985915091
38.66548681858569
65.93524634220853
46.31750677648516
170.3560997802258
84.27316193530694
79.03398262272485
144.90849993297718
103.85024376341671
16.324045927750994
19.705032939187888
94.75460965201142
47.37358328108131
45.91775695615706
36.975570837242
36.73150783033144
54.21386255237506
81.64328062823253
93.07142855870036
43.233168694484235
64.11226509387468
34.14894839174869
87.13785062803284
59.3903970779371
27.76901986904152
49.72170506344071
21.547024434692815
100.19473357972717
77.31433683586229
31.74989580122076
16.738294693681013
53.646098823538054
52.23274745099414
61.58629104939452
58.971675205419906
114.93678057494924
39.481206923593
91.03578125595722
53.124499541095986
26.203042199081338
95.85399374912757
61.67886435281449
44.50678579500523
87.13067674841241
130.87284080393462
28.368214819065876
50.347182075396205
99.28234661612895
95.9239745126794
113.65851147190216
91.11242173519003
12.347753767212865
65.26778527277183
91.25549252781222
-5.239807788872142
65.25378117723409
6.517375342292418
77.1061123762226
57.66123124521014
8.101893869211622
123.47069384965786
81.36138614877946
80.87924196994291
102.28534320562638
106.31980941922146
70.8377661843938
34.16932285688934
52.35136196745567
60.01617751511367
119.14814323128185
52.78016534225707
79.20363393162208
43.94906742052806
62.00505022503009
126.6759362268935
67.32414851706986
111.6356904855902
91.48470596735481
131.79197031352842
28.4048165513791
88.01431600345545
72.3859909678506
91.00791479630648
94.6071294985502
-2.2986593368083845
88.83861537150202
19.68705621018335
119.5435135498135
24.65957763931248
20.094888540216196
58.69346091162042
51.59796261379426
51.50665097967141
61.956518954409276
41.8709354269574
14.113923105701438
80.57899867819691
43.21233883972866
73.30053780128794
84.10728936117984
53.23944844768446
63.09517272667971
79.26505888249895
99.59395066611829
129.37869640435667
115.09647296424328
5.707339921656384
83.14544867352814
54.77388341930969
67.69886943737355
66.80082052673227
76.93676123618026
124.96013678226262
42.4613698739316
64.74214542228096
61.12504876107389
51.02953100399584
124.85839186092153
79.27254006707867
37.61310680421727
56.53619708909731
49.118125648798056
28.172283848015404
128.42560972292983
52.659398431506446
49.546227318461185
67.10495143535985
46.44693181998293
85.49632226382985
113.3473836552156
37.865501461030235
101.41530565036295
42.02673924923238
99.6371813912959
75.15324960980983
70.54450327228896
14.294993212475106
15.655136583528488
28.79384122760483
21.29970147186539
85.38456991194434
27.33651138892143
153.06496053632048
78.00772083201336
76.85363431454721
65.03176595068464
47.557165433213584
88.3210558060626
70.89990864305713
69.40832013512527
93.37650794529108
101.48316777865134
26.383604484998074
109.09990075614786
35.579982536103174
38.71299672652424
152.77773175456733
122.22148119380395
26.044869302295396
76.69874096986098
129.6561389204207
91.59611158383234
16.89348899098794
65.5383500093653
111.37383016482477
111.75260368331294
111.11458619358925
41.07393417017117
60.3952923610863
90.82491739429864
-2.866428748978123
87.28313844817572
7.233068265910525
-10.780326616555229
108.3795633069933
73.40925711574008
64.68597827552122
76.25105984174864
26.23356207959616
38.16947881921075
121.74647555843748
25.607512741315603
68.01109432606597
61.636743698121066
25.303672728848518
96.28557943510982
-22.707449925685253
-3.6533295504196275
14.03709976108653
124.18593615391708
-21.18605764037683
61.64689545070712
113.59329481348823
23.432857134734093
73.9874546534924
128.15193523192
65.8499445696782
94.65225530126281
45.18393842898219
47.689614387653236
79.38277502259149
-1.5755970369498016
98.96896382925644
13.357636516625753
51.37056563295216
106.4268225370306
84.47801049770757
70.42616878192631
30.579309730233568
87.23399910247213
69.89771705426531
58.85222764613477
136.53346416360307
109.41537333059986
84.97285902233526
51.662547682761634
121.72008298691927
54.07953514026551
112.4077386482803
24.365811324942122
17.49890970097148
56.532404543896675
50.733647894535586
43.36731394609933
33.81903109790406
48.23373723352584
100.34741885312312
33.48213949916746
10.078880848356519
83.24319275152692
60.29334890322652
56.395261187786
26.479579904139733
-11.428828831884701
57.53431231539631
98.74303485481501
93.81651542275958
94.61262709096451
38.412779129723035
78.89348491014167
57.90427713059734
72.16384044534392
35.96906056223572
57.35536492900186
68.00549113410824
66.69377627167182
70.29274132721648
118.85216954502121
95.88184316919292
105.17854931868997
28.94766789482152
76.06159916878096
41.788752496974126
58.1507045436906
45.049628911170515
64.5198453513045
70.8945881445743
112.61509068660831
79.16906583683385
42.97847746407672
39.46127574611185
76.94015687160724
128.25344214851972
55.74610164959805
96.58840210194165
89.42927743737773
72.34683475190015
56.57154226994026
38.283747749485855
65.77446894259288
117.6684574986545
25.474914959811024
60.44643833203824
39.70314855299643
56.82414793089346
66.47205457168627
48.02628305182025
36.64462883642569
54.60252704043318
37.654872570601235
9.619208612207238
114.54365809103048
74.47583376359147
92.17584266788234
72.88167731443247
35.27755206230087
45.61302053316648
90.10088752969111
56.55289415025469
32.052245847690585
41.82555564857337
66.84491640424837
72.41153247822267
33.402379219820254
107.21278501303014
77.58069604376281
29.99008008860514
138.14715094822367
106.23606387385902
64.64094273069227
-1.8461534944374733
51.3234538824638
23.226383656417163
14.605998096016663
-5.491872633781199
67.10649212132729
34.11195944156121
16.859456889259967
68.43835374891012
69.75235535068826
77.91543233577883
-31.655218380433254
106.76692275204374
53.386063146903275
48.63576050638256
31.641942377207386
37.65749325270393
69.59622524821012
20.492747554014635
89.11792903794029
107.01702719496242
136.8417808803705
101.39886945582509
-12.025096172244432
82.86552858254356
112.21064610816904
89.7372057214391
59.40193512756663
22.366566659404704
75.53949637636694
40.859992033779655
40.69423427725388
47.66320014527747
56.802569281306624
81.93377280313018
65.45345713486599
44.05139654831032
61.82614541038345
-12.07414773175546
-8.661134493902424
55.13575688101359
61.264925305316005
98.66020128297195
56.75700850484624
24.97994602555208
70.63927735609136
104.5355933199015
35.93811793127439
102.41166165135671
50.71687482575635
54.26072436125487
35.2250420998702
62.96152171850329
0.5346425112727786
29.901853926816543
101.44997691537137
44.69145249821665
65.3593819750758
92.1673421151335
39.78446044898517
78.17089382138026
58.83372253759198
75.94472261516967
52.85764766496336
113.50286706123129
54.71674434405822
45.74344334682348
16.118129742045312
21.146025469944
61.19463080963365
62.39726503848813
85.96491224491592
58.714837964190124
7.672613067443045
92.62161822049659
62.16125708494861
40.80954255210356
50.733607118544754
131.25316194639402
-16.452300839335805
57.765110473378925
38.78374632542999
87.38114415234033
44.753773883924936
105.31593876873251
48.70669664289474
20.691166419621844
60.11031032535412
116.51780362369071
3.2198450538989363
69.98796682597367
53.19522396196188
45.93746783137778
97.71449234166911
23.745786261263653
145.23686943057137
129.6135353440035
36.77151292744777
117.10310297477633
64.15549845819918
59.02104436925061
74.09248599749532
99.26212178841709
13.455775234684573
104.41249709129693
88.37338346440909
97.40675918858804
58.94815428718725
53.42244854903447
71.82808734416307
49.192835248579264
94.49661413006812
83.02686083631018
100.61273614672058
44.80788094935367
24.098418624748923
-15.800924811985325
5.1490589753203295
70.19552655600776
69.99392743724803
19.953917553156458
49.64274807922597
81.6994783358343
59.56583409011899
65.38264323538576
-3.2583652114053336
63.53204215173303
45.714389663935435
-22.57284497226577
54.56007603796227
71.31552855502562
6.337287064884926
71.31951061431272
38.28741311568456
37.316299127110646
70.47629339303492
69.73803707051907
7.877120641349578
68.61763271210913
55.11439941672812
138.790394656135
21.519114591565547
104.591029355615
109.77376057487419
76.94554106376245
64.16226282881253
4.951425303588842
7.981743273080795
63.127992408777395
17.639903501484802
-2.975735870738575
129.4210082327974
123.70027848295791
72.97770102786967
27.0121337313985
24.414346764856845
125.70782765140058
34.11599813033479
41.67659334945836
106.74404179262066
51.26765659001704
41.27108376453413
86.00656840590403
53.813414936640605
46.612963696947325
23.507205818910734
73.7852662892128
78.56666945178644
108.27151910355782
97.62145455724715
54.913809945558064
82.83963215408733
72.93323644443608
44.48314465341139
32.62975562588245
51.33085785584926
39.37099577455293
86.22527917348852
64.54252722522746
62.35232887965051
75.73844138367127
74.53591437247859
142.50862038905373
93.80465552823298
2.501426453963248
158.83506515870596
54.96083518776321
69.51385855725736
89.71347937974878
56.861739759268126
32.54667401093765
76.63869079326439
60.363504110041255
86.66033332275396
72.02382805396014
56.614380780057424
100.15700018428863
94.36580367398437
45.95701171057013
98.24007599814391
56.73231883499743
124.08037604728182
110.40029054078047
61.78722077632143
20.773897406974626
77.56906835618794
130.35850240656342
29.74689427675503
66.47854202317994
93.5055531431872
108.5140339994842
35.00877124724589
96.89471980302176
109.31147673557422
63.564801378592364
81.77092548356111
28.38050023294504
88.04064294214842
33.411193273016785
2.817286827612193
71.49007315286156
75.00823300823453
-0.9572466973255445
43.66839239077625
57.42071576057741
51.19552227945313
72.95994712394959
79.4682213336281
130.03794006261262
26.271176852719158
52.33909053893948
71.1912978076411
86.13887085008548
69.45955789891556
69.54790731760706
62.36819014946603
68.28265213054044
84.74438242305229
100.76113646127493
52.93075111746249
30.52543012467102
98.4264084317325
33.9021870004285
49.19588521037055
29.529490690801204
107.10832239085677
45.394044873926745
83.26629149312141
115.17192349886562
61.72913665931904
21.524111573176846
37.34881984363108
108.58369917582255
23.32800251374283
83.53869712481304
59.6676807389882
24.37311533391324
105.37870619763345
59.52345160575323
72.3057615753309
118.89356231515663
30.285740339593787
57.00081323124364
68.69186848284933
40.22546043103631
72.74170061602874
84.80559788511471
43.521414990308045
35.128286746311716
96.84015936846065
42.26996656931502
115.30290881084953
29.491012546568058
107.8729702642633
90.64553305266116
48.44490517642361
77.28611899556142
29.110198572847615
79.93723184183706
49.09354796602008
110.89633174174173
13.88222376820319
69.45051458913366
75.6279117270063
147.66593884639872
8.269345393603828
-0.3178682309370231
2.0552576136253933
106.43805658905532
97.26835183191068
64.0658822272724
87.97537592563518
90.60430040797323
79.3105537596425
-22.022227716551086
40.553095460376895
130.14722288287058
8.270509610738998
39.887248931910186
42.10327148683251
62.44213065063512
71.08240358498286
97.45321644540294
56.60703075570561
6.023274630449805
9.465725546305919
101.52576482542143
54.67173415492453
102.9040266696467
20.66955500316277
70.56242998775853
77.21292972060384
149.12907550349462
49.22518738460053
103.00364408971296
29.120431135843504
11.375495758838873
64.14823315852657
-1.1243645950465293
62.921148822401136
78.44473028218253
1.7414412448874401
65.06480187514971
29.103819906413023
13.256798365668267
-6.8573919685074
50.43968589896142
77.6909066407758
40.88391747163011
62.64688812074316
89.15564042666138
10.4417844943452
106.07845022489234
85.78410370444072
77.1184176169465
91.65853366316614
64.6200788475277
82.81395361836492
15.62569131347616
112.50693967301714
67.37538148486978
76.33240206511411
32.55101664279903
10.707562631418376
80.06595412661127
40.144010283252534
24.226344922734327
51.90866256117741
56.85206832429243
54.490615220386246
66.74249662614211
52.630280279121486
77.7911694990428
76.0183067514331
48.299938386574865
43.74066290247573
91.38934092954617
71.25191695671306
110.76255827216113
38.44307680576017
24.158344153044425
100.94402755248001
69.7523709260025
121.53804601070289
55.34621451260441
38.3914134280783
27.886997777575736
-14.366153805915431
67.50396542250603
71.83893034077816
44.08874184494769
71.98447196800848
42.554922387556346
149.13149838312202
91.7359940288174
60.78818886094739
60.16269645832842
54.28047077914401
56.59758228743697
-6.1651809005241915
2.36094535459614
65.70445587265199
62.96757972265901
25.72591182547965
66.60745060339228
43.042963829161685
91.08405560592432
27.775095662644837
55.39950213743734
54.20974229522139
37.67191224120967
104.58655796966771
50.895556500052756
79.87989512618469
35.09020251626252
63.73573529004816
76.43096465956788
31.21846833522134
84.5133112842472
62.23253336227905
94.99942673105765
83.97526580297762
120.6398025347116
11.793450493502498
70.93406779788324
61.14726463430176
80.30176950497803
24.8959565068347
87.1112395546022
14.708500535965449
72.74160430052206
73.80171497973919
76.51772917628176
87.68732000218702
26.28347567707913
98.09182615912181
43.24959382426557
62.380681127414924
95.73433539904026
133.93838067727387
62.07353270848155
134.62362703930555
44.404378971608786
119.46242041877626
68.04095185035307
-18.96426705713695
2.1008660766335936
5.9921626289797985
105.27928300456567
9.172854738260583
5.943309559326089
135.33763277550676
57.84110852333977
62.392804601174845
-12.371699761929733
83.17694233175776
70.24192411550833
95.3676196456161
145.88754687383127
73.63621705938644
106.98924447186631
88.65372033349377
68.99321804064219
65.88755738707665
123.05269347602741
-8.089880982845102
-24.69395034146038
118.38256497474319
77.10340940331062
71.05492157191561
59.14527948108039
45.9773959814623
133.6375525356188
75.8186105452476
59.82046648729672
69.42059559250951
46.42018415580588
78.62060311665978
87.63924816400754
116.63135599596382
45.11545201649958
91.50034345833858
81.48769075486496
103.02503949457136
92.131317856236
75.29667619808478
48.68303583281315
57.81877127429151
56.609835342924846
132.58698679483985
109.8658064027948
10.387503916080092
75.25582705176406
15.271886529691663
86.27486550808126
57.800403212815276
66.86592170779623
123.48428621791476
71.4703258429844
109.20203718475778
81.85409334138592
81.0932567852681
98.71378310644775
-1.7592785926387933
110.99242914892363
48.39015950075681
66.59625063617932
40.506542706768116
15.775856055060572
117.19383689980094
117.62738398239338
124.13160101325902
91.84773884262347
55.06995118079084
51.10603818782691
85.96121465775104
120.4502670041432
73.05489084431517
31.677690747808803
-9.599903342768485
128.37200781447592
77.26216255825105
38.63751357020797
29.112360464298078
44.07327645916724
28.056456940934957
67.9311677306323
90.98178292443933
45.60742606605342
89.17768469007098
-1.9638665108435447
99.42205701365644
10.210305486618338
130.81155893008412
82.00299296426003
58.59440085214844
73.07884558929855
53.79456811973619
80.24838542046504
125.51741995973454
87.07689944382493
75.7364048819111
87.34340128998574
100.23032375935945
110.06183643506344
38.68965861517596
117.29441127358616
107.75475686684837
64.51381861823504
71.19980509129721
53.77714145183543
54.3604827822878
23.493475273724187
113.37661771207351
7.8858531719574145
70.49002294260073
106.38453817934843
59.255249564250285
58.55662884496733
58.20661736141462
118.99811922741938
85.65499209979049
17.33346225966944
47.472219110046396
92.73372389703493
91.02247291851563
23.209221706860987
77.95850418219932
12.046743774959047
99.60251341083477
68.18156476478782
61.32602442178791
56.546949370694016
50.038831086467994
80.24659463306725
53.13910542778454
49.47644730706132
90.47475840042439
87.37988916377613
23.165743792017828
68.30058965350347
59.904650463503735
38.12173033469658
94.05841388339067
-6.5282970091619035
99.23660582591644
113.21026152426703
91.4970358789163
65.17067657581985
13.799138105286751
48.594719256786945
-5.078185023293699
-15.598657509099183
55.41538495966679
97.72628120519478
77.01765467617186
93.22917053413013
87.088566259912
64.97099987236781
75.65798870900025
73.9989029169224
-46.74446865122971
121.4672859206587
57.708326113001576
49.365316279855556
75.589853663401
6.5298011379478496
35.59054771304179
35.90255622341796
-0.7756266571549162
64.73735399341071
41.74823584172721
100.65224102669819
37.17170287690429
91.03571077335656
51.88240343004197
48.93809755236163
65.94409371699628
74.39616988977455
107.85557270531265
25.16498838476938
72.06886727456067
22.732422986522415
48.984192527554654
14.147673474139673
65.603897146275
87.91294425605388
83.75363258697219
100.49698916178347
23.854432007294697
90.20972164453566
98.0853812555969
25.887256579757597
67.84233300404189
91.98907514931226
70.8723193291078
86.89917172259591
122.71095376490481
86.69473541578832
59.95589186618007
28.47306833851986
116.93749689449734
65.20336870034285
32.05545453604719
96.1050711982704
82.57664161152528
113.79400808913319
69.13671518174169
75.75098142772339
49.441602901033086
-52.505860770255836
49.621326382399104
30.37524126739219
62.18013144309412
-4.437128397584971
66.05642306995237
78.48376078720457
130.35957159984642
89.8501760254286
17.656574323328655
134.88607639748685
64.72284097341067
62.61638204705132
21.63178581910499
65.13806096207323
138.57540106324103
32.133687291824074
114.45730779591057
35.81383168431833
82.30444430778984
51.260773879492085
-8.84632546262202
-0.7964515690060097
8.442215057482315
30.549248982305812
85.5263404790356
53.24370758278538
8.038868770671101
69.33579187126506
82.4393927878517
70.9740209738734
49.826088871120184
4.4568544374612316
30.2060840271523
112.74130013306863
110.153467950724
94.70387024618694
109.23071567314926
2.9815544969377754
55.206616781090524
90.70591098281815
98.96048283798066
31.300004553240527
78.48166952090696
74.61759020640099
-0.5487982508966809
86.90906374574226
63.04635084485031
54.73792718719049
139.37279036561313
54.50921662974683
77.36541520966969
86.97638016364495
112.96681634676429
48.73700574415488
56.81959650162512
56.68620902877211
-16.73031337814875
24.730880976479405
17.468191460336456
79.86032593752913
25.662117148039762
56.80325471230084
21.848536977239746
108.7224278408855
65.50405223760129
91.5347613496376
85.84544172570442
69.62697977153348
116.15879536061608
19.644591178885634
118.45144993350033
81.28056416744745
68.08104360374851
-11.742777561751666
69.34683706406031
98.47470589116793
103.84474633473755
116.52432596231887
77.80847329860137
27.98273464547227
28.487742114421934
-19.02082366365059
11.22187578470433
67.00802941259919
128.392549096209
10.386433041281869
20.737728270760904
85.85269765725963
114.8256757509346
93.79415978489746
95.85582185172656
63.18417328864224
28.082408678012463
52.192654467862525
95.42559896942387
46.089098099747304
30.320818549156492
29.650545848429026
21.372298478305197
54.428090203221856
79.06703164661198
121.04793061675024
-9.26379433279142
100.29440044967393
49.76540787778205
120.57958801989034
92.31504797848058
58.54300699447108
55.21042272195573
83.40802050083448
111.099999760996
33.3340077285048
32.452375961482105
46.52404923073439
-1.4495898094850617
67.9944345623821
58.43736949489222
52.68243881246393
28.127617944331156
76.10334010997059
56.68943898299719
22.704666806391153
5.4037518267102485
74.86892701714049
8.955498172994872
60.2151227641143
27.918554352582348
131.06020098161997
110.2805746471879
-40.96744689391147
42.90978363885404
45.38549473717359
44.40365099592688
45.6387359706268
64.03659839259362
88.83427546736229
67.72290333997948
73.75711001399931
43.1999384831813
71.59178378626895
78.00149173674055
51.878500050918056
78.70763554563537
117.14612004787966
111.86969136461991
91.14861547748387
56.48297071962194
88.05047610528902
96.39625413968484
-1.1693763965618018
81.0668390348267
117.29440491776482
64.346507065358
39.777297561936955
48.707146863002436
26.526862709998824
59.367375275128445
14.35046204455972
46.475694114670475
80.62603179721795
29.141604223438257
95.17145142806605
40.388086822615875
99.22506600538782
35.87023036360193
127.57971169535688
66.00608219071546
80.20700842818647
54.44857874340687
63.20124978805411
74.02159957893873
111.49904968472083
97.23742113536665
46.80468457813373
108.8198543766892
83.01903723653322
43.481639664679136
17.701268323352153
44.01479213250235
140.49494338672895
105.97303473036851
85.2261012585688
82.44889359042591
82.76801907386877
89.02720554064658
106.18378280463126
36.128972662805296
77.71929430350659
33.73989241584079
3.771805040581448
40.83017137661096
119.33862425099821
77.19540421849862
70.52915250265524
40.49232434532391
87.13689367729177
71.81218154877698
-9.18594376383156
81.93547061443849
75.1329452456192
36.572605939694725
84.83254591965718
94.01763014151598
62.154991993034166
100.37484506613525
83.99756557
151.65323562238433
74.40007925981595
19.8669575423229
108.59064937468767
99.27988248029186
82.16297505892246
82.67995197546334
126.63467091465438
116.49994604848668
109.02369708752829
102.25532205330012
70.63748486190822
23.29878706034406
43.84228674661877
84.40675695877842
55.2532130516844
19.989454052773567
100.46465951858147
171.05491587106775
77.92068888325244
55.22578133822884
134.0448786201983
78.17446823255872
44.88511945481076
73.56983422720266
52.49127769862868
-52.045883886270516
95.6737476954634
66.6252711864663
78.03105706599753
10.416469264700162
113.14706592792223
57.97788738176254
44.6941209148671
63.103508780991376
38.65713540709466
19.5062511475015
101.47133712299006
83.37212094870344
59.87421661068941
70.97280643336207
30.32773237358021
56.46612557741686
105.2711202271365
113.95289676660664
44.21343319309396
81.99424125534942
58.65446678462377
50.15844724749189
96.35875604361492
101.08646478075615
79.38269599754939
126.30019319600385
76.28720292969304
71.56211450540769
20.73997520177199
48.76560908910987
58.16368546002271
32.218613516407444
67.72500071902367
91.44319732676186
68.47942385002207
114.05302909659326
28.536465809943678
103.20895398421379
63.506153292737494
77.68697434242942
31.943702323116803
24.2974792480425
106.58170333949022
50.199609744913346
63.5780517840018
58.11238824277129
26.045279109081974
56.45814739215971
134.9282701985506
33.088480083000064
63.15167366782351
65.24637346667397
93.82850021861645
0.05531525611053212
110.94446669388016
82.03503864335632
21.668863447375905
13.91560134612353
107.74406218004191
97.72104892736154
62.982261056290476
43.15855066606035
81.2670292078813
21.37892165348292
57.02466421655557
80.21398261380028
-6.070885091378074
72.04221458834277
48.34323713290439
8.807810555651372
101.34321504990427
98.7333044728813
76.93968886521807
128.36695664214426
9.141273377790249
57.206487332516545
53.126865445440586
42.29349980709782
82.0783608814144
17.999044799726363
74.77645059859661
78.73379947027117
37.036544583237486
26.546327407332562
47.263757237204146
69.44730890444632
70.41071913325793
62.614844410100375
83.507495864186
95.28947734232533
51.79871687327389
105.75391902716
75.38439346162659
34.99885752270739
64.06668403883455
67.48361935916506
13.361723782958016
20.72406292876024
98.38032506314391
64.04378067498367
146.7992889391869
45.843248156308
127.54485449481226
47.19764228852633
30.757386357539744
89.94733945616021
6.670222461378742
69.92289944950535
67.08474046553738
59.13374259696637
72.35018005347297
51.01054939419258
39.693293270314875
45.661252692331615
74.29107400659494
24.084637877128785
87.18215357600141
45.25727325858753
31.098448801838558
55.55785297378051
44.961242346786634
60.177379708492026
27.71449049732066
77.67889638442878
45.44223397022918
95.4363368108415
11.717004927242172
83.38387708847469
66.74996075270683
144.4750781609883
33.62227494507279
1.9400613369976227
62.57801177639252
9.262329129289249
100.86161531435833
58.76511521797746
98.8072302563697
78.33128731639341
129.192551089149
97.05717844396085
11.600657722706508
45.38455246803075
110.74145616970429
66.80714258260258
102.56486231703397
1.6057228534894818
31.627122436219793
57.00170791578925
156.10602383313483
85.67431880185404
40.734229701418144
76.53795854214763
40.33045237695352
48.655654031856656
77.05835728387716
62.26417961449889
132.8602311261962
65.8743677143674
96.96014606600063
102.74456797618683
96.56993694372176
57.983706077339804
97.16020481276642
57.79777000596425
73.74486810512825
44.85737661430666
37.917988568018565
-23.45340026673317
123.03068428062352
75.102399320259
44.92924795438476
54.1756704631168
29.34997508412131
