27.43904433788589
35.62040369627812
60.35646683950316
35.99891157329518
43.17237948206052
22.720234292160526
44.42658921393716
58.49402600109879
44.330447696812314
27.820274268941397
63.476606444249015
30.960279659690194
44.34616241914523
41.78144020527341
31.294122268214153
49.735507899791926
52.182439618527006
52.15664309149792
6.809724666097978
38.374907814318995
56.38346237920419
54.826207931514254
46.60000040412126
41.170347644466474
52.16211379165322
57.70343677128636
58.961751460329864
32.478170837666134
59.05541878017883
47.49035929287207
7.362592968612901
32.2673313035546
40.363887507450485
55.997762798312635
57.22829731039543
56.49016220320503
39.42845856541824
16.938220637152234
56.33148782763524
37.88710802675784
9.809942611375774
41.519491434387604
16.89595944483228
35.41695071420835
28.40904381896489
44.581593616162955
45.67485538152253
59.963760577640564
26.133831095077007
54.322419065642265
63.01618024413231
8.728235455153637
38.94671215114079
60.7991107676647
46.49703126981571
47.236226383553145
19.52549562985184
55.70782699812492
30.698008481165353
30.334731632484605
56.21393211780803
15.050265963157756
30.823853456711596
56.72733984918253
45.54395227297985
39.04643096571945
47.00649892767372
35.538281913632694
45.907543701849605
30.11237420383977
52.85993919033735
63.91292701153686
39.26770280432625
41.696974442145546
32.39090263911777
38.074877270602464
11.326363126759233
34.18543529004102
19.57506936706185
42.55184162023747
54.90067706075354
53.51717582366487
35.581553631619656
39.619936665862554
12.283239136178686
22.71487579806108
54.37295124728258
53.6141878144057
54.127223593407166
55.926696912391236
62.97882141455367
38.9475535606601
49.66684799532915
40.63069634993187
8.826191227358798
18.165318839391027
24.655279370583663
44.021957280407165
61.83485893853044
38.05874819929831
52.807074561718764
54.565249878982215
60.132077004891585
53.634425060590054
39.19102172954817
54.65612711379494
35.53302134114625
13.431845181689425
20.54878298346062
27.072235769723385
63.55187589464106
43.04888516995122
10.146400756919725
53.12494739113606
29.752069618589793
56.494299135415474
17.378648104394998
52.58497068332327
40.941007701848406
38.109711402777236
37.72302606523908
51.05194381946636
53.36765478508288
31.18555413978644
28.068533664673566
37.93867650452566
45.15378036976301
32.20574842981536
1.9378421007882523
17.099745069314103
19.98296905181649
52.39147261482202
50.54880801314718
53.39100421604812
56.458896246245814
52.64133985885377
50.68286442045283
44.10599229102954
57.820472864536455
1.2013259065023476
63.58824255147082
6.194476882010321
12.040681618180386
52.427582359312666
23.18115388168338
41.234949430835385
0.09339377034341112
61.28592739241188
21.51130107176811
31.676254509875434
34.2520286703773
18.77214646237463
63.16055747109787
58.14920924713925
56.853570123474185
55.331570734579074
34.29709911877166
59.39306015633388
56.082567078043816
40.29188548498877
45.01348178841752
47.039363015694576
16.189674498875362
15.96883922810504
28.768994340966856
18.293299311112122
26.378041473595005
18.87913000880878
28.662630396054823
3.160776483554592
33.61180054980068
33.31458175725808
62.757347714790505
56.49818291102264
52.00708329829208
5.673313918074896
59.52250409229174
46.90620694906525
48.99686414358075
26.7106438922686
54.6439386631726
54.47376507504586
47.463910104426404
48.66339020885244
38.93114484214386
28.39183187018125
54.81867939923772
44.530281796221715
36.486470093001294
59.164449582792344
29.3712902973406
43.92891696613313
37.52716559636261
42.15373859053079
56.941577213432694
55.79073677186054
59.50926886368852
36.42452715280524
51.78393878029225
57.524094515737644
41.91494960709909
63.85198804961401
58.750828249158424
34.611563889862246
13.888008514307224
39.2780265289584
42.15884732446488
36.39186748206582
47.53334304538822
6.385984551911797
20.848554391376858
61.54290445624009
13.754974418824723
6.828765061459947
53.933621616127006
58.10526263396848
42.418724642826234
44.08763833298773
24.474185511602265
27.630512989787057
53.709717727455484
55.62216647959977
6.443879814805193
50.045516584108384
59.01074353816804
17.590079895539823
26.95700744463992
16.731415302764773
61.09268194785881
32.20589171892701
62.26756589969169
58.540588718371396
53.916006886643295
18.157970004817003
36.03829343505489
0.30993631125091525
4.380826873897547
4.056846722665156
9.168077726130448
39.07312878042507
5.022371213901799
40.07079776139208
45.369639479954955
38.65150572095171
22.25155728445813
23.659684300436645
47.780762241291
43.22141723779696
51.261646630498035
42.65536294035834
55.36989766190759
13.053329214853981
42.52437345825864
62.131629078012985
43.00685517243289
19.922626179218263
48.500474323446184
52.16373145460584
24.053550775429635
14.66844508520768
6.501561781069569
27.184126347394113
0.7100967675853056
50.056663122030116
45.50209646830423
56.78665990683843
9.938911658027024
32.489432008602904
52.34214929733229
54.32142989102389
27.41367271473922
39.682718425794434
17.277618551744865
28.613734288505093
60.47348177489146
56.912516775513325
4.870124634505025
35.34612419874867
3.433149939424439
41.16741356876712
55.30399765556247
29.225078015912246
48.50209407786266
31.555528969014333
61.79220296617937
58.355550147837036
46.21891228040238
43.344113885119064
34.26016002302211
35.97003903172846
57.169067029977704
62.18919152853401
56.98024448240777
2.699219766616757
27.775481633580988
54.87244775822884
63.90522263595925
11.876744162578277
41.3193914406617
49.40572524860202
35.329159956485654
23.368085497324493
41.932428181796574
24.578887940696205
60.33820227730788
42.36189499979328
40.31096671676947
21.309423184469097
17.297737034006047
62.75754978100044
31.62939224818802
43.60708573706501
53.34438885976701
34.277591088363366
63.62703308711186
34.259100863151744
32.08026309650416
50.47662325449768
37.16586988258484
47.11460382908487
5.781610103035447
16.832866013823107
12.593091380324424
59.66919439241622
39.54498985338824
54.29268329385242
52.56882473224309
14.21154195606119
48.79382095510788
50.1557087692305
21.786498416933874
53.77185102128145
37.72807127696593
52.41419665111646
28.60665693483213
60.488786265737716
43.53539896846229
31.321277386939364
26.90077135958302
32.35252404377646
48.39559272470486
39.857988599518194
53.811592551969866
45.53989354096746
56.18765777603104
22.907161411378674
2.256350514004005
51.90766461463515
17.099415392742323
33.79637778070631
32.87285164794466
61.802007185827755
46.7879655758325
42.22452948860031
11.70557717315593
40.30486688629048
37.617969188043176
57.029673486679414
20.38454607701121
46.404881457062714
46.14821015021893
57.138574309842994
61.73391266125165
28.771303472726856
57.92764742520917
47.40656153462402
0.7511055478121733
24.313940068101985
52.99278464367954
16.896794101195034
61.677540642783455
29.862074379031448
53.647827819562785
36.090878974654274
62.95353775620029
50.701550792121964
62.89230988026407
5.830012521069342
25.736577924727776
36.161928980827284
40.32136475107854
35.03239725914158
22.686042944692105
54.830273259981894
57.13498466109001
18.406835027880433
29.338570484762066
57.575870618679865
48.380440682969265
35.58120180373383
40.388987123514326
59.74480994296043
46.8115644686652
22.477399101112866
6.290605331987408
29.964112517062354
47.314182264590166
32.63745473581558
62.94765505737121
56.69905378168765
43.152167329102184
27.384675179847385
51.13062000264594
33.81127163696816
19.41190564877781
63.29043692062598
34.30626158935948
56.00068356998963
60.187119022887
40.10516974464609
45.16526532798027
4.605384203703977
35.2757189619102
63.48846088286588
20.82559827824562
17.665837787675976
53.833211509477586
54.753131362185464
52.779376143717016
49.20959001161284
57.26316175640943
43.658427741118885
17.655737279203095
62.44873987477078
61.5293732480437
7.764021276741246
52.49387903806526
59.32318961194028
37.91984481000753
40.98971574682146
44.95992979333699
3.0706680962926853
60.110137092840965
45.06405026308903
42.13335595135753
21.542414110580083
14.82505119230268
22.547157812596595
50.78523755972285
61.974758205904436
45.28479215673412
51.10648073611198
24.384111529201142
30.39573888192492
31.789718118833832
25.505621966537667
53.763036368822455
24.917751971372716
39.35738657049387
59.51798579126063
56.19424863484643
5.9629574555097165
46.925113684167364
57.15131480728201
29.964303574306342
58.91053745890064
44.650768186341196
36.21435903089197
56.54827873688379
25.195194918199917
44.89069096770223
36.302592230238744
50.50224434073435
45.99506961255717
59.4030176575658
52.53407779088433
50.16826566834106
60.61543999287625
9.109339250064735
25.79332170884473
12.374471860877641
43.35048956934895
14.67465614589976
35.035491879707244
31.85107824190824
7.434533979799838
24.903603371053677
62.82028058622328
36.57565247126703
44.38680149810982
28.164683497324752
53.96973831842428
17.153487798668117
46.27094094952436
60.024371723998335
57.27454540741077
15.096474966871284
52.737918386290474
56.82184613997518
38.46993980435731
24.92717248470251
26.44232575175655
55.96653521951704
58.0811636013022
47.41107905480389
54.60044137238941
58.22206612638006
41.66450156183719
42.47731805420683
26.116002593260546
49.1920258424322
38.28994289299589
60.02414747947091
36.01329557231817
38.1419520848803
46.60943132752351
56.075451336195265
27.759950724969777
43.53885549500444
20.812650383220657
18.11674001079185
18.228601379217864
35.73602488665465
42.09168153821615
50.775356902213865
21.106959876366865
14.624854422415048
4.560879942173578
54.8074548451089
58.436236610457236
62.72281241910212
39.98423443627777
50.38273729699681
4.104901492947846
26.277247381246582
49.37320509539618
47.982570211938366
44.19329150394154
17.783883314272735
51.34368234065965
46.19205254953887
36.68470826409455
40.2469266011858
28.06028935615118
25.06682817842387
63.98445335199555
8.24910527322843
37.87832891686368
14.538753294397871
57.97977903218224
32.13799877577097
34.861327097238586
17.543308868132215
17.609939605778848
41.627271837836645
52.57498233653156
57.34358893171156
23.87452080591904
63.35302630144024
20.20332570329682
37.040698297563324
55.390860875327355
51.19418768233408
37.982981127028225
16.057768192240943
62.51075922197774
30.825285765178826
51.705458545679775
63.770634342531025
32.623257032520264
47.21259189070948
57.466002109287494
61.59022262630401
63.57603351822106
55.90468346263943
39.42639760098561
44.27728811083783
60.57480395496591
49.60693984986068
8.132727604600191
52.2822267358897
40.29305635505303
50.04601331130406
20.10869413128914
6.541222845848289
14.718437096382594
22.823626905050155
63.33221060592072
44.89900132142818
18.246854941382487
39.09673175000002
13.418602056528464
10.537372982960086
50.62935656055153
50.121148341579755
18.14431605981924
12.943827131556908
47.23871950428935
48.09335558010453
58.4175517220071
59.621430518238746
60.70606742528248
55.750106666996984
37.95626370488529
30.081571104671056
21.15919715359366
51.534068223048585
40.593825095419916
27.889763845236885
41.030957300492254
5.286356314539027
61.90909074176076
45.53027496458526
19.1698421895888
41.54501385344787
22.478149140737273
51.14549631279878
48.17246652086739
41.54258108774539
34.69656146264059
18.598906139451536
17.775364670405956
38.10948938621355
8.14206747931744
46.76036072167577
50.92131691810111
63.60772190756511
29.704148577397262
55.9890785237962
38.892087980840074
45.73628455639751
37.90450448152966
26.9961798825546
50.77058629555917
34.66667005785643
47.1478933989518
38.140215345866906
54.02029297624473
33.12930263218928
14.53271987854999
45.69118100228533
13.328076669015019
38.78135942227226
27.974176696718082
62.98899169636452
22.305829528438508
51.281208972120496
6.353937180613578
53.27995831396247
61.638683599671594
48.15668560772243
30.62046417374072
47.12613703689387
60.93075278434923
61.94299777999521
51.74516737733693
61.63223651096057
60.715255165032616
57.822570161409004
31.777552042318277
34.07068841801335
49.81261225062081
58.46048397660613
63.42322608218926
31.698599497125677
33.93532909911079
22.803472880286066
55.23166989173848
42.218051997831964
60.05708227658337
56.55920560641255
60.655211004478915
8.094092631646014
29.947814707693077
57.90639847338773
44.364475803260575
62.58556412680888
20.045209783171487
55.052315637846846
52.09062901165446
22.623636445074943
31.848671378537304
61.72406687687371
41.885463498441624
53.8684320669482
49.848458887372544
27.25163166467361
35.82645622890464
46.978861618284064
62.59884537961424
60.10740684184991
59.262499237483446
32.476799256551715
40.50913245537636
49.536135017969784
24.70557227454377
38.720061388607625
59.76969778352621
56.23331898275147
0.1851233484241348
57.80388115015716
10.777744261268715
2.748004899207352
45.15877354105056
6.6751699703192315
43.01341741109161
57.96537924476724
50.73286804910856
33.78265395253915
12.24039293514609
39.45884168450607
48.72993894019432
15.194338053086547
22.23435507591705
60.90785319240093
45.93249866664865
53.761368416604896
56.53599029518191
63.556543479425315
19.749650592339727
16.91011066224584
57.061663959722395
41.64982849140711
40.59755307051206
39.42480189643048
42.858338010039894
25.4697143385553
24.91221590874614
51.026503978815896
25.168922303843075
29.835646954832583
26.72718211141916
43.561857523858045
31.262028394266046
12.891484257886098
55.188078747464324
49.765871797547796
33.23114211433707
38.39693522721909
49.58258028772569
46.17872516992705
49.30265249482943
29.864119525570985
56.94857305181416
52.5097671719547
20.332597785713055
26.75700240064789
46.769959095989904
5.813324622995516
52.49415743179213
61.33643279499393
46.69011924701534
17.512124498008575
47.443303215275066
37.439432644579924
22.171232530525728
48.98492643140341
42.089578288140004
41.1389480817788
32.350600821015846
26.075565446560596
29.527880833284
60.313137857724186
59.15467067242346
28.35837033005965
38.433165955481456
49.92325644182583
60.01231096734718
61.613626812965975
26.384297363308555
13.61822708413245
53.028471594794546
51.09498902676759
61.61663033281908
37.9797029247877
46.321002095314434
28.791256893180304
12.871872808927726
38.62574975139012
3.483811550748264
41.704575997547266
25.66882289646
53.954462835314175
18.149861169304955
16.091066265043843
26.706282451252143
56.92561476413239
50.580997678751245
16.11524982510251
39.07050128363062
5.846254115714878
61.23798883621337
59.71903954753195
47.59510661088727
17.732257170683567
34.36355720083559
62.897006567305745
56.37902287078113
3.0676569912013676
40.11463497317483
27.181659916516935
13.557016476322929
63.42220604622815
62.55381391985205
63.875946276997645
23.10035762963703
18.74201944103215
47.46183174682757
27.03464173454408
62.27170561711741
32.27256383167945
56.38527131736394
23.250842358678007
58.836686588904485
61.664353774106374
52.68596920475753
46.78559395761528
31.829262498374156
59.39691170650146
54.10782437417674
49.2660574165907
14.802090072274147
29.653972138909687
17.05862201944865
37.440738110271816
44.621430456120166
48.9136658873162
17.70466126394554
61.087588506476735
55.29860929511762
21.636261641578557
62.9281647698146
18.929712655339998
54.30936098372384
38.06032058440774
34.19102814413442
63.020554555580034
50.12548950275011
25.89954342734532
50.81190056036473
57.330511454207056
44.099949263775954
20.710822320754552
22.85737796383396
46.19606128815278
44.72655863893632
54.85029219044786
11.362120174048385
46.6689377655572
57.3937126241411
16.566489829661045
51.76020872099225
46.04726228678131
63.21294024102783
37.045147405102384
42.166599296611516
19.68700176043299
43.24119652050145
31.803020822028337
34.66416803945724
25.42400211795139
54.53745200520674
13.531797855096421
52.0589152087765
43.105230159291295
48.56763492868812
49.15793612064154
35.82571529511843
56.457458950311036
53.05289435572026
40.108931245680594
49.42654705158006
56.53659029088124
31.43426832819673
28.27337991887864
33.08073968292713
31.37815346087274
47.93662764907054
46.34151356373944
61.79344556858394
42.517570397248704
7.099656359180123
36.66185358237351
46.86609601990618
51.0831561983092
56.60742936825098
20.305790164113056
42.14376684963999
45.619568584526874
50.60826479995831
23.262060942218717
51.37901349717474
40.38948487288488
31.016262012915305
45.244424736560816
24.996911968908847
50.71279125789036
45.85287817570831
11.308768161424183
58.24246802049941
51.43160711008371
56.763838557292836
39.71081663938458
25.28747736145214
23.608945142578044
40.96101073355646
60.389150769869865
30.666672690368614
28.289107558175914
47.771355709170365
30.67017099568269
42.635615944712946
42.65581867409201
13.26820957529008
40.8466363985755
31.14554025226834
35.10763368008464
36.44080525648401
19.395561999674946
55.48440269210605
20.848232032498792
59.12750398004703
41.72277017640004
59.617611373076265
19.981607043858375
36.55371611147213
22.136669006680208
42.569894656472734
62.13184359186369
21.74883875178209
45.60193290893191
25.78409688497213
62.94584828034552
51.03867947700844
28.43278544543078
56.994640507058435
49.054125778859614
27.261343399089633
47.999722842580574
45.952578062931906
58.42704488278288
29.171481043414474
40.66703576555081
21.286861401648935
23.58504348290888
20.182650352360717
32.90598826414076
40.24229035176914
58.676027366592976
55.90084397964126
48.54082749899635
23.09912385901705
42.01372135924551
24.028167654344713
41.51530998900536
56.956296593084325
59.065927191771465
55.09311029063351
39.23441559883131
30.327409788940244
54.54481748291275
51.70542103121399
46.99516094416403
51.8245397708791
53.76877189762861
42.6925695821065
58.70375432216184
55.14409593728726
37.32964075920373
59.61071881514224
6.999152174429469
31.425612638895686
31.231597872687743
34.628901377561725
61.10415837771791
25.715813796052203
40.79262219195192
7.557791542963514
30.326562047434756
11.563959711340573
51.3954111805878
60.53670599849708
52.65590332335469
30.26230488496087
42.77180340075763
53.36182905670588
46.6686937727151
59.87749550800872
39.61017412301186
8.452712265922614
11.591931608378587
15.662167365612376
35.97660540018382
47.1874670341772
33.09057415737055
58.27933624122443
16.97099482044151
8.477137277413036
4.30144922137147
35.0943446839275
41.23298273246739
37.10396883563168
39.66904482610134
59.709916524514306
37.84078653009001
22.287157321212163
54.14221150027543
63.91540434997379
55.02778974662032
53.5072228468066
63.966217472577085
27.76238843560757
49.08089038302876
46.588511144581155
56.54489970758423
58.817245237126
59.980151578777495
28.646376476477776
55.270216108123
63.77872301589554
9.088927645301823
11.467128271641279
45.903147258061374
43.027380199715466
53.91599215351701
19.245898871641273
35.28842842143074
7.819078239100278
25.617225619752297
50.63854678715446
40.59266229922237
19.25870943675978
58.886219016323224
40.60324082745238
58.224782030969735
19.929295533622835
9.182787797722355
20.380023464893803
60.87613782405034
21.902235381074
29.400567760655534
35.90662607894805
13.230540020346922
32.4565294700847
55.52882534924072
62.286402933401114
50.759618685057674
42.74215014432758
58.526121257163325
39.13336913865077
57.95079134139389
24.629734627176283
46.78265474561216
11.923665747576337
45.40935190388748
59.04765651727945
58.0263457623533
48.313864944359736
50.58770961580832
43.539210933226116
43.29784351880572
57.94400780025654
49.38206760337832
57.0155757766192
28.932438068552393
35.19771699486089
51.03121879465834
58.626365284215986
43.886640724067405
42.57191463978643
36.82304371933252
59.94711130946868
28.641773513338755
37.814130824757086
22.9274355901252
25.78241295010367
56.89323100581381
38.027704423510116
61.89491131693547
45.39604521689665
43.77002058795253
37.14170243940998
52.019460470437664
40.57326016011663
51.15392784129025
36.08083339756939
41.91659989622843
55.5329234029236
36.77282547736421
48.78053053627948
34.90007430418231
2.9401092514973755
44.837491746138184
36.56244153525055
62.83877501505503
13.118523581511006
59.80190193642677
43.914013120048125
40.22809776720992
56.72020642930194
34.49416089991666
48.67389640514466
16.73451945093168
33.05823973878071
32.69284644354132
58.0460210503169
55.370831495876715
45.74793279829748
9.860041462741208
54.655126317299406
20.621168578287914
44.60442561402134
54.50888681309617
56.63034448010064
43.83015481312943
52.607546726929414
35.880372855456166
46.26262192021137
56.21905887251416
17.17574097592604
55.317628772877214
54.285996349645146
19.838952524422993
57.13042936387926
58.608228139478506
40.49834517844219
25.769240793581858
40.39806364597088
62.94877018100004
45.85537421648695
50.90187993261532
20.779944259266152
4.84105744732998
46.91536754474849
37.29524802458526
32.72717532648561
41.9834619914034
20.234982781782747
20.095158263021368
56.87956857209024
13.300595323827707
48.11821111543077
51.953720023873274
61.215685660032264
52.84870937813318
31.56368090441815
45.97480753571959
47.190102963461115
28.282858745983532
26.58393970757524
57.28403517257182
40.90485418602019
53.08168059346227
52.99308896330417
49.5606366985176
19.993379197068258
45.12522755451367
25.80839569786955
23.55954814005358
33.10864688721871
14.802749622533597
33.77363865058607
3.5215539143075176
54.92486812871718
48.87062176998769
26.21337744384381
58.80810337618723
33.327895484805005
28.019978426123984
41.82736317229093
49.49898682984494
36.98467292016958
40.08968126524681
47.66165903023125
50.64096575648887
63.68805977758286
55.66481054215585
42.52092264566081
23.83985907202888
51.4128770413252
45.43097710781712
5.286106534463649
58.00886334859769
8.117661202954125
27.743437628968096
56.18662502870509
44.9239985596255
12.697685268603571
28.12056120299458
21.171524899927874
52.19214904564606
38.985550163865604
31.00670365073242
58.84465763609682
56.02105906032775
40.18475233146158
62.22790729237741
48.353428789748705
40.05737998638925
11.279546853524565
60.01456062962583
31.22125693019845
14.917137218641415
40.15195167130358
31.432872914745488
58.131918067132226
42.71133497685475
39.36082900746496
55.531589544525886
11.44017821500713
7.508099821429191
31.819856833337795
35.358329981611355
20.329542053902188
4.503600451419366
49.78566352968516
41.113114864325226
53.57513502490227
11.568103693751901
42.52852905416792
48.267008213999596
49.705709612447066
44.35347465064979
51.9706800188265
41.69692690476935
61.99284577227596
25.5498584278525
39.63999072614578
9.01430683401788
20.037232789909588
52.17901469218551
55.622801748452076
49.98726402570915
52.76406245463963
40.44002381890377
37.509030744842406
5.396489680113817
27.57134719980045
56.53058658543602
13.758936291499268
24.528542531085407
51.93381073536455
54.12386212454709
19.715020004582165
19.702684618302783
45.28747927184828
53.7550331796576
59.5650508202746
52.53258644911299
34.931699807314416
9.812194606665244
51.99968773493367
26.379772166099087
60.04191094744
46.62208107666189
11.15860850571822
21.36308851112932
30.399618823041514
18.363713980699963
41.244075236389094
44.11480335805189
58.13454146830421
28.39275922819227
51.2247116828911
50.063009109922525
41.04681197406994
57.87755299140903
59.29154378750245
61.72012968274623
61.91803140976979
60.67316342753053
51.50682508336922
17.99141779248201
0.619819375190005
46.05289413857862
35.356128835407816
40.76955364276531
37.053866949765805
63.17580607896809
22.06257781116574
60.327858130678045
19.34954325193481
31.844145279686252
36.93244545106491
63.023793404357306
50.7752810501686
35.62107473919006
56.899035164056485
35.57613493279683
30.949713096615056
55.0409715945906
47.56293448932445
30.654198143856505
38.818336687304495
45.33939993353157
38.97841103276865
46.942518260539444
44.89625997156773
16.241403572799577
7.676647272664354
22.96866524212502
7.537917768363521
27.124738076740094
51.016421556312835
58.81323725916175
63.81189439019564
54.48317644504475
37.80483668802572
34.415659642393564
61.453427388602755
44.98469797380419
33.70388832231312
61.33616700016934
45.28477358226236
59.038858353827074
23.780374744540694
46.553900246357884
39.89204294855686
30.62733845027533
57.35197952017202
29.808038508407535
51.34558982702601
19.070156894798203
49.18847005966624
53.044167345075266
28.91853738282176
52.889011412747024
22.421913704218262
52.20363603360748
53.52385213360542
43.69673871338631
39.067913484972564
55.662284127051336
47.246546919011976
55.99797470838849
63.96774027291339
35.63836643814996
39.509947108706044
29.429052546142074
59.793061846247795
1.797962202376631
35.232264213081095
38.072260241413005
56.11796014773623
21.224381884519275
62.77127735691984
11.286931125301564
53.10395126813386
14.810501676838058
63.45586499943618
21.53786697349092
32.952544812954045
46.091052484696526
17.46264072765336
6.808056316583489
46.58345290456084
11.982435373945876
21.64148027301396
28.582126339604194
10.121903816191981
50.933625419696185
61.2267597980737
45.68702941504327
22.031419126287474
23.967149577136333
58.501350929829954
25.25683293371238
31.60320275949944
25.35090909346645
10.443686341755438
31.984828153680887
29.53628193291268
1.7484126910330886
19.395687608028176
49.10918298106827
57.82867873645663
14.332585350756666
15.388611464406218
11.186289703732157
44.23063804398738
56.965585940385665
40.93913264680633
55.197113666733095
25.6303438015118
34.2307032707897
41.228992485300736
59.75435983966029
14.992412677862418
36.07392331341688
3.4769205614151275
35.808627903349404
56.10857727990236
54.01136263141043
13.691855636136054
32.074241422338034
33.0161140646136
49.74772641606785
31.467578787040466
59.525144693486986
44.89579867017895
35.500477682149835
29.51617850506119
45.13351452639539
57.84379891883309
58.265853422181245
23.009781417147593
50.11894519374236
60.721653208562536
47.22390700615429
41.14821276258226
58.164386515515595
42.81083957478541
47.990741262016556
14.14548618226825
62.88180979164081
44.67270474411542
61.14978385300444
38.61090308527547
32.38377557955627
37.66834731698007
37.22901810671295
54.96513747448763
4.328522924489448
29.78899349012306
11.238183178565386
43.64978431176813
0.3781103577910798
48.63637932062163
15.608450521609356
30.695376659591844
59.857178138510264
28.783976807085367
48.95483543007869
47.71356294381811
52.595338104221966
43.26625344259695
40.18274554073682
23.130962490716612
32.9922566087863
54.01362715214503
50.2505966739346
21.2881548199601
39.33229481547757
59.965237208002975
42.7495472290277
39.057742976296126
40.15527145533845
32.612182287808125
5.0271373393452805
5.9001061502415055
60.4794637571077
11.655505391192811
46.7181179085621
57.47787283780404
53.6371515310143
48.02299267860264
40.59225646663479
4.168630203843122
18.120436163308547
10.293581670075724
37.295543333326336
46.63775703274688
17.80734920037071
46.39681232175007
30.88145257938597
56.101551606027996
63.09155154542661
55.6323099456774
54.065107300363394
34.477127901714454
61.68024595566362
59.95685985968966
38.47848802263924
31.997466956172715
16.44081668089745
35.269575943984975
11.944661881702778
19.437144625197668
20.283424140659854
61.813817695489575
63.03103141509579
18.427908177390094
9.822653073110331
39.29931084578766
48.70095505695075
37.82807592122238
32.30062614937897
41.31959769267181
48.98532736009507
31.58871788412823
27.332766359945424
1.322609012225314
22.037958134735945
58.86071605943606
58.78559805347095
30.735672553485237
55.95900479733582
44.87781270441542
50.802245194898624
23.155736708264186
42.05550485109153
45.01259566090625
60.57288576118038
36.22866181686021
38.01460632646412
43.04276461654163
62.14877430026379
60.633709158266214
15.272698063588642
31.053763433528083
44.469328170140535
46.18660526939016
26.700046119598454
54.64081132842194
62.41441766733215
50.71154448083324
30.08370244275664
55.36743300642872
11.562159915455823
44.51429325064865
60.77673203609611
34.851714053609484
57.65995639920959
55.35457444552071
36.79668994092684
54.79871669391589
57.48447286712263
43.30334965486219
0.009226636175476699
31.495731176154536
30.60636702938502
54.72958489883136
56.183122435265744
41.48461295245893
57.684630811006784
52.842367551511856
22.72383983690853
53.03843391041625
46.33035573969188
36.838531339156134
29.30403371116642
25.207434991073256
41.912522106622
53.89995842051068
26.036888558437866
53.9795618725148
15.459350668067984
26.048346555014916
55.015241693892364
29.525150585978977
33.141200402578946
45.29785398299172
54.11010550554633
54.03093701103833
42.056755849021584
48.41721923235673
55.993548554821615
63.882621141047835
29.534218871079318
57.07405577655895
46.737818275653225
48.70936708348504
26.75899678970392
43.207427454531654
33.7646039406002
11.259236532196226
57.99446885479814
39.97700339385484
52.97198881623102
29.747237703977426
59.026046284987174
20.501016030639867
62.799728298210454
44.73561864670275
40.77329675121908
52.75793693526036
53.62874758355916
7.629977998466217
62.99407847619328
34.34831406197152
63.586610512031676
57.96942390938378
45.8827611255948
13.129039803243352
36.81022537544981
36.13523080872473
10.830936506198917
38.862524490670395
42.87680707682652
47.46355316630567
61.51260573456076
59.955496413683704
38.74685754334262
14.113192992024494
40.66642380794285
51.385499467920944
32.22529601431327
19.796980277126714
11.518374049564294
51.40167706825863
53.451846326928134
63.578405226083454
47.4355999285946
43.88749195166153
49.60168015802314
57.85325471692285
36.96413390840962
11.120369895988532
7.91978223858883
40.45721057866923
35.56487756617894
33.07257628918958
56.83068543672671
33.36331722876159
41.24711434775416
29.504865428542402
28.629436673555396
52.38139192597359
39.29246547424161
14.55713914398374
62.18753130402903
40.97694143091741
54.13118961189245
18.125809352627194
1.1393476471148318
41.02828609788817
34.477145975513736
15.511236108582082
61.10015138163498
39.36704195109594
47.59253349545114
42.60630815095851
34.91574825561486
37.75436312297289
57.28140076131364
37.533796470628566
35.96929173862074
56.928131542450764
42.022308484344734
56.49962937316193
63.63467429481276
23.181715536451684
39.313187865460634
30.72932987625716
62.47235850136605
61.35128934364111
44.253534669157546
35.600029713039405
52.74150375247162
11.584126875531098
58.60701102250122
39.73032567333283
22.398443037056204
61.20038402613523
34.715679597469816
25.40495356244508
31.027255438240594
29.889330634250378
22.749026691188135
14.816238569982318
12.115392058828803
56.63470835620908
63.0226664670954
43.612023579837675
38.52593832435652
62.447529427349814
14.080925865430977
28.506038558366797
46.88732559324929
63.16882244798565
52.20491047293807
45.37718445945242
28.475061619123046
56.797992478264995
3.5273741335909037
24.77219895582101
20.39361553584456
24.85800261528628
24.920850099277814
2.390067502472718
56.44558193052855
35.274617458604006
62.39808136712333
62.33702525590324
59.54342751444821
2.4429768351426517
57.301659620614394
44.94474377576172
42.11069905668518
56.79141262119826
29.660468097408234
58.63344899203843
62.77729662762167
10.185650288295903
26.984469540286568
60.749166545837056
56.01254127410841
45.859525609743685
26.547518213049983
18.92458375133912
58.277214607913294
27.484546012629963
54.53849495807979
60.709635071447394
42.08718562702833
44.543292111249464
24.856291850668235
60.95584501645739
52.73840932806063
58.80224845433457
8.859935594336022
12.917145202148959
27.46905460198567
21.317371408121687
33.58104942546136
49.44842445859843
18.864276458526653
13.035163717098598
47.879591903371605
56.02033374274531
17.048186857726435
48.59251761663117
59.10659536187125
50.816116333399364
57.77620109278166
27.549359101811767
25.661460668460656
55.61692892290996
40.85429482953887
29.70671428258113
31.798235997877022
46.089360951756525
33.285325137409686
41.95233268562846
0.1660323041541929
49.38197329185758
23.658483288406067
47.14559586913404
47.4907520091199
56.326125468086836
60.36460027982534
0.6796889021199561
13.016957305402961
62.70623829645682
56.556613196784696
34.658402566365446
33.04146163963054
12.35097695639189
50.17707237764928
49.4453768781969
8.328983249692456
34.23375435732928
57.804942241506616
61.064139639604676
37.30696475716108
59.810245414403106
63.633214335305084
54.958871277763606
9.636419056664174
34.83524020770119
53.57557520561889
56.07851697307784
35.18170725848795
62.024341569919564
63.46843315567176
21.932704030885866
36.759264760949705
40.76957707380576
37.46115270153126
56.70271365575948
45.50017804186854
24.79205610848127
37.73839703763686
62.7298787664845
57.554341827117085
18.964099851471893
24.669510571434053
20.136222737763546
44.54809586177676
52.014610012115966
32.17346880128905
25.45687068783497
54.689474731990366
56.42030003854504
53.620117629194304
22.17932811551225
60.357706584016135
57.64017927614639
56.35980392043278
44.20830620229231
61.041863262017436
54.97317626512967
26.060474563746297
55.609813913496026
20.553720722357816
49.62083041923653
33.515984790252844
29.229025200804678
57.337618055997666
42.20987177101625
55.79679692859807
45.266875838651245
26.394478873225246
41.672059888404945
57.04508659618969
21.755554741128236
51.83080157030637
63.96235684426292
44.72956350384206
52.955887317580135
10.018417920658123
32.00458853175836
7.794756024401195
28.407035642773437
55.302355706948916
31.399173042519237
22.072266094095497
46.58581476474248
62.76504086521762
56.59086760831552
8.233600308034895
14.882429146094125
30.716258050216616
8.946290435245942
58.16317702750569
16.124577974231883
46.04160856178041
62.42514909465958
12.171656448516885
51.05500868336067
37.30169790424169
31.74631532222297
50.19792625313325
27.20621859711779
11.607767632428782
24.924388588557413
63.86511509335617
46.4035417505786
45.16632769145079
44.9525446875764
19.29361701219969
54.25416009981245
33.779196606267426
52.63173309865832
39.461308238109865
44.95814064448622
62.62857366710918
36.48929003492033
42.44833189776706
56.51071799725371
35.058490005227206
60.611875343042186
37.31959069365725
9.505175655608085
17.051079195891283
17.085253601708054
52.12837070319821
45.94804792282097
18.166766860203943
63.888167637093204
57.792491688515284
33.24223107533855
17.62243728581423
53.35490019435687
21.7874469554622
38.87435883985711
53.47351438786144
8.69120770182731
11.469611482890429
11.5635333417747
47.682063505507074
49.98135318879197
58.38308542543896
11.223185842382208
42.454722938731436
36.8370090786282
20.100134982820364
58.694518454203646
63.7099652552263
39.31832114880416
15.480525634333048
35.60435114207196
46.20565474381519
61.27884733950781
56.0539764581604
33.88509508563023
55.96776141240436
4.76047045997835
12.930797850515773
43.28457761932287
39.45556729311806
7.729372051390769
33.88400331095822
18.74048090034823
47.78620127377897
18.73076166310485
48.220234808539225
10.457091904533883
20.559938412478303
3.6465530824923604
27.41521329868538
56.242220139219626
21.266641467388304
18.84494291848737
61.501307667612345
26.879310598914508
13.531661752923277
45.723718207669506
50.186479639090095
47.621126036192386
50.62257052840516
19.130639426831806
15.87860914562009
49.28325658363731
51.77929234441045
45.772417296786536
54.23124661665754
37.11022113950378
29.61656710491379
48.61377799910365
31.866690973298425
39.28420621425353
55.38379955281897
50.87540399978536
14.862619751533373
32.43005441862484
49.30609878275047
15.975890344892953
27.23339730792899
29.15056474486024
38.70347789954232
61.3665852710513
21.67889368936396
63.64644790349951
23.32198993324854
58.374541360567896
57.66875536711045
28.213113113976647
61.90223259162571
62.04129946506822
49.701181465165384
53.88165597239325
30.681521388402565
43.116033859477696
42.43294861714732
57.134238524213984
12.981276554066426
2.8554804596315435
41.8789775940874
32.94202711788107
33.19983888403245
23.856330433413085
5.92859372303613
25.041281244586365
61.24422681383791
34.90507504858739
24.04152052779839
56.766845915691654
42.263417915896355
44.669297950568804
7.279531983788601
46.098279216142444
33.53016974228126
47.068771703797196
63.75741463222738
43.70907271966674
53.15655228494164
35.75079866748666
46.331529490520765
61.452934203677835
48.60982513741469
38.47884664521202
49.390186043270724
55.16788838181765
7.6551141993747365
33.45773174468211
55.11893435649644
51.14087772365645
41.70018306804344
45.53774383787851
41.60944530446503
20.560999357578147
9.803957604207788
48.883180081330714
30.71938970244137
22.265394864890006
58.73016520671842
53.26050217365818
50.36595525367516
61.263556458712365
44.7600489163662
3.6252208682519367
36.58076090788724
52.465986044878974
34.58415882523784
52.1644596874266
35.556020544311906
28.197577964870256
62.58458076153791
47.742439876286305
21.155137830215054
56.42786561151537
62.72171310029037
9.801478524473247
52.53543077143901
24.051250947463323
41.62440361024028
29.794367943775676
62.00551081305838
15.579115883694968
26.918938776258955
50.76953315470105
58.26997231647965
50.4147562027342
36.07154209677533
53.65979587735263
17.776783349946086
42.8877867830599
4.921370466591981
32.30344138322201
9.28794206984518
40.41739586901521
33.7142188026436
48.57506665029817
53.862109354680385
55.29311444790278
63.45906740537949
52.891666163970534
25.7815157857204
7.1394629149460656
62.495401718260574
29.613606952056138
22.56323012083852
7.627099634326925
4.884188069151151
36.58009777929304
46.30820481845162
7.056383550390407
53.408579051511495
39.91778621684091
51.06726984453851
35.460493857047325
60.998740676746316
40.971344907764546
41.56932049362834
56.97678337771325
3.1629357308696697
33.95296278653449
46.129624028868406
49.2457454236608
59.55008372956893
60.48066286350033
54.6443473050229
52.521758390328614
59.8366502886167
24.813550523951157
59.649304492996485
57.39311461643999
45.323510493880725
18.8278731537008
20.46810887022133
55.58075378715614
42.353904167208924
31.010723204799383
40.84566983032697
45.86341561846656
41.273947639913686
58.92160836112377
24.463734267526497
50.83256621697602
10.13448713589095
3.4676923806004396
26.844788743045285
28.69943566800118
36.05927492182636
42.60257119939203
60.90513182799485
51.71484962610358
23.790322898659035
3.956633677604046
56.97515406254657
30.231696981368508
62.14443091413026
13.95523459954461
59.577679993763276
39.77078078853954
37.08278749943233
56.86102901020907
22.75990088868688
58.135659758946645
49.79550134391988
42.705856105361434
26.863404952320117
38.650320453550854
46.808433778614614
39.03023176495796
51.94287162820736
11.498376750846617
60.30658413686639
63.43665142282428
52.69861258075935
18.633936590776322
41.36006475768339
12.603480378801414
20.483613796197332
38.06236698580192
33.10501460800088
56.619358075249124
60.494629129334086
62.81694447789495
20.72885758287258
63.04455333798447
6.041260828183461
39.1550739434323
46.71971199131167
56.38133776746058
12.939262547907028
48.908208888765856
34.84157266833778
44.2242040397535
0.38840116645907585
56.42112951502961
57.08256590565792
39.933860447063495
53.031682767848395
24.388597789305997
17.990901852713314
25.878546994794668
62.92670729426269
59.27926719349368
43.31849538353994
62.50173388559243
26.076570910493885
36.028461688792405
44.167274689949295
53.99341375947937
18.30264815615606
4.961257546277984
43.71114362963894
59.8303390991944
17.929453059576353
41.95863295914779
28.562194189326746
0.5424692741370194
57.44611627862043
46.54946961466253
43.39174583608715
48.0016913310384
29.6722733258551
48.51432143591211
63.30820339971627
16.696326732696058
25.397348287711097
2.460148021999167
34.57135340984831
43.13213749093917
17.697404096680117
6.308596439511639
52.242546901633055
57.40526719202774
28.612560085967353
31.660729325476296
32.406267074578174
30.004652125600302
31.17704511514686
1.4933726416064133
59.87298207682895
56.564273755767545
53.27320381660532
26.951401096215697
