39.41947629826226
8.2179532724154
50.1721494808818
28.961616318323237
39.242492848480865
63.1913576830674
17.389595188403113
28.742449451562237
39.62609862716607
45.46529673391073
49.486546885089126
48.77642702763223
3.7024470248156973
14.656507136855723
0.0
29.968939870399737
43.12273380371138
57.91789810912839
45.223532083150644
16.602956112405288
57.823747171448346
49.61019498514236
62.58169337297568
46.91616358947712
0.0
17.842736406518803
57.69484542703588
26.49572044600788
27.684565664583417
27.666617862609698
10.596755880183522
31.30500887411199
26.6312655386037
40.9413891002077
2.4144364097349964
56.58967177985921
43.900186046242425
37.65757243275684
28.448555081875313
0.0
16.807226898236692
63.70306848018502
1.2041051265543103
56.77597403281931
16.001959271620336
51.91017454376428
29.982617349402148
43.49400345919344
33.97921190560403
37.25150878604357
31.994333048480392
29.43184080596597
27.2490707384776
24.38670145589468
51.55020758353984
0.0
36.363039094521795
41.458785851653786
7.50003403799515
52.381676138350414
34.58075570385335
21.59017281551143
60.28554874413175
38.412520384589115
60.00408457118765
7.334021444831436
47.32653073039165
60.453027768156836
39.13384780704
32.92432078693445
38.683257668965446
50.37260846200995
47.52995777204255
55.3390747613398
22.794990505422476
42.465158344146985
23.930285864213317
42.02451062405836
10.167621152020153
13.852522131972187
28.43861612016751
38.36367970120551
27.017080582568667
39.866262433831466
57.22887901594217
63.11658770257141
21.376273585479993
51.64091817581054
60.31182718005918
36.023038172513324
40.25773627483864
50.20077873475108
3.322319292014683
59.64751506865622
3.528434642439379
19.093763220497266
52.615866746484926
59.6292862574324
15.487468000219685
0.0
47.94932667019444
43.06491199332488
2.3564124837006872
56.85518609379768
51.74791827059099
41.055105936714796
61.336558536122894
54.2524428885997
30.85109079563135
39.69089861513697
0.0
20.416179285888354
37.5609621911219
29.596379349907608
24.291710031641564
10.27690394999886
54.755718227256914
43.971751801542496
63.50308217236295
53.65646138711651
0.0
38.142416646066124
28.771660132588515
48.98948550906868
0.8218706421929696
52.860811664480885
54.92156932535029
30.841954364184033
34.09760231502692
4.954653927324848
0.0
61.56478588919782
42.4048329954244
33.2525500539919
20.590170791222143
16.471624713462184
56.636023433754985
60.4431348366341
20.10355265889948
0.0
60.62350784517226
60.58274842621957
46.48544807434165
33.23575276029468
18.490475731331102
41.38381642764066
45.59491641036126
21.183815656495995
41.808158292783986
56.80699861942295
25.749834048683894
26.556004833997918
49.82818281494827
60.58546096624634
46.6974804253406
30.644843961203854
35.423961142778495
0.0
0.0
22.86811371444692
36.64265780911151
19.958239020501615
23.615290508242644
46.510002497528696
15.455143579017111
38.182049361148344
20.044760283294615
31.527545623103478
58.95082890124266
0.0
16.16034929131449
59.55357805427582
37.80159419739559
57.92232522934648
60.83690988832498
22.975267274618346
59.47182378633454
53.1757395941402
26.574366524921395
40.15541489271993
48.42677407087337
33.03007660108898
46.320325624535215
23.957823284308667
52.4573749582017
43.30552676310401
22.21467351935854
41.677060077804626
46.44254921142148
0.0
44.605888560432824
0.0
48.15634626544857
61.37336718811712
58.602687493149546
50.9013530973364
37.94503334358703
42.839619885136926
28.15800862046408
44.86175260046105
33.18939034590629
24.907398935584958
61.76503051928751
13.779833233786796
0.0
60.28717124968352
32.39527820361385
19.36722117027221
34.63043554473224
36.759241760457414
20.46906295684368
10.323463898401705
45.314254145909494
51.26109272413137
23.81519949259588
60.209898228877094
0.0
56.29416493488517
45.746977684299395
11.990997832710029
49.16829293975146
47.44435527782884
63.187130647884466
31.058168490067587
57.14168895684016
38.28575057171252
42.52380515653617
0.0
57.32072481010225
41.41852453388335
21.964435301353724
11.424520564892504
53.82806973415236
49.19430820219931
47.38520957303497
40.19497627627345
8.092157497028744
47.20403288765566
25.88088248112941
57.05914414006955
46.311833269355304
46.710541991110254
56.58850060782799
52.31039783364888
62.173550023213636
60.197129266286694
54.91974788167494
40.17950115548652
36.2050994252882
57.71145301754261
25.063609336485882
22.221289300695837
62.13842929746182
24.683438819129336
43.59506781318536
60.72562958279338
38.09255171655212
39.021262371477846
52.82512393321994
62.50618004643827
39.19960050564802
8.886462182039281
50.545439815902846
55.26308182745806
26.763607289161406
42.35989418011323
46.884037895612686
23.312236050275473
55.0074098777983
34.288849289224416
23.905229830778687
10.929935445350644
20.34465488310596
26.293958049367212
10.395791498425844
45.52115933028525
48.99444747326164
2.3208958782555413
2.93805956621307
49.30170359448849
45.28689783058179
0.0
50.56125727661149
51.58309000739967
40.33010533096691
39.182671950045226
48.45758592273569
8.939719773626706
53.34455081247543
40.542304604464064
28.329345602454133
7.939511697443095
61.65838953423271
60.86111019439483
11.673362362392368
5.6894297308537745
56.91199221579697
49.04583393680624
18.558775426529778
63.66220779551206
31.15719400318308
36.070865097007086
10.352386107277397
21.262177376423764
52.31504458794356
59.69771622352733
0.0
0.0
34.69587095002427
41.48537665548406
63.79285282793099
51.26773439363043
28.875695344669644
0.0
52.58669396222338
28.637222864777456
48.44438796213392
51.6181022813697
47.52881276960781
38.18555823854119
44.977058870342155
36.82891003950862
61.02802572377886
55.077370608836375
22.3342727369822
45.37701450552887
55.650932604319365
31.683606082490556
49.85477573362532
41.940697379944666
0.0
43.60357131275678
55.36664091622313
49.563232388604774
24.76775370299103
12.827578861447975
8.333389697482225
25.625182351680124
36.75315227552532
53.84221661829224
23.66911540669514
33.52920557044786
58.0479568303561
29.426348660481537
37.44035207351566
35.340226808975046
40.06478078678478
20.18790441548626
15.219186515863171
59.65961706022679
60.3092901089863
53.45939394810159
52.00648885497971
58.872527320370054
61.27921545086569
19.462438931245302
47.81548522279598
32.42125106122868
32.724276928127054
27.28487794250558
0.0
0.0
35.821020808806665
60.749619813542566
27.059207703928806
44.82490690076108
53.492748698305654
50.360683138531904
55.59204429119538
60.43869684444878
58.829148079664954
37.63134047465733
51.927846330956726
55.081148137607876
63.5931450030638
26.15911639830213
56.33588282002145
52.54804526733389
29.601561127284697
32.288167198084835
21.50586805854077
42.20758722536274
0.0
57.015632000054254
59.77715519835719
52.41193746301154
35.877069750823196
0.0
31.200430509168093
54.1119960367984
28.65551099407952
43.03088427984081
47.127549235938986
28.23868967101503
30.8452858116499
49.08543332278598
58.51316023259103
6.32223759490558
44.97437020831329
35.61329816708134
22.555311799022256
55.09797622969886
1.7139059082144144
29.37025357604913
28.157738416173096
10.286780207851848
36.15345687696064
2.351403224201647
7.998791868562293
21.208315282320513
19.64803873730162
55.70901853641268
37.619425400916356
35.52835859948681
18.025765860150244
32.514662442564074
12.01823026452876
20.78349418644192
39.67650776100905
50.87086297650052
28.118905598750395
29.72625259370544
43.84006450925055
28.166251452878747
0.0
46.50191960184691
29.261148043673018
50.487094096800035
47.25870466592477
42.342796411890575
58.449609109233954
23.90529526615787
48.8047162549324
33.16779987015971
27.728516680139336
61.90721018115407
61.72188677632885
26.922205242303043
45.13815076182813
49.53628687218017
49.96884360110182
35.658766338635985
50.389271045438335
42.81932975855202
32.85327153679151
40.34968556128273
62.94146023590909
8.083548740556417
23.064818260893098
35.546600007171214
39.49221525042178
38.61312033887615
45.822334623099835
60.452150511987846
6.668254406347998
51.78034392171503
55.77695940072552
47.94480222701996
27.17304199845836
57.55870058009884
40.6738210252898
0.0
42.58125211166302
40.74317804595927
45.848657324876896
57.11931790823521
49.02809289973801
57.98095189674485
15.437253768295044
57.77590544395616
0.0
27.70642115852754
4.151424009751501
28.33211865104751
21.674464449304573
41.61312269192044
46.806479785424
52.68381801216307
47.97503271423512
36.638740246349386
44.81447077800203
61.69697806350799
29.53808463489232
37.532538297636975
59.08667770238531
52.68431869133495
48.44438808697416
22.485509127998668
2.975300753440152
12.358368828743991
53.474418069172316
38.10771042147597
41.538501421269146
28.909640719391668
61.193488212271276
34.24804792048851
15.499711407057426
62.36831502355482
49.16302833258649
58.653476069864986
57.71863491632301
16.801397078597695
51.056156572574274
58.013464821345025
57.77652051390518
58.76787306302561
36.78378472536862
24.859522008368714
0.0
23.61384279834818
52.26941165232706
12.51835193621227
60.99760941602416
41.42497122976021
41.84158111298588
49.50146688158847
29.045809727209672
55.20412184221985
13.196988223624267
40.62797718913472
63.624580967449916
25.201399546761508
62.27681080316876
62.58852800175966
22.55302157855897
55.202634861194106
9.112010894342063
59.89350022590698
52.42954499845682
43.515154094341185
30.293753454410435
39.5814321618422
27.049368189961214
4.509737494020172
48.62776783561095
47.96424873361468
51.000015626621675
53.386039725829676
42.679389151052995
58.04460978681985
11.073377595946276
15.392531659637726
22.7828636296981
53.133350909036196
12.642929996651858
0.0
0.0
57.687352284131094
17.10715164832216
22.198538361186408
58.337191097383446
53.13203713265435
57.7551403347078
38.28528248676433
60.95012344577575
17.71807008387043
60.742891841922365
20.918518309017678
27.068147708848137
48.3188923876684
41.727804731421685
32.62061523192928
54.3393662253153
42.02054836562626
36.692441029376496
38.690805017030414
22.00242729005374
61.36080502370503
45.48841479436569
41.372717385365284
14.48161996443384
46.83264085003435
8.050464213340675
53.76923312594949
56.60231870251151
45.18435009780286
0.0
41.28946273796108
36.91430812169947
22.282415909577814
47.56467138818971
51.138877895704454
58.19955780605053
24.477319213554765
29.770748492481644
45.10811092279958
31.04442430779239
20.365072894356132
44.225417031377184
18.134135868635433
57.78898535744532
37.26238104404928
61.96134024061864
29.38812520100955
56.157738550391755
26.672785402751792
38.270158418038136
41.4017254973874
44.99675408665183
0.0
48.366137090401864
0.0
19.71835105857054
38.12599569262906
19.503229316683857
56.61818498069261
0.0
0.0
46.43865524855973
56.29462971014083
17.209324743724032
55.95905925149961
57.91178307484939
23.126213881417094
25.759155758786264
32.16920269728733
37.65755319843378
28.500531713912444
56.370321659357465
60.7687268760305
44.52617776101326
52.38289237384317
17.59858131522443
51.49121094506848
59.680095964725005
62.606812819146114
57.442549231594796
37.227185795317865
36.56180589008423
17.63257786944245
36.20133506559266
60.314827508112685
60.59845763169214
46.941163408949016
50.26320578808437
54.716329346225116
0.0
61.28329526881727
34.53371371965895
54.0219575376514
62.87423414590777
58.27335684159911
53.4469372372726
59.59762528664167
47.54400206290127
63.73073535073309
63.24464052084569
62.15141830674251
54.59589700579469
31.469683144766776
48.47739765998039
40.74357828871871
24.29674655716382
24.95180555741294
0.0
44.16284971013206
53.065011844377366
49.09610171723963
20.532572533378634
0.0
30.17579208880492
63.94513884990624
43.001309254566735
59.877720788172134
34.12558505861752
56.772731948661864
46.305836444894105
26.824663192571812
48.44060551460045
22.074907491099687
60.97075399114368
27.224104630433338
44.21739195764259
55.91027344790097
22.319747802852497
11.399441424230517
18.52770357540613
51.526047921254666
50.0506794861862
50.716952727048046
52.78396158845118
19.271724161590107
61.89437817593064
62.34914364591386
29.50432043505196
47.53605443541303
32.3128491824055
57.197841893866276
57.310502105556694
29.55072994320109
0.0
39.348059880465094
0.0
17.862007594953383
39.34628957564121
19.049520999287836
54.634263559365046
31.579785774991116
44.073996082088755
42.25363050133937
31.0462366679685
28.023498516603375
41.57743447406569
37.34711313213106
20.361394754378523
39.79739456739703
0.0
13.303152905803948
32.8392271482074
16.58489705582167
40.590027734853464
29.771063550497736
46.621597654824676
28.204209026585318
42.981260111669016
53.51985388538193
33.07777160511665
46.04175235098077
36.966068925256515
41.10532510005241
50.90208074914731
18.347755033259723
55.45543459209019
0.0
0.0
35.68484616777209
16.767319318521544
35.587470598928505
43.153673251332016
42.06974943236453
43.7265865709754
33.70405952852438
51.70368451370228
0.0
42.57910547231262
2.5670209912919333
35.638797537516595
0.0
47.58892697093409
41.9009931880205
0.0
44.482360711705965
50.570233110365095
47.44622080568253
43.41804787098191
55.10471207676535
0.0
30.65259637968905
62.83980975917802
18.81383946166401
44.0869522482911
28.994024971799504
63.7487965464087
46.81909212836581
51.09353270005788
55.15802269078512
11.830574542177736
27.543650941085872
44.26679391196569
23.097538865758516
60.14310603184963
26.773054416054535
40.66893887406983
45.11018449279328
51.80420423017878
53.13626139789363
60.9598317197431
42.85784498113685
25.542756880494814
55.435326095340045
47.49024781544591
39.719397704032374
35.63870048679003
54.588781736038676
50.9754474277644
47.782346000820795
49.89861385820403
22.104611760304067
34.69715339815693
0.0
27.18729801278176
62.550715143249754
0.0
58.49057177154349
56.95882158573404
44.10807838610667
55.63673910467742
53.892805800831844
61.402713023420034
54.344669927307756
0.0
20.581343811847788
62.42748298061904
51.22349232178554
27.351557561594092
53.64664890337819
27.00564007037415
49.073550584883705
50.04355218825896
27.828979987615163
56.95324954903307
63.091388074805465
42.856184689009744
34.09243356667956
42.47126588871819
37.00980919696502
24.539023032064037
2.9085341747107805
52.93185731098379
44.24218263757585
43.23428625973726
17.76603234438239
10.467779825748323
4.3544117997197915
48.0640111785203
19.862279940751513
8.190294454522942
52.241624874539475
37.47663878597184
25.25943607694216
42.16633780782449
45.24296734129605
63.42436443862044
51.459696877187966
50.108488567444596
26.84315082906958
2.2509531639080578
33.690570696367736
54.83121767124037
59.819714779187386
17.059755148514704
20.532872009800307
46.72484480702793
50.056534063131636
50.78802897040926
54.24081529146643
60.21134160230015
3.2497537063966107
30.183519036080504
16.501081574534652
41.202806551903706
27.768498748373766
58.42113648300711
28.970294307641687
56.6212757222159
45.976236433661725
20.526427411112756
0.0
23.813882709452827
36.801925740640584
14.887623567563594
24.776026181842248
0.0
57.112708942626504
43.34443075198928
42.11702936796346
21.1209090063091
49.02093742634427
63.11944912966966
47.19189771669177
58.77787425560962
0.0
41.351098529725526
41.18933362173709
11.91745195479021
61.619212415624546
53.86216024174935
0.14570822863242938
28.69847499436606
52.83147879575847
19.76687742746256
52.871831662335815
0.0
63.131566694831484
49.9468804250029
38.247669376049146
0.6401602549357719
0.0
35.59006091705556
35.83505987523808
38.31266258888943
1.7507820139107437
35.186884068898465
47.013857204464855
43.30383772276829
58.525659368311224
24.12194130486403
59.315126970174454
0.0
18.973660125683736
43.099376974157195
26.347270413069168
60.0735706426213
22.061113970136738
19.353257998671715
44.59205718552062
44.90675199436478
34.08877488491921
59.79476768474242
8.461371384667366
57.341298196187964
0.0
0.0
58.55009851940534
63.063545098969506
15.262139827255126
39.612574598689164
38.9072931575269
0.0
43.10141001068091
40.37430089531603
29.7740354306963
56.96093707881468
28.99498959802041
40.10425781940505
39.48439604936104
3.675537680173804
24.721196279644005
28.55464649636064
51.59188275266757
9.695888833307471
45.49923286626856
52.04883658458682
42.096541444863796
37.09656449346484
49.7172328864424
56.74424255880618
63.75886779843738
55.646427486422674
18.207410160809808
41.02048476728251
1.8195515868012961
62.433344261755984
52.318729883254164
28.800706733913408
5.432945005053313
48.107190715574795
0.0
62.60477215803418
9.654710259074598
54.27244459423546
17.194919048948357
59.656019705456394
38.48569906245115
19.827203362157633
29.97737308553822
36.368007921915506
0.0
4.33474633509892
19.614812494395927
35.50812678738528
59.740866971936626
53.103313708724166
43.34683842280499
31.022303796005005
55.39992602725193
52.630633754384014
49.65087571104727
63.23355864949737
34.52028625375547
45.497209399512144
21.598328680804855
14.053887455001387
48.29698824979028
21.934414913196917
20.16164572099226
60.08089915088166
0.0
50.86390670832653
38.40110035564945
56.874738561864895
28.474382080616756
12.256767965143169
59.593541459250474
62.813441557462845
62.96083689371322
62.44493678763921
52.34398303399854
22.39226308882553
0.0
0.0
38.77130564597476
45.009020892824076
56.89744839534252
46.5983151370417
37.35500226097569
47.9463879458102
63.84882850903742
59.1180731001585
18.507925494194737
34.30980272029247
46.445341780481186
44.33589855954094
0.0
44.28531445038308
46.66077372023983
40.52083300784082
61.25060846315774
20.62635563323743
18.101355223643793
58.496883803763254
46.47774067289366
50.79450400974476
60.70564255311111
0.34793141194338517
0.0
46.20177699241037
53.61145491358776
0.0
40.28909315002747
40.912450564728175
57.26965913080464
52.52395388229362
51.980727203457576
47.29349557332215
49.45971343016285
42.08711700168495
40.38570885767456
52.14748849733908
8.041681877870943
30.462087022981095
57.48199476944442
45.4037573977043
53.944172242835364
34.48359194135753
58.35217257124978
9.018408526838542
44.2309113234204
32.334879923653816
49.922394961934586
15.65598492483619
40.31656804686663
39.165115031407055
56.66726228594029
39.1533481164673
22.93215226535817
46.625772497664116
58.44551017352062
9.804522869608242
19.297341860803712
26.885253923885394
0.0
57.761716852792276
61.386534464188415
59.54982961664028
54.18777351906242
47.91262010285965
45.285511515523346
28.511788600399775
13.877751319243323
42.74253322773953
0.0
60.213992200297426
48.812283401735016
24.923946381416847
16.268914394483048
58.03389445507061
5.154998329368738
37.36411224769161
55.812615847235634
54.761114764843896
0.0
17.16241932159972
0.0
53.15751694675219
33.86668510960662
20.293581969547034
19.804105855882426
58.568742848169805
51.37340938183888
51.446944528026776
26.61383550494719
0.0
25.757892087340842
9.967381389956813
38.96863676068413
62.449003248140826
32.23887255368002
55.637574656646485
45.49727614903243
62.78775501336866
19.56621256891721
25.56153064860608
56.04207372271145
52.7032544141838
10.585485836265
62.01157683535511
17.84705098041612
51.51737624065332
12.40045603753883
41.90125243611905
54.57249852213387
63.81761425779999
52.22548803217242
15.96275210292719
27.94938431824304
46.534718022678874
51.08889236534453
53.65393479700882
51.73680449927063
37.6165227093052
36.47745821899715
61.00457609988822
38.77248901497124
0.0
2.3543663886342117
17.451581687838654
16.501721819763794
48.12202332229546
0.0
35.0436667992918
45.023516678215216
20.702524108589863
45.91418314618151
54.74052749752936
35.66360875722286
0.0
60.5044172606885
41.61537396207545
16.675511574033685
30.67605730931512
54.254293244020445
45.53605867922273
56.991298169938936
19.906546408532876
63.53256043757595
45.37507516114278
49.60042216116499
55.024366799931784
37.956859341048926
39.77089844424452
41.805500047745284
53.05814650442204
5.916847170856485
0.0
63.004036464236826
0.0
55.04166975627476
22.237319454330333
36.44652985484966
41.66207320496945
46.807320555714625
63.151202081640605
8.961074037014981
62.05815344154699
47.09746403774502
42.20246231191932
0.0
11.39994438923867
40.08018340735732
59.275607132968304
38.35406182962211
60.21709960116762
33.65952285074401
58.32358930535265
24.819503648940213
35.44964839613259
38.665400178186616
46.19622994204034
49.29166036714104
10.124964047333002
39.61601769784501
27.528592765437082
61.22685643033316
1.6223534672541575
56.907278568956635
41.88815815525528
47.016382859754415
63.2502357273166
14.425528251881609
43.6982061316408
55.683037297313234
49.27608801617587
63.39892185642296
30.582531681469767
17.193347402830398
28.622886759241908
23.29525914763839
33.54205336195137
50.967862128085955
27.89480764967056
33.68414498964958
35.791464275793615
37.77199431489922
22.67415044209308
28.42975147437523
37.378639898992716
11.38230333451046
56.41563611855261
2.113786012469646
33.64818401712524
39.61501253328991
38.42081074821862
15.883123631426706
49.258457755087335
63.75735344286582
43.07703427783898
38.3034847788324
53.633430616502004
27.82057418641746
44.43715906681645
29.54580878834853
63.91420355112565
20.69265345824001
57.68343857375388
34.71561841609761
57.08293869885081
61.58148878941319
59.240439900316716
16.3514057430288
49.62024913349019
41.06455960094853
21.161251513861963
55.268230299437874
12.171070027086849
30.30087078766354
0.0
47.54873118239546
12.997074762294815
51.04867546299083
42.13360259689979
17.703791547199387
62.52995634659593
38.405347092225696
63.382999206902134
55.959015361913664
14.346191354098096
49.033014078864944
18.387077257974347
60.88087817748226
0.0
0.0
7.38031427432977
52.74482883616881
26.094032265636564
41.661663919446575
44.03081918231118
56.53341976272449
36.92799025027224
51.90964807834398
55.10434897651068
0.0
60.44212562635525
46.97468178192989
11.272716146561294
6.567872427501861
63.396782521670396
1.0940433317989715
26.5538573291454
51.46974281033013
52.04121922003738
60.07497007237082
42.76303584571721
0.0
23.089550663718654
2.918729240207874
37.49961505241586
51.292489995328964
63.34948725643982
33.242225820230985
26.152349681697984
17.256315082761382
35.089462793340154
33.24751323499895
50.99424141316858
52.66517620489543
1.8843923359474672
32.28690348615536
57.32892461106886
50.816370700558835
30.66577487884971
