22.763226304652243
45.8153564909142
61.792008113605576
36.36565253523526
59.65792468504565
40.13295714967576
20.646302354948595
43.712515783306436
15.64391394504176
13.159422932808525
54.87329734214275
38.79543870354043
6.488467522453433
26.245586396206278
40.93066813019144
7.390384886132182
43.162344201532385
45.70682661350212
12.461719146659938
51.9987135454109
28.685629077701215
63.24966815330614
52.097525201771404
39.178070903406066
63.88465470890397
45.084827182773545
46.19807958366098
56.61509792025236
56.12307190715632
19.969969961601855
17.374966237768263
43.09706743195629
2.5564993402505394
57.11227751543772
36.871756820451736
38.11478950413783
11.545331198088036
52.79455132642098
55.8111129072934
49.53252156080214
12.40885902819899
25.29884110036714
1.2522845875264608
46.37986634273679
48.864105864688824
50.12338945420177
46.08039839066572
34.73469877754248
63.93555770885317
17.63840639810261
35.168681820195005
24.801842821426753
56.85927227739859
48.365879715190516
19.258241856027425
23.41423830283211
49.26968324088165
60.71401988351414
25.167523322276075
9.078485096898717
12.712164963661564
30.473384679970557
50.45451564285684
30.429583472628934
45.99567107025002
61.387161054111196
49.34122853704196
31.845947570077122
50.710425460532875
51.12673338240986
58.6640044716296
63.744468231495155
17.719662780225555
40.68996482931425
45.75267153359227
7.477311392810144
24.095506569393258
61.352928960261394
27.47259936665047
56.85552958414045
54.82916075326713
15.57299626133539
32.711030869547486
47.03701706963522
16.977800163046105
28.213696812510065
37.596878204938854
35.9170794614174
59.66159260337503
35.92410502222417
60.503474452068716
54.85910341491068
37.566384239922456
60.11576305469883
53.26800656088837
57.49764041069899
62.25162351908692
45.82341587982934
36.97572400670168
13.744727759055365
44.79791151277627
52.797480979971276
45.60689404497788
19.134221105379837
26.90725833229208
37.07629615027592
48.269901654518506
63.1591842746885
45.20514947365677
62.8504428562785
22.1228646535629
29.155117891218673
35.44432461939705
28.961532926473296
60.62165430645701
38.051783373773766
15.444688317587307
54.89574583462357
45.609294400332196
47.013631539916034
21.54956327656403
57.4581178019217
0.7892778687204114
48.34650865589096
50.49532373406976
43.168712710247576
57.73810110831707
3.088394939905122
44.507337971814465
42.02519952993382
53.66862798686612
63.46004992028281
50.344840110437644
30.025068673842085
40.13452406912237
5.404603294010457
62.10669932356394
16.550438821272778
39.64485865064704
18.81724052771991
46.01029700314332
16.532785544535272
26.758318148105452
24.3939455892601
33.61301780000913
34.130564019185734
61.94267812195872
14.315823263787323
61.63965065430056
62.1516443725083
57.63728580170256
48.255373971305225
49.71637451355009
41.054671930829116
49.92892631674226
43.51008955361796
28.94703428735481
46.67468137774463
5.890840368074777
45.37817523423317
24.104744080603034
5.179700506412431
34.249920863133205
49.916244130855645
32.54835305469176
60.751316175395566
56.28203119690434
60.34226266940833
24.492356792197953
13.513117749205627
61.36656902835731
25.689609170041336
59.798200375885415
56.915704431833234
44.57142299700138
51.877114439882966
23.0240920181459
54.99257807646457
61.671497738812505
23.51296050061849
23.156302707436076
46.717262042318865
49.02592739606722
30.483594628470463
24.80846733372666
2.125049372136992
36.02833624293211
47.462395385736315
57.38835733192019
63.10878342149951
39.50008263624332
48.89825984071196
40.012336801319336
30.249726607147338
63.826687471549974
33.21792923384629
30.889767078216387
43.25327627898348
3.617188819591057
44.879475645339504
53.904855641460905
62.04408288046832
20.936861220658805
13.920546994949731
16.894059310428773
36.389529416234126
60.87594713173084
11.214549952758105
25.458906911679357
58.197072744420495
17.753290206638972
57.487160159091715
21.480203628760364
42.732059218648494
30.417912155519694
30.49028072528371
7.066281160544648
58.2169277434347
49.7290635254061
26.843332466005208
18.102336298476565
62.3361746504433
39.856757376395464
56.176976752977765
21.957340455978645
47.9878902149757
48.90960511688611
35.96675783552314
49.39666008924094
52.59811379115076
28.591005852195863
63.214870378695245
58.87205396703148
52.6271233612245
41.3681213524874
37.151373531591204
24.34180043263939
38.64597658115055
7.916173695359461
36.58130892057237
35.54732026203114
41.61602085192856
42.43829944921784
57.33444828456197
52.37710429240586
36.22085913811684
54.60924657763387
44.609709485663544
24.692241535410147
48.38196738720209
46.73007717684663
20.5616065855046
16.26695766734901
24.613960486382304
48.66108970507389
48.223240198507845
49.54575851270127
57.04896158400782
41.595305085357026
38.79470098194076
59.05429237362576
19.269171491737083
57.32148499579655
62.795261966833024
54.3149898769534
25.35866573821125
7.2783654751150735
48.625261673313894
39.254333913941494
53.77022546764161
29.158235892149143
18.39305694881719
55.51326003307297
17.179648640900076
45.32751091549311
46.490049684091986
27.457786162954832
47.15357783238153
22.292143025749958
51.95552901504213
63.67923976335872
28.398141795159084
35.0464793498039
62.37654879209243
17.350616539244974
46.33252704479425
58.66020544680016
25.08391299271061
39.70646809999289
18.547802634361545
57.87890506550505
10.03973808250128
44.085088913023355
56.18557361785826
54.250545700101526
52.90890759470787
51.296060116583575
20.116332648258478
8.944203553042342
21.546415228501438
45.04563322302539
27.088700173611983
50.05100598974905
44.12563210157456
35.93708028989096
63.3074989098986
23.831343862773117
34.07688930583171
63.67421916650178
35.59231891603295
43.75275775762527
54.26109535850021
27.450693107922625
49.591947042360964
35.864670538534085
51.31391697270759
38.446536492630784
42.94270797512351
53.98525487907662
58.841853113399026
21.036082196885495
28.772367941263376
23.19124739585505
58.38127654500002
38.9830034142945
30.815551852559523
41.23558553053703
58.957421449915266
50.01988565070824
49.66164963610345
58.428041932167936
49.549181689706145
59.65308778189948
55.699395549224434
53.37626105518216
42.30711308489586
56.8670265925136
29.2772849365249
32.794395449951494
3.375624504365618
62.98867588602884
3.7616924654922244
28.04438533855776
55.54134493955924
1.1274497525937548
51.85287153701114
15.155823786586573
9.931280896700159
52.90960780017864
22.25483935767447
19.713413998695778
10.342904164644793
11.30741496400897
49.76732954555752
7.38071596308621
37.74090114469256
60.659773254738084
61.33144251951473
30.905186374329787
52.165326100622565
59.127522894130344
62.17096346409945
36.56214674267606
62.650870769563134
50.32581196782931
36.32938453178957
15.268776357012321
6.808304003989818
30.914614421151803
30.342562953568688
3.539431702542487
54.625049372630144
62.72843770756835
5.809706217812156
47.36400766566845
61.66844237142029
23.644133485599063
24.131283032012718
32.041173224315045
55.68797710706964
52.02881319871429
32.76368557327754
18.83302841513339
53.377870591722626
61.85074986359277
34.77843176079149
59.30154425769673
59.19276210018587
25.42820528422797
50.82705795402099
23.0427748785128
11.959613578809154
27.061404890653883
38.47117434561956
52.980040083834616
63.93780363803766
11.296060709469856
41.333761682899095
25.005038429500786
46.07166709270067
41.09239757007035
63.33925538759493
62.985588981044636
34.67254806306474
43.88328393909929
47.96649368369276
62.098151284770466
24.691954950439595
33.51192667838703
45.64831683553593
62.234926569818114
17.38331944932044
4.08769642989045
36.22408115823035
56.72172866680855
61.707721366270015
46.61765278229515
36.57807003893187
35.06496603413779
52.462239770488246
32.194952985196025
17.306420736802394
40.38167388783404
29.970050129351208
58.92880473460878
39.3708867769559
43.83098119812041
26.449106510988322
62.49051643919671
25.429168820100593
20.197419383194756
30.056826698715213
18.027741044713274
40.22156679785263
46.19367898504619
54.53501905938731
53.47550550090515
46.12772637077923
60.929539395095055
3.718254399705323
49.48049409650379
36.784036052210446
30.381073739491228
59.95229817065745
51.34935092603687
30.08603487819591
35.32431768731152
49.30833968046289
56.39555586175599
46.661028767080325
19.689172938978906
28.004608451699703
59.04537802903746
16.502446715380323
29.083814860978812
44.980573884891875
39.95515890159797
15.11015811707778
54.50264395176507
43.41355679537884
37.83263245624914
53.59624791864179
39.562517750155564
42.52013075249952
54.47452746813735
40.682627233325846
47.59468226376278
40.42502921047061
29.967170197810894
27.00410477087017
26.245653566499243
40.54055692455297
38.46407333789371
4.392041930770063
42.34874544503903
29.95954002428254
5.372211531340184
41.13130274060629
62.66771315851123
29.713038747686525
15.466093237421347
53.717523198495044
60.46123992032296
44.70668961068347
60.25073002858156
24.969376876005704
50.428700931331385
59.651712173905295
0.3553256648283991
33.74841771826762
44.697408829905484
63.95890435849182
51.10182180016969
16.8068943828127
51.7430104489611
6.932910266642018
48.12036222705022
30.635721848418534
59.06305863674997
15.08129502889691
33.013607837712485
24.340964864196124
1.9094393141877362
22.454976631658
53.950317371931526
50.169912991966015
35.00321260375101
59.33257441933556
22.865523242422185
56.88594136818937
63.36581873641749
17.79198039743688
34.63125601641209
45.47797043717988
2.452824201649939
23.050213331636925
43.77880279064897
48.12300184774541
18.738687790259796
50.23785596265547
44.95521928698153
42.771699343833205
59.561811032658596
31.0245061273993
55.51831183698378
56.79324021277076
58.733347870319356
5.338090978561226
32.59176095624812
53.18170089271237
56.66838193162954
10.916395721118768
10.47058619958868
55.97729511620303
21.920052104230642
45.505020393023685
61.47181396677116
37.54250813232605
45.06988439857111
6.93665146217586
57.92043090966561
40.85499323466597
41.80835464347818
55.209244028222
44.73710136974695
56.85115127457141
47.33954790265997
19.612464230724044
6.748218736223194
63.155979731772
53.06850829892452
39.58765953730048
25.803698672204455
30.175565323148817
16.184118953527303
55.519201226452296
41.91171942326447
44.02227229557765
30.070694511511547
19.484216015583037
52.97537753694661
63.99883595105696
62.85969204986168
46.68153123347884
27.506167172388352
40.57394518412859
27.929852899926956
44.0860646021376
6.997081744807751
47.43829464001331
56.22968310375566
36.046452922357645
35.07780177605206
43.655233561624
52.059585029965696
63.53104064562616
63.58737392479226
55.91051255524209
49.427255898154044
19.049101412280287
28.050738946376065
43.97642879830169
44.912873964789824
62.581017363058976
24.058031146153922
32.73128785387193
52.777999469086666
35.408577057826164
57.131315884777976
42.9946095435111
48.919967354292254
34.2558656686132
51.95223166866208
45.62821625612855
37.281489390155116
14.558643601440728
8.085881733670462
35.92797879508975
13.320308288679094
51.76249496688848
22.98243984864807
61.76643112590649
6.197767250470065
47.95608695586982
44.11307023515405
41.92787310735484
23.772400468329558
56.60493697084268
61.08543597480983
55.555924445888984
62.16077006262345
60.47816059244532
27.815924416876186
57.889130675316
1.9409282764995552
47.68804228512495
32.38643406934412
33.501044066534405
47.79738286985362
38.71448310475276
45.20776280714
62.880093461323455
3.896154721467383
43.272559036512284
47.07061594306607
5.317100437411753
58.51281065156538
51.53905424707054
50.13825325706636
60.51664514466642
50.16848077677343
29.47501827633468
44.03527071105492
47.86093335290511
25.788474031572044
52.735068240942454
49.899836012868334
25.980781980917506
44.57608082314962
40.556555804534234
29.53927683659299
50.724384368273675
24.188228318662617
50.52466118126109
54.74840706522474
63.99253332188893
14.338072209085261
63.94353048583207
31.842388793324666
61.690247304089205
59.66992524160352
23.557812936763483
55.96653260904132
58.96559425219561
46.0308870175724
9.763225959186265
58.36069563893937
32.961482822746866
41.335864673018705
37.48207295273626
37.67466475938369
47.49750365596404
40.833530372774405
26.736069645704568
37.95782200255576
45.973197095472656
16.850196835923
62.36180769748236
29.584666305697375
5.740855810266289
33.93386586355896
4.726332057148092
39.13532766027325
48.12648237153243
10.498466831457613
51.122528066745204
33.95846326398745
59.111154411687124
24.364054528192028
54.04860063789678
24.353406088824798
59.06999813255194
41.05317627045507
41.22005380237812
25.374131986061634
32.47703595858214
5.606771754697306
50.72408288610628
40.565317882935084
21.59962355568223
42.852240323174186
55.46110020777172
14.220783904937747
47.72729290476
23.57138224756575
40.84721767430311
31.001493752672502
43.08961784210706
14.206066759486106
46.24176248059401
58.37405207338058
28.51246521988753
1.3120949034663454
63.7220041999322
49.458843040162904
47.65022153546402
52.72060471276375
59.634574038399485
52.10220798411376
37.921686988306064
41.611584697014386
1.7589835391071702
5.491689617284081
33.72963522397443
27.627489273793238
31.72467718894749
60.97952021844603
50.43815792796646
19.02426510601382
12.571096482199245
48.882587534640955
44.85438018177304
32.465042316935225
51.12980846124521
51.93365225127176
55.17332925148457
24.224187623159928
22.665036813500407
41.816371483002
24.271856082459422
16.063348453892722
30.25137033488825
10.833217012513842
35.76295307168098
54.9451806885072
41.514318319111965
46.19970582791001
48.776198047028984
48.78026295350122
60.41320494570007
54.66347998324306
12.636468055992935
56.75628530438106
21.25875370279416
37.35801722319531
61.10951912803149
13.801732755061629
54.29288868894096
49.80003266871768
47.55096479318136
58.18222214137267
23.648786435077128
63.169955954289506
52.967755577968994
35.51746541927237
59.49663502640523
47.168995755248126
43.06721539919398
51.40845902167806
60.11287774401329
63.767877896365356
51.06732423458571
11.387941873332146
60.168455393407015
41.81893053025764
20.07111264994672
5.483390354268863
58.44758061483405
61.55103832204262
36.62342042526869
37.82663005080735
55.62262424605008
18.058205797843094
22.98753553605203
10.094341443366424
48.396467038561916
19.939595825459698
36.5133204858934
45.7896337511523
21.218531250483665
61.65831488863318
8.305688957813636
58.58170436959754
51.51821699924632
54.81081055043815
28.503811265988567
59.427048573386344
29.032074932534655
20.0343864513393
57.1852875816679
25.80451540747358
45.30253821129844
50.02119634526362
30.099969578825736
54.08462013752295
59.18542319321983
59.53445920668466
46.632305946329616
53.69894047564523
36.27978953833778
55.05803697366443
48.09312523778763
55.726741753138235
53.142043003460515
62.516329066911275
32.78855257605023
59.28183087827926
52.25355453142717
37.24608378513772
56.546676492849805
55.89603552566545
29.440303447661492
59.52953138801201
58.44353337425059
52.21421214797885
38.06376002260644
30.605057230130825
25.978542676129727
44.49515800939086
35.0097949529264
49.85366002119123
35.69059621869303
17.25834637060295
59.600853751234496
38.36973442232055
45.06742847427927
27.965615714465564
30.20613587104571
17.971570642693365
49.1240170760069
46.25621775982225
62.71644902020225
52.892843403955695
16.466396815793345
3.471287714254302
24.3908448918435
57.77149285473065
44.55404843497523
43.99890488694018
56.711966752602244
57.37002897256849
36.40115521320179
29.432707429686253
61.5738613571299
32.71420164130451
57.325457947287504
34.25811462643957
10.827514675738584
35.17103174295702
55.85761023139404
45.50152103741003
57.139874635226704
60.32461467655882
5.964340621137964
56.69358326602315
32.18402476306733
1.475329760244854
52.17480239026066
34.958289473547964
31.42980201714326
42.86829491698114
45.80371620276907
7.0085507199725114
30.635645609948902
32.90789420684237
38.10068870416693
46.442038302275144
36.25163051806519
29.904123026995997
51.39747687602709
36.50246497475779
24.113496694054312
16.329194108251244
39.310136208418754
50.446149512763874
46.965399267170795
44.87782554020036
57.98178705225093
54.321229687734814
62.644451378005854
46.432354488752125
56.420960375133575
39.51675249925693
24.169300025282134
60.851679471219526
58.89423972860697
4.600133085332935
18.104059083767332
47.30458667917144
55.09805747506531
36.118977833987834
57.537566407770214
59.557129502854195
27.5933309082235
59.33072051699709
36.60425680421824
55.31408283201995
38.566230058857
60.77043652544489
54.327845805054366
43.366732114041355
62.25073859692007
60.89162241260671
32.5696933915937
37.57928331566909
53.467147419619195
62.64102176613162
47.80145402407725
19.391709551717717
58.98225108760325
61.30795666025537
48.91571952047898
28.743021417215544
29.485078057824488
51.55556200409163
13.409572274700423
55.46577505905824
1.8559632033267306
10.578694714137214
38.11652524689035
62.123642247568135
24.34519434311401
7.364180414322895
43.19527779378343
19.44466113072248
20.956841412412693
19.677305920650156
37.23045440088144
54.21940029763201
60.42591962497515
16.4204756451609
40.39588826705473
52.32157333734099
26.799167045514473
38.57728429545594
38.44904663852611
0.1533603511968309
48.62821516525959
60.460744290197816
40.38435224564861
44.767124668203834
28.13113573023827
58.583251311453466
17.51957137821576
38.66920683061002
63.11210106181869
38.90572433166058
44.66640409329122
62.25829148542904
43.21889464805092
15.71934317218625
57.04291115420731
55.13226409884239
55.03191459219967
11.515289526700649
26.542277836851298
41.50012782462885
33.76402814818471
48.456388850377834
56.91109966218083
32.01763100149266
45.42347471761225
25.758298265272714
48.3095265308329
48.05158686990539
61.8627125093042
57.65139343711998
46.29142416608514
37.08788433875178
43.27913085042013
47.56405656501933
61.113493997781134
2.679767314916397
48.909420975283346
29.958396965511447
29.931947925982605
44.50154228882765
36.2673594130599
59.312204182062814
62.74479455030403
42.76585702127896
38.44586608473774
24.25053760409628
57.29887852909244
62.78096423073046
46.69688470504775
62.46595086485403
11.396031188948179
41.854929723948246
40.0827488783023
35.333177418346736
25.624060224863925
59.51333398108986
50.44078310333324
59.121161227513234
56.99613001298688
32.030581732274264
45.716846137699065
51.62482556933871
30.76750821588864
42.19096785587871
63.951449662825205
54.30901827926755
56.89115313273285
37.004138104671775
47.19768414918571
43.31005197912677
28.822171268030495
37.428307725861075
48.32837811441268
19.170465841300917
30.695231177671396
56.488349667358975
57.508751440111524
30.387577872857534
14.005408571310404
49.61864241039204
37.073611996915716
36.351992643054245
35.42427777196775
56.92712245321949
9.820405464239656
33.323186972878524
21.2521546724886
58.40795165239019
53.55184652227657
13.22282822026935
53.81993956681225
56.03614938577748
62.23258184862143
27.09312093715399
5.173296121508521
56.30241761547565
26.301925112559225
62.29204439274373
44.3266013098311
56.820410473734675
34.628566111491835
12.921404355037424
48.47806482268177
50.234589583231
60.86316612483048
56.97961245427038
55.75455829615711
17.28441109931847
52.84807637675557
37.12408969236193
22.43213025875393
9.07462359994667
59.56835560118844
42.14379779222884
12.753545418950736
6.770185122931565
36.71224566783317
30.790227954259485
24.739942878386444
44.85864730482598
59.89804750114773
54.7410462342885
53.11636720186368
39.14369255677062
50.6592404376929
52.69731031955926
51.92333482643504
16.843090784436377
49.966789531404125
55.860775768862126
58.44512616122284
40.45569814333028
23.92518264830983
45.62047393352873
47.133909508733005
46.63131999279523
45.06227245118566
54.623141578115664
34.79625705308194
27.236407690652754
56.452148500070905
3.2931823651216234
33.49397932552071
54.58723179432612
25.35829607491106
30.068486514301924
21.104745899867375
41.661376175148135
63.200942720878764
28.834845811637848
27.537115323271017
62.30126269776095
19.646747937539644
12.272967517200165
20.38488566979924
62.86079806711465
47.935077595505426
63.85227241826062
15.715968806936218
3.665921587659213
20.69328877397946
60.477922890929996
61.66985620819158
46.79323953027259
10.47027573096338
63.46041487351789
57.09038015690584
58.960026754090684
26.897864879204803
9.377724308926439
37.49143249265221
9.415831990434754
48.143386042233914
47.326783948964234
8.332239063565574
40.7390625954548
55.586617120341224
21.903449701046277
48.45552094494071
29.428321934838465
38.63278667830045
37.92797032935189
56.04958605053898
9.012557391727398
15.803821770762902
56.09418892364421
4.224448869147707
42.46642415012633
58.01987007225129
48.5248130258845
59.56214598023375
23.990151594239308
59.45445893396738
33.40501660438412
23.99701208452806
22.668264761582954
48.04724317252236
16.16993757967426
41.51423832095463
34.16444010459871
28.793822741167205
39.46108084029537
25.922663700997546
34.71831788953444
17.02627367572854
30.115500594275737
37.5382514271492
29.881420442363563
8.35417546818492
61.02595488044886
63.00649001323704
50.41003656902701
63.17572065640587
23.97230637115988
27.47897372886255
25.364471158019455
55.743743470870314
24.815376822312047
57.99824052835567
59.17422357174549
21.530221572496465
44.95395918921021
42.281726796938244
10.383026382873439
61.91447005476863
45.3094826449339
52.77052655478335
26.991099647795046
60.182526446265506
6.464932354754389
37.696186770413526
16.003987361077648
35.358167189362135
56.58929669774143
52.430301974356546
41.6652528131601
34.483593552485075
62.30885259928746
44.2420663488969
34.18973008117564
47.65336934665336
52.30264941928309
58.836325411816944
44.380288795570024
63.50391651717709
34.13899520994583
48.92350980535393
54.09169323485823
51.8672970728495
63.010871634852904
43.990748697185815
26.998527907375546
63.89609849759089
59.88545068134521
13.164073225920404
19.833950958057528
45.58697113181171
46.71566233465103
58.92442565358617
17.3354256596892
22.936729209670546
28.39854201210114
59.70888973580693
37.00743626681448
2.7734520133435154
53.16283404764589
28.524302699613656
31.167384376828593
45.316224740713764
20.900914438089856
52.10900074003774
57.89911643556827
34.859058205967884
57.29081044755783
36.659519625476946
49.53764570850063
38.38809508176239
46.67994469170221
49.858086584351454
13.807903135284349
15.581296420324286
47.38710557395457
49.91776373050376
51.03747595422908
29.35131363996556
52.57326135943034
6.571109459553867
16.01688079083177
8.738993360525932
31.875622382131567
38.24594930179744
53.17576774279041
22.540562254593212
60.25183741370578
29.504623132457624
51.586991043181406
45.770878295809865
30.673499094356323
7.092782840325249
45.801988432029006
41.572193536040494
50.43749855518535
46.21502189916704
17.713904500291783
14.647123411562603
24.92491059042009
4.712784861098662
35.727405975634596
50.759413399512695
63.286773745333704
43.28604505909421
39.89790317059551
19.718466595802425
34.91349386641471
32.14087625674361
40.92407444130454
41.21513079639823
33.981027231975055
47.90095178956948
62.42245751199699
21.72829028215225
25.87793494195124
25.020898860795278
53.99460390750817
38.98619784555026
59.88035986690244
59.163363927910574
54.78973847533432
62.82176719602249
53.437700172091795
35.68201520344056
48.02958698488386
45.35616657312967
55.32237158761228
