123.59024832165119
19.031624615010713
17.66798126934178
69.36767827965974
54.9369835562487
104.83153729474901
74.54611708526633
57.43515221050799
76.53420813535978
10.778680121359876
35.72774462750212
100.19259904860016
121.28311952983704
28.557853911813716
19.061213642378284
16.358628510874127
99.50726844865065
37.903527279555504
64.30019578399137
58.470366267536896
76.28927957343008
68.26794419901574
71.93941343128121
131.8995218331491
42.465851961125956
29.504672549818913
63.25418672574341
103.75011297649382
67.28072840456085
120.55599141149875
130.1697751633457
41.54952722437244
24.22018992340093
68.37165369368282
32.22307034103408
86.61426958869015
95.8530248509488
16.945698437068188
119.18565703947016
98.19961877749176
47.21038579254784
116.85352592936678
12.599988363065144
124.88342268501418
44.26255483435662
93.96419440343861
67.53686184306255
35.05393783022251
111.7131817599251
112.61724406705515
18.32174913341545
-0.802801642089662
55.06364384743571
51.66822994702551
70.0303936159705
60.628871780927504
91.66647549025554
49.09290671300246
32.762459408439994
45.10746911198498
72.79513661537851
26.845551455284152
77.02515889020964
125.50103830881415
58.465768977874454
17.146578695967754
51.588385435654246
57.43565849160669
42.7023118924097
55.7192407050954
66.71245288731743
94.05596912957904
54.545841366232416
52.08567726853334
15.243621256048534
18.722374619619686
43.272098387794635
89.06063491698528
98.29937039601981
33.12284963070495
85.903645514295
56.947037784929606
53.465941695899446
41.98123128818522
61.70471734770654
95.13327647367922
84.59114742775927
90.25282213034853
6.354259735726778
120.42668491197992
67.73709879399482
84.00689993455416
-2.1782322776767558
96.63897015508707
62.25222923732258
66.23277548156783
42.903894179177115
117.02937284578118
84.11853308659055
87.6631272752753
77.29161269588111
79.32319545630924
49.708141947461925
123.60652742482777
123.39074337468017
62.33604331017013
28.531189450629086
90.52238281190418
86.87942271005296
24.69475344588632
87.50308411013006
-0.2341860115110137
118.31580114913888
74.78137359996997
85.35113795610995
36.549004717129016
39.19817261186958
58.03933142057297
89.33187180244012
127.99845069283505
90.98245488353295
80.27451752028877
55.47635028020271
87.78984851817474
34.51055381273578
112.23513814999475
109.47009789358833
91.08659439405027
94.38237913555798
72.57642093835445
40.09371163506307
34.51734766310939
81.28096569686781
130.89898859306913
78.37455361701106
90.92025555837725
33.557866642275
79.76606050478074
57.364257999642206
25.954071674305695
119.74295021192587
64.39697800202389
63.93742423482552
20.0677625273281
41.891416166952155
107.14157168422236
40.830061837821916
62.85023709588112
111.56624405037401
59.74201612652519
31.568187056246934
86.69684335368243
101.62262372186095
58.88363675088858
102.64902107437922
-29.427599238809066
9.630536971367732
111.5186241915437
116.37280430967436
29.045306648084555
-1.599846731774491
53.927941736024316
35.49136110109832
87.0819293567913
115.05376391275965
93.78836208768202
17.00184923634002
20.27068599988837
57.127591410171455
106.25434041407689
39.363576281557606
21.01074946757722
108.74805286031655
125.30617976512043
85.01058291577992
36.520410757574645
-18.411225136526255
112.31748126908155
79.79578569763395
55.368894433077216
69.52477119958048
34.00251116917954
112.16477099087811
8.603636040051924
76.11019111330191
68.9502523720324
81.80115079909295
21.68441065329003
75.89443544654847
67.39912612602531
41.031020792386755
-6.845325589103766
38.292926923917975
79.76502347584695
27.128742903406213
102.44224947234252
65.99408494815407
96.47178705548197
83.20549887756749
98.09332601055519
100.90097149382365
63.55549393131034
104.62097809234635
83.59719364199793
116.1316351465281
31.42517551525271
83.04489084239275
82.55931083136063
36.799409104301404
52.69130021224568
111.28323620094042
91.78202917511783
77.90771882634444
118.79263888170262
21.816128354199833
56.63134814672973
98.94083261171176
54.04147136791897
61.131949585077855
85.19728384451182
72.4533573361386
104.15945048202511
136.6324900888766
56.84857959625911
82.68139840943608
62.518708777471744
85.98660845492702
7.233026961651234
83.53665436473216
72.81211965489399
25.84934831163396
100.22746222593699
65.2377805068635
35.2312248103164
24.943402160499915
59.20848985580375
92.34305754203993
64.07940431439584
37.93339760224275
57.80867460385963
31.013034543997485
34.84431424112037
114.99973366159757
69.12266828232649
53.70061377356406
26.686874858315875
98.68464544141193
90.1287619417515
11.408498516116133
106.60518527407314
122.35869863641746
88.37356083756823
6.685058847720406
100.88029657659926
69.35684883279632
26.6480178032241
30.254976502397774
106.65054894438721
7.173852313023183
66.58442395494858
51.30547949010043
77.60596492647277
127.30872605086654
71.95731462798679
33.861711349716984
126.12325169410276
96.57202698577763
66.76736975516842
17.09532815566677
125.70345236925397
102.12586913329059
66.62083872267112
37.54254349037369
138.91171189069493
74.12916579003803
96.07149540156037
56.64487356511137
69.03778408932453
39.8817624988875
4.77181932097141
103.77321307421556
52.72934749471651
51.19026703855072
35.182100977782355
75.4937039662559
18.37999260926405
-3.996470951298946
104.40211401447891
56.47292889352883
55.714644750548146
102.56388766608518
33.1072676742142
81.24395980257127
48.96650764412288
60.996228042148324
27.997946986744907
88.9521762572757
66.41301392220086
68.66982194413922
69.72232287449337
46.91049423776915
98.39246829391362
24.96036659207352
97.55875557633706
102.49030788621207
102.93528590424242
117.70938151465127
61.02462167354354
-5.669172399304458
87.67409943641653
8.926878921458908
112.17005888921213
88.28608770008914
83.99552431942817
38.1237086827026
34.474592033731184
67.2557662470433
85.14495386560188
115.67952497891179
35.0784942076595
140.22256875878531
88.30175774914477
95.80090654075283
52.330272984590366
122.68868232688898
74.98204613709458
114.45203059945672
54.10483853809397
49.73850655711504
13.382815563001152
91.79773866012955
99.87787172949075
0.5352160349213619
116.65766144703021
127.70655259868433
74.93395169262179
50.57627135139347
-2.819253613871794
58.19715949121424
80.45459113009876
71.61706095005438
48.326605355151315
42.78202027087893
84.65545984456008
72.50442005422025
9.455011428785163
36.018657091575236
122.98096414425339
78.18365670081154
75.00586409981604
47.73233649809464
61.98352952050284
70.96943186535388
119.28236911363439
7.877728681480036
120.18092968909902
86.4024318178855
101.22809537688715
54.72194803236145
50.023592237400386
37.28613195009514
74.95280297688501
105.76101937970924
84.45355550302946
73.67493470012079
56.702579803766206
75.70260490430812
73.50973920453714
97.28364786742173
12.859436446933373
81.60676624260806
66.63148035871866
69.9875787247033
113.6364285976033
35.60432778134061
6.074341162153694
9.147653041577897
-1.0451640011392271
30.64634601375308
85.87308390967264
104.18074279864828
4.435484960384862
112.82585807745468
5.855456305075691
57.38991880197815
104.48774730197371
44.94217419718062
96.32590449410546
79.9421249742398
24.123614679245946
83.21043596936556
88.06815095156931
81.78903300767084
21.831905497698692
55.946032202052734
103.94415721603741
54.70508360193287
82.38626445313027
-28.002476148774846
-18.844239274964238
-11.3037272478566
43.64252324026075
47.37658494236139
91.43671069296617
64.48822714603227
18.59386684719172
-2.123887353419647
97.37408247874862
78.64285332158158
112.13714725822257
65.91585993307704
44.98337989296394
5.512668846824916
85.22965930055753
52.559821026786224
36.04919780515287
59.00995458874549
58.761512749973654
93.6779241298708
35.92558337753279
29.550197639528896
66.64682580911143
58.257418671323364
113.67789987660777
82.0964156001269
14.259215964055848
-10.89771433281328
68.22114604598539
43.21205256747694
80.19025564022043
74.39239597490672
21.142864623132247
48.58768246923516
74.96182401292002
34.67181431189856
39.065083637518185
17.207075565197798
5.971705319356637
37.34299884622109
96.04500545208077
96.85036863110926
97.09074404532879
64.69239668212677
91.46803689584159
142.39458965639716
74.54894634676555
34.34596475627859
60.17038241465321
52.417168857694435
82.24631289478839
94.86664584769228
64.75985267735925
36.20263579819428
104.15645461893592
12.21263909634137
102.5678763569363
-14.302599413477438
100.03177944178356
96.09868455103398
86.02263484119159
57.713528722822055
160.0060837539417
96.8111600122954
71.24112671488818
-16.23751240236352
41.968963390178416
74.51927144545442
35.45436289123157
69.0958301634506
96.65245188918624
74.90912820873137
102.38567347892285
76.01806405994759
43.21850772938464
106.93812762134168
96.58181712508085
59.68782822822154
79.93388560074617
21.918025357451384
63.712681061960815
59.57853896502984
95.1831454972176
49.26682344851942
109.14737798154998
44.88245926523963
49.881936633651776
60.226362626663985
98.2806601848662
110.7649969093388
122.69598170296993
166.68014746044145
54.97128552961843
46.4264815373884
77.88502265563456
50.73762974116396
42.59695754847718
76.10877562558392
95.005680759827
24.451966312184723
66.31697184919713
22.003420628466777
89.73485911101031
119.298172355611
47.43230723016006
69.20046733094054
83.73632511524025
68.10597434920663
61.78944751264366
79.48629387735724
70.25347152828085
100.58488884925748
42.261202280629085
58.862599400396974
84.95137156857201
84.49737027543244
-19.8681252001074
117.51230360996276
94.1537889201616
63.187859577611746
19.582564109903927
29.371924521796892
70.26979587904982
64.60566189948544
54.823900776943475
61.83790209742447
1.5411217294355737
70.47357025330099
93.57955906604006
18.65243957649644
-31.1070508165009
77.90279456707135
41.59331385617277
67.59485098693828
44.318849636373045
54.10330371555152
60.886471509505725
111.08201547240847
76.65079327415323
60.24822060941584
27.115100900993674
72.56295142355131
55.775721237231224
58.39915411412693
77.9905023646815
41.16698767242727
117.66302108927854
81.19291360569204
58.096368956195946
88.69371957070504
75.43143990256749
5.2272837206315685
61.23205046519281
53.750600354902105
109.8527462474737
-24.152413829965283
42.30859812297021
-45.38865941178949
63.01846547134779
55.821247254753445
76.45473223504798
7.1919465797341005
120.5531890532682
90.51332655043404
55.62636534650666
53.915007920641465
80.92243433492511
39.747698374321764
91.96661320378149
33.20102903532412
56.56253633338032
52.72598320823911
86.79135297812066
44.33204313392701
86.21246778906787
6.72876930897462
38.06866430618415
59.51522181058666
-16.06722377039678
14.185487578179206
38.5470223619802
117.32004743670316
79.78326689632307
10.676844920597667
-14.11374149594441
81.73962955494558
104.87376729181729
30.09553552335221
115.46919463093076
106.49098413878585
52.35036086485543
90.93982018340314
63.60099289888836
66.2055732821432
37.641557558952286
74.80195519192159
78.33134753013688
53.21982544464281
102.92020382676267
80.09010223541136
99.66938472763718
53.29773577633851
-45.79006852624926
55.075760047515324
80.81319791376441
95.38617894092005
16.719427552282305
76.03605093574106
43.497353311918786
70.34859093348015
78.16010952946024
96.73725798118332
96.63639391556893
59.67832030224353
102.06812191635706
53.163052054085114
83.49982360992938
49.27608496241791
70.4652178624456
94.75936234606208
105.24212673342976
89.37587518688866
83.75128952827552
36.1137374524448
37.32102459046033
87.76801541347278
47.17302482278723
31.10714975258626
47.60101321067281
23.51815694535778
54.53011309183371
56.641803497697786
53.59357952723825
-7.360326777768762
67.51729062053133
87.23636882707221
68.81583269376274
115.80651534592633
63.67517040372301
106.97649072919216
87.05740362038021
25.258232202954737
-7.716597498399153
55.12425507932521
-26.9469571446335
18.05087506979102
62.95342593149177
63.610010079074975
1.4772690135563096
73.18614510246546
81.32767484481383
79.8970429672583
67.06007813038543
50.8860782519188
38.092763446587675
123.24962982296437
53.448597931037256
125.95474999462618
101.24395029919836
4.7093048813973155
75.69727954763574
44.633203441204444
76.80803754298064
29.31174122236078
84.14786575071757
-25.452759507564238
47.21992802607828
65.71645984743985
94.41741778172046
31.77135395481475
37.0100671130411
102.21756010949471
94.31765170993528
94.68967235250975
39.669795466407294
130.7732052805652
66.83259307920758
44.370621600862506
112.99360057266315
100.24429661309986
112.97519094546652
64.66949611737476
66.95592878545558
51.495483203758724
106.93033586207653
61.95184520041266
86.67438365705826
55.78693033601084
84.95218892500259
45.04817888739039
76.69740784174408
66.37307440748205
68.59173841229304
21.922605508131014
92.40628192061243
23.26339662491563
28.733572726183873
70.96484100217783
58.08167191360822
93.8380321514873
1.034144482592474
112.00064202318008
39.75875979214017
52.55181910495812
20.6536473621287
112.80641548560023
21.737398345299376
55.048610418459546
65.88283078060324
32.44832308733597
72.27164317579631
71.3846435098526
67.60806580954545
44.418064016074894
105.38036129350255
21.646648814845832
26.806998361668498
63.31291902715235
36.613382809593546
80.26941438509508
101.40569759454303
32.84301681394022
49.68483854171133
-3.7087475420498492
64.89961683610231
96.7971122268633
77.47677821617624
71.40338217997093
30.45445971170941
44.05909963188855
25.626392721017282
86.28294491928733
83.87207431147941
67.7305408634191
111.52438910507479
39.2205940536513
116.009178996808
61.303594301516384
15.535320140133571
54.43026586665169
76.40292195880997
-13.870011861392882
109.94931260297308
60.5076057150342
93.5037008725116
115.58494398285072
119.88459969941002
29.045974697370966
87.80004159859514
117.8694977238122
46.91717319682487
85.87704538386517
88.31741711442098
75.98813771721204
43.99627522899566
35.7798000289245
63.393723565742675
106.34873780496709
45.23859959747334
-8.907746260728544
72.7108851435009
75.44579089426645
84.14628715934515
-0.4074813336546299
61.49517721369316
45.74894041953865
165.51976950548288
41.81553287634537
48.883215332162386
87.09998111023032
145.8293722321882
75.83185787228759
92.55530955796374
120.7376668021571
26.859941617001667
53.26551280441017
63.64387394393997
83.31141812998904
58.31134683782006
52.207923995243675
100.54996558132606
67.51520688413764
82.92546378344727
36.11525031513523
87.40781104252203
-17.245893565244643
-14.815759383982211
55.44733509271158
-2.757074699355883
94.4795266894721
84.7149371808747
56.379380958429465
20.4947946688783
64.40001206489275
64.20645923843756
47.35026138629462
107.11552079999306
39.96824117120498
94.75154510990512
87.01575051338988
58.869179936084294
18.8971204650067
97.80369872585251
118.71894548394701
15.54614422462889
25.782535881887817
107.27564087845073
95.01643183813866
78.69805851373667
30.01177162238769
89.28853394363503
66.52928728810839
107.79686772454218
36.569208926797344
134.1631136413632
55.38504422498142
9.406737570391762
76.29317030246344
40.236719801061994
111.12570752163059
56.78218110451533
74.2127842976641
56.858522821894155
39.03614337824809
85.39242002839886
51.20189118636512
84.98187477258126
68.75973349196815
58.515640150886476
74.49333700361908
89.40907227073855
47.960386741573636
62.53652039972602
68.78022019261569
141.0839081126837
52.64068279124251
91.64155022284899
-8.411112777020719
23.761624399563708
-15.13270636834946
108.2895296361325
59.72452016465237
63.924065312476145
79.43136134107236
66.61959893072574
70.19144720762328
29.54728814326058
66.43647772261076
6.199876617647071
118.88218329389301
64.23460604473256
105.94721327398014
40.73736831536018
71.85576231552429
55.35968554108763
61.84725743969906
-1.316749083125842
43.63613722083888
115.56195109418945
59.367138335278916
91.89389124356302
87.40731163328086
50.75930764127458
99.56175396221401
97.5038813775492
73.90627971044718
73.72123857214285
33.35866831599894
13.579618393642328
99.18333254748842
63.331197886394044
104.92193713813421
57.85536321757611
43.935118124413336
71.27455685064373
73.98303502866466
91.0512502716727
62.163352206901145
27.815987916158193
77.02868646216652
26.1758128828291
61.2456765783732
61.35586789952403
44.685232024861094
89.0934375960884
93.49067258034687
92.14018281981028
66.9003225535977
36.2248227771849
44.31831546323302
106.09027575145961
78.56435526521639
80.26392281943222
49.079996030737476
78.72965304978594
51.021139420495096
80.13391724919538
59.096030878106696
92.14557322323208
4.6824352312201185
74.2398221649601
91.72747268072973
83.85755730626511
30.494289315960806
72.55308468595953
124.32512807434253
55.35415814153996
-11.82756231273332
59.45304702314834
108.18422138757938
18.80917331824488
83.02179440707559
118.6759661766042
77.74284483320362
28.85166206908952
104.60868521295848
75.74021872338423
62.303570145575925
72.09336598365995
12.748935379893574
113.91979157377708
91.32077849360041
37.38372415895496
73.19392851683781
47.77891381744658
84.80228078033238
27.34253985173335
68.28888763163451
20.207862088875665
55.636026339621694
33.76780659627167
139.1130071413943
-25.082395135188435
81.63566783740146
105.54488842224262
66.8497637315327
145.5661547743129
119.85539559871397
-24.381626023160962
101.38714157945205
96.4600021023841
59.534814119426024
111.33157185814659
72.2758282968488
67.71809487435812
52.457932378266875
39.07080877653354
77.65400997642637
68.35869614599478
77.14438557325552
52.38721171699305
45.652757230702626
58.46054353911404
24.70614371816557
64.45128755051877
97.29365623419449
26.988275161257086
117.66946080541118
44.15549075205073
135.73731469789823
12.222760818410265
80.50325543117107
55.60520140295105
43.55657310075884
13.147640345139898
42.409497353912926
55.03110162114789
58.38346365416169
38.98145932349176
15.23796957326438
103.17805561622757
-1.9997789989331949
113.96570431584821
83.9971970815397
42.979451466793975
55.56238443597274
16.798719647232133
102.95869681942827
35.9692142314828
44.13214466291295
62.303717221674255
63.8763588154514
58.19767836713224
51.50424493034342
58.23370819854824
57.43397650301856
102.37204051765295
-6.371994371602497
79.09587140364526
74.88143837205814
66.98251431275487
55.54665763816365
87.30585333996437
66.56782894299901
53.31509123803463
8.01105079119376
46.962668259777374
82.38667257067405
38.31690765558652
42.614004138196975
74.72700428591874
88.68741331811157
37.96824839377811
15.598053589131503
28.787140034854012
65.19803238126207
80.25171145369565
18.084061214593937
104.39849003017673
84.81617276553774
97.91110287610472
126.30895212456423
105.74417274810261
8.031287932677479
71.57124959323107
69.89430899533374
42.35711510807596
38.025601148243595
29.782785590803904
99.76162954859637
79.3604308259682
111.67771866766358
59.71885353568861
38.29742505585056
92.73632759048792
108.96081277018604
74.1650735485716
68.23198007001294
75.3890227008854
14.687509958902893
47.10516148507484
142.38801414160386
80.6121388056561
113.85541487353723
24.715494538722858
42.36032545807451
86.69006704049576
58.064704449336624
76.48123296340623
81.90963011006488
35.56346761254574
82.39415093308288
86.71910017874562
106.17955500757799
62.57449475057757
97.49730855360892
71.50666761981905
73.3372536634355
67.67360106457971
66.0825544611889
61.03521949610981
40.67387841444776
64.40920735992067
49.324380495942705
38.128159426107565
106.70021159132244
49.57900241034421
129.5557899848138
26.40799249312174
50.30914080834069
108.59810076351863
24.88212428999038
84.86330272844047
91.2276001953897
147.41429849320537
46.603514059322926
73.798511159409
-9.135186331191463
47.751483436883795
14.58852303991008
52.131508274446944
82.9323931997144
48.97221742355923
20.926841855856303
89.92308394939866
66.39260113919761
-5.43646351083602
65.67028339477346
38.171563544288915
49.552597550265205
95.59345108309194
69.40373663928358
53.868821566932866
14.281049658360622
27.105724906261337
59.51145946210754
51.522353724528024
73.12439126168849
38.46219498915824
63.83320027451887
75.42347006971076
26.798027168877987
68.93334829710636
5.028934512701127
6.7257308620714085
90.94674618076958
85.06885210868336
101.24722008659302
42.046730694174215
88.0053197207017
39.25617049448121
52.26242100172836
25.84280736082259
26.32482326221006
110.25518625583788
45.941531180549156
96.43822534533511
51.972717084151896
119.95707092174905
77.74766094114821
36.59308374147194
38.06770483798525
73.52913059731135
70.04614453618446
7.589123363702917
23.74753334889109
33.66453056258419
87.84856041767202
1.6496209718946488
78.51585071806879
118.8457980619254
56.31651149668394
33.707313722496565
13.29009961603991
101.97314657398117
99.67891793967226
44.66569442385973
145.02983471190686
88.4559056963599
85.63209687905875
87.09030145839357
36.85410612219529
46.69551147301821
-4.1210559992908316
146.28599644370686
56.98400952682618
112.14628568727798
24.537259612319495
98.2100211088222
45.67787917061844
66.76179590631794
12.615226092392646
45.048624057888084
97.54871160257075
54.413589823896864
66.62715844522741
109.35633689126742
63.707689300106004
51.553417182263864
69.54820967622652
44.12307362051121
29.060830898835896
64.41599275696919
19.112604641752327
95.01546295629595
54.39930531414598
26.36769998402402
123.30185461222732
99.78080213419999
49.779993255030895
90.31897697494611
73.86725377220169
81.87280650024425
80.2115011231339
21.23689883915157
127.89705755805512
57.63523004539176
56.020620842193196
59.50554724601637
37.478086399854
62.240959187933655
43.85810836798525
47.56784114467608
33.82221426800314
30.825190774950542
-8.340552588809985
56.41365891365254
89.57464500271362
109.637950349372
81.67835264825135
26.274521826438026
42.721289370885856
66.04258686864469
112.24570484905871
51.1580962213202
87.82020229797334
56.01207095275091
-1.8663106272346681
118.45713004401767
69.76436860470645
58.7692149691043
134.01520715683773
29.85709625092371
86.7178418191329
93.42245788518511
68.52082652244141
32.29334238041755
21.03089635601397
91.54471364410034
142.34254963375002
75.33827481474697
52.17913162442339
69.67285561228428
33.35531296547883
109.71778571331257
59.39186643762504
74.79716429078408
39.562303163472706
101.22187051538418
38.680193046651816
84.84922594453089
91.51183481694004
97.28143761293809
95.45699650802167
51.44860817014871
65.96767781766107
58.62680463675163
61.734741886180984
23.403444825482886
144.90153169083595
92.51139181684128
52.56312519674207
76.82666297255041
86.47299106754124
56.99299710628421
58.14468082031773
82.7776662489103
96.93083969504318
70.37297089640204
37.045014255563245
104.48348717175539
40.48155129502132
98.78190858011601
78.82229467185604
63.94700177230849
38.72637676881545
62.91975687248212
83.47722727003372
133.12847105103663
85.4670480994971
82.55190492096244
95.91147092684962
38.86826984810176
111.7932455708694
91.62946869996449
118.60734939982133
120.2183228873988
123.70218204379263
121.9788919682148
55.48271123389338
40.85597022813653
99.53706539381521
19.235680773391223
43.988382622464634
54.52406376303394
37.50701370592026
42.28823179160685
66.09180520412528
56.76222362939325
85.38071241170161
67.05556448381128
33.7100132800215
84.93025041187224
14.524587891234432
17.367037032584726
37.47973409146636
55.9283042870746
101.24789344669034
53.702866189006016
28.188583720294666
-2.011650434552081
172.31739035839274
68.85399949168674
120.69614336187918
97.49492825847014
88.78130091625967
60.79125298534707
90.17051650285538
65.01075802495697
117.61027627568771
52.25568512062019
60.64696354482489
94.50181402091872
50.40065842079645
-5.88744148989079
30.092053883159856
133.3310902069469
71.13850664924257
34.955491487161986
108.75929862546056
30.867749596537138
71.89722424887692
45.63193181336729
87.08544962360648
71.41014382013556
75.88028984514038
96.96665478104094
125.02981079750393
93.29628238594208
48.626083073927816
133.03692677278096
131.03716138095888
-8.486381415687944
96.08819796433676
45.36226467019434
7.3159091965224405
49.3490658432689
40.4061272099946
80.12743305496761
54.64626269600856
65.0678592528362
-2.7390507439418172
70.68242820643381
4.833846583214239
72.50779630858946
96.70569354373336
49.32679420819678
75.04420343285148
13.658993601503141
21.722186534345006
61.86123799858975
82.97064674016494
13.202578272640181
69.5264919653934
91.79022882356864
30.996829801564353
56.15962513306512
76.62132124167312
52.57109466870102
44.20687359584555
97.43698623787733
86.82799183349404
101.0341713933342
106.87540756113498
72.26944015241813
85.03371368915923
66.5668442099008
-8.59198554097135
25.315725437371945
36.81241311715473
95.17217912472482
7.648902022853861
-10.555767823838892
103.37736557971138
47.16645209576269
70.47110313484454
39.31722663288855
64.55619786339336
141.28383030848008
61.99943008791826
28.26271635007452
28.710708807734797
49.368235430966145
60.74365018802083
119.10991419346175
41.133908275232095
86.31647153004192
86.3161673080679
18.158708016200656
107.84194551941022
80.65101489650499
41.55372634415169
112.08015506003741
104.37812048699719
96.63308983714258
64.26996860190174
34.605993556099264
71.29899430157832
77.26067556996897
22.585145331434312
42.223624236574196
-10.181493800971978
31.909298184594284
112.79916737069267
16.18828618916475
93.05622375387514
140.0913504962336
29.091308634176876
53.40431850453849
61.23326803646934
51.53943269402765
59.75868644769472
77.58218895304573
151.96896091205193
50.47396221598322
34.32292488413222
50.418343915877415
82.3853519811669
6.481215511000947
79.3091078276664
95.60180140326443
74.2287652305783
58.44803271646164
3.8954297327490153
92.82979422053415
85.9583756926064
103.23104528711829
35.80967734578509
77.88049247781919
98.09040563173161
12.494658066868027
95.07700299567375
12.222118379809721
-18.609423860921112
53.47345269929358
68.76478517606868
23.246820318510053
54.52632741429211
119.60194013113463
38.107387902161534
82.24008606881694
23.619662478371488
68.60855521059308
45.98696423003937
74.1894455119168
24.527506618352596
95.35750661920778
71.79464880193626
69.48536508385189
97.66802285949484
78.16876146746394
66.99439009970061
50.00593427873053
123.81754835180783
63.1337568395006
77.3065291951081
75.56324133730469
43.27621640774271
44.11903950192291
61.85597107075574
56.133607738179464
49.05918284961931
76.76611468374624
82.68847197670956
29.87964562673232
126.06836592247824
97.99399196719318
33.404585333065455
43.48807899051793
70.92634239208009
69.63242292466802
87.96274678839828
100.22575136885598
80.63981294846633
93.92013009963684
67.23524991747801
67.75137120540437
100.29718734846263
95.71988124836365
60.79840279801999
65.30172908430991
96.00998775349932
105.13087216229465
40.71091751813094
31.63151445008677
69.30248607470583
128.45117910344607
69.5649588243659
65.7430812741323
12.287207471381386
108.43817846027659
72.63959830289795
64.54030602158845
118.92976065488128
98.80864263104405
155.87244483784642
26.132879675642343
73.5402969472768
103.3430951414411
89.77665286045517
49.91222662420638
81.30669113353049
24.248289673301294
106.85393154890491
101.20151819315413
51.90708624200109
2.4161008390989878
146.68537594662146
74.28454708860541
93.67494540388914
22.099466578988185
88.27304681579321
75.7628668643006
5.89424019267183
94.22941971450793
57.00532837417026
108.17918275310572
94.15196694092465
120.75952407349044
50.77334187010454
49.12103166895457
69.17365823544986
44.39710303341657
77.24651059998816
46.90278044355231
107.10255671130712
51.58163863987839
21.337462690724422
86.61209543366311
124.13697052553943
71.72347671784166
26.285254691224395
25.91009617589478
105.21275838847569
89.10705593257003
101.21923126018271
12.348034674384436
125.54930252643416
97.5185574228476
29.68841927427239
115.1122236478185
64.0216870724813
95.16575364559726
85.98034729326724
37.15902296884197
68.95373158932813
28.768754797176655
95.31071944151364
13.880522814878255
38.533154242063674
93.42084047777755
148.08241789307863
59.72430510287499
51.82008988223994
160.95086551095733
19.799726037658516
23.71479770208029
72.85857415325026
109.06273080498241
91.67832267852128
81.28060510165669
81.20351034616306
98.63823283247172
42.24955007212725
76.07322189068817
53.42755606674609
-6.434049575423842
62.76494933813542
56.362204284386024
123.4174348486565
33.20466548721295
66.92845857387252
89.03794262232998
92.25043314768338
105.3350988853165
14.117779602909643
129.84844817232397
86.61202024677875
85.44685968871688
99.18422426190043
107.28969122768368
81.30387654565308
79.826608716305
52.62488622570364
-10.886064348048052
60.46468593367832
67.70283093347072
120.21903227011879
78.30137818158374
132.02665504102464
35.25357236504756
111.72496943631022
95.11140045815812
99.94294140832216
8.087701941882095
162.41327685606964
-7.75321703587467
114.80756097777305
81.65029658944573
82.59770785652707
53.25863461038031
18.485622606861874
64.7927723820714
69.60277627960329
109.49272293029856
37.330620561490036
109.10750943643205
76.457749525204
42.48188997024272
31.530171765419006
73.39157922575703
-13.284451967106094
41.96212068184671
63.40819875795234
19.987122343672247
76.14317699871944
115.60672692600338
43.271009329106604
73.90513521408742
64.94331959519894
73.10918514742876
75.02898995893875
128.5070109982679
19.6595452101936
92.45768034537534
66.06935206564349
135.11978337747877
86.49037829667537
66.36536387951763
32.784267425210686
64.54063797653912
31.811438801253445
49.06373908980356
32.21354561398313
12.28074835950899
103.68268383552717
102.2233078235422
58.87900403602675
80.4398254673956
121.58960412326007
101.02863465766265
87.72514553783358
92.59177201014509
5.513855305166558
59.28661379551825
90.1662144075862
21.756314725855034
0.8745647804107008
43.04111493498277
28.72151491581439
8.726373370523724
31.887472709451053
62.92164165007899
32.88172998325106
37.767494952355364
65.21446004425286
133.84889631447516
38.09680394410235
130.5092698881599
90.74389360381359
96.67067202406596
63.63326954099095
89.07588980581043
18.527795486030833
4.13173847587057
74.48777280050032
71.57003039129225
95.31362979342913
100.84674692812371
11.741666516496096
86.65082315229228
59.426440619343175
39.97316144948827
69.67498592131963
67.13778625100508
43.41239019701686
59.634872955121125
61.232513016108406
42.95156369660546
119.55737742260648
67.54637124856818
54.639657401853015
66.47946842347102
86.72880484083717
3.88620910198982
-4.01664299782027
71.21547702923895
63.21165315698009
87.55517326936345
73.26122305051402
30.12106145119276
53.16209053817809
70.8166488923395
32.39981684709042
-23.821839731757606
62.45216858577958
113.96185635504642
80.69019216759341
54.99464183994818
74.23146578216944
56.68008048657659
103.90855186137179
65.47700616562061
62.7803683224572
47.78890204396391
115.68897267737557
95.96069067888668
111.01957514844815
9.324405760325597
152.33940860997177
-15.713939695268891
30.29038433294634
69.38839190992262
106.02230459435886
57.598249029330624
37.13997116448954
115.44359937318913
109.61195558193546
53.80806026019148
83.329840708556
92.36275205977567
61.046894996565136
52.834019780161654
-20.53940641020307
32.43914944795272
76.08984067773623
80.20173727457454
47.281479129982394
86.43619270988012
92.48437185668917
51.391140855294076
-0.4328581481731959
71.2060588474212
85.63518480666636
57.93373421617565
64.34195274773187
35.1662850583033
34.95381659294416
68.0161604492727
69.95591594084972
93.28284278366337
83.14809258164111
29.409882265225768
-0.8777412653961534
44.43219456436195
74.70595391993216
54.41154110788347
102.63078654487272
36.23703842788379
98.7068499325903
70.14591546409609
82.90181495890496
51.44840736154096
67.2599387990929
115.47149495535069
134.01066287330283
9.495451830236682
61.59378613459716
19.198527989979866
32.20783801866985
62.82090063179521
37.34860939147413
34.08405972417431
87.85125946499662
46.123217712042106
120.28637755279166
56.12899702953041
66.89604058023365
52.81228215360406
7.682856604522662
120.51211244138867
51.12558348385953
62.57042667640697
79.39744602753655
60.77264711044836
68.17303623525962
79.97850805275472
60.236694386935554
42.478712048736476
101.7717846187279
46.496822166008116
30.20720796233838
21.064765789649996
43.001187659206366
71.52260112780249
3.9852125079530083
17.715395284973994
120.23555164392778
56.8227378356602
63.00889863478183
66.71017514445538
58.82139073583055
45.74650811444708
77.55869747548626
103.08307564138016
79.59265741505595
73.18128875130459
64.50639599104491
42.48595366195003
93.81803122416018
74.56251388091516
66.46890194685031
61.386550440374414
7.2232063184004005
77.76250871916571
66.70244161895491
60.49302819362825
80.18233454228725
106.24822914159537
62.32458313324065
86.76716674046003
93.62159134982844
66.87417047436922
74.92893653297331
86.09006034400792
103.11730977197658
93.32571231257594
89.3932689160444
35.09367669081888
62.53210194602646
20.17278955456871
73.64335671860808
74.38656380343755
60.678154023360705
94.05938734414104
56.917641624432314
55.60729108116189
121.0729122532639
92.99459266230525
25.346558471816152
64.52457045091582
89.74870657604974
66.4067687549758
92.45745527077713
53.339368899996074
79.4980370920627
96.39517548444246
59.12009465152057
-8.38097922878299
38.87149951819379
36.27919821831361
83.77116789810219
43.99882922107837
52.604351085209075
36.815457553585986
49.409412991550724
123.94924756493606
77.90344257034819
81.29883221919201
158.45879923983654
6.270990229627053
28.699732340576134
68.7440782452124
74.11462774153759
37.4247034395796
108.07880915587214
38.58891085717647
-14.330506666381027
39.2941653299249
28.20565590574258
89.23514182062337
27.475163896201465
98.02238151943493
40.856785778695745
136.61161897186417
24.362063514929133
62.46481873178174
104.82660037885447
94.05927630219388
110.27543851303096
21.109004595385947
99.384465153506
76.99876639635889
77.30005627170391
3.2948559606952728
35.40388086421049
34.329389125776316
-27.412034608728334
50.799101820161354
0.590809113890252
94.47902665484682
77.52631657273054
77.62096522009708
92.1977516158663
65.52397074200078
41.78337417022411
25.056201672611095
83.3360171748704
45.471055614337615
101.95404662876977
107.81083902294048
130.48464144232747
-29.513095637551018
124.50735440282568
19.045841763327175
85.80033185219628
19.989226183475346
59.16484885505874
85.83760820075722
88.8122059746495
40.98131817627399
85.54849048972021
39.616758243607016
50.829715973122674
46.37894576013096
36.745931671081706
78.19012721411477
159.6948781689596
43.83762893122417
124.30698636322026
80.9269997656641
64.50289066885239
88.48498579195973
39.35509830168162
72.33489046462654
125.35116921161847
73.92124986389005
0.617962035587567
93.48078910710481
74.44126961068932
46.99387152254724
57.89253656117617
44.93864223411279
67.19017698743104
62.4143266227863
31.4390665953704
128.0360951082119
56.22752720001008
98.87347855230965
55.62980392487634
69.48730478983715
32.695646193294394
47.353857806990305
108.55417377959014
59.22252578191705
82.41281602701264
139.2437204681998
39.765226251132276
26.7971803014264
54.68145298759659
6.34699876024753
21.01713801952232
81.44373848051498
30.69366484526536
49.7800105276877
23.041140248585428
112.45506469044577
122.245563958422
171.18345519630128
120.62142573617345
28.299139304834632
76.29429626918224
52.456919627801554
18.57012642761473
47.71981261036227
56.36151491376262
9.231347201300288
13.406711598268387
83.72814099693485
18.080649714726498
-5.182399771960249
80.2353578353628
100.3732638401919
38.14620551625645
50.39957513139823
78.7305397059221
45.12754275238961
101.06644420811975
12.260235438942388
90.7536066457626
40.988221953590326
36.925682834538776
45.60586341078374
52.81978126161607
73.35119887193318
82.62484591342357
83.02592700712141
9.93794745675357
88.16744019264972
103.83766681868869
51.188044812746135
-32.069982215873424
65.53465213438551
65.50562859412979
63.6578288466141
38.94863263063297
87.81747666173355
31.052678838276428
89.09609460186884
65.77153031748605
100.74175803780761
6.716195360729152
55.305391912762
108.16316724905292
60.94297103408217
6.075953488022357
93.74276554971055
102.40805028833009
68.9694329304518
23.849351903286262
118.16464218911489
101.53890275872632
94.03311073705305
81.13965803594708
151.3165714669645
22.933508831241404
69.50702548178106
55.976138685532035
65.94162144114658
67.010169785566
69.01251273361359
67.29466677051676
61.72262748818644
60.46747390837123
65.17526147244293
60.558989495132295
131.0485703881922
35.294202424378156
76.99850444813883
26.431120070777155
61.30978555141489
143.9331701993881
63.616642835755094
53.25836935381973
63.906240479252794
50.53297179404571
51.75496779793938
64.44647894157264
34.91465777718216
97.83864710276609
98.63099851541688
37.79776257829782
42.24581986008532
111.26976832716382
112.66325115895197
100.43840817098476
51.436762481729815
44.37679178779785
28.77678406291279
28.734717605856105
38.6059120651807
57.05781020003443
96.8224830551977
43.78617608058359
110.86179415774924
58.69726752476593
74.79237119299871
108.1865176729308
49.71547185041132
67.22749509978328
104.26328833937964
51.967907132918775
93.35810834122265
154.08408243792587
55.884766850512705
56.88646294529891
98.75632574601596
27.014301231849224
126.45793034676936
91.35997549132962
3.6365712755610318
22.310109617277348
56.5389695603485
67.57165784125178
88.60662578457494
139.20648697874043
-19.126029782200476
81.9165012434209
52.75553960623554
89.48918982698612
91.85101331130853
32.20349990669773
48.73103254491759
96.85573461783508
-12.771301015943394
104.11209548422599
70.36565612267553
76.64934013072184
73.59111687605048
76.6574230512083
17.631564488889616
114.2101805606529
58.68843999837139
32.34719781370084
11.35385896956192
66.50155979088292
5.650808957111408
80.82334561848772
104.69758422008175
22.430182788367382
68.2221244353264
31.029760853008135
106.80642313950598
82.23015325451105
29.51217475404546
106.17088698536787
55.931056876464325
41.71103337775875
104.6881449035292
58.263999185512546
68.00568089220945
54.89779279583043
84.12229895055819
78.19623736701908
39.256551384286624
49.598716562498595
79.07659972423363
58.036338186585546
61.72346336102483
64.38059588475885
167.78543054212358
106.75918623636014
54.15922923163659
133.37779244341613
93.10413157388557
71.46873822693489
75.67787320005084
78.12791450359761
30.027030795979798
118.81749706569694
53.8084967210911
37.68793837792589
107.91684724466063
54.85766704120087
91.45017307433002
90.80180375665365
73.61833316190625
81.92897573105498
133.01579234790543
120.18015541457689
59.67107840714432
90.08519375669732
65.1389177054613
24.257986792810378
72.9242176876035
64.79053479306155
63.851838245154745
30.00382069362719
35.1061956376952
51.70254796784231
64.3802535143027
72.09908320387399
36.12954360036858
76.70655902571625
137.36283700178018
61.05042355327568
46.89448810463902
27.589223563317788
53.44821146758368
73.0352269362748
50.0876326139551
113.05313417537471
-0.4941705030243213
32.90508353596723
97.22817460813494
48.8134911193219
70.5253295848774
38.14646885940374
74.67444536984661
157.48690136917122
75.8725375136381
24.170267819413453
20.866841860398395
39.63123189759911
24.52612528511088
-6.251489437246832
52.0618075275934
80.19166512845776
90.8574810018352
19.391209128202526
87.73920095062343
87.5555320132751
46.48549136620521
44.593130558125694
68.71954337527536
34.504225394431415
126.09229958321586
37.61717038883698
66.57179830069528
-0.8275292119462847
44.812592989836894
-8.664941468234247
32.555455172715405
114.79880724128543
59.59169784558368
52.25236547515609
104.80177403762758
-21.40385582324224
22.919922120290472
31.526950779894484
40.69044755688099
113.12052889448503
91.80742174159559
68.21451218999992
65.010296875938
53.094365561138574
84.98439913189266
37.07057421502992
40.73361935954055
35.81229636457606
81.29746021136155
14.826373400360595
91.47018484609336
45.317940436375935
44.67334907496344
67.19820527573049
94.48236272567544
78.59813508210193
74.2402144532521
50.37911038241727
108.63054636387182
93.85906649203892
60.50454737677843
81.93136596240878
51.741617661563176
73.7517625454719
4.411186004716832
53.822906745075464
7.4445818905075996
-34.31472896782813
60.7391812870775
142.12376978381172
89.10877848226367
79.69701420374575
45.72002736982551
74.07157086085066
42.214050282333446
59.850204871164
24.215828352048185
54.41768571674933
-25.189356879982327
62.190797323914765
47.6203092257516
28.603203634754628
36.546495520421004
17.19299190301131
53.565328138048635
81.2155506376993
83.15493518194685
-19.89713082049697
177.09182054170103
129.79732970228991
85.45789033512503
62.17410721676156
111.47036730441636
74.9339328043044
28.003849939077185
102.43215153902872
87.13012607398097
58.3766560109427
67.80409490426759
87.85136586238069
33.40716872908104
76.93294255600514
85.06275248953082
21.021147320495885
58.86457684870986
78.98979259199088
25.52077391908955
98.05534992361513
12.367388146965531
100.4186745960094
53.79104687121156
51.47717936631127
113.02445741867712
38.383649408933614
51.95700567608385
92.10486789898633
64.48866469184675
39.727874830954335
41.68118898726846
42.231808001631876
56.603201111280505
60.778838772968584
106.53759277882875
10.858806704285975
65.77532812836608
68.96603144994037
6.127741627827774
72.69861246500191
62.25783307492297
36.5715704665901
57.95339756569523
72.04850512778557
17.209476372261044
104.1046737529525
71.29675287688342
112.2877790413742
56.18317227638811
27.923094294107088
64.88836017718873
105.72270013534603
109.91222288175771
47.389844230475695
65.39387507129592
59.50167420676402
56.08584155599739
101.32639067022366
72.26979793953299
35.18497834562467
58.1901661553739
74.73074149426148
92.25054296038986
-8.502156916677876
104.60949505693993
66.7534031423926
72.13960859208109
81.37534550730993
102.43209315414302
66.60725552592018
28.27491713782534
62.82919906248275
20.58593302896069
26.33405752833925
69.72408616377072
41.14495015773592
45.663566804586736
13.868839813115528
84.99874560371426
81.06325328841963
112.5102698069067
85.92124348848188
102.3682338948262
50.61647039970161
19.368796288557682
99.59071421495354
63.01266237997816
82.69377155594336
38.0857905217746
75.24689093902958
54.59990744030944
107.42115980028153
66.44598249908393
71.12103746028154
64.98769862310118
38.95467417842829
85.58572907962794
64.78412765075389
84.77655711730239
88.9628534145902
-8.141069985865329
73.46086602316998
39.75820201346886
68.32422127007128
129.27511731565687
25.70123185930963
63.35653783564758
100.234053661363
6.887949895541951
65.88615933437742
31.533047824891028
70.94183427088703
42.06456304102978
98.19873928940888
13.837437880581497
70.84102924113287
56.36124179872587
94.5132241103177
16.51531203592735
145.19508267826743
111.79857185560667
86.78293908981006
108.45463553688555
44.88995847751879
50.22207965328623
17.263357302377827
69.13271207222897
87.39194191715767
11.340924428255356
38.37356017903529
90.44134094753788
-6.405204811174357
12.557715100986165
98.85498669373553
78.84362876997852
-13.326761716378371
75.50302357449044
66.38900027952789
62.978793951087226
79.05054428966673
90.41289396575189
83.06059083969976
104.59056096204228
34.149225095539194
40.449159408816854
40.694759371121876
18.421977104909118
76.96664470671274
72.06263035398217
95.13144983725958
56.64298542958272
87.36455148788293
87.53477355369938
74.22752938171331
42.166128634272724
83.48402677857452
40.61283925961443
113.87146771197195
51.911076841669484
48.06367716863828
81.94609093379194
73.86322964693841
67.23657578113946
110.05987557574541
55.687287032571625
85.59462738307445
59.898719379940566
69.3917600813273
97.39662132417672
52.362627270445
36.87634559505695
111.96576469073241
43.99815314554843
72.9143480632573
57.37568896526708
90.89746678683477
79.57576383793422
92.3964523196047
123.24073062803016
60.13969483804025
55.98084855900062
0.700627138031507
73.62629711186138
110.73387804605642
84.32783788816292
43.62171742919353
103.58712380975695
58.203378029222044
-5.123423598068257
60.38282980524002
89.20208383139489
85.01477439744438
119.46802651493059
91.25360744404236
34.173768599866236
54.95556381516893
53.865642179979204
52.03935475920306
50.950861573745144
91.91399402329016
66.20356015833538
58.30330909917642
42.78369303572794
4.966757439976185
62.380868666523966
54.89271941814729
87.54252962222216
46.731329463747294
25.118631016826868
33.927671766013276
79.52337723226316
39.776875561635606
7.624583252349247
34.907772230548346
85.59110236667327
46.21349333779612
67.47031477366257
140.72181357121383
59.55582125739647
93.7517687955974
91.78241209492802
26.088043669166986
58.1456797199219
8.38288894055919
41.81508264705174
99.20108059806529
49.88565430683797
80.78491158700058
86.38767289109624
105.1662511416023
49.430344359377514
94.49392942840934
48.03019160890106
64.13205866538715
77.29180967602016
67.39296605055631
57.92462251617228
102.5415052541417
85.36329079438647
57.47784273650893
99.79140447336857
75.4267459112529
39.56545119906929
74.00175688956305
-16.21976657487582
55.2173949681661
59.33011043044689
67.02637462282982
26.43754865222443
44.803695283239904
92.93107873251729
109.11103426399171
67.11819950108412
100.44156668941416
97.15989775343341
81.80989262410384
21.40737379323032
89.65402732604089
71.36762007322989
78.33803444823718
52.9498691620021
65.79346670642485
12.29859726519355
58.33429889043639
72.50449165623637
77.22343102127829
93.74010174517593
55.237369841485524
102.59582402320288
99.35269699025044
12.495398942236264
69.24998235374116
94.66771775819716
57.4733923170448
115.48083760367794
155.61520662373397
96.39583029251946
93.40979730701858
42.798826665368374
59.50557809365159
48.28404345418108
-1.1057329122295556
40.48627481480656
42.0927426555339
59.235394725145454
40.90306856987725
126.63227731618011
77.35082859133944
100.41541147705797
62.57786214850224
35.962180241141425
53.27260482832458
129.54210884703758
32.299632036358965
68.51958840318393
38.055762214443114
85.2263486398853
77.83457271730785
12.671639637885086
49.01140269422211
17.958802990523694
58.51091369636793
39.087023813333275
26.218102232244533
38.15470101584805
75.17267165892164
110.37074302424493
18.645691738746486
35.5221551130513
27.35754152666894
130.08129773964623
98.39867505703748
124.98277141022007
59.17170976366433
57.0155961015651
61.71926824871588
100.12068891290276
32.84196785240981
37.97569730010518
63.5321707063404
59.990030764848626
103.3490840035608
155.93932010291314
35.694432379230946
83.88663501371299
73.3867047599315
65.71281237856562
1.904250937633826
50.90256265657368
37.78634911470667
79.29923251821205
67.8680567041291
63.476164395665236
65.49770730732048
52.83376006490086
32.5478267163288
81.89524725683567
92.39918250146937
84.81403925385317
29.718341544056763
105.36438494823065
54.05695396324191
-0.7835320312620269
104.59014117147834
78.49822759400456
101.20106975474795
67.61905288395099
111.33580634310974
126.51729276921523
65.56715434720317
20.290480276028212
87.46211569170623
68.58106861665352
29.70221944030498
100.13402026904598
76.21185931402091
56.02932614133298
93.11588115379942
105.42939797040118
57.63671464472257
67.58983686196223
5.894817589448948
137.95848876577884
-13.03882735510561
28.78933772240304
40.36816158490996
61.128559881356544
100.95838834511015
86.93417414797794
64.80534467799362
137.41809939401054
66.75933159942207
48.10960098847205
47.12440816628172
84.53731656822838
52.07714622635683
121.11959006937337
86.11451793755788
32.723444519954796
19.809432812847916
66.25310352855283
118.0782573265995
13.336787693111411
73.55364407783382
46.32751978984727
53.38041094509566
41.63200669697518
70.20553292133856
60.07973282491962
50.71869513025171
80.64794086799347
67.81434435182366
36.3310981610982
79.79800799469821
36.83951685768454
34.2256053752035
93.01690208342086
47.768378487968974
76.97145847655348
92.10827374997439
86.52040161484544
117.46743475726663
64.71145501608228
60.87499592803522
82.70424346716061
30.53429332655
53.005704102346044
82.12689453295093
65.3218362879029
58.32392263385127
51.732420443738185
19.837158918466507
82.93168870600702
96.02582646005112
58.11617450353723
-5.33454579570504
-17.610321081462445
25.643838488294563
98.03744920834714
-3.1993745097606308
27.581703506093532
89.38467259120833
45.11670672854301
80.74326075548858
61.77628415264545
12.69922056347611
-13.084762413944276
-5.428087905020419
92.13285614957483
-3.9925091737669476
130.69237211024642
9.831473081331616
43.567873814666285
87.22991892154606
101.45847518583358
17.565089549976392
37.74868099037827
82.61279360257768
28.93832600441806
46.7939565707417
75.18963323264842
73.79723977199401
13.945043266805698
85.20695931441975
83.13815351527155
39.463748787927656
74.52144180733215
22.299725922018517
125.69129685828256
37.65676235418178
58.60198393614709
93.46635534059119
101.37219163487444
35.918131303195565
74.33714190130082
32.32659159081525
31.660945799951513
71.89201552530581
104.66106766497961
127.90741878431014
116.61311794186014
34.691766995906576
149.99632161441082
90.67808328949528
86.75407754223868
107.65951692625526
46.212573893605686
81.02630752251352
65.90048422351808
62.71071044060993
31.790555425885856
-7.296438162503236
51.325872690590444
-16.02707873135992
70.40701797354855
74.75097563177543
36.66100516106272
81.47052297871856
66.63432650033968
78.68215106985666
60.84955480627815
159.5616968705624
114.65102020844957
12.928428707203985
68.00552801363305
93.13538523684817
23.802498678508492
61.58119167788965
120.52952280549519
124.59042118313849
41.87149583090427
81.44768805239661
51.18246195493519
19.07937470517475
79.80527053337299
127.00516566045276
42.98099233798784
50.32412290806105
41.16491228657951
36.58695511735024
27.35246942862537
54.23404473541698
68.1919103304397
82.1394297686926
85.97049829990046
106.99737860336506
86.90378974521613
41.98222968827634
77.63652773309529
80.7295842593312
40.789250003593295
93.16961103620085
85.26796488900376
77.60979280621507
115.2734523579692
52.63343181504038
75.79081157751261
21.99667339409943
46.04591619284266
85.56996946745498
90.18396275946134
40.578969592410544
43.938050831327004
117.56577888182186
30.933349872365774
86.28340380727954
99.3677141881484
16.48249205325005
11.151482681745975
86.88753173233772
46.86509234783934
109.63989149860484
66.57109710808862
63.21055030404868
65.23549909311937
70.80490776498151
71.45656627040202
6.068707840236193
113.90873063649533
103.47566200418686
12.78177437241758
29.856226544958055
57.63576432398475
93.80831028230068
108.8648209903036
47.492319290312196
99.84579323351329
17.724090178169376
59.51044687963401
80.30240173252143
62.23631532309189
83.98548919376587
103.63642692004518
-23.606025567895472
106.00110708786409
96.3916539486132
129.4135569414492
111.94474364357953
117.16327374972587
74.29544098182502
48.5945752571239
20.866363250948005
142.66037307300954
72.53867460753357
55.70884942886343
120.7543502386979
26.637177298256162
82.33430423136363
71.69611895935111
33.80518420264561
4.0754579150065595
81.57357325399644
58.05742123995104
24.486056956325157
-10.33545265460205
15.845540431529578
94.413849728505
63.54861216266937
40.73294211393788
79.55211225983615
73.63351399960698
63.58478262175311
52.11930863689216
59.02960140318647
97.86606777333225
28.73515522921494
34.75766965080466
88.51984660187848
75.45693730116808
76.12792842854297
55.42523923522455
61.06470386978292
62.06695386217281
39.9337819603126
59.925001809742895
71.06799540686248
29.138052541475204
50.582368731548186
38.92891159773559
95.23702899255876
2.7650695092480007
94.12403749939071
42.97486792738081
103.27940251946363
60.80603771700352
84.34807655447473
94.33358804184874
9.625105096006529
13.441753527426172
46.28470330095213
46.827491312711004
121.01103715881047
46.09027868239683
89.58425430087347
36.9544299074351
136.55439298588794
119.14464465891658
73.1966624758309
15.873405671856567
72.68187249888886
81.51278433610156
39.21850939589109
104.12803308853182
112.37942471081155
34.54197703820502
39.99461218534468
56.65548273009695
80.01972234159717
56.16351045293015
49.415467833371494
98.75369335443918
35.33669849490698
69.4822381472676
-17.11733276815943
55.187327995869815
93.55016302542647
65.66986320123527
142.77989722941754
87.31779678732866
63.19005969576809
130.45860481651013
75.17318101866158
10.383007288705244
82.92651704800733
59.97357124654319
59.79640304119186
48.940483520302095
53.68848604199104
69.76136970206515
87.10713685462309
62.398806544080884
14.860546777895628
37.829543930623394
84.10037584332768
116.10717608721048
61.14454073669401
90.27165704803255
89.58478177541228
62.255461070950496
111.80790855369371
72.80131122605957
18.0638134529011
65.57302768412562
18.602835039444756
57.312017105251
93.2006532604822
89.74336443768892
58.571278564320465
54.06272992421651
107.89006949131723
47.866575435178405
53.14178955012103
91.6978336359426
-0.9220814942388955
41.18021153544355
38.16463298034819
-7.116477178562903
111.96945542934435
72.75545387450714
37.80020797116775
65.88092614173073
72.54260681569207
43.59035857259349
78.16517712390691
91.5544981284473
125.45234528737572
54.620308936155126
62.844366358252444
-11.295205479046416
53.83171350060738
50.46774557995289
94.32844028495641
42.657458001370884
129.564190334422
74.94022948191295
86.055562367351
47.834093972957504
35.4043598380598
83.7761427038921
69.79417155336225
43.78356272679315
29.327051190137517
41.16032434740383
55.93143279285754
5.094165212912721
39.90291456687485
80.06778764376428
76.40590061373385
95.78541642179903
74.43714488684883
103.84490554714606
56.421852437472126
75.6633266444291
75.97410405729931
136.81724555848416
26.21459983530999
45.45794550828994
74.91041984558274
58.04709530336422
31.368156091673036
-21.52394966748534
111.51618320264286
123.07486283730398
143.60438517437163
79.20775584859953
67.47989448153517
0.5921306465480853
34.499301724580334
48.678191394534615
70.79169776635831
43.381814394883776
65.90647254702203
57.996795450532325
86.49995028980186
74.05474946107977
59.038483318378326
32.22520385383399
74.08811872231959
48.71988202075228
71.02711385178353
125.58468910981603
44.99004142844571
40.74787255491604
133.82986694399548
141.07285047599424
36.77343140290239
37.65812180798297
38.68646873204095
87.62710689085469
42.993438876682376
125.4197662039796
20.662144741886266
27.307781593696653
50.987191263301526
94.80885043164834
-35.26199947946064
106.26336316801982
53.18859167696939
40.689506099804404
78.12428170510917
132.869188112676
48.56447067282525
73.42191183743819
49.439449913025
50.849713807018546
81.31874108149412
104.7344811875465
5.913942753578681
23.463442633961805
68.40095895109306
109.12185422794278
113.83842645699539
78.8453764425097
73.22663343485287
50.55547464764822
77.81365649328954
141.96217245747948
127.16543239334982
59.38231621778728
34.768589315407866
33.62968442021584
75.77463567643106
76.21496180012758
56.10827761265689
28.29746419085727
30.654940545739947
90.79673818253323
65.84419630005976
66.11948980237348
47.031421363538826
25.218088994722464
76.65438229302244
17.403253496254983
92.98810325321507
20.969578955664964
139.7623706330351
50.2457507238991
73.15877359165918
73.8387378303166
52.70297470200674
85.68325222052145
65.54451140772342
62.102834554164275
123.81279271622321
53.25568240621553
13.753658358501099
88.75388956520642
108.3271518306712
121.94367900736384
86.46546585144588
113.41836062766993
14.461230766396596
35.12669102507097
78.7633489065863
130.19337114243757
51.84696519196022
24.35363079668545
65.82940362238055
43.79228409365433
35.06778809950299
98.6821436191482
17.50001928134742
77.4833272405192
47.475908630919115
48.807558876176756
56.12537598284577
131.98996300674122
37.39752597092888
157.75238493726863
23.350344902675907
40.6755900767551
5.719826077650509
63.49484122961144
59.821252662329556
50.19973594982115
24.139866760218666
67.13734805315423
97.12804329450387
89.15606763534768
-0.09892121791821751
58.950334234360355
10.98079101644165
60.62143273512838
105.94417014980777
59.976709004733706
61.381210821531205
4.116191492130405
44.52546614220615
110.01065658106667
82.47513471963907
89.987862432078
87.83525841183666
72.4920693641457
99.20700326735454
111.62556266975989
43.61235649292345
50.29891724332843
97.06922359464278
85.08026498571404
58.29171225008224
80.48946962875456
73.32235715696535
84.06033796909627
62.25206942199789
64.08140174687873
88.72994763008714
94.75613235330606
91.82493559179396
76.12507860971233
67.42832471302083
82.30887741666268
112.05965563892714
96.61265489708445
14.668283712892979
85.33078320065007
63.393592138228236
132.9171791755232
54.22415131525148
126.11604064274226
49.455566092050844
75.19024712498276
46.486849877853004
137.40214218725157
77.763483613037
77.25478105141164
102.48727363914928
105.18247542288556
83.81114636228483
85.76836654229524
88.48770013483802
86.5607526915596
96.2157607258784
118.04355146926062
134.36066485417314
71.89377275978435
111.18257319625931
-5.915337795816399
73.18421246320905
69.72889779674489
98.78206642490318
-13.506926577941485
69.59983510962974
58.341313564894364
2.7690380998527147
73.59738945456347
120.9362779003257
123.86433208286408
45.30319631786138
7.204046643387521
43.93535908461353
59.24504200588334
95.41362431470523
80.70709687963937
63.92953479193116
17.76727933322686
106.91387563057583
54.21049186192457
29.336348238830645
86.64395252489292
86.72092166979508
58.1470520291812
77.73178118262548
69.7264518384972
96.12217569445157
47.294125747149806
49.49798980423715
105.40074565592599
24.711579906009312
75.77627216702192
54.337986611940536
27.263228076777338
12.443864762504582
97.05574473238494
143.13665525881657
23.534196473440872
40.12705833337088
59.66328949595642
102.6216590126391
60.958740492081084
3.224368532880824
109.05880262361306
26.617167068524466
84.30746065827134
99.46282353565388
80.16361703662781
55.16212903534584
84.50626007205278
100.18622224297799
73.95259239957923
36.76802098466048
5.500585142479238
77.06847664730873
52.90985734236666
34.80425947542942
32.95274332191677
73.21809480977704
73.57606041398968
28.863338477852174
67.74726394556026
21.94823370407765
34.4744773574414
18.77010846127036
44.510927147710746
23.026792914483067
110.93354793612876
71.41347700625714
117.93060458045372
71.63202455307672
28.946242487713768
72.61477716620139
49.517296845969724
54.10637987635182
19.558607977376752
3.3078823312441443
68.17854822180753
39.0625259123416
90.5799647135157
47.225650944440076
132.1751716957536
59.97434962714981
48.391919388103624
98.87252573152404
56.70979128051599
-19.813633495350672
95.65134404387098
25.473383540512458
92.90889942822638
38.547239124549655
106.250538974323
152.0846056950159
66.7883137194395
75.24427162443418
-30.566816910571774
126.13757377671612
93.99983458628701
99.80309883719258
43.15896587226552
7.018885499777127
-22.508716666180916
90.39927930858053
70.15833640446535
56.368291018419185
119.06662985041602
30.24618802799035
68.13209599013067
105.5752228049657
66.78336417527494
37.47122049928945
87.93114722808177
79.78437547837302
-1.4085591026396855
68.99285574316964
66.64454344421182
85.81763954917518
71.81410040424075
86.69210284826319
81.73530473321148
89.63006008638959
99.58954843506312
107.7200621229603
57.83540185406548
91.74075624608899
18.1910946497582
27.768605966020296
40.980403263401314
65.64949966831162
56.27447140714081
87.75841597952864
122.9210391104093
111.22037654076728
45.24930451119712
75.46655066379873
50.76677331472654
13.528866882096978
106.81053618245109
25.97867699409982
12.777525021192773
54.00207103518954
5.399052582698985
94.32556295245539
33.33827244158907
53.379855968963824
38.94160511274217
17.323071515544854
79.91432439535815
74.11796826319262
48.84348504475513
84.45721908673607
33.14977921367593
25.02716929490777
-2.221329931078756
61.0808217009606
38.39591812635858
86.95443576402094
41.26994076492229
105.30183761726127
59.71073791538978
8.348352504914644
117.03898840559499
56.104903024198535
46.610067129174425
34.77107664994301
101.62922775983154
69.71833082327409
63.043625670369714
44.2675592705615
77.17760344787848
59.851973171199774
59.4671592895115
63.53297618066187
24.402165874339374
86.71060696031795
41.63917754760806
61.4670706459315
99.64442205825497
81.66811243853604
-3.2233861249979157
37.4068429478229
51.302400082266196
25.448149681061125
55.65353774591966
101.7570462373669
56.11340302480372
92.9225429831408
51.88916167914352
38.80660655948863
69.42003436524743
67.9627298020193
52.652000971149064
67.58478946904386
54.1667637308297
115.72161403713426
90.54979022130647
64.84736642140554
71.28377620162219
125.22526052386593
-19.260213033171922
64.16604814586726
53.32703174686624
46.417516578459676
15.965702543262026
102.91655981341566
102.4151789859153
24.205376209930144
52.84466901405252
111.29704601746559
48.060561384892125
97.03140565050518
52.78846740951177
43.20459096713595
70.38871772005612
46.80281090423647
30.83090018534935
102.69754915726472
78.15387603029554
58.811190325872666
10.898219808177913
89.69516564767576
62.22914846557348
45.26841577147276
76.87083128704782
107.42653058757251
51.127755546293145
60.43215554278098
44.18676809055175
-14.572009373469669
73.66179816505606
21.493304124696955
111.87852542568501
72.27116379032307
123.03356548686538
59.3470766653163
39.33612391798901
105.12468978690396
71.17339371606276
131.64480625673627
54.826464618849094
44.9740191758675
40.101544943478885
113.51762410627953
40.4671129999182
70.15793757408579
89.15577653042706
120.04693015306918
42.22311853838751
45.36068094468972
62.63864749067781
76.57314285911245
96.17141690835592
120.13234376603657
51.522994232039714
69.20689427839966
77.0515331167423
-12.570156690611128
75.34461099490883
114.0923982744246
51.140311612598445
19.45691171962664
8.769998842305235
46.80494850304416
54.29625506590523
55.11362411141449
84.57530993945346
109.89348234375589
40.834132985642555
72.97606648458668
82.57417314491855
114.52540750227399
123.62867996328603
80.83719602577042
92.899931589488
29.54261345467021
93.16044500511933
58.11139925695477
45.23003040394687
54.66330449817917
39.56750247831522
44.028899934680865
94.83547600815314
52.63669493879089
59.99710636772958
104.78193094781828
60.007682745866134
20.774963444142884
78.70811355520358
117.1316526019734
121.45246329846412
18.816235820058267
61.85720145989937
69.92811603716572
39.94379291924672
63.821598021062165
64.31786073061905
71.01268680982245
91.73758300486008
78.79719982496336
57.56440685120488
24.84903261334805
91.48067062923198
112.43733119742775
87.92997124088438
124.83302376705475
107.3391985209779
60.94378411951815
116.93256409501323
17.857706214434685
127.37265632458518
72.98173509588868
18.981386428340464
102.41566626608102
89.28955750904163
85.73169193198545
66.04242888802035
34.44643834987553
94.99585593246718
77.31673306991463
69.66427383804361
72.85659725686091
75.23109848113697
28.38146510385471
61.217353404847394
90.3630400844017
88.5034654707527
53.17636816618608
94.0316285769978
53.933902372363605
72.96698128018448
67.55339494337582
8.656457858231164
46.78840604143889
108.42074201352568
103.4911619695234
88.95451220488273
13.116360786918683
38.97180176928056
39.78828651781663
75.36941713451151
46.131035509894325
82.49371722804979
32.09762789587634
81.20467025544818
60.244559534501676
75.43744853459565
87.27180298141819
69.47099118164861
16.736260218260696
107.86129308370802
38.665462457358714
94.02043378991777
65.30635380744168
105.08068448962057
16.71453155594247
125.89369188738308
91.58727679741605
4.086085958800815
74.68742628866715
56.22906717144871
0.28761318484614407
14.043721994717934
69.20124808017582
88.15264420008816
109.0039152330649
73.24991137989039
93.16066794215
96.27556931804503
72.54213148186875
12.448050673694794
52.868150273497626
11.51559067873577
55.04196785426691
43.01023925207505
87.38488841311224
94.1671250886023
66.21566368120027
62.12542229380406
68.89631248833
66.14327991139648
65.24882771330306
61.331057336695956
4.114460465727596
55.77098793019987
72.43237451332179
88.35516940645525
74.81537904921885
25.158768583856258
87.18329654300109
89.4845828767835
97.46507560199903
63.41957183697347
41.45056641293043
38.29458762737708
76.4326544384828
37.31108677364661
16.14777099431838
73.16119007725068
75.67352090728566
83.89977568583869
100.56094682993759
8.954264426515898
47.24148985472161
34.05949865597198
10.764316157943277
53.04724047295028
41.31373325756111
82.84725205364163
95.72659130445916
41.265085029943066
53.32736713962922
38.35662068552773
97.60312876698204
96.20148045627477
69.89681207063099
69.34021223384683
59.63962023892371
33.56971133985658
70.36432971710019
40.4281932047898
60.216451894115146
66.42371382339307
11.47466824614063
-38.51880029725555
44.67123094259051
38.93520592676
44.61197290118463
26.22893969131109
71.31190861711272
63.191199485145546
41.271545956008815
90.11411002474443
117.6291991043748
23.93823656406721
103.5137502542467
68.85560662536987
59.990233057118346
-27.530924509545244
92.80389658564434
84.756278253927
131.78025972672202
84.08381131554918
64.38133532024858
47.69574529696274
39.14279809061763
67.28266925474463
65.77023003944298
0.3906659241489052
62.052718942136664
80.33554053623209
101.6485089419011
16.749824535151667
63.797673387434415
103.95448022157927
58.35053038115288
54.114034921512484
60.20739865347552
41.354858666215165
28.68926161722706
65.15577482344084
68.55765264268808
87.0612536090445
93.38262361426054
72.4301538386933
66.318086510803
40.148581395276764
68.3918333430876
75.92539777519711
-14.106519145620553
56.00936438557866
67.74395111359829
85.47731742519555
87.44688772615613
62.24002609235614
99.10071732429037
53.03350698738966
34.80337499894829
49.74715132438723
60.334333179275234
122.90962736845047
38.258022630356294
109.28092619050614
52.69021644976637
86.16657339912412
70.10051544743817
26.269621980673186
-18.00514553709837
17.591532444194854
120.76731182227056
-52.61501463257686
83.65283758047539
5.798356428305297
56.3659924674385
76.62455739062695
91.91649479768803
58.88301584499792
40.25375056524534
67.05263921345386
30.12606034011869
89.68443763406978
18.070973499650982
69.09439771409038
34.816247911912434
95.04552597342817
1.6475757304905159
72.83783685654929
111.58229956993253
87.93388734403052
94.63621172938682
66.81962706908833
72.39953709069289
104.35897672851809
106.39260982484046
78.60143832717219
68.36893803604636
65.93505877006614
36.18929080664875
112.64986812993621
61.667653528685236
48.33130904492255
46.36930425077925
139.15724265295063
95.62271063719344
72.51221242083123
64.858382114718
74.40037224066306
35.45210818419045
107.06056076834103
93.60843067083552
89.51067008202317
61.914733861299275
97.64138733510345
66.37018469485683
101.8156720242103
17.068413327871298
39.62933166350733
97.31252614654112
52.90570744687654
97.50799733034962
56.34498752402024
78.02261012790139
79.79009512764236
62.85247018945307
32.76823910375692
126.28333949342347
57.55189880471263
86.01328568921528
88.38181190882464
76.21667360513365
93.25622436597614
94.51028657201351
43.02156685636183
131.54391655916282
41.0817087809734
-23.30245933473796
109.49251745907966
32.57030711565361
13.395385525589859
74.90407404075094
56.611585147838454
66.82648009043753
87.172250598908
45.88113574597466
31.058165976858
98.56779619221378
96.47927641684296
12.663321105685718
89.38526509101247
92.36712926554446
66.12046142160574
60.03027828031352
117.03034857373328
95.00570888846521
67.11899546564166
60.739866441569326
40.28227608088878
77.4836278938143
63.163224947608086
110.2327999231898
64.11507704607665
88.56858580778189
106.36002462780594
30.75493874934029
149.7062726498014
17.615982560822403
39.33422381443138
85.04480820342542
31.176721139486496
117.31656591759426
43.08348110722203
12.329779693365282
18.233305187673388
8.49218208849215
149.8614387111923
3.5762208206401027
19.417646991425613
83.93910900982772
57.15321343253461
70.4162417669298
33.94687178769452
24.844415519433852
69.11396317760962
18.846384488902892
75.07429852685323
89.56558067098587
65.32961537611342
71.1942581977521
77.73170133305636
92.73642289745774
62.38743699478589
68.08736576990934
73.60258359022642
95.83675305784365
101.47271822331088
49.89819036684014
68.06496034590968
98.35131612122765
57.717490077862735
77.26061062135405
52.08151350923783
89.71375033197818
78.43529835121218
96.77380055511577
69.26899248198056
52.90206087948828
60.57971512939085
14.458676845110539
72.75283459525816
79.28677391448183
100.1166359118955
41.804245370197336
75.51954930179132
105.6317917934222
60.27740092239624
55.69175595277349
52.33313152485894
-0.18152203037844572
68.07537763938592
46.74415974905088
-0.06906958852353284
96.13581789394748
84.34112771199352
85.64685135679593
83.88008310411264
26.59234846951213
88.38182045954011
88.38909241981125
74.06208490516542
57.82135637058166
125.91850788808856
81.74093662313311
67.39437631354029
48.29120385963471
86.79553703334358
3.258808762571988
60.428800587910544
-14.629949983824929
65.28351622435505
84.76335602734244
74.74225245548074
96.48673242667127
114.90813625149403
52.0663019700722
73.7589798195456
140.31651504535992
79.14814685133979
22.088523688818555
114.35116949057632
31.54861484895065
28.50159921568443
112.51086005249081
34.217758983040525
75.96589745404125
27.707177946092955
102.80230439896391
35.141038088005494
58.28692189006067
115.75656035426809
41.396801170157744
73.63645608073763
137.37749140905964
89.47789983679073
53.9978113232745
90.2462561068474
92.39504842545712
125.41550554628378
125.10389010070192
92.90939084595158
26.77592916784605
78.74478876525569
61.139822231693195
24.952396121367478
77.61533177131216
35.21312990482673
11.916517582086783
38.62920652671288
105.17494352593229
62.05836847760243
64.47047168969499
17.313208361813913
35.94504253385639
31.107339072717828
91.63884111878309
44.77739245898408
89.08444200049057
75.47388055276963
60.02840023084855
92.12553671423777
47.865157117184076
19.025464416759114
88.01249681762755
18.655762727425426
33.07997062288385
95.77893761262952
110.173668021368
62.76026254107613
53.53710125104159
41.32853988374963
48.71028363290549
29.21732438316065
100.41906970761156
21.65013163220413
102.26685487776516
98.75330197538173
70.80841317871645
38.769008762919015
-5.807608067798171
2.438701397063518
117.85364548905108
100.91669024179916
157.40813924669646
59.105632977457944
64.7630075637792
70.89694244110183
84.65661135870167
52.352150275838554
34.566793111774956
61.765605045228455
55.868459649535104
83.76988723970949
94.74855035660062
51.46787298392126
95.8660682936635
50.809382632442805
57.010254318342504
91.72177543011658
94.39187610868191
103.2555478753847
57.863893091298564
75.90106940515908
53.60593617502082
13.5549527930866
89.81814777709045
4.043397854003253
66.09743677233352
55.89567249173214
76.24126933100509
-13.326362525155972
29.666287148551696
21.4112882609398
58.561179643552606
127.77906500084312
94.08919167464488
23.100239356255805
61.003131348582755
54.11859450282225
49.437231072660815
73.18881574077564
48.226902248572664
33.124892195240804
106.5983902471645
123.02533442132184
62.68535489084293
82.92848307950034
38.565361808898075
117.6415283705884
35.739128175358985
68.26701125114211
89.68282426143696
106.85822177642015
60.074907636792624
81.48459619248892
101.76750253660929
112.04540284248301
72.45482188259916
112.04059104369952
96.18902701655671
45.93687127278942
22.812879048065042
46.54583553773604
43.35245766523195
103.53764790716937
98.67610785270921
102.87736323908797
18.8384840908422
87.33758200739837
151.02074044768545
70.64291472484803
31.227954639905967
22.302187981726355
111.08340715168822
69.43042744508084
-6.839189523768852
64.72027325577075
35.39009178978205
112.19126467470237
64.07742945292597
31.444192508499647
29.888235913490682
44.73383927843431
27.496340353487483
109.78217515853669
49.933139191152605
13.811407864537927
-3.906750164397181
22.879537904869352
77.27168890736945
68.89626664647736
43.27949902199923
62.490790859761404
113.97537540567492
93.7139565180409
62.15545899023686
74.19437706508407
60.43636050131191
72.27998402925854
39.87618679300894
81.32053910781895
26.918238575634803
90.55988558689805
86.77946049973971
109.05403819439739
59.089728360371495
60.21741377282135
0.8874418133995619
32.901464885976324
19.393522891003443
67.63515463142652
97.76294658676579
63.2579641578015
132.67273215863273
60.451730158475826
63.62301469551349
95.58361692095725
65.61387523151299
63.29728299441587
37.752890906552544
116.08176214788912
62.43489860318714
-28.259785212214567
84.06648628284749
80.02026716130088
43.24197623391492
96.64463151488752
137.78754290370432
12.753177962630033
33.09726912211847
52.65318001186698
-7.138524633134978
2.103969479640284
70.02083726155757
50.37967217902427
94.27401474093207
26.004104993722066
27.94337044011131
-22.904466455976177
137.77225279548566
59.86187122628785
50.67735250466942
54.72257541239753
29.00162033483398
114.23028162912063
56.921904622830645
75.56226139560148
60.567346170744415
53.49897453932164
31.024178050698147
57.88056827589885
46.45094098539406
86.35917400578973
72.80775865014022
129.54556198973188
89.36295620716025
63.01317419399258
49.55956422591627
108.33457416700908
48.17175795231971
133.12329381245786
30.595413855371675
76.47747492220961
23.533262435195226
52.33242251974402
17.010659254380315
42.605728553260725
26.218606485683807
84.22562020990179
72.36976043099529
56.87687661509531
118.54393917886765
104.54102111034626
8.432736233222045
98.79845678855662
61.61460243845433
38.05514995041956
-48.862003853629076
88.294768662354
85.09690986486527
79.57353680760512
44.447005193905376
76.47764860746918
77.40483807871416
36.240890079151725
123.0843231861868
75.1314578817852
32.8160065705804
88.81752404515115
43.3611014589689
64.90579884549321
92.53026039730847
23.774617515297294
13.10408007401007
64.71394438280338
99.71651039223335
60.38345368828736
98.84904564047397
46.86714183564591
-1.3505954821626318
7.181409904041068
111.9848532850867
33.98082813851069
91.60001504409904
64.04990560386013
35.58216564417113
40.570523190845485
90.54835997620978
131.3648851590777
43.90064998344768
70.79283483030093
116.94215452513819
25.328218016031087
101.43868109175878
27.65465934040003
53.41523726524524
91.61054444047876
34.58486950055634
2.4189818123097524
52.61777671858258
110.80431658865588
72.7852623522931
69.45566770390273
69.98467514040622
40.418695529170215
64.5666201870919
101.18353753128073
77.04411371931829
79.67483859873204
72.112646979011
89.51418992743196
45.13243608871787
32.16751298657509
93.20651592699215
78.423105924779
151.07509959798034
119.16877595273724
72.03623704165497
72.84568762793496
6.686056976816403
84.98421905351776
60.02276993954877
51.14817169946341
125.56637094854864
62.83424227185209
63.54399167626629
106.86967404034178
84.39561425588278
80.82449801213241
62.636739578373295
37.76666390093561
66.65740900104998
77.11985425121996
49.925391526368855
26.069905534186205
104.72847782455011
120.12265055799406
43.65126083342429
50.43579978194004
26.580153956671197
51.24447636689978
99.22088127250298
16.243762793460895
120.39416032744364
110.41724620167733
104.71454689212933
85.8517277660496
57.716197014453215
57.826538653350525
77.13315569352756
95.66496513069256
20.727591925684827
42.35427427712125
81.26852119900711
57.48574007380411
82.15318866032158
65.87357316399635
104.63191322015079
11.28225034318978
37.30975593682341
88.97845214877107
80.77978020763786
9.774142166925515
76.76217972918334
149.6123791300613
87.35463142174486
44.38190177538202
66.38573539248785
94.04567281294045
58.19254403457997
30.557509680818164
87.44265686681197
76.14694655390264
96.25225906550253
72.5998306929983
88.6131999949921
136.61684934386466
47.661979343788886
93.39984263122001
75.53478508343998
78.38178600512515
20.039213550565073
77.0450684690767
57.79558276167788
91.605712455457
128.27966883286848
20.9600813715142
85.22582389885852
20.3822327363092
103.80523692620952
57.730298536977905
90.51576326810164
49.196330030491865
89.53163145665815
86.47191224241975
35.76064706843857
110.17889878969916
29.93837626692224
51.170108302892885
31.35284073968554
89.18381424420413
88.90793465633494
58.624048803625264
35.97676501172009
57.11319116636189
98.09378016044982
29.32147331952079
61.35382142018757
91.28039579751626
13.836506595809176
111.68554093513941
96.74610782203982
58.17073755207111
55.236617676524304
113.36813335224369
77.82199348529925
74.8326944790999
46.57958194125942
10.224432090497572
103.49652583098754
69.4329078962267
34.75672843480376
119.56865068991871
53.82031341174851
50.59622840326592
45.79167267699002
14.029718504314708
62.73836751982979
42.39324703403487
77.8955902618448
95.73750851347194
56.04492970857537
32.91690376502575
42.19036384621465
116.98702079956695
77.45328862128147
48.95994282548676
52.404824415526186
25.852910110064627
110.71787079146185
10.753788978590485
48.608907464824014
43.83316032717392
83.85107377026108
83.53137770696489
9.396818928807988
51.51556499013228
109.77139729657335
74.32620669305835
67.25712253977349
69.2659569663291
98.1137004402874
29.51179136602046
25.482138523480664
80.84403876353927
93.59867285135198
116.79612849593238
32.5656745145059
78.90077958255621
52.79092363824046
73.83564794605478
44.38159953731033
25.862996399453934
80.55430097105736
28.629203590439282
54.06050370594691
47.690452985489
-2.8562143453241617
23.691555254973963
53.77525033883488
18.915800863169792
74.09716489392487
90.46367985978786
52.489917380769086
59.225743821394325
14.74352597961942
67.11830527119321
96.10479858665263
43.90223939048592
65.11390695191068
-14.878853275754977
36.35299238089506
29.42394209274449
-9.883733682210732
74.88104070722578
117.94651283522583
14.559769495687924
98.06216907407477
92.56837348299567
77.38253625504922
26.38805197885894
53.39011770765629
56.72121127564968
77.45798335369739
119.22008734314397
68.3288406802242
41.482928636085134
26.760278659657175
52.29068331184582
83.11584574041964
18.30644452520989
38.47323563722429
36.85143049749385
56.23786588977715
145.51963508001256
37.18410140768079
30.648536997426625
79.83092732580968
121.58498387854283
123.09838597782138
23.531788901058867
90.38029394054472
39.308384344185704
28.237757400047457
76.74082370696775
66.05667842637655
12.389435719098003
60.33874427879341
13.745470225255886
96.57269097050835
94.53611431465774
118.77581890579977
45.32687146187787
21.10014018790303
102.57424733135822
66.98366171782881
59.435765658594555
78.62557953726193
101.43120227393332
20.751920486722916
87.33653039270138
26.124661901633253
75.88872166877863
33.09925626501827
78.26307000239396
43.81917845930889
92.89583055042857
115.9016845368264
132.2521883278464
85.2916270961809
92.86968336134476
91.83379230844592
123.92801628099122
101.30235085576624
99.66888983374838
49.62226693662364
147.96568899348654
102.41283457794839
81.09181535606902
7.8134995137669065
96.20899536257741
44.55479854373095
36.55252346923316
23.7207920179384
105.03757572272832
96.02799764282074
12.276612008680765
103.20747743717573
48.75431611650008
85.90451544687369
30.098604508394686
103.9980299373357
50.79495050199872
93.29907792935396
113.9587125254012
35.928988153395366
-6.447930675195948
54.8512174750832
105.49401708424966
41.295862435284874
62.9622960113436
21.867103193043377
31.85189542090452
56.83336184602233
41.920591141636606
17.191728437329147
23.226515221046483
89.28491890833374
9.789481853100582
9.493890094527352
120.31221297743666
63.97724023828854
25.10456380001041
101.57132476627643
47.34689094861505
60.21037766920332
62.86387033731294
52.30361840113975
-7.410788025124745
5.841828351677769
40.77567362104222
51.670150739203415
3.393216963859487
115.38174827966537
92.52651915995237
69.76397393431513
107.77761156618456
46.26832826266633
44.97954459016792
93.27411428617275
54.77532435553172
3.066229073936775
9.114733920638649
28.881400760488262
74.3162204529549
73.25884997599326
89.64962221915857
21.61126852638504
41.29172556721379
135.4963568898307
109.0839106138121
25.843975621120762
61.189757189011225
81.53789649205262
87.74083707375335
-4.967847984035998
76.24123421825409
11.763348620772781
74.8035268680187
71.77801431731682
105.88644507275731
56.167796864346286
83.51243052175533
81.79452721417545
84.98841491296156
96.75213539548608
82.88156569195152
74.11349427668989
16.694535413506856
74.2473545830068
33.797146269190094
84.42755961154002
41.56318867124304
100.63307873836916
122.99559860596852
100.7722378855301
66.4166570361511
117.42240413961864
-8.1007168359627
99.92744512886301
80.71672346103718
37.03475055750807
71.45207079320035
67.8161948187555
97.81605513749307
96.37002625698058
45.244052113929044
119.42390970658472
83.35334666163435
106.16353383761297
58.74288218034116
94.90249939668692
52.30130616367593
72.38990249177988
36.80389054444744
76.795016252472
87.21970724850036
59.78210855573746
105.66897575141496
118.36145168196984
51.314994613129876
54.43406931347066
59.141216683348546
91.66322513741005
86.04909612036397
89.00803279914025
118.36228594830573
74.13024541179115
80.94413026196654
42.1906167428911
86.11478796864935
-25.46665537474722
5.3580193395103635
41.33468848567936
-0.16415256427333702
44.689305803547185
19.940697034380413
72.51189421976845
52.241719486228476
62.75288106636694
61.781699385343295
122.702984805487
47.79337811355639
57.89168821565594
95.77631904249309
99.15741633242038
27.779034141996092
48.151964110476584
31.337357447605342
87.18088207736893
85.0857512142278
86.54274921550943
64.74935911053451
116.71898915328657
95.12652076979809
52.627168355464654
80.14793149182954
81.79331579312168
41.82941471607542
93.11641131518127
70.41594532043277
13.64917040066392
84.33521149826966
1.835872089867074
113.97948834880778
110.40722616419183
37.95707436136772
72.92494120648766
83.51378766203023
99.9260575251556
61.50570766338303
75.45750702698341
62.211245171010006
112.8099052748601
36.24504532086226
71.26014766957658
46.657881912612545
107.32993226576123
98.63277930323753
126.81848254911986
85.21213456415947
25.66118855089031
48.96161676395899
47.98857445197144
67.64502801202369
54.467224502535245
57.1831469643206
5.052087836963828
24.975488038056362
60.298438933681965
10.024804315897974
64.04373422969596
50.72690746130683
82.07935480382207
80.4624606109502
82.09037456211699
118.92410599703067
45.17606857783533
36.0604033461056
1.4713554979635646
32.89784028075931
49.695518150864295
23.758229341419536
68.61590009280114
10.313402184006513
23.903397437181013
40.681433846853324
10.016875556953366
131.52017427117158
44.799981665786575
54.070307400945254
128.3882683598721
43.725117840380676
18.074354279227954
45.15636929074898
15.780226179671928
53.93007678383063
74.68715127763777
-9.142650954800828
-8.118370512307564
70.18659775938029
20.493148002971346
85.48616873783865
-2.136179608970224
29.53392113769609
23.73144666592794
40.78224566815382
57.19818372574726
135.3048759900193
59.36629714942559
44.952006004814294
46.11877195293161
71.49363087802588
31.593430789466808
34.097379216325415
83.67309064376835
130.14920985061656
162.99147657354035
102.47174420482342
15.615358844272912
15.022222412303087
27.05909190488555
54.782649696044636
80.80934185609665
-16.172284883761492
187.1369369278395
69.73363867293338
64.29114383285905
83.83361034896316
31.932298706970307
53.58829299859022
88.52365489492253
79.3244422463974
61.63071399867699
126.00101554576557
128.24722523819867
108.66860978108821
63.12994656998486
102.32450536011677
88.29948373575584
117.62299527121507
95.09547992356289
85.24282048637365
23.56377313624281
84.23123396600485
53.62900581283059
-15.564136253050492
91.74283287606404
24.479144157921056
33.10218276692907
161.80438298128752
45.32452675131163
145.65507705562862
91.65690397221171
87.399422905082
50.3970849264898
104.61073730917647
134.3860158682187
45.08569161658512
78.61765607308189
-19.281308668316044
102.31491393660824
61.49158549303359
111.5137837511425
57.32722119788796
52.55045443186844
72.84225733416656
35.82845488430948
71.32638501709823
114.10184313628457
38.80316704778795
67.57292693424138
118.34820902234915
46.44037517931676
51.77573162756288
33.444332610696506
86.9679056462065
70.28140008444093
42.40841223136904
105.5886037683758
54.596281085986945
92.68717941405585
68.77677459251326
29.074691151134992
27.909169997013834
8.205351135223808
82.40255037004479
21.857824142499418
76.86391604412967
13.372142800643594
1.3457172654630583
49.696178519471964
88.20300795692842
143.41546084050782
75.62895910221849
73.61786226038853
43.72117125835629
31.163421815663774
58.698099344621546
40.69255442040338
82.6678947656384
81.88673189917921
81.98381645124968
129.50242527839004
11.802374759693812
95.58130546867926
54.07339183184084
32.367303647824414
44.359706807411854
18.990402213039005
132.3799772986796
111.39757081337338
127.91896106085542
-34.440947997374806
74.60847127562256
61.15384388768586
45.59686745892578
90.86067402203301
63.2008287915994
2.863069247613261
52.95434736262998
48.83919497149709
73.21520408771308
0.4328380762243782
-4.997826620713823
87.946982465023
94.86240984608672
72.35940005847408
109.01319796696508
40.65991160843021
73.41682939981602
84.63081757585476
77.09635081527185
-4.399528210586368
56.7497627884548
12.688045251959785
123.8034169817522
69.707096338617
101.80616869703704
79.45001724447262
5.158824975021425
42.690929102617204
54.25403799640682
93.27204354193087
45.9230565679846
63.296112338987015
58.220750552917835
42.83294476925728
82.1852619628686
44.61248519329031
27.8641079786779
19.059925077021177
66.75909922349857
159.83427484119392
31.12823994774446
8.239399107733547
32.98265168715989
56.08916048709921
94.75006395017323
75.2504613503027
114.73713945819111
13.787948729992259
93.1480405165339
94.58782643732471
52.016234902187165
76.59920507392394
75.41021843278915
95.84709129722968
109.7851406812932
102.54831820569783
132.1091047388976
136.03651275543695
46.61362766413928
126.81288640427593
2.9569061606949703
60.25042511724248
65.78114230583459
4.770896802696541
82.50614063501901
78.26796965752983
107.6198987316858
54.45731177255325
130.4975465980329
12.756257432291434
52.71635235407048
45.757253696346915
67.41443960364694
59.600655608949175
51.48827580699921
75.9059921336227
99.37668985401493
82.54995160611651
66.28327081093833
37.106621689523564
114.06859596205658
97.04270212046096
100.33275432327821
147.99644238208901
64.33677686343293
86.92314032388744
67.80120179395102
91.01845585570899
-3.167003492230208
53.62228347522912
77.82506419182458
45.83172785587378
28.665461354708505
47.66276290283416
33.61073477325745
26.667438153603257
72.74880090898422
78.70370850198621
69.14412650647265
15.126928587515906
71.86953732984294
98.05754335344714
100.09040409513823
103.43916851094383
40.91796561726909
70.89674764537531
29.985820201151938
106.05664206198529
114.9895385225778
91.40284610557052
35.76774521107687
71.66724877625387
71.25183987696222
64.58499579993226
63.82940003006342
116.47768185074742
18.628789851304944
30.224404942999385
93.2613895300114
47.227109048657354
89.66508758662958
57.745172965615716
-4.779224741265708
-9.32724209183931
94.18107996069928
96.15530591142966
-13.491714308766447
67.30653697271643
-8.057683359128959
80.96614069040129
58.92060794822335
60.30562489203793
32.103476774923266
67.287940295358
29.63594474214164
70.49772428582668
89.27623568342051
96.7975886156576
55.74615065512763
3.7229563906254697
164.78486832931736
69.03010920951728
69.42831360403675
12.854903487379453
57.21945001707026
105.95028891251775
50.58966264360716
18.371244254105143
110.39860149473199
61.32044063147056
93.66213874160114
52.65024478161551
43.3571708140195
11.817594059053604
36.73730905932041
40.49128966839644
80.89527775336617
67.68231300238152
22.183500875150855
21.45219602300149
62.727122763701466
69.2270848301536
125.33238720095014
43.99104704610822
45.4354574547556
48.93695063857191
17.10691945768442
75.62879188531281
74.82801811825534
62.44531239738631
36.88788345248662
21.831151948973563
110.17837418205656
103.44203842000239
84.23692862723898
35.71511293918893
85.39034476565053
83.77774073835884
69.55772899726553
129.3290180004507
14.374099615184385
