30.05784495628147
63.369418655027886
62.06866284307055
29.067262850229604
40.45209184501226
20.364403925047846
49.93449206885421
44.678774597595904
33.69404505747756
38.88887830361338
45.48521076154023
57.19654023802148
61.250024415060736
35.54946919875826
30.85936657647261
58.20148007845751
23.332087019743582
4.384808524918569
21.630362205237297
45.30009990681031
31.779197143323472
20.06586504641909
29.504922273904782
56.882514842214604
60.53229977925155
32.30803001879048
23.327756271120634
29.18948951471956
43.92721075232979
58.294357120306586
37.581223452936236
19.104889412171822
27.078893454105838
62.22186894839209
46.90560220884714
53.780406296506996
33.331434421313176
45.455540014927266
62.82126402481787
36.019091097869435
32.526794742861604
59.786294375893235
55.24099823207327
57.46195044503117
45.06011236131517
57.93547933921685
34.80039301841924
19.448960294017823
27.90714978687034
35.649659825256094
39.22372140828947
46.82687625733941
41.665876705217116
18.79712385961563
43.27667761509867
60.60133611766671
19.54903348550129
33.50363859084717
47.60918396898431
10.978286810976954
18.751008859576643
41.905941092168376
12.87163076068677
34.55218095411135
36.423258263032494
36.83996070784744
23.804815579113793
10.621006776908388
57.149428172997986
40.69383442627675
63.08262221570652
37.19247574218106
26.45937192743323
17.756619429682722
61.715450731198956
54.28295594763777
60.82796582434328
42.44664775213516
27.235682246229167
38.884360567117554
44.380337518244616
18.44108602734837
30.316710243239378
56.18861331632415
58.30927018797539
25.723148628128293
59.44419682232079
43.9040491700145
9.526648406655752
57.33527067265471
50.56274414279505
7.779004493556663
59.66063583214016
49.076855635354725
51.70728066476859
36.47854569487342
20.307139970795866
30.99497789366039
41.803368062852286
29.745903902582363
50.5592602053943
57.05787208361642
31.821705681294624
34.934496243291534
21.291977914143224
45.395206587437805
38.07615119016007
45.942410719307546
49.56817573719387
12.949798864862757
51.827743904179556
45.09114361469106
60.31671579981775
41.39015274101309
55.38856996877565
30.239755286655765
20.038385950397064
60.18583396259292
37.795415243685156
49.522027576799054
56.30966707719849
17.299852852588906
30.821101449918793
57.10642191575671
22.420953297709403
19.714028566645624
53.87629888808896
60.04761917472276
55.64719037579775
12.602233881844683
56.493599518675005
47.18939615636338
28.988878171462126
46.612780825478055
11.595143245102307
59.20669656777288
49.04172051811538
11.263801297739931
39.48444291205182
38.377766665776036
36.79662871675775
60.05891025798441
1.0815664642850038
57.804950434479174
33.016802575436216
26.2503726693676
4.17054620251205
63.26419285490209
54.84111557693075
37.099257165581406
29.511425165782477
37.41158417859177
7.125267261257221
5.000031286588076
52.74508791606038
54.63800565457092
36.88876693382373
54.61853645961147
20.499214410555552
25.574543668478782
56.34314756780334
59.39487213130075
63.519402779213515
25.332784170991808
43.64899302700199
47.223510411081236
63.10433977324991
43.74800893985248
27.291977861868837
63.39933764248577
27.38659348529493
35.5718111049984
59.9965846226057
0.665998682017424
23.818671326484704
52.36766623778495
52.94269506426986
37.7125859622916
60.57034090025123
41.86270275215918
40.63799170380683
46.481186677195296
16.60733361386623
38.033526243089995
52.72146534215193
43.564263001612396
56.53852742032165
38.17827894077952
54.01256785483814
59.15647858325716
50.12770453942275
41.53212333672626
27.424515094025736
56.31663108479242
57.73795926405082
31.43511618549099
43.82764692883451
40.43572121183451
19.906893751082023
50.23941257688098
27.871652877295702
25.839863483861365
59.86261544656412
58.36943336898682
58.47735733568563
23.618318414201468
35.892822760600495
54.46475378416671
43.25360381668507
29.70577327970006
51.09104420963877
2.0337359558565637
40.20533738718063
60.26296467909445
36.17315738446263
29.741256328132053
14.030365374465902
36.74565710547596
42.438137740205946
50.39241599033982
56.58359145873108
22.357205970830712
53.65733149166606
37.49836686077728
49.94605220596407
29.443859766083264
16.855906814726318
23.721521498586682
26.84338862510559
40.675321058476605
41.99823328351693
63.58106606623049
56.857751121737714
56.20697588418095
53.549153533985255
46.75979880397486
49.78190238287746
37.804377057834024
34.784075341964076
18.59323716060053
36.569220047697314
55.92592977061172
52.84134454529971
28.726415069222035
28.863269054686988
34.94092292358516
56.5124409660796
41.369464940375266
47.9893125822944
24.464656727883465
54.38842648010329
47.515601178921926
4.235797534426368
27.105406522446287
53.308811543729256
17.261973390540405
4.605573234259133
37.80639962268418
30.535967976341
16.207629776634853
46.20864003097018
36.692374913905596
24.28160988386525
30.958985770161526
63.61596561276897
39.59460980611824
28.84020648149402
34.60533974635682
54.30172784258254
34.30493184643207
17.331725651639616
44.39537748752197
23.376173209835144
45.45552132006567
26.568295427480045
58.88498762573193
30.941961083944364
42.44806098652018
50.39252797648035
43.10760291730668
57.5862030237812
63.06054996122504
48.76083999119267
62.57807584591601
26.129701274295748
30.602730567558865
61.15129413841643
16.87610956481688
61.74671451253154
22.072049913340216
20.05300651053482
61.62879436297445
41.44265997749716
63.89462724578407
60.39044278626984
17.45788729629853
19.582531535499612
29.077163107841244
16.032132695187713
6.514688360055658
52.79078443866129
31.610618570187185
57.251942115760784
23.482716136184905
44.840993625925634
36.92637639775024
20.61722128012812
61.64761916828936
28.68240220737576
19.741283635860974
49.68340842158165
36.65747979359843
60.48326174344312
51.421462870882934
14.08733896360075
9.258747271506863
63.72371863495262
26.469682352742943
52.74670827546805
15.878165744722217
34.78991332253614
30.45309911352581
33.952325722397845
26.60156799244446
14.654281127325582
54.05951079379297
18.46735716717776
37.209607917514845
40.911208580546784
63.30186022120723
39.27891653234174
7.780812750663053
15.025532259927871
37.27754595550283
54.49800317206818
13.136196132389593
50.87105593172145
53.897156991568735
51.91543763944579
44.497662347480414
5.86706356554938
58.77357367099279
50.51493223693849
46.53750844689236
26.88072410478855
50.83653511018852
40.919207125056914
9.700705418657861
57.00436803189564
44.574070740761414
16.14112306768852
61.02837061403038
62.09962499110472
63.89873018387329
44.81730938630735
58.49221458549603
45.45275427944756
33.017612334709426
53.89732422581974
17.609190496450466
61.08328199596491
55.0181237891217
46.55728308627407
55.15050814692431
53.24761437466357
53.39910852553324
40.01146170807152
34.068211984370116
37.97365726884412
45.290981964748504
34.41416014310425
41.62860409663344
35.08267346026298
4.406415753998417
61.18040963240987
48.029966700260736
62.623304772971046
54.06369944896272
18.117970286617535
17.35948914732876
56.119865290326494
34.69933406382437
18.007614952974677
27.59281649183258
34.16643412677081
50.87550360617827
26.132911756110566
20.039385232516793
16.320505608947215
40.40249580731599
44.94779765045948
18.68534531218007
58.96657707290836
30.178736133347314
33.23812061218993
55.16869215778102
18.828477266558096
31.475327062370468
44.89098574163671
53.041792405145515
44.026286864777134
47.87087234839841
26.941283508717802
42.669844386944845
53.45969600160291
15.675314235647328
28.73502641744779
48.33433232774543
39.97947112744757
57.882543117627144
16.151713693341677
43.67616332935601
15.080614725250001
16.24203611970377
53.35964002407188
54.415794513601554
45.446591807203376
31.46114077823696
33.71124483853407
34.28232318267483
57.94002573362362
47.39389860369158
21.53791434574901
44.24315986810703
46.12120888040603
42.57278780945602
24.761297210568806
48.31198224896833
49.84329423060153
45.926583964177006
42.56164239483829
62.19707511097443
50.500919828652094
41.97688827322966
40.083640093490374
22.14648628437611
33.65809204767081
37.369822534992025
48.62825207904269
49.51920845532791
50.64581863522387
52.860887806762015
55.61520479775485
59.03007033321376
53.017504164786715
46.54490162891904
45.09296055797098
28.36653089573663
52.76086152821186
32.91157105776601
51.11760375031463
10.870993577202377
46.60343900227981
48.37324925672022
55.4032849909875
46.2240075406596
46.16887771706362
53.455510882014025
6.97912348399894
35.11920636690033
26.298210325265742
53.47508053958452
51.82640432751429
8.677965560210723
48.97730570949555
44.44018779699695
35.35286623386049
32.536002543963725
47.71856971404149
57.7728973097005
37.00780457968491
44.827288005131564
15.508711980648172
53.158579417197096
5.389824312558105
48.92220770440766
54.71780652851687
52.118933477024044
59.6824834161983
7.907248896839846
56.358773560596084
32.1639634881809
27.790081506186205
4.5201455747173185
46.12475342942051
51.57170757301756
49.88743385528397
37.76764765832954
4.956968900522263
63.50606766751011
16.259988117659766
20.121825312329143
46.523454287449354
38.26363281527455
32.59504404854478
42.41095316630236
20.062453674263992
26.850694046993382
34.66249675385098
61.40300348982573
62.97197038429862
53.2293171754953
50.092160111889726
37.104672183358204
51.73393438315553
47.34908963950777
60.176795071627616
37.958429796462234
37.296350629360276
52.87105402809726
48.75411221017689
49.38556182860897
59.069711951424935
44.51630489367436
35.21752435992916
53.18484565277441
56.55016963248082
61.91276881467566
8.353195328785944
42.85996056046646
48.29377068773271
28.41671066439431
60.94617721294306
53.48905959348856
59.39877669370335
12.746113942522882
59.9023339904805
45.89960056811378
44.20293696441692
27.197632412594047
54.4520047850736
57.33507002888705
20.354872796228427
21.141821592399097
40.4895899398617
22.535994547352814
10.247762988447207
47.97980308370164
43.283199213630326
3.144147130198462
52.96379037636867
31.075633128227004
58.73091170168213
62.355978668201324
53.57823891725634
34.55781996798012
57.792548848674066
63.79398499123585
25.95362149058895
30.121570614902694
46.718082071480545
52.20652587714968
34.03727160847207
47.339994452447726
20.962507080382835
55.754950832947856
61.8940403747201
63.1340736625638
38.43024960806315
44.064465857412486
62.60576299403924
14.389693638232231
61.284503051763956
41.38296712833501
47.79057730782029
16.37015339480095
0.3671452730846738
42.947122988699164
0.2565469796047566
4.594091683095499
57.80959272057504
36.67496209273744
48.17646189476544
24.710552131370804
51.54729698586115
51.69532837576463
36.097834031678005
26.103935742864884
35.29599124238492
59.06885093742783
18.86325097262546
61.818939088182844
21.136176911526505
47.16129033442246
61.58133621270154
29.975543631750966
14.31325227542704
57.92779748811709
59.05981939877304
17.725200400222732
36.31758574825379
59.00080866721815
54.13571023847018
49.91420271046591
56.54010714837409
28.04426125596236
31.749897865978596
46.15417953790288
20.242910224784822
28.686948186746058
42.299414202593205
50.040599508057056
58.2012996126003
58.15189973017914
59.18128020955135
40.636929323651486
54.42970278372451
37.853603558290985
36.14907419200616
54.56236554229246
61.45362543697192
39.67518011285651
43.89274754208583
33.77067748033839
49.50846273318567
14.192066226233905
60.45216099247132
30.534119547261284
55.68664470707047
55.941159977441146
47.582675118526325
4.450628352992233
63.3410350465515
41.73630716453596
62.72301566004712
53.012017203087794
63.297850108206845
60.656540723635686
46.22355680402152
33.993230706928344
20.366085742911054
38.098747555421
13.3364578088527
45.90364492738276
33.34836812510269
60.85471014672241
32.46480424161139
55.929046708622195
29.677620076680356
49.484108033785006
0.24105167720837528
44.49908045986909
46.4922210393225
52.94530964551559
0.11476722198071343
38.98314102270372
25.5387403707264
37.80829578713512
10.326980951101483
52.06267829826534
22.892391866871932
9.085296296112745
44.07308094267173
59.45382137858195
25.25835515046476
45.82242913837483
38.891632845170605
45.0938391518713
39.324596101058376
15.591792713946582
15.431149607243654
25.73267890083291
56.29974836467825
39.96930918879397
19.117405674887692
26.013469178208567
45.66247925409579
62.65419653996416
11.441690968116717
41.255942548844686
15.889034356078426
17.117842528657256
26.589486610542025
51.55907743629297
8.016546585023619
38.734554926183336
14.441648622918102
37.549137881574275
44.82599777325983
26.444021937863894
48.93916755426639
7.36048763367657
55.95370188316366
39.199262204625974
12.897276811072992
50.399881174610975
36.32711545792642
57.06591822265898
14.798437006938634
47.19090207034202
56.80060528327467
11.25192877055332
56.59468563715769
21.913359345468024
52.08661897378822
51.246710016897715
48.365455563515084
36.9606548028631
40.3465762900467
63.93150756796255
57.63415492032544
49.06139077713292
52.67028247400989
62.448307422540815
57.52286638492875
27.873912334383704
46.765087602849206
13.64989639677669
57.775663360601506
17.025099411351512
23.19066823591676
18.620575115056184
34.61323565512795
25.11671550834351
32.947785147568865
48.93247783894356
34.56710218775341
29.171602658437024
32.69485806222316
23.975262863207014
37.71246481642147
48.533019109875056
53.93927272583378
48.096958150528664
61.40313193856683
47.64106595327405
28.816206280491237
42.73317128365282
27.84977948396247
44.67162638168324
47.53693823924548
51.92988068082211
17.684897877935086
48.35840192305291
31.31229766474317
63.67845342651061
6.550960466942712
4.1241427190686295
36.298844386866875
63.03174332755085
21.207028755565666
37.669527521770675
56.0868309710994
13.226768971661585
41.05291963553888
56.82262018212452
58.29312545609237
44.05508611100795
41.23511225667996
16.67313547368913
45.58218568835066
34.46571167962279
45.06203261576407
63.497698020359934
42.038095434440486
54.99439836774143
56.32033912522882
60.533179227383464
57.57708625128612
25.960514384882593
56.776681188826394
28.09988453150477
58.17219753222918
50.60971754717304
42.418615799720506
42.64142538230246
30.602342837706637
56.93826352249543
37.537385044877254
48.40392125177475
26.606088007832774
51.23163253141274
34.14815129319415
46.80600444709282
48.87423555373826
45.75745208017141
45.22301840957756
37.29699923580289
59.02641058074191
49.277951445444
42.84738632369846
48.134161501179435
9.655159072771148
40.77029780271053
10.194282777566691
26.01146094585635
46.05519819701227
47.94260412996818
31.94978331055448
27.37066267890549
61.27238926963855
48.37513929575371
37.18352361725586
45.18748038101457
8.598305511698008
36.031560757061214
61.37840267472143
34.51350155593417
55.53648210973587
38.94479202097219
63.544445274930446
42.8033823775818
45.79360804704459
37.34239702663067
47.0706442129147
26.39039007918857
13.273342495640584
37.713929174559986
41.89059035951594
21.81216860250766
43.54480481329264
39.424008682787026
41.07895040008818
33.78060112079109
54.95288225146707
56.613194839609726
22.83291651443262
35.1842749739977
23.367668155941047
43.2742561445539
62.15950030354791
58.37035357332223
47.07887832574136
24.061812724876745
63.80648637240851
57.61362735891778
56.116083085481726
47.664994154798215
40.16384902958393
46.599992225543645
7.334222521332343
39.83633260342009
13.200122707464438
19.495352587379493
24.907514840596185
56.81003695160439
45.00519562009499
26.175042207850858
63.10203710102732
30.9173557243138
27.891593761173766
54.36812935460529
37.958091646217596
41.75630783516253
31.58301391420381
33.12720320350756
21.880295881943248
50.63049555337437
63.94682394136593
52.13531336126498
24.478124437690205
40.39017700002303
22.947812149089074
51.150198346712514
32.92644337093721
28.92587015036733
44.95843716280587
49.73988759896624
60.67114882195445
51.368118435819994
30.054868772051236
47.78235948011154
5.09731165422226
47.28805421837207
49.833617015312306
44.187771555495964
44.37582529477366
44.20592518592246
23.565858846137814
35.12649464326552
31.160310934898185
6.553563078914948
24.90998618461299
32.72450646857618
26.642434844807028
17.49646634671683
62.07457349737253
49.18411634353947
47.49783306391072
35.98921656594156
10.10858212111085
39.113351884893845
28.526114414330685
28.258733530612837
44.136907966940086
39.02669647121782
47.16432936456921
8.138811267155539
62.61647103692778
62.39948035850646
41.31099310744817
8.059453673253202
59.13248117916293
63.121662053446904
53.5745098855521
34.96008472298533
44.34764777032802
60.16940625263239
59.38806084783927
57.40225040339145
39.055382746750325
57.305184579246834
60.68457818945152
53.6708450190586
17.176519442130797
35.95435821024779
20.656033630687716
28.976408682913195
27.08243678186146
26.15113585438494
13.244682615655037
39.70557702228068
53.00319431495762
57.92115987100836
47.90260014631813
59.9893576425753
47.22031995549611
40.155132145078106
7.276681978282397
27.93797177243205
58.76318115273936
24.03318486447028
51.704736068712094
33.13646982905066
38.7710853075004
50.20706144660129
50.53611470473292
53.40606320437176
36.935458832355906
63.68421907844765
52.63362724669819
4.1476590111903135
32.752886168912
12.67602635021877
42.3484897097583
21.217332271472067
34.718531749094836
43.78485717635063
31.381961405984114
26.092028005446544
46.14484584067897
20.965147523724397
60.08125186332465
63.61489182165249
56.76905311134851
46.99138031101043
53.605667405519256
33.30633672236669
19.11963476832537
39.159272705894296
1.3739935335819666
55.28886556577218
51.23191235970674
51.52267632888589
45.23845901732702
55.796921302706295
47.610741406279544
43.20558110375492
62.210029827650914
9.864675473353635
26.921461186710225
43.099346221008304
16.808765579937415
18.9511853061692
52.04813361953044
35.7044349339475
38.05080018171144
42.94661826633835
48.28782870755115
34.91821326672286
42.67954013248094
55.87535519694335
58.15431651662864
29.365842396771605
55.76670181415454
34.85148099472063
2.506746846514389
2.3748172999646684
45.99278192740054
25.959762613091428
44.625805848487744
28.32183338538067
8.85118353491714
6.944010506686254
40.178411277611545
28.83199918993101
40.205577148602686
60.717176054327666
50.961827979863564
52.621554379112666
22.342326171481353
56.233825786609145
30.926065130393788
52.06110615410323
40.943110829046034
17.25844972429153
44.94369356962626
24.558406807757066
56.829832655077944
57.75736545821607
56.89307886226421
50.33381859777634
23.422393351289827
50.716594590257984
62.571435309182995
38.68832097374565
54.09899023881188
47.31784744462701
41.602314033454064
17.336508009661024
53.72261081091948
39.46364178158849
30.522023498821156
41.19386685883101
36.474735441745295
49.09260870973157
15.741887118226082
60.061740292117236
37.54670104708089
59.00168185522725
27.04273837163494
27.338479851754656
16.54426091416984
44.99668382259216
43.3734507626383
45.69721779181152
27.319787430023545
36.18311262598718
20.085972335226018
47.50464105694395
51.783417774174694
28.37451773112511
51.98899213390098
47.93665372070704
43.47392235320248
63.842083003620594
19.938255820962624
25.71690964290142
48.007539741356965
44.10708091068285
43.72481764286994
8.482765690055388
9.150807875743006
36.58493738064637
39.07056399976511
55.771942798892624
47.14875361839674
42.128927736219374
51.31108195355067
56.38795365999251
27.572381332833267
41.375917443473384
43.813779209420815
49.708570157135775
61.33859079315661
59.86647609948597
39.919058299279584
58.52935704706243
49.08975216651348
55.52188956844822
25.87331150381955
46.86530067353388
1.1571943695701563
55.90853158951515
62.32100695301029
47.85375660345599
60.11587544850072
14.400960290256911
25.38870106148846
61.30780955344615
2.791305846720583
52.35381061853192
3.7693505590383296
58.55831185638214
56.335768275782435
44.07673426563121
61.856317141510964
9.072840398343637
29.854955057468942
55.115605898412234
37.30961944991577
50.36691996768337
57.796632745971465
34.3444828739496
57.65609642335937
27.595918596812517
43.50784761209317
63.85668476367551
19.504731502518595
53.42527776501068
49.857743365659715
37.73599732375692
56.871113517642094
58.70031025439403
16.526873654154173
35.838348000850374
61.998710177454925
29.00141367661442
21.86177130684606
41.699378024281415
47.14836999567913
41.02672869704173
58.70828770253903
50.55387951748693
39.844671429405665
42.20120179022075
35.11367999657979
26.483171208514477
26.130252843447963
58.70852473381199
35.848045941265056
48.628283894102175
34.37311062228429
23.51526132827822
36.67693199783186
32.39139790969972
25.710326984097627
54.27803648095721
54.59699191965846
40.01188634231616
55.51816766499497
29.86329357756029
60.60064849949339
43.504276539662214
62.47280123198832
14.490726043679317
45.819393345942345
40.86065864009187
36.69573434695524
16.10744209560393
50.39896761113194
17.427804430164066
39.02659844272956
28.779476585648247
35.645152253814445
49.353192614839394
52.08704829939268
36.38655876613248
24.029311404611903
59.556771987286055
25.827995594193702
54.94593512429876
51.5094598737051
62.05511263856421
26.218489247840274
57.47311260494131
56.2237385528434
18.078398619009704
59.10906682077598
16.39986132609237
46.42944310430086
48.681045105767936
21.260172960220878
57.21820031488254
47.652920844851046
62.12218987030005
60.552571786276076
48.62208290946086
20.811273200581454
62.21247889453664
25.460620974022653
44.06734071445881
52.66441567452817
24.357525771666687
37.61930338556519
43.99834239709507
45.30205838788232
47.26897150567331
50.226263865768196
36.52524566610563
50.728839710536285
34.87938175056926
31.04349856550541
39.525205318861836
26.91809705343926
40.14499151312907
53.064202857795486
45.87691757794699
36.989257820143784
21.329978918337574
58.732446750780205
15.489554644976444
59.24695223650478
22.024124564702966
59.77742808756651
63.73015800536134
58.11560890245022
51.26706851627415
46.11401808577456
54.182896880110476
49.534073427926586
37.73014188517185
36.170005517954486
32.7434149292465
8.09486739856198
47.81377212140232
52.79556294725339
56.81725456814531
21.176247225788025
13.509378971372982
1.197215647824173
51.62543575576221
35.92498055292634
36.76758170779014
29.55179296244731
51.97946127845189
5.8908969359837045
53.27570356296727
55.4690287484351
48.5405262569839
63.67488230672487
59.4357688205216
62.174253786562964
37.343167741520254
59.59284199348287
46.71036112356188
53.0858514224519
51.05634558041964
25.39711205583967
38.697627107584594
40.276435931636414
26.921459142068116
51.59781986507163
21.621587609043623
24.700807363266115
48.96244120108389
5.712752305786594
63.63751029836016
32.2981678312184
48.926363892924705
27.532967552291865
61.4247032366257
38.07593234379851
20.890837961011655
12.877429410800225
13.79725713334227
33.458315668847554
44.26770338050605
59.6633799386975
47.65785080481295
30.38364519280755
60.57603057068055
24.96576061201452
34.85675309511811
49.136906403702
22.72012006164954
52.49770184412693
46.872486006459766
20.75675508798701
7.32181603538406
63.67141825984613
51.9861251199995
10.503323217728074
54.463168405347126
43.04260851520696
50.60672754545359
46.430089087384246
63.809970147241934
42.75890896656388
49.54848351290682
55.1842090899673
15.931356199206846
34.18977783358744
52.23664816228517
31.284309729510625
49.42515512397588
54.451128411189146
56.604407260414376
55.71734305820199
46.90613155105676
14.816838392887995
34.97150913759191
46.263051688295604
12.8163842278528
20.018657171938692
29.8488983841076
51.43310660465821
52.249022395059214
27.205938619444304
22.654540189001864
26.17019797755146
43.48159541497972
37.67169455894667
37.105213695382126
62.36720539291825
53.397502865872596
49.10180617429588
28.98063007409204
60.223962595309196
43.68332799517343
56.89980255520438
21.863931194345348
38.71922161956514
35.8263756765882
37.527497623171755
30.502739631014016
38.41777253431747
60.49169905635304
50.06908928071872
26.263121669636377
53.90114177008333
45.876455866620205
49.003591251385416
8.169335695640058
38.09428843778021
26.202529270540552
31.894376751349803
42.71651566814624
10.760907279153813
18.18123812148007
20.74099105969257
25.06296679354466
54.216148942765216
45.71369795277086
11.806656978304446
24.468144986635515
52.52892834863819
45.40953951641572
29.15577007616818
52.304106792333606
43.55752198057219
55.18454564291806
43.85825477516174
48.80325096240564
43.597200303204275
17.34744201765546
47.3036208239304
45.95062333277646
59.29239349584486
22.066750027741875
49.064785934601474
39.89137869410633
38.672556535283384
16.24196439110151
17.313154366604216
52.161499697012324
48.479137341416006
52.80044235909801
53.59449549944733
48.89438176959017
49.13173752674936
47.062617499746224
4.319535624227711
36.37873232820491
46.28701371497509
57.68216403655586
54.33957122975336
62.328272065331575
24.65795311361456
46.013608952371214
9.968552309363531
47.28964111755964
30.170564901093265
57.588038938727806
57.672820231037676
12.651337664950773
47.115415560598024
32.224384351216756
56.956786157155534
38.51285913469427
21.48317475499873
46.257523898505
34.54132063737906
40.20915492617445
44.555257725899786
3.558091763757581
52.47482289457528
12.107906406315998
51.08076819483615
40.895517028700795
62.91368782988913
42.743074957076836
35.07198403028553
0.9449246349359512
3.7958333731248644
21.49849391038056
51.15272210336701
51.95338218177558
41.33927261507273
57.32395563582307
56.221820470703676
53.97207643263004
14.943361566738744
57.07047122749176
38.405962241433016
59.075323112042504
60.09007109109478
46.07832513473646
41.71994040012494
3.971880129197757
27.801576960090536
10.440254301783575
57.79938853429455
31.297797063430416
55.12810444205731
6.78214900616063
49.24566594038156
56.21363248617526
48.139546357176485
58.78330200052332
33.553069365247126
39.376467884015355
32.846260140666004
26.56815523746708
15.81759531159144
29.001641867478398
35.359415898251186
35.78293441140558
50.25411642923798
40.41823176161709
14.049967586203472
44.400520398849665
58.937483084505175
60.43776558040733
37.43360585478017
38.69583596759894
44.88265396374788
54.551734404931686
56.274803826491144
47.116606757989786
42.59796347115412
48.245644009326114
43.1602198366589
27.27550870831061
63.941862283543465
61.81144228469505
50.764999657766325
62.634854895024716
50.36114963993004
41.76954659521742
29.456977081612386
51.25272502436907
57.41933787845051
49.01457915164745
19.75167823907028
14.868865087627313
62.22740860627368
18.23016018785917
4.453171426206488
59.32768329458654
51.028807388488254
41.685014700391584
58.375431536689455
33.01539125388055
37.9748109102635
20.742979905035142
51.629887780953084
36.0094000964426
33.00477545594863
39.373016121501536
60.18032810597244
46.528757201753514
11.054853202837656
47.87046266917209
33.45175661869892
54.02871376635632
45.89994466619762
52.568215201935296
0.4905489056651007
51.0117666622526
38.47231778081113
22.048687832448387
36.90097284854964
49.52236325493509
38.09832093303209
58.63516936029829
47.610713666611026
56.15307117920821
11.735334386222753
52.197196544289
25.15956468928843
24.891283093170692
38.65729097951309
38.82460624126202
33.479305683056076
49.2613154383512
18.861013321156165
50.35298761037683
32.12027097330103
33.8451321482287
56.18323867033288
3.593602882122049
57.23778648875802
19.875376820970537
63.25122337955085
25.819077177752604
15.359513972911543
8.235249397661306
25.008257454601733
60.04913876226406
15.29048111899909
63.56977834388277
52.03284929357075
50.37298953464437
26.280541288479284
46.485511639819094
52.450244786909764
61.77273562616995
10.490696246856437
52.91191278157726
32.56686769768978
46.89709459610464
44.57589405471599
47.93282612446468
8.438153706531423
51.48849771402433
44.96560460288319
43.621460655462116
21.57441167223918
17.83068481547435
51.700313638309
20.953513139711646
18.597868956610448
61.77887337399846
50.27064008447336
28.815759889320333
52.275103722694354
54.04568280847285
37.967871262078205
32.22755148534887
22.29070918070974
38.67421481185825
20.78651110322179
36.58935496888488
60.65242413548442
46.26877040854309
56.681534221376744
21.52894574075193
45.12304056065103
39.49617093260662
46.73830944598865
9.31897053644046
41.111032379576784
55.52146893001492
38.175509758127234
45.77304572828162
48.60976945441395
63.008713713981706
56.803509478791874
56.08392650899752
47.03346358118097
30.80597931823897
58.780585443607514
30.16490569081462
57.47517729925748
45.878124409673795
33.96443398371612
47.31019679158412
37.05515831224699
47.7855064490497
58.21524541691095
58.1055707065647
53.7706471182179
61.20088748761916
40.70021158391182
28.710748126932202
56.93608240794397
49.66922944804705
32.37255745189523
14.062301219113685
51.48813690722086
57.28200194279282
56.24686852358031
57.064474053798705
30.37744113339231
59.86305485592218
45.10541948561732
57.21457347434463
48.55817291756985
33.2679909716897
42.565685254320485
51.3762934430321
63.19663440295316
35.14737725613118
53.109207067593736
56.27436226478614
56.1230950706587
11.480624346230215
45.440964155079556
63.631277781587855
13.905146799784312
63.62683175574879
26.321572554986787
2.7020351893000765
24.881128465332573
9.152800083446088
43.579541418764656
42.35180056192034
35.801071410658494
50.01393633397488
59.510592436143455
36.56235368791437
59.76796710663603
63.06030704723618
58.47387619861827
49.28604188890663
61.775297252703666
22.706493396881022
60.69514573270725
63.77730710951727
10.995442854629786
42.30037640909255
52.62506569733492
49.206038627106665
43.21650429450247
63.06078423896308
54.07275550410874
45.71558434372315
48.469239291742745
63.126582926402826
51.87363539196497
60.70215286372742
55.15383902098969
23.67428158374667
21.983304586994244
18.78677176303725
50.513589443686186
33.14877345460326
59.165994125886954
49.25937072530806
26.61914545967398
59.727953862412676
26.05129068787715
17.47516297292883
37.065538431425935
47.0931415015573
56.355256492044695
42.34327377573187
58.807216017105986
11.239587121936196
57.08428462552529
61.59396215245803
58.081689885106556
54.608573593581234
53.688200173926745
54.94861567743321
61.71203713078253
17.819578830257903
62.235303987165835
62.832321801475885
32.65579021972387
60.85185861074709
38.88939573066381
51.76633994148554
22.59899217384273
54.0323831832803
60.79642721847277
62.12372571952692
30.47874869637549
22.834030066176638
7.913013730863582
59.07010553030631
24.99267491301073
56.63692847923028
12.201785587103522
22.38872758866144
43.97238419157349
61.38988740167691
62.993327540715946
4.1904703958090295
8.091353834014157
48.50284454766076
48.37377914617007
48.686265214625394
45.380881921192525
22.918778795450557
34.61280871199487
30.965475903850525
41.30589384039169
45.76285826885565
43.09951993552109
56.342041609860786
21.099468196110514
47.39532869179553
44.49641923672084
10.946652228847611
54.431979508950974
55.293056485866096
30.362158566835966
61.26926187913865
62.387809287959435
35.07284775151696
17.024942351476348
26.18086380606931
22.84889798163732
44.90888580698831
49.99869852538172
12.45675998527674
35.989994702191126
53.281642473157426
52.17922456742828
58.52230792495037
33.954223866894395
56.55329028612194
47.499817047403724
37.74932319794306
60.91413425983739
10.521560364363381
33.14308561975841
36.091234714786005
31.715934825826224
50.8071068862032
47.461705126986644
20.205583231724376
56.27810808239508
57.05891710132677
56.11518184644952
4.552392107644479
32.61576550351376
9.878768760862293
51.679207776594325
56.799966780294234
46.074521580138565
58.30504299657404
34.263470860627095
27.207877705122378
54.81502519023719
58.875862741766554
49.0705526206448
54.85797920596186
46.289860554440224
38.3456787041448
18.27619768338802
58.737638798735425
46.799945573532284
42.21507188910988
58.4372554105979
30.488020599859766
62.198817352729186
37.703703435646574
42.148378307606286
46.93702346649352
31.14445204982455
44.64035617089746
56.27851101542532
45.339563256354815
2.321662716899411
22.40006451232815
56.275361451158844
57.526316872248486
16.053727230495255
52.1091782389594
46.815333458339225
55.49812211193657
57.78629944117513
23.00689251437685
57.66758454452469
21.16244114811912
40.21031147245318
52.23132951805673
56.044631834876306
46.751941902561285
38.199488225799755
41.406452147462566
35.00619070274736
39.440581167774205
52.70237217095616
12.744045555167055
45.00936001256154
61.270467194936515
26.23037131913008
51.46876082492795
57.5416028605154
45.19116001944012
21.187828525937753
8.82052040748804
42.62145917847971
29.250414256236965
44.94175761622301
57.05870800166533
19.085119298954325
21.65784385856874
8.476759437058575
57.45300149254444
31.665329460585788
12.852995519718256
6.42579221618896
61.962982380591065
48.839651983999964
62.80182947263981
25.126348139317727
63.71722853249437
46.382986329629546
57.7539235840935
12.942907879232898
52.02474556691908
48.17827058010446
38.23976348542893
36.498673062948356
40.87721491275757
19.169293109024572
23.27060496189862
19.604385260370435
30.049586542430617
61.88885259289833
54.92153774876121
43.62746220779942
46.94839017708618
36.882173790676546
41.65852866364557
50.41194123083628
61.39842259250635
39.15697419480574
58.48816150225597
24.897539790003975
48.71245734222845
42.15674311527796
11.17607440328348
55.9589793648409
3.3776196083776853
8.173878411145203
62.152398741428875
59.35425683557922
41.546266215089275
14.88383043462872
62.48068511725874
59.826127637902815
47.85562376613542
13.286773462150492
42.20595034653714
50.90455968185846
55.21572758010263
21.968526306014013
57.97800749150359
63.424386813937595
48.38897514946251
36.312665384303905
46.25075893033261
50.09795144903276
11.973557229124665
50.40698900439943
21.287905748938783
30.161125996065877
17.915345648256228
54.2414096010278
22.554567946278006
57.174259213329144
60.0861544654875
1.0431518875778423
56.58812710783416
53.75526303452017
23.02075969493903
35.12636518036042
45.993614816668
14.42051075521156
50.225686556111604
63.89413250807055
31.850379939095248
16.720401039645154
34.78886658496748
40.123857714111644
45.86355266402491
5.663309595802161
62.33671621577751
45.57845613787121
58.62558916107539
55.326803176842986
35.116744907180646
52.23706995085444
32.258554187008045
47.68906706344235
41.74248236985066
35.310100056843396
32.60632043757913
1.4376928379321825
43.9591746939821
43.65177349618352
13.700957079790399
47.1168094785769
55.770444826880706
40.355778370255834
63.154610334816574
54.992205447534786
62.93300758623816
38.452227947204925
38.972709027802324
3.071577580526224
62.48641810158034
35.80907040095259
62.03776138211763
63.30376373480602
42.55823823179534
25.180053038306724
40.855836275378316
63.88387720615044
40.348906549107845
15.631888391343146
29.73689089777526
62.02519351140538
47.396470781301915
48.028002295239226
15.613662344150171
47.847114851085024
44.371171895440526
45.42610396639623
51.849030660017625
63.54106441603001
51.859055773654234
14.417857251679372
40.2202437136255
14.915821328070606
21.392409053795433
40.45629614004724
49.009705168064286
29.193878452617895
50.61515705894476
29.040868420755075
32.01296175934587
46.72019678890241
10.06284039910097
41.38221513492574
41.280287262847935
50.15180071083403
59.96898126390552
63.76974164889047
46.145078698522184
42.26889348802322
63.940370694433504
59.09408134648404
39.8043682240804
42.863552461670906
27.283671034369924
56.36524769777004
37.02569625137323
49.127498757625325
42.83812126810639
52.72399007551043
12.721237637874722
37.2013998061024
43.44961288832519
55.05289223883081
38.390407233496475
60.6612264758534
42.02406329725598
52.6666477634693
30.481867181243075
21.313105312887906
54.637683304490864
2.1304156552793643
7.8804861299393
51.67338156241118
56.340198457908805
2.042001713881099
62.60166985513284
45.53616282160567
57.53680971738518
13.069170120055972
33.798250153442936
56.86902164203489
44.98560600564248
62.94676214015211
29.412704874386613
63.71192373396518
56.99549444837359
18.977059199390823
62.995596813552375
28.211331943901968
46.41958829053496
15.627225364622987
48.24584172578255
23.767154317346424
32.44070728700193
18.55646688094304
18.60949827060034
47.03845269182631
48.977967306698254
4.764448607122851
53.155355882431266
53.27969341514118
2.7112810593189494
49.37814249096716
51.55725979211
54.96660885127636
16.65401681413303
1.2697054326866422
22.281845971265795
32.08490851385312
35.72767275665754
11.379394493996614
63.894705742792475
60.89128965826253
30.488265411884484
60.429123725090946
21.343986206865672
38.78924244421917
0.21773379353417255
17.76198938001395
61.37085485025729
14.8569053813722
53.37434480697222
11.607527064997285
49.19767861096178
8.70198504691367
27.30391657699454
51.59316147392792
12.480197281142473
58.09168736566708
50.90465786985361
53.73210320130371
21.143798465149246
43.63211231523748
22.886271662551835
22.987676939608477
28.76891611460008
27.349154492870028
61.96183952277981
55.111365632842606
39.09925893997077
27.872526382203063
17.23407152600786
56.49149279313991
55.098288260396984
46.76825142835838
31.94543626734859
52.17163022068549
49.84815768873514
47.07490655417638
33.10359620902875
50.37777679576661
32.302261931493526
15.365783011134148
43.313667319162334
57.48213732352069
62.851040843867786
53.31699228924145
52.46395093031103
10.428781562939356
52.33252461931197
23.12186677880809
50.34568799889892
33.848649116461175
49.26697632904947
37.2848411147932
35.008393909508484
57.90102784784257
26.63413667435219
17.713147279256695
63.33599983309244
49.67929359470508
51.77486643109609
59.39169398928815
55.015579993812715
38.13617750952425
43.014012004071006
51.028146781291554
53.25303520489335
36.05653122148486
3.6982196884884218
49.34429535073002
11.34450333125995
42.48948758133787
46.47978870166899
60.36124626409458
37.29803051147194
35.87091472711627
59.45383208847582
35.06160403455054
54.63794869371663
44.0278873481089
17.021949108668103
8.701719345136183
44.05449204608266
29.47658889109489
11.02731353176629
33.460477251694726
27.07540455041179
45.31259718855169
39.29213754788479
47.69861337064959
40.620360390862814
32.9548956636018
48.22326698349673
20.863390328273667
59.490957819736536
46.75774121554017
58.402333164700266
13.302809042695472
61.35738118105232
28.958080395692235
40.16466953386204
34.435541916148836
14.821342700713863
51.77577225613577
46.09008895055418
55.78088905014103
25.172563914924034
58.89448456197339
63.09607428627323
3.593606973422389
43.28497727064606
63.85238585532787
45.13545212414629
61.024446031197456
46.148951506883876
14.38260782308879
2.2858106492156693
20.02053800659771
33.52859205915677
37.12271160830342
48.0807585656415
59.41052955719581
39.97564898971046
11.516437530278054
51.2612021441179
50.02507885938943
16.307515773442
35.531163184123415
62.601993493416515
23.920179536930085
28.358400662019108
3.056342150240063
39.095263590957096
2.109083651364827
18.930156365829802
43.099803254741396
9.771913310210387
26.10588935031211
58.78383808690067
47.51936816254364
63.4392101818525
42.887398755083794
56.30912798283559
30.84551195772999
42.07298992108292
63.217944866574655
24.411353904988722
48.09299147153597
48.924654906676984
56.04103661049372
38.048872840667855
46.00513744364511
38.6172660005984
37.17196163249519
50.853567920350635
37.700697332204115
25.495032494281475
41.216941323965486
10.839168487320393
10.474115163202832
37.67660127242502
6.283835544031618
60.25830703957324
20.059336525713817
56.956970172243594
59.422387698483476
62.62463717641208
1.1957962853738877
41.73303507173971
54.508614411350315
52.375433458549274
53.771701636087826
13.708479641393112
14.516235758635695
56.81482051675764
51.3057403141197
63.503954772845844
61.19314143368758
12.21613707037563
35.627577773284536
53.044096332412934
