24.11940572262813
14.338306172653681
40.02888553997129
53.29601455608635
39.00661991416447
31.55531741888059
26.794737120448197
26.557930730150417
32.64475135495992
51.62037990198307
56.422332638621654
47.18421850719664
46.774509570518575
33.77339619993895
55.46845738295805
10.718377086796387
22.70280004899253
60.36010678488204
60.934326163790864
36.71357315254541
61.844731245748605
31.724980499825456
62.48760945892408
60.12835687487997
61.58711948551882
9.495158160180516
10.711047412764898
38.38971056476035
41.33823085950938
48.32079095328295
49.17623974869183
37.27301084305991
55.49704824532066
44.67644758066815
55.909998134961825
36.80517646849829
55.41747063803915
57.32125938084329
21.124720857851095
16.459106864278745
31.656071273234716
12.332072124003425
40.951268662409284
52.179493056890735
63.21479789328507
49.0596574514897
53.186214419245246
32.229370929796616
25.706231275851707
53.848450263725724
21.744075248623048
63.193383878267674
59.23122522737712
53.160112562024786
50.77863113425416
36.0245426678351
57.566031299134615
40.1922453807644
19.22870334195327
4.779477922588697
56.64311442098129
50.265757105370916
31.487810585239032
56.61776894774301
60.140059765622006
45.93038364372549
59.4579431323341
30.499066029927945
56.489299178808814
61.18630553117715
50.70643664111298
52.22891073513819
58.52733001927695
53.89542626906133
39.09994193643953
40.83476522818346
43.900303664792645
47.07513878197161
52.26381476695354
36.859142837891795
46.46318724827759
37.3069161892918
6.11552566457663
22.281903494531313
33.02788522490974
62.728215087875604
31.47653369987536
11.895112616067472
35.287517122755176
59.048934640049204
4.237870845400799
7.093855431891605
11.226224841359219
54.21950482062039
59.377058318047986
23.961321797564246
48.77416583975376
28.601408595922614
11.131686300292834
53.190116020881945
63.24215847605866
61.90615930532441
42.460395503660344
36.65627724986133
2.227592009381425
48.23471272537337
37.79174086220539
55.44848575531431
49.01672594977906
40.63276652134088
51.51715520031776
49.64289093404961
42.958117950442784
18.119863913683965
55.95406059155782
55.918116025740794
63.020094991124594
26.495843454729915
20.156127683445398
37.3685833289991
50.49767994430043
47.62627767445629
53.75150871425406
25.744299068428937
17.173340207697102
43.07462926057749
9.480364280640373
59.51884285187544
50.390300886364976
57.65589244675194
60.36032199672377
52.08501271724759
49.453772719033324
50.30605693957335
62.14902112404637
22.008837082983575
37.155423772572945
49.17365934921864
43.21414524843446
15.570594667963448
36.622108838547426
6.416522286072741
37.999134579666006
49.722157592796364
11.314728021354995
49.2881342285972
44.29410517909304
41.86026776124518
51.76507716498233
37.63055922046556
55.08863884305241
33.92118681550242
31.682806861399072
38.460091901116954
43.82312135737607
46.74717282096219
53.97084735944711
55.00602132012034
4.547735161570806
15.13303768276267
43.59330302951139
49.31907684068024
55.89394810169308
34.51475306707319
33.54668265407723
18.94651224691485
57.42962837389277
37.31252094440386
63.58721375561756
33.15493196668356
0.397869789964183
21.6531583999459
22.974170393464334
12.159369471944636
61.04321508908605
62.879199971675156
27.462699714786766
42.55224571242873
57.17041613495321
30.255778606103206
55.74692480941416
18.2060347319525
30.463212262700473
24.080093130845498
3.5926185793202805
40.52245973497931
46.94414815224408
43.448884686954244
26.187597695171952
48.71905287813789
56.83001700103898
39.17105151905404
60.25805898116564
54.758013672505605
50.03712037984293
23.552541224550183
63.467921510050296
35.11855485534775
50.17492519159204
61.270872581603975
50.21359378745002
19.264698721098476
25.172416686259616
7.7455338748420886
27.790874431516173
21.63000993041407
54.86787823915731
13.901797468078499
42.438780146253734
52.993617441782675
23.9543291681006
33.859054556895146
49.41547094061958
43.378711206959906
40.40046047814242
2.826305758147015
46.74926944630197
52.40690813462888
12.097652035166746
32.304099299624625
35.69704450671773
45.909081681261625
38.562566450591916
60.44175311250481
38.15866626782365
34.62368823057689
55.51738447485197
3.2839520897118177
36.128419324254416
27.18675377300888
51.27563134260606
2.191222353831783
39.65159920229202
45.02656404324383
56.65338494348014
26.203680768387805
31.998453010435497
44.44249598188361
24.515701878819286
62.462844787992466
40.8608700974346
7.612408138821856
61.20101615106428
55.01412657349522
33.156898478260864
55.26155839659298
56.89837701536102
11.174955396676339
34.77529378997548
41.692908518019124
30.07091310835012
19.621505070005803
3.609546216951678
54.05885430754748
42.91105888070795
6.484018217761708
43.96559214153015
41.062545466152194
12.44212833511805
39.79863086229709
2.811136943749254
26.74862299535547
62.08726311392933
46.15617012896273
50.64688490866823
45.02248512587005
25.23788173591862
18.991943648008444
3.105174585122313
13.726865364677153
37.81960150753027
48.93709479203076
43.68303187182339
47.273595825963184
42.13461819132432
11.055289816204159
24.137190276145056
55.19476151035596
42.131497767081285
40.31458855110071
31.33006835919113
63.635024763016474
61.98570533441789
8.455262972785249
2.631452834454258
62.086599412710555
21.05332580537202
45.4700441244382
60.90072411335332
44.673015145617214
49.22314560871932
50.45196158813586
62.70809067589821
57.74792036852191
35.54157959224624
36.49043915666289
41.798947858988626
59.04208751790062
63.899167234644516
63.48690104858247
11.040227432354108
34.58010790398568
35.538037813233714
33.791039475544494
31.080726155767124
61.46425334302385
10.329342182106409
57.36551054911104
54.31089455956636
26.4207124389688
3.586174864668635
17.07079020494063
40.82960888148389
48.662435424450535
49.91481700248117
31.225790566210783
56.81582454776367
50.53943671734622
56.8571659010676
32.11049932580202
56.58110996632857
23.714659476960612
15.688329973305677
45.80000963095377
62.74156319981098
10.930588549414104
56.0623191019109
17.174413429938937
30.617650343765746
60.396992610287235
30.17526541891086
45.185096624246526
63.421638133792236
40.6956333785917
31.423533851439167
40.0001256831683
51.425989659481864
56.875505926235974
48.2121703887918
46.12905000160285
45.343672883939604
43.39638219693171
33.667918326083
61.63678192299978
29.10191617499205
38.064268970539814
46.52260704024221
23.79438377005262
33.18408850762806
22.76615924707992
39.8435661872161
35.53815640290644
13.740896119330856
38.4934192884175
60.79364730855456
41.41172240038535
41.10786225109466
14.912046358460245
38.08507618973192
44.03323842612149
46.235194676317676
38.85884894938357
53.73261842371412
56.84650912931264
36.97284441118672
30.441286009186676
60.206964573656734
45.22072318299244
50.69533627407122
19.997020645130753
48.60418455732508
7.646392863854565
42.473133186001434
56.97840158901554
39.98475514700708
26.19472780548255
22.436994874111548
39.908090396477355
63.286606021069204
19.21152334126569
61.4591167982557
34.401107601120984
47.81617801384992
54.42912034361481
11.474081485042973
45.149937300996555
29.940373516303666
34.583405609652644
59.50460042944941
46.34947488607982
57.57543789802472
54.47076628799437
59.906453221226215
44.99962863021647
37.684822978405876
36.222719447216086
55.707927267170874
42.811593650290405
14.66786665102007
39.28005878395087
49.87267893727036
6.832058560304262
61.56628588957123
46.56590126226875
53.61154236859448
37.829594219667584
29.59506256866029
25.12782923885431
60.3127288309642
32.021258763338736
22.66971457294713
25.472615577225746
9.905375310211248
17.570280958854454
49.721822336938814
19.381643291460136
32.13481016338538
46.55318575981157
43.89662883802916
10.071358263097878
8.084488516403944
62.81446827890509
39.03824429343381
13.251347265255383
29.138760845919663
54.30820371097697
0.9998877194769022
50.85395011721709
62.613384056658376
38.0776306560217
45.930607255497996
30.49691845075663
27.82663201499785
60.71517114805301
16.71670980743133
8.471366708536344
46.8526336586933
20.607989733750927
48.69748533593361
56.7650217252197
54.82547527217322
45.39059221919952
44.9615573973966
49.02572610191635
15.461776575812102
50.69167882386182
57.52492649703562
26.560067092302432
15.966844527312098
20.694648907089665
22.248706336279042
48.33451338349014
61.40948299492419
38.59835774415919
21.457417043228496
41.97965572359229
17.24981511298973
47.931653979709324
52.38950122234925
56.999645039864404
4.29770410966286
58.29393147763001
28.36065569973264
48.434693641350734
60.01119912221062
38.571795744410636
38.55530816891793
7.341090323550354
5.766296216516324
40.081039916226025
56.9354865672963
6.795103317852359
49.70578592815326
29.66542571171867
62.99829225504994
17.925936386129173
52.24735953011968
7.646719086354935
43.244498676632475
53.649635495730536
47.186718058691156
41.50221087168319
25.858373815713456
29.384260124092144
20.947796881671678
59.756986709218594
36.95561915451905
60.668174413894135
63.67691978226817
47.02122028687762
5.709238579521028
58.96611423455214
53.15919080219096
49.32867964893861
51.36338910026114
38.54802651062124
24.573085399422112
0.05763921084248835
20.680309091765047
60.211766991506
29.27482806132369
17.996056258910798
57.13422243966777
27.05005614024811
37.13660504375082
48.29120185329877
47.32436860289452
40.263480125740045
58.01203595990942
26.849076390589147
59.19770180172216
52.42462130113324
42.03621391610013
38.969531816005386
38.77360472229622
53.146926949424
49.537382990626625
55.44669910110132
55.976809510855894
13.71043455483079
54.05524507168849
36.36373765687503
37.31709063477435
43.0048033208716
39.955976549768316
5.572412990560174
56.34775380902104
60.66780193806916
24.12253075026964
10.912783696039611
61.80466862679624
12.286216479163748
34.311080477015935
45.5522376051727
56.8876669115393
31.53819419267284
62.968430148867064
34.44242939175568
53.28263850724305
28.641359307553856
11.41605946415288
52.50872234532842
44.26912461248912
40.22181521648333
41.901365694687485
31.184333911175266
4.1096660022055005
44.33379536514384
30.567403357389914
32.396608689224706
10.804997818853522
2.669342542659834
21.769740236095792
34.85744726484867
45.90500178190618
41.4038508390051
50.90191482928099
51.14539007977807
54.122772381446595
44.92917330429502
2.266904696916619
26.039782464782157
25.008229332274603
56.484607696703
61.151620984918885
35.36520904233714
13.382152616664982
40.20899019910311
48.350680147978004
37.430245709752526
50.66761993091583
32.84076326030008
33.26298111990411
21.411715411756383
42.8090302488055
59.23252254660199
44.70830193934706
9.680809714322898
40.27906606250886
28.53729199755935
16.163242327319715
48.34124759568513
46.27511967513373
15.722960158391125
51.90238008408885
51.30818404081829
46.53975123417618
43.56822506684058
53.75400451497937
31.96431030725394
27.428715704755064
44.72372901176576
56.495702173720844
14.01851486208571
49.635875371780756
17.496458474349765
30.761406272373797
32.38044736446494
56.58614607298847
25.234626639917167
42.6634127392434
61.50581656622003
28.75620811435006
49.25582960227594
20.955144654040396
58.338796408913105
27.12933674939407
24.856133515363
2.2113909590359313
54.82011574256902
12.799430086000982
59.52083129122816
10.700001143661488
28.15459201841592
51.856484935611235
59.01849202743669
47.75448093719873
48.82478159670544
6.646053593393312
42.31005755255283
56.592493001243504
9.864505392819723
30.77993158924272
31.697162734794766
29.04535551626457
61.687451390451756
59.728932115926405
17.135914422812874
17.13566573010869
29.950870666824848
38.80146948741884
38.21135095859723
20.779992503878233
13.651516913836446
49.63014159731325
59.55095898890767
39.119259431449585
30.233012320284466
51.63706901371291
61.34193146385739
37.986418863896034
60.45850388780086
58.39846515090157
33.646442529821044
23.17552307344817
4.433852942287466
22.724820700719192
50.264633208714244
34.860482935323205
44.798630937766376
30.073465160677422
58.744451547681905
35.656853070621615
32.93584367986355
31.377958436181466
26.963766096753695
3.265068142384628
63.964542725415086
61.657614948080514
18.277182757022366
31.486115239708987
1.5307379286239353
32.6654098826549
34.0598760885765
62.77554086365847
28.902344359895046
39.914343012743075
63.89708718889919
53.667117785868506
41.51432171834573
34.2083445329138
45.046903201195185
15.370598676287152
21.56620080262236
13.807149591249583
49.01837246006926
58.65567179896287
33.37073775861632
34.51015505756268
45.39551959487928
57.55901164504411
15.97573991026568
45.39076792573208
26.121590528504726
63.12738636286253
61.58498281795953
4.328094633272997
20.879816216077273
29.61321834089012
2.4149914671586075
25.557767552878154
60.07448725573272
1.1959621035363028
28.630850444473353
58.68100936336327
52.67808549440615
37.88669917222103
54.944214487924896
39.59445511696378
37.721407636695616
50.96077673665971
7.076551692763168
23.984069758469197
20.316510075812793
55.78000477977895
22.41976365012919
46.259138298302176
17.57140769233787
29.186513936675183
48.56350312438783
55.93360290112298
48.020232483657026
41.49638342897165
42.523448075676285
46.40679363684821
46.27829027333228
40.19806064439342
48.911748639167975
23.531973745344004
52.54130518511504
54.81224620680122
48.959746184533785
63.67607420002123
47.346855478712115
38.579338463968256
52.69477908327437
53.91725217482946
46.13419583914606
45.09712292180595
58.74604042067847
11.457555674690177
55.6752668684255
57.76657164872916
60.551534690668504
36.453729698368306
46.84219988503838
56.4315131338331
48.600807955093444
47.61178232772845
56.958573449811006
58.422167831460875
37.850687258687216
54.30137887101756
6.280270867421237
36.35626289455855
52.37985810263052
23.005255630917375
39.552787533764686
54.52736091533332
50.101088131420376
35.76803934782043
30.716853404910836
56.302611748002064
46.85851661679361
19.774687072690718
7.356945656683081
34.19005998180838
52.97997253306006
49.07644611300004
19.656499770900844
19.184187153397296
2.7645691232437883
50.52493292594923
33.02319706125341
52.28914193221116
39.48125769545338
51.298328850863655
53.6030374788419
43.01779838884451
46.351867892150565
60.84864693610001
60.38338255135743
27.24423936341043
37.14561588625422
43.30795821461332
10.652620608257351
30.338347083957018
54.16148607052854
16.130194215571294
10.433457805004366
60.231691602197515
58.396138218716516
59.20801906595878
48.08726599394851
56.78107108035313
24.250946254794805
39.580706691198515
62.471189774695034
60.38514772196651
31.653231125129096
58.37263002072565
24.395250364558933
20.92319859327325
45.70606469274742
54.04623104120589
18.34077202473204
61.550201354863994
53.35687851813812
44.86232549657889
61.15589759310427
15.3398675624627
33.945341767319775
25.800557342771505
30.136592394637454
48.34700921392861
62.81335342977239
47.51522230629662
32.33196041982333
37.91195368975655
16.59146724952987
25.88155330231418
49.256965110420786
62.9353495653097
11.436068276149776
8.161159881658833
60.082837836293265
62.63214421682295
37.85326257718654
32.599562949006895
56.204727760647025
33.670745088063974
41.37919946453141
51.50197939713807
52.702135485310436
60.46726118530929
29.124197228864844
50.264121742418766
30.15605111536565
46.35888789479108
62.79069966981907
60.726971558594755
62.16911604146718
62.30886977175298
7.337994860788918
51.72570416509614
48.53875365251268
40.904323034603266
45.37200626646144
44.04936186824574
49.38168031343505
28.36071907958444
32.262236258767956
48.97990733419173
39.847068037187476
49.73773444879758
1.2229793593392841
55.41131636151644
47.02176290559615
12.130992384808032
2.0577760964309917
34.97880143840777
57.028615949189735
32.79501856136986
39.63355617503024
23.019969208508762
27.466842417606756
37.12782799420687
55.68304359123672
6.889787673792426
58.493440421747664
31.219263841684096
55.40273816385664
10.205455557756096
33.50249728514573
56.738556562336605
47.20129573178234
45.52948055626329
44.75812649858587
38.34371328552205
19.156792550650323
38.185545518329576
57.813415734165346
27.932318251430708
9.37429519181525
33.32993933933088
60.704334826769
24.617882596010567
44.77889902783879
6.449290450449226
28.356980102968365
51.665662070795236
24.54096543665277
57.061998324820586
56.12311943787623
26.466420331953422
55.95311814845275
38.07940726950767
39.54922419935476
6.088937771044364
18.830934648472144
49.25961018396438
10.805537268568301
18.68372418267733
54.673453523945355
54.55899842162474
19.208355413088647
19.07722709487186
24.608830330357904
54.35976300135853
53.01503113876099
35.99179759472298
57.37410692797823
60.83926794623619
32.798588833063164
61.65745497886355
41.48637444287377
42.09914465090034
53.57694104559756
42.06012748065
29.58377255305821
17.8949614618858
42.20355629321173
12.640551568298854
28.958214869943035
56.422788984037915
3.4026454676897373
51.92243088584869
17.317647664483296
63.003839786705086
25.03203642781078
39.63081637080405
24.933202497731074
60.200404468853165
34.52389779192143
35.86177659687068
56.58560313876649
23.1047839022535
26.884516685060866
62.12878191669155
31.22088555240584
26.51683068540678
40.9637622378553
60.913402064461536
8.858423165994466
38.740532388037565
46.63923355417856
7.492911817773255
42.9548483060736
51.06188458731113
47.830721663054575
35.78030207752947
42.20826279870337
55.97366586885337
38.91348307280856
19.835488226105902
55.793712086595825
62.48052062184143
12.155476846827419
43.09422732720421
24.044180912824814
23.057982734092455
58.97767247343476
53.901898888634676
17.545380804568914
42.656582587725396
44.08135420141814
57.36798992376919
50.127500370188905
57.97567309517384
50.0147485791138
23.514356641716816
40.72873690062704
53.65294739571635
23.760438217952668
52.18800929399472
33.97436442128853
10.108870020898863
47.633171502386986
44.675764018527346
43.61640223111047
57.23456415191826
48.32289803945397
19.995529009912538
25.348552092152318
34.75407529960473
53.13635202230062
24.9179496447545
25.23686887706514
26.364064130929343
44.770326796351426
50.0260772009909
8.999430353957443
57.11138967908199
12.644503957693402
55.2315550270889
33.22737135314824
47.27045262680522
54.26930096697636
43.00890450696646
17.45139027388958
37.185258081318324
53.310921527732944
52.95155384322793
48.169866507339734
47.34173257983126
29.75622566956907
50.7901605731764
47.628523510126996
38.117201586129724
0.11225572747390089
54.48379919442533
33.910395164734624
49.17314521612736
58.484567174139585
44.80073977465187
27.19484673538514
6.667814854296438
49.319667784571415
44.3177245715992
8.41323937321419
15.934814578827464
19.19758055943909
27.43849214113454
47.808622724155825
37.573421964356974
36.29656812426896
62.764465135505596
21.919129382421822
38.0185498278229
55.09819799882737
18.678030000983
45.103150536469485
58.99602194799951
37.26344123448027
30.300946045549622
55.51413208120875
36.52342005995088
50.71644255474693
15.127889749398108
54.753472956472436
11.284133256826188
47.130871746107516
60.377656400028805
50.16461295732718
60.58228040130382
53.330644972356254
23.26654219730078
26.87866131407155
59.82884059360781
54.753315157132434
55.29547517126419
50.72214111588658
48.46320811597864
15.291380593256953
8.644800730717328
19.541521069993124
50.0548949810269
39.81698600856668
52.99998531649668
53.66711932376411
33.605151225211515
23.1672818260594
58.379394432568205
59.37488369545176
26.522604364414903
8.429091243148513
59.08001222836129
58.436259743376915
28.015957921414604
37.393524158921366
59.30419416374786
21.30320468147172
46.109069491963325
41.15280808431946
31.563198688622855
62.35725512586862
35.126922842332434
50.28982307989287
46.362623100898205
59.92019186015088
45.968768658255875
45.357110851061094
61.25190067982541
19.548695629499193
49.812568546220106
36.584803121956796
46.82983390634615
53.33092452253153
57.98709416590881
60.806500127400064
48.472761325590845
21.66846297299579
42.46348882456917
6.930504128734427
22.31401935513336
26.243536865285982
44.472504815326474
31.457346129037454
25.07146160557697
58.663084111649304
43.84732036777366
37.33277814125982
34.08796041445738
40.0741269181884
54.91531296669408
11.022730512956606
53.57983226818878
29.57738305392747
2.7582636946551844
62.71035670746951
32.34755298254092
13.612743982852251
36.91365485862676
28.845102327543046
47.043884257411904
26.011882392060798
60.001617606798575
58.510282783580905
31.60048459705928
46.906084593205875
52.7130889055815
55.46231731071961
39.13599794067046
47.48694677744636
21.486547907885864
27.45644157332854
50.375537741319846
34.55171135500193
46.778643436810626
62.533694557251906
30.13465532326775
43.83109121580025
43.07456450191914
56.69843497985653
50.924228208840546
4.564340853518118
54.371626487066564
49.05126280841052
26.663812700717322
51.13148716859898
52.167491557099346
30.863719903775575
62.37249630389421
35.45229999584457
46.38730552734702
43.18504492487501
27.282910920543515
49.41484631167373
29.242856855957186
53.91033191996117
21.529298687245245
22.02433905665584
60.7683667306146
34.864202960336776
26.231920050278525
55.52075005250478
59.177420303216905
31.570429009297328
32.61053772748665
58.28982414414859
50.87437337335457
46.75812279430528
44.50353137820153
19.68339429336565
35.207177800724985
40.03917989605869
62.51391497069645
35.78948851636882
39.894269370965475
17.720366569111697
54.71392407103137
32.84917863092061
42.47077294465508
47.8075279592367
28.363270637184165
42.36851769996724
25.54475140145616
20.94454670185837
45.68853629583835
44.29694655745729
60.69260810396658
47.93846870414693
10.990395898120319
55.07833269485771
58.06334718139915
52.468688125786734
49.63475082797018
37.331746317888474
19.805218882636012
52.61173125966758
50.61211584413953
24.429803575064895
41.20128062511898
48.15798124676127
29.283859057676736
38.147125123116155
31.005516346191804
34.10667896477568
51.38895852925819
8.511472484632982
55.00567889050386
56.23257720283764
36.628669710132584
40.96458574965921
50.15136067606156
37.876109324737946
17.196604028334782
63.08234552806583
57.026425665561064
59.68538257936273
41.288342769671516
27.768216168693655
55.45887845572323
30.440186215938674
11.188547012763472
50.769132067046385
60.57500905312739
46.5622014051478
12.285197847548154
38.502658789162965
61.36668076747844
57.8823655861002
47.77666336374095
47.04162733503358
46.268312052240816
57.52324147876346
31.68694208899062
25.29021120965782
57.91851567724646
55.444367518858016
54.73447700670545
35.052380905807695
53.68714725165766
60.668835828586246
57.75406625251031
56.077334108910605
57.894295125248696
24.611031120643382
61.3903220003205
43.865228387970674
52.055971470474184
46.20396945176973
2.265075082428993
63.588868313334615
51.217923488990685
5.156896689627423
24.285940844746065
62.426901449943394
38.34576480800938
56.84227103041852
59.85278999028413
62.875220797027026
53.12080457688924
53.73929942164902
40.874862086320675
40.83547115238527
31.319336280615154
42.71526868788733
37.429242357388674
42.69579889731557
61.58452004150414
53.880358180423855
11.197984941077188
33.738547559859626
32.01938309498874
55.85777831879486
42.41010870836685
36.17817074237483
46.97961638913243
50.00360080088218
50.84364725007029
60.45960958911529
52.754749727385075
52.086437179055046
59.71075053963312
50.36054193726915
13.843258452750135
32.24681708229144
61.53978240948011
18.218957896921452
18.486969808274523
56.24839738908225
12.30835599676388
55.97423137378525
24.117337209249
33.39061103577567
11.521386898976573
31.985998454051987
40.056404537514254
47.58781611753115
61.47272525613066
40.28781829008013
46.4467571041646
41.2576741897453
9.14284168115406
28.777375624781875
45.50419561037229
61.47254230033732
34.275840013507846
17.201536455584495
37.45081597570406
32.38107986714836
37.15319134349317
19.090867714653875
55.501982341252564
51.102456702280314
63.89923478516516
43.53231306851995
31.236336477919615
45.08498864524382
31.061960767935616
57.681459507422844
36.48661630926814
63.22684392690667
53.693665407736574
35.68717176756451
55.63252702327405
16.40913793715479
55.15421547429094
63.87836777344594
54.13326553798461
34.64779418370243
63.730437798088225
58.11263662555706
53.23052680960703
46.6241376874854
62.12267527222299
42.88225498767312
15.7785772232072
29.343116975100564
4.200313813056077
22.764104176987573
51.26998908618121
19.081421540319333
24.313030476319376
34.060145795802455
35.019857755421256
20.767629783862425
53.34123190747631
55.5865036056761
46.332326615798756
28.857002826385
2.5770351038555646
37.441490767205835
19.78622279916506
44.9101349247156
59.01986491155636
60.745993887052876
59.06897371850487
27.51553542779417
32.25621985405863
30.692279872338027
59.27830453001585
12.413172540006904
60.9847864091054
41.61709365519833
57.33684872671531
0.7414791461964043
23.86779340867929
17.641617397574592
36.230561884996696
34.16188998763418
62.42541127506883
55.99555867716866
6.283179261478118
52.01157827921077
9.187899119717514
38.59414215786426
14.264448759067228
37.129583507153626
59.31950135558019
10.241842094711771
58.010727540747126
53.974542963932066
23.57701485537435
49.64141711383437
42.64867373725954
17.138072673513257
53.225233522295014
39.60165803570973
49.16979538868973
51.46437330168172
57.62894964369974
53.492593685226446
38.309191473512314
59.0515011216299
33.48292147361602
34.30090899628616
62.07217251735341
33.009607614049855
10.107237992594285
30.61799197266781
52.83235953092618
33.1763831910735
53.38911443351563
48.794162048704464
6.313194349619302
49.644630851632456
29.138090131074563
45.743076625195876
52.7984679831588
26.43337555401962
49.23795218493047
56.70174706104186
44.260734744396586
43.17944670358723
52.95803297879364
32.812418721527465
50.4522228626989
43.4609431467974
49.13869221371788
4.943941417362382
15.095977893067982
32.099423133276204
33.26534847072165
40.34630821858538
14.874674918118878
49.764131778197424
30.33508789869881
35.49523631075232
52.46561550826601
56.68394767491578
39.62774393513117
19.06531555879517
59.02829932134356
40.746789905444544
55.59453432868736
29.62943360045977
44.51733565290564
47.11530736472281
27.65263014207951
4.116923069558169
53.78837847387393
57.030789077535076
53.37978926299351
43.36392206604411
47.51539203856301
38.281520245217344
51.74145300300725
35.75783376434089
8.033713170705873
31.856775419870388
46.68948616345426
27.784761347152774
32.137291404601285
22.963093337946063
6.949930373203401
49.60054501695946
59.250564954132905
53.470623108190615
42.70599100622266
27.465982190438552
25.40628481672998
4.182040935044327
6.3028585787679745
61.7339511578914
10.756142112261664
58.57751952194606
53.310348723438764
24.543927126842334
54.10090850809902
47.47168154755586
18.373313014774254
18.646836740883145
40.33426391128863
48.96731587731713
32.0266782481999
4.7834936982103144
14.41527159700442
36.18887768010036
34.02571171375912
43.68772297472678
7.721041037989913
26.016758443238047
57.8666511219881
18.033582965018567
12.27003521214894
46.91388809416378
29.521029954367634
12.36327250596284
62.80225239393884
47.590081853588146
37.20209274449793
23.37035820704471
55.44586788082233
39.5369932128031
19.002963131010517
60.335916499862265
40.82534576576808
49.17613325571183
58.498049392565015
52.756635030501755
59.557795537694915
42.27980455313444
36.29501841635339
38.243661483641816
44.82324328044443
60.5741550728162
5.857770481403655
3.265086472500421
50.12179661391416
17.05760351398242
52.600427918724776
45.320769341887484
23.84067926104187
23.146665308521555
46.880535640744846
46.92337279318686
39.941273231895856
55.49668913045082
33.33525674567642
20.255425817824566
38.57603574696344
57.35144707990585
40.41892706662622
13.688730902572416
49.16456846470223
35.32140412681296
27.997275295808308
63.51380059900761
57.19546698313895
7.9140834714700645
60.028700113898495
32.68524169311961
47.53723692065221
54.098156678129385
36.702683690949385
62.333493376303416
46.95065737643017
57.900283119200594
33.019472618033774
13.530494737341193
50.89432581102182
45.49422415913775
62.09410721072535
34.24022928755573
54.128516589779125
47.541550179546824
26.803907226424855
22.960605249565695
32.68862693206444
62.210604642373056
24.100748601199363
49.26809699705342
12.737118035057648
31.47875481951253
49.81518422519983
50.494246928476414
58.660716266737914
33.83611825916599
24.25058388933462
58.74144999168165
51.10556673292931
59.018773435123755
39.14903345167032
1.9989751947469898
29.2626388135981
28.269881996528852
55.8067801845148
20.177772784891253
61.46239593522764
45.089157075144335
22.5715612616481
39.01075857432265
43.69694531007339
22.660570107721746
60.49446667757662
26.55914970542841
57.381045642037
50.422954522197195
36.27121204505475
56.68479030048723
48.22407618258472
59.589529256818544
47.26160681140304
40.99131576635215
35.1339989829492
33.45141982323199
63.03197690262681
39.532599372977614
61.675025618633555
40.14877081995945
61.33940294618549
62.49291379080355
32.021521049780034
47.88112369104752
36.15664810897414
13.720950570354375
60.02606307983356
55.01541818587839
58.409955128295
51.15180230141911
30.369411165915892
34.722517537198385
19.931983936382416
33.385661488053515
13.708073032051914
54.42458564548391
35.31780090047964
40.949758376122745
36.918736062067524
52.67588353556793
21.29716254450316
26.11823096824375
50.66790984657308
38.96645842159925
55.09292066889094
50.81533990228587
36.05645766343387
61.750890101838124
15.220169036563448
17.94681453373203
29.475950655544004
60.37767895662024
55.303631638669714
37.566562418406036
59.442203307593125
31.534196294902443
60.33642278655236
28.860782553530555
59.109783701413974
42.69692269994727
53.36398514639738
30.912224665599155
28.039837303247793
14.605581024750244
59.64661795275311
27.0391447144481
41.32979452817304
58.39645269083669
17.50538402073854
19.169615361812262
23.287739109244505
19.50676367070279
57.08222073230183
29.057511509190014
39.553885335481574
45.34426564463496
9.088958769094845
9.032839913837904
31.974929119702452
50.754588812137015
38.15006978009532
47.5626665754734
40.488445360282185
60.251319472409335
35.54187888470335
36.16043889035356
59.25392250570763
27.822780628527198
25.493177735067356
36.794278580242455
55.80150248035535
19.718160716292857
50.564398115982215
45.50774241934811
48.37723944855185
36.32494093452765
48.34306711837831
44.30213480018945
16.461810995682583
60.35624496909544
43.19201227663882
56.25311438310825
35.6475424416567
30.469564049887772
50.68079711228894
11.770496054820455
7.304989329179207
53.230123207963246
61.71655514398482
7.193491307648998
60.22771898275809
44.88682062102617
29.718654412259127
23.26267624098464
41.097180271353
44.60439638756371
38.805685367585454
52.85520837045544
53.35341452838572
56.820686562298675
63.40959520646266
59.14878799576429
24.434469452443132
56.06602867110833
48.334491742842765
47.37989748506826
49.46561793817275
47.36287198350542
18.647933742146655
53.411138037965976
39.600535182556776
58.31596694717555
24.64695745379216
57.53599880585275
10.651740507291947
54.858126463986984
6.669657666688067
34.30512229317188
27.82155060742221
46.80951450234035
39.419549510038706
49.67579331383419
47.02156342331631
6.627269046726219
38.54108949066565
54.64568740789228
46.64847198493558
4.461735475768265
46.04387274721791
54.754904072121896
62.90273117306085
34.51910056373144
55.96239916519263
12.481379609138877
40.92223078303404
23.296552971605955
62.53994505867954
52.17585619872591
48.559719734937204
42.41877669623629
33.43811091959367
33.88454960083842
22.83254165153363
60.983090118671
15.692416829652217
59.09626920435376
38.93010128840713
56.688216727216385
30.956665651063012
49.14492302355452
33.57103924532833
33.13345680922497
63.18184819272313
55.681040214497
56.82021652120913
41.969734272029164
59.850058867061584
18.296458449588016
57.075981205591816
5.538957247286376
15.567366430552333
35.33356548236359
55.09532474132112
21.135565875082712
41.62807305523816
53.566538412317776
59.71978676484988
32.28339176686947
48.08558809651805
30.40493202455906
60.913263157317495
0.9147032912640114
30.209413941860284
48.064799652402286
18.530470916258864
52.31442926849742
61.54539470386664
4.353033887478844
60.397353563004735
49.24104775470212
42.935551442917856
55.738152073441945
27.979404642080283
55.345343285330536
31.521558188687344
45.206592913483234
50.911714044776545
60.07774913833745
35.54146380810346
9.294746644055415
34.614447982949095
51.595943405472354
35.910886088700096
49.23620241054408
31.627815879547896
56.934952094445116
42.02209696907347
13.222452036418652
6.211946109788258
63.74934132270754
56.78273879856536
46.05742016241582
62.464616573541285
59.91907493307415
62.1393892092336
38.176706725041456
5.564237921446555
40.32566210388828
46.41991853458693
46.182843456207635
57.4264349458625
57.46400262723203
37.22796008219159
53.141416853660886
55.58286565885629
22.568678550246922
55.1763216107403
19.391173367566743
40.3319452949502
54.10143222107328
62.97746568291837
55.39676428020948
33.64236609411162
59.4628829535948
42.602180687036125
56.27294847353394
23.887956775404938
2.1608184950288987
35.034972203323385
39.475278239206006
10.526476915683055
38.02122355800469
46.99185630131733
34.22437071493559
3.7339300768543424
20.288810615179187
25.752156772750347
43.35270964545094
51.09601138991923
9.90389741870716
12.517825934562751
13.393272349698044
47.17157276032799
51.73274674223675
35.307835632603826
60.94519534045316
47.096269374484955
57.84028049014837
58.308179758157365
58.592470703778794
63.86663946302293
33.95997738744754
19.036968798931092
58.81075231988985
32.8296718373765
26.078174363799903
19.765901075508992
41.17053767707924
61.72084931688239
44.221329800992365
29.259986823034147
29.210908708171466
26.128246645426437
59.079875428396335
58.66397585514227
27.911849470984052
59.070398648619644
58.724561996476915
39.99947531926569
30.36402724315812
47.705836217501044
55.782959373744575
11.490533823115129
48.36666196463707
20.05710300371109
0.5380821560432167
46.24447534780489
46.58237870342972
4.091493975952297
51.87130766371602
24.87970728818803
56.52700035759702
49.62609436218516
30.885718729149865
60.64647642113568
40.29480677640146
19.96268985964869
13.444693682991485
32.14009924476537
26.891674051706723
52.12501462827927
13.424747488676168
34.42927121267001
19.843806738688507
35.439074289143804
31.623593726977155
46.40683227031366
27.286167693716635
46.13113092460879
6.057322177408906
30.637016723723306
8.998826104630858
4.3344875995635235
43.59695232820516
44.441504587851526
53.64964458872993
38.86867636150537
44.18373093324051
53.274834131305276
60.83945810395244
4.984694502240586
20.241075175354766
8.517079781811354
52.29020558246855
47.086200096238244
32.72510532199705
29.239875553546653
48.19088992863489
41.357103473504495
47.20554518328289
22.466727975441778
22.29283104599579
50.81932307814694
41.529476014581626
44.769767598556534
46.8204893740061
49.671877856897
47.38776504448414
14.205819737167701
40.942702604853906
36.564773201357625
49.0594668361012
62.99065127376868
43.746937665569234
8.245564057451148
41.78099378075773
33.31842735155173
26.531729246207178
12.747605187144757
10.957551263739
11.16567154563296
38.73855599307733
61.34380693596113
40.97921456476096
59.875573153377424
59.48818531021428
55.52201891874405
33.4440491503507
56.83384741140335
34.6689944418181
38.25772336300297
23.725481435226108
37.869528054948766
25.32097986813536
59.211398791502134
23.58095596356405
35.18054208133434
17.805131405603454
44.60218282950662
39.84799418366944
50.493404816171385
33.608497908262336
10.761585553716522
56.54348727553818
51.80038912675104
46.08817850073227
58.528169538718174
21.42809780255449
18.429782413601764
49.289557964789736
21.38256500141174
60.30278581708311
29.657866024659107
54.418396087798634
42.46586486430661
24.853374637887953
39.797453395365366
43.628116785855546
39.58704208928671
58.35153633946233
52.23954387837255
30.279347632743495
56.964668420968316
56.33407799761483
55.249346052753324
16.411590114996343
25.906025747137605
13.632588060746166
18.068180755869406
54.86186421440279
8.240480349496387
43.30355526872478
32.72634442850223
59.94752773371376
42.43641550435181
41.4884314865951
16.185126309517372
39.03324299621168
3.0211379503431033
57.22603929651006
48.22334561585411
62.128928410011476
26.21499229842769
54.64720437831833
38.84253142069535
61.02473995187001
48.15259064914563
17.831130183279832
47.294052052995234
55.46363602575868
48.50126885558437
28.29076181125759
31.831752534640273
13.693447557876922
43.45479868428269
42.29921370569329
46.976292772351805
17.130931022783294
25.281784101775756
19.755555854069428
8.38543138945505
18.68997161901386
41.73165684929005
43.5473234981619
11.938670900164993
42.51258225754592
43.26432943358853
49.22898301457741
29.702886379747397
53.276042175057945
53.471718335805235
50.95838012337623
55.107283450472316
52.33771319634522
48.00342555691654
33.98661263651457
58.4145927942301
51.747820582096274
2.725898141371019
58.455044148715665
40.04937479843329
26.186704361096254
15.820087121148482
24.499661014043703
46.08613898506194
44.625190241418196
5.94582505239687
58.72331434950398
51.175998008854926
38.750584616957724
25.964186867342413
58.836741907415266
24.603739485832214
18.056854851902365
43.36619578146018
31.76050254507667
61.49755916459298
20.088004185236706
50.10908264389499
53.24511622202985
32.76268448093158
41.743164625686575
12.010873009105232
34.66400180202747
62.5359589790972
45.207579060550344
62.08340191560214
28.925453065757893
30.157603387165373
49.34295913992604
28.550610152472636
39.36612898704041
6.646953920282407
37.205701671510354
46.783866644538485
15.930510393928685
44.48922013507583
44.49919892131125
32.03738505121173
46.96969416343295
31.650672506550094
43.29037005875166
54.90028683063788
55.650849785432236
10.864023067148608
20.17222962030511
53.92833479765313
37.34144511988658
63.42927168446664
55.77477375113574
35.418822001971165
7.06518939744992
18.91871965336815
44.381389444415916
49.77915553673104
11.314670512014985
63.89227383615052
58.55706050337772
26.856449647132678
23.892837332217923
30.078777429652213
49.04766165330634
52.1397988037136
37.27217154566412
47.271016431592386
60.888474074618564
21.789841263251084
37.553657851850744
17.009141171658264
34.54956065585979
62.892041981811694
60.83833481725889
37.53908931857262
47.02390217203797
42.89172531955142
6.870112527704869
51.33421351510792
16.963923677329404
38.58312140487985
57.0029011210412
23.72483757276116
60.63387682264722
20.846027342213553
37.99584590978699
50.03752139839618
26.796125054939054
52.89481148426674
58.86919970385728
36.41305020173803
20.056656563295398
61.94329782694619
51.98752238523228
45.97156799972349
63.69144793877728
36.47324716030944
61.56158611245951
55.727481977474056
56.01870240310292
13.926563762078189
33.327711943889554
57.34433249087488
62.632148494419795
43.82996941974159
58.92002403713936
63.548590782534966
61.48377838544969
23.19370303499769
60.24069670080941
46.420339905880475
61.11859722489997
17.181271756770094
39.02510900582171
34.326593468472865
22.53830873973824
51.92299132725222
41.50666217086824
38.14533857464719
44.45477573652053
42.810579950935846
57.997327299913245
39.16051340985918
51.673784941170666
16.75967735603502
54.68685177279259
62.626765793365074
25.322242234473585
23.121576635822464
29.907108441537403
27.2000962313639
51.161754631205326
56.45360255942315
48.00988904855299
38.906565535394755
42.66851514000163
15.546692188215118
49.22393014436019
46.705492643426865
61.56634712980419
62.80132451581879
46.38947290024741
57.776199997832364
50.46439283050705
47.723607636767724
21.44614283259191
30.567008030541786
44.27670234221657
27.373881355787553
23.021178447827936
