40.47813995531853
42.41029947404722
5.922257182595118
51.97826139431509
61.13875367772922
56.57900249515768
19.20066087672995
18.853601102608863
24.35673965436669
40.7125959003226
56.967501196506134
10.171694640206113
21.58492600030197
11.734534224599187
23.912491223658307
48.77555953796483
23.354335128577674
37.46022305647459
54.41009968207801
6.557412327032274
31.16089409495629
59.40650997808573
46.01444577234976
39.68854427114967
46.63164609905496
40.702559654466285
60.15156843027712
38.75684550812765
53.61219569332607
58.190024869663766
29.00146886152549
7.1474787656167535
63.38035311359502
61.06608274097886
45.25915732659681
51.36139113730587
44.73232083726618
61.95690871727678
63.05915441408752
19.967741477053046
9.541933206561794
33.85382189395152
58.89598178318994
20.565515540145398
21.32807583003835
62.690104395087204
17.824999064031687
54.104725733878524
15.000179805748466
10.52186438648696
56.10332862055869
26.38170034877985
4.060750642908502
39.89791470331499
53.24638560322997
36.96307947510202
34.42276757614538
29.091619602763608
54.06740008441632
19.08068963928315
11.469833431897982
53.748445420247926
51.734224158459
50.708545333024
10.144473308097027
10.013924867013408
52.97670536102819
18.18725694358219
58.20611083213185
26.471576846547087
60.13380933198433
36.137664875793575
0.42164597142961924
22.50816289766027
29.028523471355875
16.424378762700428
48.649245855672746
63.307903713662895
28.282994373749887
56.92174045330224
46.52821472035696
55.905374211970866
48.706924871656106
60.29671385801739
29.46658305817099
60.77743801664619
29.092395214956554
59.62945070729101
53.028639476329225
31.156507141573698
37.556789740649776
30.876749904037283
47.04217404260292
53.08937755063583
58.366718519992375
51.957146141298395
45.68708815125353
44.43341406950138
42.167005176923716
63.05829674124033
22.67179471714244
58.40533397998573
49.50519021854839
34.45765559240664
22.81842924456617
11.552705539749759
51.01325367214529
54.143241706037024
59.935813342376505
50.91628082247073
29.78809075635685
8.09754793124975
40.4305432164269
18.322117867019344
40.435837391887745
51.659838242965655
18.984579281912012
3.49507953220742
47.31406539658583
21.46957921613621
30.706193569445546
44.74200013910345
63.71894688696848
14.034141616539351
40.24118119600398
61.59488869896646
61.10461910293354
15.958068965709408
9.866002094959711
18.57257520492349
55.402289058684815
36.09790788309357
51.8253895101713
24.441161566708097
48.08388972475905
35.851987216914395
58.345257022151486
51.96741181090097
37.52609892795307
20.41214484831344
61.81891019741706
63.29794319439102
57.98550671884505
29.547353588548816
57.023678891480465
26.811292445666908
59.55192301189832
15.093024997378208
38.00709326486692
52.46101317732816
51.39601787743941
52.858769730251815
49.83918204396833
8.332098825596852
50.21715101361666
60.92082751905785
50.427760770547906
51.77130100781349
58.60821520517995
24.280876465292557
57.70961507320825
55.2217780463635
34.68982388301049
36.07519754100223
33.4363516548499
55.56480491792352
60.563313225995934
26.3964327246835
20.07559289307892
57.19674415823448
56.75677575669794
54.769526592367626
50.6930274256666
38.22581999933533
40.07670926945073
45.752871319720924
57.7785921600444
20.535073368589238
24.324388673606613
30.08410932082186
21.932696971758205
10.369061833771774
63.44722450629868
44.13823867656704
59.44338022144589
38.44665194165813
31.951400154951685
39.81665455139655
27.699454546491573
46.589450612864624
45.0223043663192
48.601231777069565
59.42561253008377
13.761739373727906
49.57271157929093
56.0200599844222
5.723026120071459
39.47731464393008
54.65231985886871
47.628668821509365
19.17232194128509
30.498293722781398
61.24723583915434
48.838439888153665
35.847575750334464
50.60138708581309
47.27026776511991
49.02375392788633
62.733401600245166
43.02414415561097
55.69885920373433
5.2591430917515325
8.214178544166714
59.016724368729456
58.89953187812445
44.643582029678676
46.866754024216306
61.8592141638483
20.036261834627624
16.286039572703586
51.75078438162818
22.724689011978626
51.84502276925822
58.02624670077078
25.000096033052927
50.741149097357315
29.081201272103186
12.439860708822621
55.80748306517705
30.152707185188007
53.23002821560192
25.90353501198664
53.089636651048146
10.767637699539023
41.33861301235105
42.64510169678617
53.90634999809351
54.462241152721866
45.15856127171616
55.0653938581373
39.297116294419865
47.33357126451773
50.65892130178527
63.59791908453626
27.420881745680312
30.227699768343655
21.21100399657101
49.30892943398196
46.057190436767826
51.11992523884635
32.70616597719793
43.38983917543382
54.006019788832106
16.59924764028677
58.590376052890896
52.33218294248463
12.573486818829764
57.56602856214491
18.93050275610132
0.16679624614942412
40.88841766951258
59.8582725716098
46.51675821552154
44.857353672402155
36.29398846352048
56.76850469371945
18.847963745502085
2.9807741831097943
37.852968466252975
47.97071973802446
63.28030091035485
43.08057304815004
5.276979630373553
46.96875021417526
56.50609623120576
2.7160874670212607
48.118251963947586
44.047107759512556
50.32133519762969
18.332432372634862
53.9994042793474
61.91002417885658
40.1494519165187
45.77876360067978
58.54793404846813
31.007620321637276
61.2621088548521
50.616167483505436
43.00229972708915
56.93335148484743
45.86432053109107
57.254939867244424
30.852656594359487
43.20972471880232
53.72647786992297
55.287876371145835
19.841896756558405
47.823187163965656
63.84089607264169
44.53198190594162
40.48103038775463
59.99309101634649
46.93933918280292
40.12203414513817
9.488117528799286
63.29659520269321
34.88474871419685
39.91617694288565
40.88496719284675
63.90964196575505
40.806850075408036
10.071490876109792
49.749829503280026
46.167266633044036
17.21438441987867
13.854491352176005
22.04966965796718
1.46256737061519
48.05091855810449
55.55194302745976
32.50633304285795
60.43728442676612
44.56522204590678
59.111951055402535
32.12237144819548
49.92084542342368
45.13052172867549
39.1840985149985
43.8199583426769
34.74429497682387
38.83974178606981
27.365318691593465
62.96043387752803
56.34818791266094
29.044173749390694
62.34269940082258
54.1190782452164
9.657467202527407
35.37271221099274
12.888641568681486
62.499168500262385
42.64235930986608
32.001109959617224
55.72269733505458
57.32896382313785
16.369792830436282
56.30936927410294
4.581706005978866
46.86456574420673
49.2136266047784
31.940124791645474
32.35630757154958
63.89263440371764
45.88559494050935
17.641778719445
47.91432174980959
31.449678979170365
56.421060116826915
58.44476776209531
60.24291526184682
46.869634487409066
16.614826097299897
53.69172948994181
48.022467324560374
55.83112237697505
45.86747673163777
42.523765452250075
63.54330134584955
46.559758446785935
49.93192017128903
17.036499346326067
49.54440988210184
21.349769319798682
24.6398589112925
50.390149911185134
26.360305321502388
36.27097245983781
59.393689895665254
44.88785133877936
40.94086706065126
41.73567304982934
1.275325984213211
53.510094569164494
51.31267146737368
33.69178882177316
8.949295807373566
22.66727386495336
51.398822547283004
42.85623990667584
38.53926175051839
2.9179504383953585
46.93629795806514
49.26680367985496
36.558058240115415
52.66307668181961
59.961681569078785
39.58824588079554
33.16647344682024
47.41962706828102
48.916220768710886
51.78350445389365
55.61863814475521
56.672137241949095
50.31597262379872
29.198802953713553
44.4794082380927
38.31883837051184
23.0078805254201
28.410375991239675
25.903072045083107
8.846149140753369
25.22474692486847
8.755719415172791
38.0753399207055
39.38178920161023
16.185652932987693
24.526286641826538
55.78702812418246
60.60825693512774
25.276306818543084
51.3628856769913
61.321249222211115
54.86739636952069
56.8266742551768
54.461576195985764
48.37170989441844
30.554662321470524
43.250255623645714
47.798633707307104
8.428431412386473
32.28835909274504
58.27482684376032
36.34169585604138
56.69212028273152
25.388251940166526
50.8324903292147
48.48618985125866
23.92118711588048
50.98504801339294
27.68022948544541
48.85039819699408
56.30926328368192
61.47633225134809
20.91451718448834
49.190896106651614
8.615877555373459
49.01807321347042
47.18276876517658
61.12341716813167
59.69990793325524
60.602989073445066
47.32043424657525
25.296832735611062
32.201005799389094
57.61135534295586
51.25063305268121
44.0853206821754
34.11739373701457
59.04109573987154
63.27603835153019
21.983864221154413
35.19816199295843
43.46709797989317
35.554298065145986
38.5787698959625
36.94786611650296
49.28842707635848
14.205045283794497
32.996070055972496
39.41183748332704
55.35587944288649
24.737253466124677
39.70148813725737
53.74747082518752
50.96874325888407
16.518840630428222
29.757512131387188
59.84533058662133
27.002046553981643
33.890609975485035
32.18199853232732
31.60010686767908
44.94916709207389
8.255897916425468
60.85076924409971
61.26528344895691
41.62925350561394
29.290045967026472
33.243698581620016
50.76648282581067
33.73332033400197
53.04224928643934
63.48662141094429
31.773399696942768
25.90219319529802
27.458887427647703
50.16249663535813
39.81849752299421
58.47643405584977
35.94128254828922
10.395732230703793
52.943971649516584
49.643305463761806
49.474212168303424
3.669584346357105
7.596545730609542
40.14478532352424
4.662147381150646
45.01907486192724
45.1015758884801
6.048444052344649
42.31125301887765
24.345840273473762
53.398476466865276
25.601057503057255
27.038065385005382
31.790101920810983
41.47072756924375
12.987071553037353
51.61443518739799
49.215238448615885
38.86013861295247
53.747777967219896
62.738046097595515
50.42564514167165
37.619296008076354
45.62386410372398
52.22601253099872
51.9958306150218
22.79339979778397
37.972377610782516
61.033496571540056
28.585761787031522
40.2349331097861
60.42226212948328
54.1702888448759
39.58218471638692
54.27898832489447
30.173533512188897
47.95747168309198
51.22329927875782
40.04375160830273
63.14961460599027
40.37317128706103
63.81878123444275
31.580875500231187
38.36249448301843
43.818485996597644
60.60950186742686
42.49810642713588
29.444046130505136
26.99850714824054
42.8279984158524
29.664524028610273
52.52481327849741
46.27383766378428
34.3890325974077
38.875231055771245
51.966086742213925
42.58462377231348
29.295811454909853
59.35020635636045
45.4643504143976
58.35159301441524
42.45294185172073
31.360284440201667
32.47977736002086
17.378488915621823
58.59241156925453
38.00813316981689
10.61961870348869
60.759001720349026
59.35649540960945
55.58147308397711
26.775867350572547
59.36071904735371
60.6352603735425
63.775552777459446
21.678417753204812
38.32174203245184
55.90964465645712
61.26239581944991
28.43062938386479
41.8330896801764
36.80545365034237
34.229396075923546
8.224237401801219
8.248580463873033
58.12899727251406
60.57740386832168
54.14451028710439
51.759999631561286
45.78206022094376
51.77187707494537
51.17196469438871
16.21332332168008
47.37728474282488
49.11310177955122
13.342810786094304
63.054440935532156
48.78161940908569
42.080470440875814
62.655653240947174
32.96731694015563
30.28579582882052
11.263832023622086
60.91121423285202
6.527958408035701
28.709939047216167
63.01864001257314
21.813085090583876
63.55922318597076
55.64765282421439
39.38003667671135
53.19333306244693
58.2112720567587
11.827065854048783
36.10214662777419
60.901550473809706
5.822674557564007
22.70680156907438
50.389712275351926
49.75711205686538
26.67878504271188
44.995599871855504
36.91734233428591
52.136067220976564
24.384952181864207
11.201396152807995
18.899031619346147
17.319919670077688
52.46318070193619
51.255306539174576
46.5480562098532
36.4573306744805
44.21743055908223
42.82270975549547
37.21223441573534
38.55602314171249
1.4248888459811866
41.362625473718346
41.407751004528635
35.063455770911546
0.9057248284262727
60.90042472462969
40.11871086681658
43.25972323355942
11.953452792001144
50.435078535823116
56.87237222731623
54.92633680239697
61.05934485025229
29.692834149934853
58.71500192604591
16.793572875502747
7.718202291608073
18.282119268860335
48.51428468457828
57.58828305625856
44.68078142089285
44.68486987575535
29.210164780636283
62.97357450763938
52.35652201910536
51.53447570518058
18.572006919146425
53.996736869782545
38.178095834645944
38.076674109466225
61.87727009886267
61.20108648832212
8.811498702156975
42.72770421316331
37.965548969305786
14.718749506716293
40.34800238728752
37.180162615476945
27.02896575434481
58.57619707570358
58.52925336672518
43.651267150269106
39.10897165052873
59.566926280767305
42.819392809763244
42.79935930006834
60.04881313400602
55.49164435172843
0.3274403014771323
23.78413803447203
8.658798222500067
62.181414839808475
54.93921893664504
4.96798068196459
32.99229021724773
8.763654075752093
56.976633242150484
48.12040497091677
61.10532930762424
49.91486147656205
62.02820237535961
63.97170145605414
51.88481893483786
56.875060736649246
13.44042390741972
61.74341317153541
14.727297524085508
61.5754338485427
13.61675490310509
32.46269542005773
4.340023459716662
44.43495796242992
49.929062796380435
18.591768268081275
60.073484485868384
54.67092321774745
63.731918456437064
8.838991686443336
39.74983453675213
63.35538176267376
35.49463206669289
16.61836805958766
46.40638807033673
44.770059305193556
59.75605813775129
21.36036065598188
49.928194517902824
33.79914332637503
57.30298010471913
9.579309417690645
6.773866556826462
14.836460592403839
50.48432224852311
55.864818906792365
52.47714080073919
53.505629112774834
40.072612040645936
11.774672605376807
12.919995732768228
52.44340440572138
21.628453898668916
43.29853316827693
20.066337090139328
55.22013381827471
8.563094981783934
47.684888454642575
0.6082191191039072
48.70026469465304
30.79146492109163
39.4707381375644
33.12387482395053
42.73210778518698
60.71832672008975
60.793080099253345
47.27181779758875
47.96547436121607
43.96246450962187
25.398301356567337
56.523353256828955
61.43450283409954
23.389249236474527
57.583268873603856
28.595236635536047
41.48715015432726
60.138719347226306
58.465568192748535
32.52748966622331
35.86416192081568
18.187741681259766
60.03641074314179
26.883927230777758
28.345850799991567
57.61898703322265
51.385780482054194
50.89402428189902
11.335386416420775
61.63841816092499
2.8736841126787667
34.18393506000103
28.970991721395066
52.96804163098017
40.76090682856312
58.248133453899634
51.29259670808574
26.534118782079865
25.819168899748277
51.10081069175934
33.94318593712282
36.54099224974176
49.668217552820295
31.543790515536685
54.19314002847486
53.35736296772455
40.13265913181186
58.72599186490673
15.513056922510948
55.35240257691651
60.205317970853656
4.204383560310454
25.801123360439824
29.789293559311822
60.658769283019105
61.11414830454762
15.466957441403189
44.25251057329649
50.36812372963693
53.34489413793343
26.00807658301172
36.369599884144186
37.17336281774989
39.86490086799111
61.77529152843295
44.60328935144686
24.705723871220826
41.55902844522146
57.44924045200743
16.770909379681576
36.27577331948066
23.85469784028782
58.60684024588788
19.547568819706036
39.57521407547657
48.18093097704548
47.84711766848304
21.817086727498435
57.835681651534024
52.41519669550299
36.667098827170946
62.72418711556239
18.878672351361494
19.585663452075423
18.24454658282699
35.64158370945717
58.99379529179026
40.89609543413188
30.30218571089479
31.248626032417626
44.66859347463637
28.271630547318125
60.9558493523435
22.549789800120713
62.28614500967679
38.25627624381862
22.89249686976907
54.3853711979009
44.1431855967146
3.7969242995706267
39.57980369321184
21.14689584983055
47.71324808500199
5.963686559067725
48.758591727539404
61.12631102472544
55.72287344694353
57.23072179946478
61.89019475324673
49.44775157570053
14.344294864055172
59.45600457795562
28.315723202894887
51.04596956347967
41.63555081765817
47.70816871689389
27.561101795169712
58.77488453797995
48.57129283091907
33.97158802801574
12.82642528178053
52.28632057896289
53.99015430544803
30.284632929734514
23.432664241369828
18.427008101556588
38.733536481349745
34.18848382799663
38.24766470959272
14.692745174622083
44.35782704925528
47.532045951924815
30.422477715162934
37.922720423494766
49.2903386326238
51.65126215296084
41.91508070129315
36.98425044899962
51.265615941537966
41.420588558103994
47.40390442341632
45.246245430648344
0.5260401385807612
2.2719248376839403
27.02257211685528
36.450478902957045
40.95592673606457
1.5960596501997273
48.30365821651503
52.47378539787042
29.21830921453944
19.003065483724725
38.037953070210094
62.085862884634096
19.079220512661806
57.11547580405725
49.7780887899052
57.72141531537863
23.958451074843147
55.15143142837796
30.42989738566999
5.868491446234259
46.39065116274877
15.051783067139901
58.326450175239245
52.43089197654501
27.321918680686238
39.16408613137138
42.33282676513528
50.01164865492635
57.33560358324499
49.76267578867635
45.8066808293903
62.38295118077435
40.37919869650183
52.38582883741771
57.47736069358419
46.51896243432574
14.165422146568254
45.87505372055159
52.031599547330636
10.364803876105128
52.513954512616515
56.657636657842446
16.533768503226113
37.73897517466497
50.33041727522334
57.67302132914433
24.07037783117734
49.033433607536374
33.87883360123349
53.02502456140458
51.61537723570589
7.158253863814217
45.57899104739232
28.07518365043189
47.09089591328587
29.60009485167415
36.121189010183464
20.548840040680936
18.2047664184555
48.38363408598388
29.48539238445874
37.32548362130082
17.473279478375012
7.187613567004782
47.36253832708708
33.9116301496492
44.05753526009174
1.3624019194485868
13.407837199983732
21.361965600570045
18.54173201479543
25.12562104565223
23.07313235898426
53.32390244757947
53.376900089043055
14.90786565859947
31.45319802566882
23.602002744952493
59.92780578694222
50.97054324855974
17.285898133230553
36.496600599390874
56.79264973000416
52.24089105826259
31.113753655919226
22.399187038014496
13.23445755800136
54.62256651088076
41.777248773170825
35.91885734864012
50.02512956802294
23.168416142201295
60.049500071243685
60.62454443528259
40.719020171376485
36.511005781155674
29.122447224080553
54.804072804810446
55.526308666307315
57.41522299050303
51.55140204881013
47.50109043553388
3.153059254375499
4.995062965190137
41.763821321324386
9.833054942902969
62.198130142518416
43.4284596042875
50.41812272307875
57.26873322866688
38.79963563680916
62.75790437375252
38.22415454638153
51.714985558844276
52.842281211393924
2.374471339958056
27.597936897686267
12.051114823309653
19.49857373324315
38.97774014939143
44.009981754591244
53.40399076007431
20.817126564692337
42.33589803289197
35.10789770943976
58.39776228780255
32.812050572951925
30.68500847390289
62.10360934602821
13.377032193732738
54.75961130452615
42.360508623157244
47.73107057568841
62.650527414852576
49.8965267241402
51.330718544533
54.26071014956108
29.29963136056889
47.82920255026234
18.378036074596004
49.936171278313566
2.889735534559655
60.195553092911496
62.01162075910196
42.88335879556965
39.748138612581506
12.967413153852853
53.35078485209799
51.05704278707858
60.17287341616879
13.747454906381556
13.782483437686437
52.48446273125017
19.895868867585804
53.16921992694707
60.35569984625554
21.99932069330832
57.1481573555645
25.01404725844747
49.57949995377581
44.32437233370332
24.636893270117334
56.90214122743104
55.9548972401204
26.844331308798623
44.48725852150709
46.17511834691193
55.90368631694005
4.872579495549132
21.938719502135946
44.14031120512758
30.85940567540615
19.497416130598765
50.01695762957171
60.607944164602344
14.187293220192906
51.582399594386125
60.14975715279757
51.86609605553272
34.09450802420511
58.529247421654524
51.12873425098229
53.719044178554576
38.346335164753185
53.18354213297495
4.6990982840000655
20.54279609576154
30.64634761944776
11.308638094324913
42.984781310418725
49.01468172419558
21.980598203656008
19.2277576934785
23.56473547437534
23.131824154752692
60.46098560067153
48.26816907304101
33.85975555841857
37.30326945821241
46.344496776101465
47.999710014847736
60.761540347265694
61.39430815989703
16.077530078628286
63.23369843495685
36.951036596232555
2.465139072339724
17.535806927859518
22.409059261727016
36.00045641756043
41.16761595020132
34.99697710722608
20.24162657941489
53.57984950781888
53.39849838897604
39.206385035474554
14.76113188540954
44.16749903231516
51.432557958463256
46.76526836266989
41.01284111837145
47.90798702678586
31.65724721530595
55.15559788379728
24.209203770351685
43.123687017883945
45.31032187632706
6.168722561503905
47.00084366330061
24.968671419648217
46.4214174512246
52.929702496093356
59.58268360194395
32.85953241498569
56.67146764615823
49.68258633521711
44.57585695500055
7.517070743942227
51.574907406589716
13.521706227322817
63.141319642870585
16.023676600312136
29.962275426117706
25.275051295481894
60.505729295838776
49.36740951501157
31.9065618719708
49.77565719023433
46.103505967065175
54.725662993439414
42.597291424111475
25.771531787995045
39.52751762844379
8.319955356483469
60.17551277913378
58.498512057396574
29.177794936187226
49.68502243747489
63.513754854519284
21.729400198483603
46.59735393671978
53.4149276672524
60.35897958815975
53.97502873897615
12.724570925518798
61.24938347171295
54.18752972584791
30.894648384993438
45.059244625513784
49.622915942434005
8.938140406653105
6.275880825542174
17.57192745397513
10.012420583990966
60.479787435638386
54.43554035598502
23.63463248096599
60.78820652251893
32.568095136239066
51.64150030909906
62.112549491740154
17.850648269319144
48.583953361332405
0.8290761931324155
39.59026322225474
38.92908124549629
57.09044898828796
53.504498371197066
40.229989663936074
29.048404292240605
54.83254154775447
34.13106367531333
33.5749222151775
63.17266021268363
15.110625170291591
52.966323001353544
53.08218202833632
63.96362336864786
30.647469056636666
28.139204122688646
60.5521124429668
61.109557042996904
20.79549298013984
55.122122113678245
44.071415374260866
29.614448171767805
38.86515823471862
2.5862781027452044
56.35354767911032
4.907302832842575
56.4015068182982
20.046734790122095
62.43832799271264
52.8162445079107
58.654547091292365
63.981394788734015
23.66643444617015
48.210713916045805
12.539753278814302
28.413356198159
50.255394729767026
6.694973063867302
38.56715993343998
52.10043439420451
46.5787007670188
41.525856445008884
32.042151594015756
24.700981408887756
59.21911213629121
59.84040203966552
27.509064717328158
21.646316360716988
52.517811346025475
41.780871172215186
60.732463449798864
44.16550009839732
24.23063670222875
63.93427339391913
6.733033240265733
60.406335781694125
40.78103741581218
45.71565180089968
4.458551145779744
47.79611588897186
32.286150057631005
34.22685312994555
32.18310106541132
4.968187420160874
47.145811000725026
60.90952318127978
62.03615221959218
17.181131801931983
21.8378787682175
16.81627066177947
3.813179765015718
20.120437525277033
42.524543645159326
12.727783627664678
49.275270019576496
55.33293405363139
52.19734827237605
46.941483149864396
21.62532326686795
61.8664289149634
48.28624592362537
10.407928376185787
56.22516469142825
22.611159718221906
58.85151263487917
45.39016506285678
22.919942593838442
50.51100407273533
31.169413529684476
20.839768903632226
50.317043592092794
21.766851835700713
43.73947524895837
12.615604066265021
1.7994138969827418
28.251144022315657
52.09930175772499
42.079922007036515
12.38634157825443
12.06649862079282
6.20313505120771
38.97115638260246
36.93956482453647
10.531261840667966
59.08313779985586
59.35109763697261
48.9288112981356
38.2257401072315
23.669785826869074
3.493129686438458
35.337775946650645
14.873181960072706
62.93388293996383
30.499449494154312
54.162450325416046
29.131778591007325
43.85622358533463
55.65068616550781
15.449342090891257
47.729214970983946
25.298199755289055
48.40356024260825
54.10529305748601
48.405424078719726
18.825130779093186
21.117802867547
42.89630725979944
36.88897705388974
45.11218361204914
55.404817231155235
62.84136432036843
23.9181709248423
32.45778987960333
58.00408716811376
56.307112569706646
57.593426181331445
58.595045784441666
62.79098493172158
31.532679885637535
53.16160325118218
17.590465582960874
59.42365723204538
49.4603444318784
38.62894828892564
50.00916230777853
45.93114581163597
46.969756486115266
38.06680816383219
17.47794944254035
40.00154454762164
50.52853430772138
34.404391999872246
53.02507630486858
13.950450534309113
17.930227219352894
14.1608056613196
12.256793639510612
50.33093347282185
59.871792478531
32.39638090159649
29.61048328403745
28.737881708368413
46.147528000075596
41.05108495968324
58.10632391891552
52.16355595215269
61.28408485573209
25.91204582874815
41.779925367388074
33.39341781467431
61.84915328121237
51.02915204178353
62.5402105251847
54.82655641493305
12.279061030479525
31.44534494352579
6.410277213399517
53.9204248567366
60.8719969950059
11.642826073232165
36.93496153185173
51.106720925975694
22.294603488095717
15.897914258367535
26.276506457208164
39.48389295256878
48.76148309475091
38.28316786667369
62.08178326261268
36.326218421784304
53.39305226765342
20.263877258919635
36.3380696629983
52.15333824866096
44.116779597023374
63.29860628161204
0.05200655081576144
60.24011591171941
55.88422893659643
7.267556516143927
49.47945289516252
22.685648151569623
42.99476775767573
3.8053490010246307
19.30325586973654
13.320698082184535
51.00020587259312
35.70514877776252
13.267682641797187
33.52088382452986
33.8506326255077
61.72602097137996
43.99835990737413
18.033810729284852
56.723946783484635
55.85806217705592
56.869845776565924
37.692558958670155
33.630136972769265
39.331916185944976
41.57147611899268
43.00655983921144
58.02748768992228
43.66688988869997
52.571713416955205
14.264038191295711
59.78480649028586
46.25158542064336
62.40463976315686
56.32547609154935
31.388666407702488
56.179011469816665
46.059550550312146
18.346642981045605
24.536798972415703
40.943987406436406
15.103893689041719
18.850831906111708
60.71800443636233
41.71725000609552
20.79810994453171
20.62309934586525
56.82102611516027
46.13385251962707
34.974478570194876
36.11195751375556
47.31716045796638
34.88146609781281
47.978618211301765
42.37841762070866
7.123864123482591
10.309844659801428
61.87606758498822
5.3440756340279165
36.21747542269757
37.43615870477139
37.27551237127014
47.97946945330641
51.6787177074289
51.40299603672257
26.367230769919495
14.040719492974048
21.148333873329733
59.36725741682877
60.16696734435992
18.874732634116285
42.216173733845466
55.168475343643166
15.777929616887576
63.44431369937163
60.81740081725092
22.590819148223638
15.655122529014179
57.014189424810596
60.53657773773099
32.73479411294073
63.39181934338358
60.70572847100674
16.9878853664871
14.46518512709752
31.113624417274835
2.9189769802265246
60.221282841315805
24.72269769408456
41.67052359056537
29.979745332333664
60.879985898902554
43.67272292389697
39.85352266405792
50.01474972441882
0.4485512390125663
20.50956385308192
54.004771098973386
40.8149418326137
50.796056858921474
23.757287799441634
62.54250730666239
42.80997352032867
58.55642380446954
57.77738840518773
37.54777062331425
14.614381914961967
53.954295910171595
61.11787365085912
60.266577520261684
36.65008716273584
52.94078619323297
38.690157452491036
58.4027340656863
32.53654372469762
44.15624052854152
51.40698704552303
14.014560755260625
60.895487830364715
45.75705591708656
50.36036657368972
5.51495265855452
40.251338751347014
18.84542568681647
35.912273015783086
5.759993802300819
27.043118145475518
7.004051280742033
45.26920968354021
9.094066653849175
19.587551897140415
34.99749189366818
36.08366092876432
23.58992479656184
40.108773441202615
62.17376116813739
35.62184200627267
27.949105037409936
47.27586293579898
63.96010438225191
50.273744823356814
40.5387768564032
52.00845287302647
14.271715203294669
28.362852720970217
9.81258593609278
33.37347968392321
63.955538284227586
46.84350980028465
37.29934900304201
48.029795708633046
39.06008510743939
42.54325844775397
32.329568438425554
5.356285477405542
36.71073748704802
16.446989191665374
24.673684043769995
30.30456300673729
61.67922125178816
43.195298697888916
5.606953688266103
35.071598098198535
59.64975771073795
39.18714820420543
63.056829551206874
37.39077404933115
50.6303151962227
61.03484873167842
16.907094322956944
44.88282844421158
57.8065437783602
27.994568340729835
17.00919919438732
38.69074488667333
46.76080385559395
58.530206746032725
28.811149390833975
57.94070123831227
35.7833005149774
37.23524871470574
15.403056499424494
57.34958467192143
1.7762192982815534
47.67494293504973
57.587483230227605
34.39638922052663
23.18728991128745
59.04111826242063
26.285567067796073
61.90358014812588
24.448786772256113
41.6358417729558
9.975999494242927
43.08432195016877
63.944651734903736
54.74180572001986
62.00501240941871
31.734820391834646
48.91062084778845
52.02350697989718
49.257447855062814
34.854822847571995
6.533699016679854
59.11189890579965
21.6760454322962
20.533946949817974
32.892428905221195
52.160187741796705
45.771104683631435
50.69313054937484
31.734402677040258
27.216963351451312
36.52793954253312
22.1959955994188
52.23279220954042
44.65577775096537
13.916919096696134
49.11173036270712
49.92743724506432
49.51002729054905
0.43539276851244324
56.10348989920219
62.53469467518939
28.1655317994814
51.7370280028215
60.68599379684424
35.63751725386323
12.86482825952426
24.225627351110234
53.66475490286459
11.3648826846701
6.445096044866901
12.355158256764945
47.93276580310692
60.93236118664143
19.128740400614696
52.297802422047795
10.205752014671347
47.90841738614197
1.2667424126360274
33.65924336817666
39.187507330207005
14.593677691275936
60.94213823697117
51.24579833127586
14.403287949686174
52.27722975006971
35.741742673519795
32.21588186434424
61.72728742300938
58.469017126723145
13.027769458168528
50.212601427117065
22.35381146794083
60.827746038514405
29.488979830059307
41.595449308541596
29.831476669620358
46.81734598054345
33.758861980453396
35.99791025486023
49.32822887240468
38.5313002896179
25.36484991699089
58.86611524310133
43.42390806347323
40.33708755134121
55.633545409722146
38.20752019419578
56.82725852519877
35.470352025898805
45.073575622349836
61.53198784241733
45.51872959348091
28.161836708019102
20.575229701156466
49.709326029339955
23.529752546856663
43.30574269960323
43.52199840147411
49.178397022954
55.98433027240386
60.69206859916402
44.331035993252115
61.18602598469175
24.272134602947197
52.25499744283972
38.144928657126215
56.71238342091694
30.889704775160148
20.83529915945735
49.225381360397435
28.387264776741503
40.76489074212694
49.173147002992835
26.49325325308962
37.94974378603811
57.15823036449438
30.84315201187769
7.903964849566314
52.6026649933877
47.02781117439969
44.85117127106557
57.269953582680486
26.822048012602423
51.06657976560642
58.65707142485829
61.28881478253686
19.248603660221065
26.65523981913254
54.86718065619282
59.48109327830159
44.95180096780715
39.07916169732411
43.094281881145804
30.530491304150253
43.60262568983624
26.623429982781005
61.86587587620532
34.028345425770745
17.199048800480057
16.80217107022081
50.03379611694291
35.162240679575646
40.63107713724812
2.2519137987306834
2.0295975666052044
45.57733779335782
51.16482954172726
36.41850719545117
39.983066009011196
47.13758927484966
61.539579217702716
49.48761902086932
15.37226527012956
39.53217902915064
63.05612422867836
63.14825434812037
31.755359148672994
48.609452660805374
49.25512359203863
34.705156198927114
51.64769787341483
57.11046933978037
58.774265853945025
60.53559361316675
11.596994844217768
25.482639971255132
42.370652370684155
13.409922842223509
0.15771110823272494
56.94195945350265
40.86861091312711
39.800640658623365
42.22228871673601
63.05778856884985
51.19778600822454
39.169522651506824
40.00012913732445
44.92672531190566
18.193654533322004
19.931437002649233
26.7100868788312
52.60811770039382
18.338141651293746
46.78812976575237
14.785900942030565
17.369237572859625
50.07348496428589
57.46567946658975
3.8179283600259666
46.809972437138626
47.8736316759162
57.242853384624226
58.81743984970234
57.331095675254346
26.760286242654644
49.8728375138152
61.15767663155939
46.992792849021605
52.58244573650676
56.17707777392319
59.61820118768042
30.975746943121976
53.85349607111783
54.18193051526745
34.51092011678317
31.19179312706197
48.43417461554934
54.76304824567144
8.038413511255804
48.108864369691844
55.811783377939555
59.615688017225914
45.65513486150713
23.16032394444906
54.96285388012278
32.75686184488353
62.983414922925064
56.17286607309446
55.92032963773619
44.174273359378994
56.46352265631333
11.790408542934301
41.79734668649073
23.449189233082905
25.189362872240004
60.31967827785169
63.92294004685309
39.63588475554588
24.5675998553599
32.10793571615889
45.81237801230438
43.081121704322626
39.126753158420414
33.23110120024941
28.28152504228529
41.36004714544772
42.12399221216177
6.355491581293926
40.36714592234304
44.29631089143892
61.350104347683136
46.86265298341091
41.88865541190048
9.134001900224433
39.999404856988804
9.465264596571181
54.88045808502674
8.796908568980562
1.9968579658026684
45.50671720986208
52.76448595002968
60.80762414268932
30.255970668146645
53.21824726848807
61.511233099442904
46.17722693398486
39.65305969582494
44.171778157765196
53.91233221056086
47.875708893030776
61.777055934145366
57.364813565947316
52.31287238453093
25.983158457211104
56.531954198282
48.7796748638734
8.93128837829849
53.52631166931572
32.95311446457
40.79298283597197
57.62602602565896
62.359870648260994
51.150053666623265
15.439956535370584
42.63977442478008
35.43785810197423
57.14172554913376
16.89646294769237
61.58789186625092
7.103114862757806
51.144872332417016
49.60613846984346
15.738683926797911
39.78284863266443
19.86973064362894
48.38144108660933
45.86832007103766
55.99313468194844
61.07021230386098
16.257208448778258
51.05295507361092
14.122722826006182
50.20465009415637
44.0727006906683
37.039944560850515
40.82882120546009
40.74240171590522
61.27824043575288
50.79732442466191
60.48298593678969
37.55770474072337
7.460105335877316
13.338185178479165
34.80623171960261
22.115633688487506
53.930136735940465
51.51018201819481
42.8812495044818
33.109773489319224
54.53135007118629
44.90079153514395
52.44107446933736
35.869967944920646
37.906782552001474
59.18609682398065
57.18577189572396
56.565520065301634
62.67874448440452
39.507980346372804
36.77377286854079
7.863707588205898
43.2712444470893
35.653241699298505
59.84305059962935
46.741713952575765
26.281810687356206
47.994737954351166
50.13929892673061
24.940342824374085
19.2773377982792
32.263003711427885
53.22742726476709
43.88227432324961
63.79639137888273
44.406878906565375
56.65242079942002
40.332597113941986
18.862380342934394
44.765616763574144
59.51475042841209
23.61498029367562
58.87150269178179
37.72252343565758
61.31929203199972
35.6476697889063
0.0720878171522088
10.552467048319755
8.776484976673707
45.78820149887485
29.194716128508034
10.522931974462345
52.14000613510122
29.193691498179454
32.99872197215231
24.257548356359926
42.99206273344103
34.01971941554157
29.211013420426802
62.015603309185174
18.30598544840545
34.34350927730908
59.50316478078919
54.15704372601823
49.437033237347315
19.984358894807706
11.824161426847077
14.888272716229586
23.399463610387194
40.950992005849244
35.31605890680193
20.62442376407286
44.851728029566004
45.44583958462658
44.209776602317504
51.63146161064248
1.9032913693729654
55.11650330395026
49.15926434067106
56.70655203524626
5.3015170545436945
58.2394104484171
48.455396059942
37.999762989015665
57.750808047230976
59.408007572715405
57.515984978125715
45.510574847827684
38.87502404631119
56.32054057837592
1.137078690898008
54.66448185657184
53.81829703761837
26.063277135488114
23.470511080477543
56.73627547939226
42.23659478980339
36.403560091580395
44.12128526964574
23.21023112432688
45.49463225775351
58.853401118105964
40.52533453330021
13.478175058521025
61.90459055707275
57.122013720483906
57.939778372248824
43.123300912382504
42.202641377208195
42.21866128619624
26.87363810955049
27.36356019274296
32.71875146375865
14.786913704529958
46.19982937200262
28.107045182034696
47.17196197372148
53.36318389182994
20.561592729268966
23.99459646189736
8.342720269709297
47.0466802459098
53.88779467371731
49.38018962022316
56.40991423393014
36.69680620188167
48.50253747140344
49.12107768882392
55.81232585464283
31.038196296159207
19.217042381053886
55.26633058894389
58.73099752766097
33.55511172173634
46.26251064568173
46.241270097508504
63.61084412670499
22.96764024196529
39.25421602449272
38.121294335249864
5.961383439492238
22.375669222575752
57.78465121195847
38.28871826482761
33.4102359728984
10.341955665575156
19.673321953163985
43.24945735105429
32.9989461846527
57.63279775515319
23.634176524672192
43.49979675478946
36.42942223296936
31.511856886086846
60.32548957865761
38.9348927676391
23.940487113239953
46.614181903465486
28.62637489619862
19.634226669030582
61.86133670131999
41.86449931779855
38.803657638949446
22.310447971301357
22.45858419137106
25.27122668753948
51.739528658663275
36.308475999829284
5.984448842552304
17.287156039949295
0.4436757641468816
44.250490690217525
44.408207406617095
12.50499414836316
48.185909339045445
56.12143857437952
34.447945562935516
52.15067296982448
25.9396604054888
50.76996954187661
14.765918685442074
11.92399831757217
48.584973926549615
43.45161367381982
10.765826986649984
52.05058113307527
29.592322912984272
46.584102064738026
30.99919478205706
38.76589115609124
52.772563588935455
29.89040022804732
40.73125899756526
37.732873880057745
22.42510079441015
23.144037944395855
30.056446509374865
51.47867596978634
37.82621020158135
11.821935808873043
23.97269814152242
25.248499488764338
60.78777037757055
8.282555243007451
12.82164566791284
43.73425286787682
54.99412494900844
32.92522960542544
34.041947811250935
15.33794488130205
36.96218087260597
50.819175833948904
51.40820160148593
32.07836708833652
57.29251217669006
58.48157941320008
55.46276962837749
28.57203462121298
59.63265355560815
45.66036493975095
0.6911924626199522
51.75786770714888
11.135314496766405
38.832378544965174
50.45316304575749
61.04289294139405
1.1075680946402073
56.26798953573858
52.199338289744674
50.584907686013125
54.503176961395134
41.07212961941041
23.659800076079954
46.41762500579007
56.47678906110068
46.3373239672556
57.882298768622576
32.15507278610919
52.45980164299598
37.77372451955365
45.2926429987602
22.075007962276025
50.15503211556883
51.09715571085373
22.315723559653158
32.64797071145298
62.03283196883863
15.800985960694817
37.18866593966758
41.793412244046564
62.92589639168299
45.297398609116726
59.98101724443869
23.925881944905882
60.81434780593028
62.81028067194886
33.332217934695
36.676141448807655
53.60877731394836
46.49824595141769
59.54264813413982
48.96835386847027
32.52866211468326
25.250327432065212
38.68036767686151
22.522397099223234
22.839335440487673
41.461010009288735
62.72597257008117
52.53945779716154
28.88274182481753
47.100719824219716
57.83113677426978
39.07128861261823
37.29862917692395
48.39078668398272
24.717486806844065
63.2112001604621
34.69135579653436
57.25643538823129
33.9634512940663
58.69361465942243
16.759798426341987
60.10190396727525
62.41694290125293
63.42564650178999
63.63798999506545
24.34865761103253
56.46010250777438
43.38389468862299
41.54339268168619
17.770663760986523
53.86708319100951
16.21351619297117
12.71701016046135
43.7898464352293
44.60200072292393
62.731471983069994
40.64657634650564
6.148675173715425
49.79327320372461
55.35492902764423
61.48266393384295
29.64272283035684
49.817597107677486
32.268304668226
57.87145284391747
63.7303349702308
56.48970063093496
33.510175058361654
5.373788508387065
