60.61760724479804
58.99126407154686
39.00666728129417
15.360434392149173
62.160074849976375
52.351998875453134
45.31761502300503
35.48856914448063
63.88540092542071
32.83778765720733
42.44197863037199
26.770395633201943
21.17267879151602
29.490531133869588
33.671187664672786
55.03512607998344
40.84544716142848
49.73788150812387
5.310869936415791
34.58580813886629
38.59361069867079
5.868355815499839
46.60060954057616
4.61733905346383
18.961135576876195
5.824585039316069
35.583804114987316
48.46046432748962
45.882873833752
56.19590474775387
20.6733358806786
59.2718506782349
35.55272795112195
45.94459429662389
25.474634486604387
28.073978055690546
44.41041781764359
33.05394247003193
61.7192399820398
14.752314947049697
52.66240187082935
63.84295525372761
31.761441592010023
28.132490604403976
42.51123754643986
42.708263307043836
50.55674401318355
30.392445312078124
33.155253182366195
19.464405462705216
57.26395484722728
60.84781466787416
29.017501550016917
54.9761624109943
61.40593160147678
36.35735346868889
61.90752646236792
63.63361796135236
24.389097602257415
35.70141914053774
56.58906647853988
34.11359064712224
52.12759278731582
56.073362900920216
24.41041831057187
56.18677688027661
44.38979003650161
56.23219975113635
35.53612946177033
50.434020791947304
4.849770149849974
39.985486864056405
42.15524520847405
58.66485981341971
62.179104878344326
52.359545236147284
47.23250760583828
43.4560839381019
14.939464105424236
47.23536405783414
55.29465608553014
21.09109280633654
20.53916873921098
57.93230795558148
41.40696503887023
36.988381955599905
24.228700526489128
31.42969659354381
30.882429375083262
3.1299226213525984
17.10272245172959
53.1085977008621
30.5612121659306
29.467850951854096
40.069740444886264
20.863295934897444
34.89396115618848
42.68339393857393
44.968080882096686
28.679726480427256
32.814883353489854
45.5439951158524
63.037246227702326
27.37206186918845
31.910154768155806
50.3431461392363
61.88438372775015
42.611351982997974
25.247306909926728
46.245431440185804
55.06179866682471
59.40730725002211
50.31616615127808
51.310286442119704
41.9257561641471
49.342842125793545
48.00672006598671
44.82885999935402
31.993883308413928
30.474601524979768
4.205855240922531
45.54644916116091
34.24363189881532
51.0669217270835
25.0283261130958
28.108136423984234
32.07984210920047
59.373706021787314
57.799693547967316
39.399998438114444
30.951824850863183
50.467491542403195
61.96820287186485
50.96898749660147
2.4598138250226427
53.96066475311978
31.117745807799466
0.3108370523557653
62.29043084825475
54.06118770242601
49.12711556420043
1.3290817885192965
34.102830340597336
36.62903739881901
43.25116884757679
59.37223386773603
31.22060064726565
22.35297217308709
3.6702013630716905
47.98967475303255
3.855235818874675
48.940389718238386
26.02242040192411
59.628818488491376
14.210571409835673
3.37333867063235
45.00140545118431
59.43387860620653
58.54341763885873
48.202937280829104
18.517525578802292
38.815537371116086
37.58885009127266
45.838034105335126
27.667415686503276
47.03588090297333
41.29844402837437
43.309244836107396
56.100481011507256
54.77010609797904
27.319115985473182
13.93375242809838
58.434573399175605
55.93937950335615
55.955117411482064
55.36976127411721
57.58767611763554
52.33247985755817
41.506423940300294
8.36491943256545
55.56122695556143
22.759076678211798
60.861852071545904
55.57292115343766
30.431385524432237
54.19188980426246
38.1078535005111
11.502140008892226
54.393910946348285
56.37706180953942
29.09844239471652
24.167652899910067
59.92129280217334
54.97418535975975
63.36889535859805
63.632830065269076
47.09518806882802
19.612889254463823
22.000770330763466
53.11568419125574
63.92917251276217
9.09595279053287
56.34211954777701
21.409391788464227
39.562309221873534
40.296269535448516
46.080051958698206
8.032084247432728
36.269958985333346
47.55863834387486
46.84277590715911
39.786269443340906
0.37603790447155205
54.68187891416599
47.00363380128189
44.4864329728192
43.698273725301405
0.07427412924296561
63.324927337352584
42.14919605607112
30.096010257577696
52.276499878276226
1.0887972301500994
63.51929506312775
42.82296050399718
17.05685051881632
37.82508850149193
47.294115401295045
36.09958872271761
51.794972219269354
63.30258096590614
30.284210649658036
58.41674478234821
48.495851478917885
26.574548890336402
46.18479707663877
43.07095446120573
53.700406298632245
24.503583962837645
51.066193720682115
46.21066913844929
54.97755979335234
10.046403430717852
50.08788631825513
25.208589258060933
27.3020685632821
14.70185157700567
58.697109336340006
53.065925264476675
23.770348664028155
27.96837301819123
1.0693649048396807
21.135858102629896
37.732581810703095
31.983264981232026
47.825372994127804
50.98546801148332
54.59408985174661
63.00488682193904
16.67621676326403
55.13831540941446
18.23950253772375
42.20238131364202
24.39149515485525
46.41185194070095
52.23038964346797
51.554369340355876
21.50150638403339
43.97834945585673
3.69671074986924
51.14933539996062
36.478439312581614
39.29953445474915
34.41729734948922
51.81738060361266
27.30994797126572
35.868794860028714
23.390132696467973
44.49815577368716
21.105635511316137
51.02220305347697
57.171543975958734
10.103829663962692
62.61296738638131
24.18287393846763
36.515043015396394
39.49854416059758
32.81467031833145
24.081541832453745
57.918889902179366
48.486577733334784
39.280508588313154
35.39002163068487
31.802232375420097
33.967799654952756
38.220647305516636
59.70038037408407
58.906046352674494
5.972307083778098
29.200211296731126
33.10781649271433
9.651225624174117
25.886638101227582
10.803736154322287
39.622161473930944
44.98819689437682
2.9612912681362573
55.51211242935452
44.76835600503178
63.06541014157634
35.08008221105289
44.33716071350018
21.841220745181552
38.6018958601224
53.98749363826274
53.091102630611516
54.72423950051415
57.6446039211128
35.91026902021014
37.77110498470189
8.064237966894432
16.866958637470837
45.119619204398575
21.350612377139086
10.79878123123958
59.758446932801576
3.4075360113447815
24.96136606107946
33.69522099758288
50.46254051611877
47.2612099475289
48.39308125400754
32.9380186247582
10.95465441723308
33.33925046661646
60.92858733262007
42.89545625317842
48.76030555656516
61.531860757283766
9.626989938361284
47.29860045520866
30.56557125935607
31.422765764722172
34.823439908150775
49.085576433354845
31.588501625436862
39.01853919908063
52.47422239739191
52.88736500946356
43.65080763898449
25.990623398510344
51.09254639842962
32.853265904602466
48.810524630672816
57.40048860105786
22.677196169600634
1.138519771127811
53.77645240239165
45.00405929865672
52.93829998048883
53.6899518401954
35.03038775904448
60.19189804954331
61.47914958088723
41.37025832085524
48.23915246430279
46.3478019216182
30.68562933688085
6.5444663485263845
51.97078159277628
56.838084656143316
49.533518130678914
50.72687225713567
52.640698404498025
30.42240847700969
62.26442332314196
2.3754335293496496
63.65568215264188
50.4141982760653
15.796516924349007
59.70424763437772
49.28438693240976
5.63396408556639
39.51954986471959
44.16877315288106
53.34602834557801
20.876335807072778
42.56430019690217
40.24319364639834
10.285143719850687
2.1322443540400897
24.781357347705132
35.24570079654389
51.16469793527798
10.243827454486855
25.80318399524709
31.119308189969047
11.19285161423202
54.11594529798504
31.161747862570714
44.07346334746774
44.45089479809292
43.309439658591884
55.36319286021484
31.369740267688307
59.306404001308294
28.49199725828219
53.976095636006136
8.592687303971147
14.253001786088873
33.54307388835043
39.51168794237904
44.45117439311887
28.035418857889958
13.703441105722575
18.01432340753493
44.207603125802024
53.16224720307083
35.68145534515736
57.05748228128121
20.70308545052592
43.840090439342944
50.084724407637175
37.358100686540524
61.45281521828657
53.60127492827076
11.52138581674378
48.51343507579281
46.54970262764223
42.33283937448111
37.82859567910319
55.19224440087443
40.77502106439023
61.782078214288816
41.128734046541545
16.342903384399385
43.977447667386485
48.42383713313626
45.38828874096265
54.83571065469346
17.54675225045296
57.478871952848394
34.39659444193372
51.11744275425758
55.71781472100483
15.091548686718951
18.1645251407043
42.26350922581396
22.84357500378558
19.189417369832597
5.081124973518747
45.08300636977702
48.609752974634105
59.75769821128693
4.508868109050852
51.19901146452187
43.40196249544398
47.758826431798084
51.21964892233416
46.89108203605592
22.494157548079897
44.88726711237072
28.70016800153074
59.351349384104175
28.742326737580086
53.321815438134145
51.180530394208944
7.319722286316853
18.268836582760805
54.30435439463189
16.221311921013978
49.03910306607138
24.470768245299908
48.59606863369094
28.761284846801402
45.69819735081781
61.44367337962882
31.255374251339425
25.271814798927473
31.225129949824627
40.97273357449471
41.29516147382143
35.882546019339344
63.49402949002853
32.37444772254925
14.472059665654385
55.822472823332035
26.658416498071375
43.905997601301664
46.23723480305115
48.10947757897258
42.63317269706936
45.596950449333676
37.085913589345594
59.84079748789182
9.049834206006409
44.96054254338799
47.16237897208889
32.11229427040206
43.973824526257495
0.6820754266441398
34.52362362617826
15.068125951566124
43.684080326565514
56.030076433078506
41.937566508708386
30.062879580070764
14.937085137345548
41.11751528113963
46.840640896708656
48.80799411464937
2.0423266988323263
61.72153372603384
47.91931256622571
33.90397164717788
62.505684218298974
30.577995681117464
62.30374261974743
29.24552803539475
60.26908073396839
27.70099936339112
47.953359356524594
57.65980014588297
30.479732682784082
29.82350889210167
59.51386740207142
27.040910283166262
46.98914287218285
38.362290635245685
53.31570723269099
59.5691515293548
12.493457594386669
59.775548184031
63.561526916041984
20.982579664452423
24.501202996636415
53.41795174370428
50.84729861429689
40.10619862052303
39.91292387759029
31.737087921511254
46.08144164709742
28.96016508255598
57.52948981779319
35.01058927378013
35.74947026618955
19.560031904232517
27.141253112423136
35.96812484695661
40.42449171712389
40.07802067091231
30.080810679996446
55.2069518194679
20.126889038006325
32.11879666770602
61.127574948966036
61.11773680879425
63.152762910985686
27.704974657783325
37.99357955026235
29.704893581966125
41.769766659404
38.663485951793874
28.339170251758794
45.7446429344197
55.49578983775666
59.10338458904076
53.10304022505094
44.01605173669917
47.1548419789366
14.904414033372362
60.623072930925204
59.390654907032726
63.87842320059271
30.306901147158946
33.345617405116855
63.31112522978586
19.796522106924314
18.657101751829757
31.46254166433213
55.01012303218348
51.36520411857272
49.15855261032568
12.316643110633123
21.831562484990172
42.03945902780838
60.859488147838015
3.8335407339736847
49.860503494792646
55.487756686210055
27.162394471828414
52.15567411290891
57.20720148925968
32.746530051600416
35.0878961054901
28.373918740448623
30.36513339137666
34.255441439389145
54.60257597919209
0.3106845464949899
56.25776880414652
39.745111265439846
28.025909465245647
52.63602864073805
58.5746770908804
54.44384959755093
60.4980572805549
39.56960942865855
51.835380540657724
32.24213318674198
46.47013531083212
30.334848468199574
63.992807239845
60.372648744283765
36.913673789615736
40.62762230401897
26.987712630080246
54.59492337075692
63.735274477318356
56.865626003581205
61.8972634391692
1.443890516807933
3.6212065186895686
15.474546257762398
58.81703048532023
5.981293457499014
40.37630861581737
46.18632489907884
62.696503477311715
55.46274440464914
63.55795629415488
31.495979264344
56.24496713285217
35.471460740724744
12.817125202879417
43.37313114018993
40.42534172717162
42.477687122540914
55.98182420149696
61.74937113204298
44.513727520537046
20.908166549937086
21.95000485832835
25.877781251175648
39.707551868776854
35.46179476932056
57.18214360077429
56.52716326968965
37.235085163566964
33.976096700529716
42.365699273286204
18.74051450700984
13.406262191613187
32.85285535663941
49.79357518139424
12.444702726281797
63.18510399166747
38.11496878307186
21.799954922130425
45.54121307239291
19.791757131048286
48.31373830296401
15.489155260974648
60.571044514837034
49.08106926026657
23.553930993144988
63.77308723024809
38.88493100330619
34.28523513206849
20.01944462747982
61.81594287620044
39.56912879875779
44.246584115093505
44.04484886154775
35.816179023360284
58.95151324676901
25.30729254343563
11.584238645141525
36.39779164781818
41.83502160583414
55.73403151944598
49.682115642680465
38.55596145848108
54.42057397662727
43.44944610657652
32.21954691560953
28.422427446523294
58.99692843340975
57.2962870803607
34.65641865123999
59.07931790427541
61.660030007344915
61.42933280663603
48.34222381603064
44.76366224946465
12.15823983220266
21.906514241277016
50.98802498671898
58.11188083926975
54.191661127745114
27.93208004592048
53.30928094856198
50.460763069354016
42.408889274403805
12.44781908570895
0.6011465092857193
34.124892322111855
35.317159737049046
37.3775816849047
22.70896653672385
48.215662768553535
49.53224022833144
60.934753989568975
58.59145473960743
59.738733176095984
46.90269477920427
63.040108343511655
41.64101418938347
18.9045461931142
34.14026646958585
26.53198905546433
2.8179827784758515
49.428770987202476
19.376054761146477
61.556851340507656
43.683944144116694
54.607453371500256
39.13688741876898
43.313059569840306
33.925155980733265
47.10245889199695
10.846181182047715
61.69894209263301
23.772058658915498
41.9913515758235
56.03992482381715
27.512729182726176
15.113793644027602
49.79874809779825
19.2751950094111
51.11953908873444
54.46227804208129
19.01278281571323
49.497882998082446
58.365035051919804
26.494360255912376
63.5628747986079
41.08276621751535
63.94545838525919
17.29415305189076
51.542028042455684
14.81670242362604
23.51624120097256
46.14824810247339
48.2569517740876
57.75252287875312
33.51405660196562
60.6028300269442
33.44645920978571
11.372232984355442
54.210692344713024
44.21826399606033
0.6875058437564974
19.441173795509393
46.621664264377245
62.277616816195845
39.27899773799246
33.8225544341661
29.701904408229133
42.57762667361352
47.063212775239705
30.69079308255867
4.557978358788553
50.55241473115868
29.20916795355076
32.84033217020601
54.949842659755035
51.02976323627603
30.33427743471058
41.48318781860411
23.43175179081831
60.71059495991848
9.269142610513306
43.007910422514044
13.225005188522019
41.499799031719824
48.06548443524006
43.10256465113092
48.67187102087023
61.49488154697011
34.20333282521756
49.29369460632229
28.047394765459202
42.33965388210339
20.976878567369518
32.107840255348904
59.87867873360419
10.819979236578668
48.45033128064914
46.50907042273238
52.16457794008902
47.17381851253926
28.151694504579048
42.983117842668634
56.101329677420466
2.606515184374409
52.78804233515956
46.8768178579929
21.71317451464879
51.70582210405139
58.799576766007156
21.491571841106598
36.92906308902058
30.68895571682922
57.043223391406414
54.415728658746815
11.82816849249199
20.827485517648604
14.022984533926987
7.60155625494864
2.770399113068258
41.32557005102376
3.176200661980644
25.137508323480375
9.401414384405165
43.15278469720678
59.13935712142476
59.355201558548906
45.073837878525325
32.15515347966808
39.20709089125311
50.281601989997824
48.58199521314191
13.709996680822933
62.20435883451787
3.366768995852908
55.710688033160075
55.747227676471034
49.00170641488289
55.14494310222804
40.05966301065832
35.43128239538026
17.834443110506022
52.16535900697263
54.102518584314524
1.4253195241811767
31.866691837382028
35.51389795953399
49.050405530447115
49.07210994032255
53.90730077678521
60.906550849688465
60.5783189725196
35.72711780362785
36.23924457475141
34.71116067394576
54.498332128767174
50.480135424082974
10.125163812526552
41.54613832452107
38.61037488542118
59.528263536339566
56.04654582426635
40.59305594195611
34.51983512224648
11.001964686899441
61.13250115084811
5.228927868850349
54.343506205242
21.921241800578763
1.2867342054990587
58.86066921263345
33.7268755099748
48.819961693571514
41.09361050613879
19.710014148752812
38.44629053664211
46.19203436177334
46.10284890373465
38.030532214309034
34.410403772772824
51.03706232094753
51.65079849843913
50.55783381297531
28.665375814035855
7.468017907305587
33.72377236259946
24.121038521706076
51.23856297125069
48.14835305031001
15.36723312204829
38.64975912780565
60.215245949156625
28.684269932821586
60.04537435140746
17.681812234872723
36.54780166051232
44.28675336342427
60.586766138590995
41.50254931281489
46.23386226380654
51.69288760143737
38.11369264169035
61.30229316541438
46.53767568297485
35.76936791218094
28.53501094457222
36.464715873169446
22.541375946570355
48.24044986680693
47.14235745901807
35.582847565060916
50.077177727106466
61.52273173415749
62.13691926493248
27.124720473629438
18.020839510619524
41.744976886277584
43.91545542498076
35.296884870607016
38.75065141141599
53.94840251483058
50.277522748408195
63.265110964362655
57.889243402085434
33.85595900703424
31.521245027068375
62.879806491077005
26.0958132782607
43.510354701072885
56.9056220251695
46.69034520082356
57.74968492978109
52.4963672809968
52.02491705249052
57.10749383576524
48.953992394482356
61.83067228852607
39.138111212149965
48.42520632762347
49.777459107357465
34.82796949045882
59.301229001326945
53.785801704118676
44.72720166099758
58.56170095043661
62.70585714007316
25.222423305833367
54.70317948206206
54.86165047439805
61.720749040982255
52.331901873054846
51.28392593796867
37.731680141913586
25.347216756886276
36.93225583879186
23.907364952510257
50.360608113227876
38.315919841234816
43.15576791159202
53.944756979906224
62.028206695792704
18.637344995881286
44.36171028180823
55.488029523218955
24.392062686719953
56.56486776460304
33.216491105738314
52.52333601753691
27.53627059971565
8.41002823202684
28.098175868811687
28.487345395021705
60.0600048478762
60.93402223982885
1.4802824811247248
32.881518279340014
51.434901137406
58.253273591490085
23.553858830835154
47.763867841576534
58.47967601544256
63.991928353972064
32.9788496959294
17.088079161685734
52.12419864908906
54.053496111858315
21.48371232143024
34.36769392881406
49.75475056123651
62.19443724868445
42.29498172609115
1.552561830775815
2.3985991836809006
47.67513744673091
31.584434256747265
30.098659775799348
20.28063637889
2.866537940806076
33.81023448473258
2.8782326006416525
62.66232617620169
60.7347632136788
12.46635681987
40.12144257055314
60.35045670497717
46.87814622104355
60.32555736503018
24.852398931611972
2.196988379000409
41.38091670806625
60.85201529683484
53.153025283319394
48.568625672384755
57.37339410751208
45.050104887226624
20.940657234342552
47.06240603956921
58.543570950051375
22.196678460564797
55.25056729521644
12.343186508833945
41.00708609700513
47.46476960691766
50.13347344665061
62.35088845108042
56.30389637301443
4.171833248239373
44.34983765747182
18.948335119937262
42.73926278083819
53.37589970498762
44.62013127990291
58.563434179059755
36.227374384701925
58.77399106946077
57.763827157867574
63.72082223187158
21.036585798127156
54.04031050503711
12.333625957330433
36.70313161475299
44.92250240499901
40.93045791931765
16.5683251147629
58.19404255988337
16.682626286350903
37.184140964020386
34.66428514522386
36.70004864217852
38.04114577351964
31.133095806507633
54.07202166262411
38.98775476855302
47.166440321321886
60.88837669349568
32.684305628181264
40.359298769873845
26.242333539270774
34.17329851450664
26.158347100081656
55.40940041959813
49.808573546454674
61.07151429154466
62.39171463588016
47.42940769343838
59.31444182485687
54.62504444779174
60.32511797637857
36.72401377431982
55.68160375937465
53.384673997800476
23.04395804841988
63.23980255011111
51.76880863145803
23.829622123315225
24.609278844611985
21.079130232579622
9.959937584914897
28.508172402353914
31.67406427309087
51.52492820239665
51.08145335135255
60.387431105535356
31.1999293851624
37.39376446672104
30.737976283017368
46.405676872643696
4.45653698663277
55.91773066590395
7.578547787108505
38.089268200375244
5.869598922870146
34.13425551216499
37.936510979056976
61.45098569948041
28.722884304778475
33.30178713786015
14.978635531910314
54.67229562365202
36.341691084410925
25.068462695748124
23.166580959816784
23.807441785437327
16.425973739050413
33.81202294786238
54.81699023877296
26.71606065742379
60.33765832235502
48.251628661267496
39.34195308769159
47.98922172850207
26.560502617225865
57.74766888352102
12.557464737819501
28.53023916589874
10.615637991657195
56.1362479414431
29.353597268124695
60.039834279210666
33.817833471248036
6.442255142085308
28.873132450513054
46.11102296943352
44.85889633154198
21.59156619933951
51.19995263323826
41.42423437584185
15.291697642928561
12.741492718618233
3.7607427187026587
23.6376891443633
57.77257895336689
35.02625916091435
46.99506317643691
39.03865156573386
4.968585721076316
46.55225534996228
54.14782860288795
52.57506299201957
58.422925148398946
17.395435027837024
38.01149392272295
32.63760281431886
3.1197135814640617
38.087526895971536
52.88492203532661
51.567299967292804
23.508498928944896
57.904332259461114
36.16331911201169
51.77117970351386
29.43063504309316
10.461980095997681
62.79773362569458
50.32186466816496
36.42304562192273
27.550738279870643
43.836562194713096
21.643382191476988
41.12517384135356
61.546708950406355
34.55672319211689
20.782288556838807
19.722245074064226
32.075600510638
51.13902471463302
20.38117863784896
20.700670966572964
29.38492677227849
60.85828129247483
58.61448868908976
11.767789905254695
26.511395036040938
24.583290657266758
13.197308657077407
45.11177446683229
28.44581374786496
10.177104345399961
26.465392395382445
28.38358683059272
18.995335807482633
50.60874904953637
37.96524484841737
23.133481783319993
38.82912842835649
19.59103988901272
17.71858481504379
42.80349186328054
0.826409081521021
59.99090743084127
58.05300822503673
7.7898067229709795
1.6027090477423371
46.74646166015855
52.60123968722686
44.07437272282027
53.53575065763846
44.76191632255411
34.723817673670325
31.602781980716408
6.225021709826116
62.44646022676859
28.857530487642137
55.06210317124946
34.997662653280976
32.80829994958302
12.618443884251498
41.18912780465833
44.566914982977906
56.595707713021945
45.36983600803727
3.6772827376979933
2.474911161596232
43.34445455001774
46.379866934993046
62.067156266873816
26.051069561444635
25.01839099931386
32.68894526052462
27.23742869208199
60.03459966115379
20.14562323102856
56.35040377679698
60.25869907160251
57.56363066309959
51.0876568999477
44.319745806120814
31.794841727084062
50.46171230139225
26.728846092194935
43.965341696167506
33.28613927605207
10.578981676427006
27.66522585201789
43.7641051976735
33.844285446829375
46.128748388725555
47.011748905566265
6.930075887676509
61.20208854346981
29.387788591886704
34.13440719771582
13.419493169682774
10.332280707839296
53.124011091288274
34.54526495809752
51.126655583254376
46.06751241346436
41.912194940117274
30.32013192545046
24.158273210205458
32.082171233551556
53.37066521260478
63.13871273570936
42.032566906906524
29.766323897209574
57.853966778115186
36.47701952855139
38.08718681133624
37.95880124610643
7.597981270148772
48.179075919899
44.37429830021743
61.40194217186136
24.462641352776153
21.7817535524582
36.150699610155236
43.83853985978131
34.63875917358426
24.156296489162422
56.58053175497109
44.82588270200353
6.161613452436043
24.924290753871304
43.490028584081735
53.96615641642448
61.15999401431415
48.09180011320442
37.67186336730279
40.67191672451262
45.97100875288824
23.016872338500434
29.24649641674973
33.7330606070489
37.20054430631771
46.795674895045956
61.96608613693883
59.77477970259929
42.16110713056602
52.18901372339893
51.399038816072355
27.032099096126146
18.42493065988829
60.96981104371074
57.723629981472584
30.217323608596743
63.37059212727678
60.8584476405074
62.85997286219342
52.840857470392685
38.1258306996675
37.27937553488913
37.29855171665288
45.165780192665494
33.82670369951737
18.074141098098693
41.663589404496186
45.1840453153683
31.798738820189058
51.823207743724254
4.523509554163454
5.847797017972454
57.64647832161239
20.365054975372118
39.97743580640821
63.10713043355399
46.478176646018554
17.580937252038346
49.499975142961866
59.46159003507988
44.33033331893692
10.03339306746846
16.10575554207849
54.16822751063746
20.451697523956163
1.0321128369916792
61.49873964338716
34.33937571607892
41.59937827906959
57.62117083128531
56.542602807554104
13.325067779513596
35.51592067144611
32.259203877081625
24.029637574852238
9.814418461221003
52.04143203438289
39.29326660938922
63.0537315496177
12.564229304622373
59.84029076877738
61.00636211836286
53.59121601332224
7.9440978605806265
2.4157522493965544
1.6952399275078918
7.001442461899096
12.91885898643283
28.848791742582094
49.19016688222861
27.655283870632523
44.856326975304995
8.750347484932874
33.033821209659564
47.725821997624735
59.916634838441
35.53243837914556
36.593935297133555
34.64400800002786
16.644340492465723
51.53138080246285
36.6677855463335
11.884207432222972
55.61402491780332
12.977519467872995
32.28903180079601
8.945783379045643
63.352503777814555
41.49055027061374
38.266830726850195
42.82560406824668
34.98397075609941
33.69504815925448
62.81936087660932
45.86141296057
29.33346255728953
9.610422742756292
48.786604614426
25.223810964999302
25.343619625643193
48.333050345304216
38.141388851567726
0.4401914898241941
43.229839205790896
52.48884532130953
30.600569362891783
55.74293678914873
26.348758415959963
43.055943454421715
46.80060080140329
47.3534788886453
50.080552506665796
58.18152576141128
61.440475523669825
27.116408779074227
61.75171808885814
48.94252431616471
4.304971715611266
40.63436831014886
9.891504404644827
48.20867256001537
55.43916084533441
36.23699260636613
51.73375347055833
34.020284095775224
61.866896500739394
38.74891900528158
45.70144273116121
37.53835012787651
59.70117242185672
8.060492285537514
46.16478729323623
47.31047843188796
47.95348569999085
27.78008373127411
21.49845570689402
60.95214169692329
62.21422897014356
38.05612870801398
25.18596933590282
53.28369763091693
58.695689741874624
50.20798226013892
45.90927184737347
57.92577286896898
31.819297684654778
53.19047641259398
57.70844251788344
46.289668399036955
57.319937248751906
19.42690203000282
45.65212972925121
40.55490627060229
42.84623458185333
59.673941652038955
20.772187988411773
44.52967543812074
23.905817391927577
32.12899141906291
52.78526704640069
34.815142170080435
54.84539314167726
12.785216463829606
55.57383358654111
59.92152861477921
7.037096814166809
51.884013779303196
31.97247668238289
33.25477020281934
25.208224054453957
43.088320138600395
52.12364344550845
21.61201804893559
14.911493812879208
25.997083251516585
61.423459749074
49.2592185671503
37.73145727273764
31.742127918530798
41.61603722752814
31.386866628997076
33.50488859102086
30.399240628248577
54.5200798587626
42.087931993383776
16.1500945393083
27.57743466245406
50.381344756101946
48.995194481202034
32.47826325612785
63.48815264530984
11.959135287909525
37.82176227826088
48.98982005183502
55.76200390924061
60.55672535423186
46.54989403868463
9.022969088611347
45.34888934826414
43.67427628729972
22.336576974745697
48.21399997113392
27.928096689291593
4.841093730390156
5.194109020551053
32.72867373322683
27.307446877345825
48.93844689482208
25.432387233921744
60.701936017327554
11.613624556407096
47.96365463608298
50.04723484591021
50.91244796914994
62.62704087307821
49.969180648285
24.16915941662289
48.903079637183424
29.128711954011905
37.68368183290731
57.51399599107621
29.87779675206388
35.67653025680606
63.795806631565036
21.946960874283555
35.493170019610154
41.930043539101035
5.136556755077933
46.38513815735956
53.99746902764971
8.844680227806094
14.071729747887254
61.12643349668915
45.15657358796892
45.67099200505788
54.534345658926846
45.94457063384615
25.2685910281893
52.687809380903516
47.32281425836972
33.02170068874692
46.23295973391698
54.53056165253226
60.530492447561286
57.62566448783673
31.67929912551252
49.606625399611204
33.981934903000266
31.53591381278853
25.436933042245386
35.010997416193426
27.919338273727398
51.987402754766904
10.7407034569949
34.836105383353136
10.855532871166545
56.52478926589866
56.931232778398225
20.654588460678497
33.520184877963075
15.735236981722004
6.589895934087188
50.42979251190666
27.34592860804453
46.85957516196888
51.181191919049795
60.744762328169124
29.688745357540483
29.93001858452554
26.599520077755763
49.376928772452274
5.115472008562087
58.27011649258306
34.333453241793805
44.350601773171974
14.351179482013116
58.843235641720106
56.819170977245044
12.662031702812271
47.087179609617465
61.13578742332144
49.2019169611931
0.49735153307637603
37.90186595189646
53.97645594676928
49.94542824018821
34.46791149973056
42.29072331010609
45.64932057646804
23.016100470023943
54.851254676764086
54.722264960656986
4.169565428279597
51.421792555970676
26.440918940990784
51.754848180603034
24.211813609274245
8.382463902698866
55.89809413960347
41.701367722838334
14.52063568051718
24.692329145488934
26.536366150510162
58.34811234485235
32.482742918769674
47.49763319539325
4.666734452014396
54.70070482069435
46.16675494680936
49.03788080237909
18.953166360217075
29.577984549083887
60.859611320369446
40.876193326921424
13.063952405963036
36.221208806490964
32.42301393116638
30.111450442658935
37.57693845010598
53.358440949111596
7.860699501707693
54.08522526659416
36.7868876090821
58.03863706055433
45.620290707354386
9.895423612791618
31.854558695680282
50.31008361586044
44.90853075695228
46.05275788617382
58.58530506136711
51.206079230597666
55.7797535273988
55.34921276086106
49.173139325293874
10.50771141909393
43.360479385628764
44.89093796716955
19.178154084734487
44.95506977829291
4.020985063508633
53.933129439446745
26.94311668257655
49.783593569715975
47.48296208550909
52.55013757094402
26.527820708550514
60.3059636947049
45.04769615262511
52.084838528855144
63.304184355884324
61.20276722994108
60.696041995475525
51.44912137665873
32.790711352013375
53.922453018501486
56.42000312186498
57.67966897150106
8.790375791984928
52.87116015331053
37.85447688163791
27.702356417442466
60.38280649399407
63.144003366121304
39.03963692851201
32.3459950135306
1.315292935793785
58.90496285387751
39.83751145784129
26.953664451136895
47.604679974628276
13.113421586589098
48.172430196566424
49.23037849457798
28.282782686758736
58.763861976126144
39.91016492707109
50.66108230881144
45.8372723629395
57.499876450822434
46.87078108725045
59.71072950074197
33.65667945160459
33.38869576357419
63.49754012878873
37.395675335475204
28.011922135168355
51.964236242999434
49.74409079308644
5.066882286322581
43.7127720359898
33.87221700805428
15.586020651192037
34.830223462196685
23.720198733913044
55.51611929845511
58.3405165463683
52.04988923087177
47.32738965994504
45.173393980532595
46.21008193321577
46.28869758848785
41.25923033154022
30.356153419171314
46.57675133112001
35.09603094586659
25.3255181610891
41.483488945702824
35.77428967150999
61.392787925405784
61.84863624621856
51.519270647607414
39.70068112363537
60.77099788217739
6.95241632549844
59.850071525896205
19.68787947078051
29.26578660168854
18.900442344935136
25.623430648379625
52.69762097877257
53.75931156516269
61.598161372572676
63.0162714803663
3.515853419933606
35.15950568048064
34.07068886275533
60.15647808248006
54.11425887106387
32.55152454371533
51.346164607213886
55.827169704930256
1.9375425196420935
10.2644376961874
29.794336655737432
4.549346587599388
40.028062350799615
45.31326193088927
49.80057471961125
35.38610003002883
46.969521030988375
15.882701664463404
30.732699635565673
60.515185313090626
27.091415244255906
27.235225219211927
12.551536323882594
52.96287162457865
26.29103318947768
49.729495131084434
58.190116218476106
29.511340048832594
45.17763196611503
63.499956513887014
54.05143033194041
49.327286044439575
63.909967819455915
11.199688493477758
31.341080932267772
43.92805136544639
26.09512154784965
22.792695526290984
37.45833336617558
6.856146334435103
47.534762107599185
50.30893903218859
17.914460979818315
5.292711244852001
62.30032315863749
53.848931455192655
2.0298794022293123
53.712864834554296
40.8868257500653
37.10983600659417
27.556249028675694
51.767898460909414
37.7694233090793
32.0630719978205
54.26822912956931
25.25395966333066
54.45869291340123
47.54183710888276
29.89877081211229
52.70236211999158
28.343325407229052
26.66121414150753
44.116079215068005
57.00917678411847
40.38228353882019
48.270075222823635
29.013728904106294
54.628059202367496
57.66437750573505
3.8409608053894218
34.40192207084587
45.82125403909268
55.391389349126136
27.7475093125599
56.515443431301286
23.08331860239123
63.24254650067538
56.55306747262139
30.686170706068758
36.59835431990236
23.611548629466135
31.110826394374442
47.25524678365462
40.41407581991099
0.3407627329837908
56.68581074624279
50.92774519264158
40.03661189812462
7.406100818770845
44.39016830424707
54.52572958196747
26.74087145626156
54.78477267390057
53.032485970832255
56.95428285561296
63.742919455285815
44.963488462026504
44.819308913374854
46.427588468714944
9.82034608919161
46.77076534251122
53.42867190347798
36.767340430239294
49.929118731590066
5.549716386884292
46.27949073715512
22.46660258824506
48.33897260970495
59.87398906261542
56.53860304378333
49.81888222916736
60.048662693162456
21.647439848854177
57.11950211962188
10.036807593810117
38.89207340767784
36.84244242184553
4.201431670831788
41.572295801530785
30.772679948123823
54.13937565691651
23.989947544485368
19.36156735347317
41.71693866655151
42.98532992717825
37.356330281490926
39.87629062856084
55.91181236308367
27.279119411540172
36.39001679113919
56.5356075755493
63.862664483658655
58.29025180284883
48.82653238705439
58.88291842482052
54.00444444283462
54.823425094190874
42.519981472454745
16.422660171525735
48.587275301887374
19.635293382786124
43.165510133243146
48.09850955782558
32.703094880956314
16.865809454147794
21.973742508397343
56.4146694327016
59.02275036138623
30.278333378856736
54.18995888485969
53.24502217923184
60.00530961726513
50.04433849326626
53.46058796883147
52.492197795253276
11.020101869578681
25.938929547857796
62.716306400326864
62.429288865896126
52.13537766368829
55.954757209451046
46.73712170006915
3.4198333583536993
58.928236356864836
62.56261095424235
40.69969036170275
42.02386598174138
10.550742385150443
28.910061404159315
58.27238046734193
58.00638866942323
34.21899469742698
29.76479266940676
61.69160269284347
25.204243836301828
56.22258526310971
39.783747425348636
47.42530617414038
56.109327199212174
32.507730041223525
55.17036557886967
42.934448501348534
63.7282319509774
47.80409618982037
51.42140354955356
55.6677095813637
41.11166135016295
53.36799028912542
16.76007161545735
45.832506021098126
49.93111906500293
53.92438049936927
56.96429333527608
44.579953466881136
42.16047968303363
61.84386087518275
54.492664823129864
60.71068463698205
36.077457346269966
60.72450056534068
27.56442454163163
58.27165785279874
63.05980500477002
51.02561899636184
40.395025126398735
18.860321966891284
52.10764219289354
42.469561504327444
42.66448900207213
40.622192393496704
38.37335208429461
47.63439436953242
40.21678050530872
16.988329809995385
10.259174891213355
39.70204971861657
43.025194571046896
54.712302765898144
26.6760004629281
40.84390855568904
33.52765967221073
50.63764112727647
46.18374135323351
20.530665565845425
48.07606893298089
50.55431424474293
25.093228301076692
52.6575405860447
5.515066192284834
47.88996967724623
16.051942892171738
61.41267864319883
33.34271474061372
63.09896542710159
59.2099648837486
53.021349566244005
56.35655926531703
51.2201528478496
36.46473142235884
53.601311107861235
34.154510688710175
41.15338352321436
37.569415335748694
49.5009798736379
46.86246740967472
49.67974201702708
48.682704479213314
20.707529154672024
15.278098621893307
40.41471017138705
44.80918640988542
28.473743265748077
46.78213158411444
41.00955926103736
52.34755114666891
41.60522169969279
25.091688316914187
46.706554875033575
12.082759032164596
19.91139202408408
57.88604540558921
34.180137041905596
33.78128879097615
55.445648707879194
42.04201562723399
60.01778893987857
63.96199843509914
25.928755521225504
58.240296173426096
45.18687279011357
14.597367304448497
4.0044293415216
53.24620374651554
22.1545098819074
41.68612529697583
60.195804437110475
48.905261831225204
62.50323593083661
39.04681311996611
17.76546000435932
59.299511232624546
19.394497855843966
56.005159256437544
58.12000362717686
58.35351735772275
1.0034337467732612
55.025658913106454
5.768492156489479
39.363754429465835
36.26496614812375
22.997420859641984
33.28985271707458
63.87148677740005
33.73324809130931
15.08676764663911
47.07875077715859
41.978426053696154
16.052805558861472
0.059525150572596885
55.631069424283424
42.89690102578084
54.11544722882728
57.65318839838045
41.79208093808238
53.11481518788338
20.29438873174822
25.655379734425686
32.67360265054986
48.57385837846613
55.38696923486009
22.943559051402232
45.176193518645306
63.202977010149596
25.267512077051286
40.75781331772157
16.580053906707768
15.475283473704415
46.22316426948922
38.196626866905774
32.755496621973535
58.95014200481818
7.3165223971973035
27.720305218632646
0.5851590652828378
54.23126683851601
42.99182275255694
42.54368538399063
43.76682877407279
15.159023661249364
31.690670217507737
28.823471017834905
46.1396269058815
21.872243332374367
55.21841004056771
51.32119721249916
38.509721730433526
42.3920336688384
59.69353966025455
38.24939785098718
51.79047390169636
44.01921009277176
62.70628059337828
58.66273917119006
59.79732152999959
63.175166498662485
62.67070478601781
31.59141297800153
34.0928384756791
52.88396776174201
24.45830045831974
21.78725131378738
54.727268595505606
26.291181635944625
39.45046670066283
41.301450335028775
22.131900056615486
1.6309578932098887
8.577402164114751
33.171185353802805
29.973590557214635
58.446216113448976
56.175670616944096
32.7863269142335
4.521915992259714
1.8240723255134554
34.35627340700778
47.80289172615663
48.64903258759958
31.18572464001692
38.423546361913736
45.22919970158067
37.536358742216905
33.192599006162496
45.07179696459893
37.58972235097927
63.76386866305741
59.3544089855054
60.034862126778215
60.327675367419765
56.114658834639854
59.09830456103482
27.85846890340946
62.6126498951077
55.2262789645028
60.118953578372306
56.09521819582578
6.243473994302072
43.18394526214731
22.75565383282438
15.794103567303388
47.82805790250639
62.388709376283025
37.62491064684875
45.27848762954002
23.0612829478641
63.578495546322145
12.79953894233089
54.357767788927
32.19706723956696
44.28875180362135
40.85344900536299
25.993886545879334
62.66066040194725
1.1015432896174389
1.946578015142407
61.947180054275435
14.816836631747414
57.928292969299676
30.28307510336797
23.883330720951776
19.51849331475978
56.07008260203268
60.30876442528126
53.07743787606982
30.052334968700585
5.813958981199008
63.21036242914906
62.16559299775893
50.71576050063844
23.235382559397053
36.11573081951545
55.70178765307035
11.861475897071173
26.190183630895113
35.17677598636817
52.6498531293786
49.19852649448376
57.27273794754385
55.32620566439739
44.39415865694582
24.758392573211033
30.879332376611465
62.32153572423308
58.52365889942096
50.06693681475139
48.30158599351287
36.28211425048683
50.4234492465309
39.041183158988176
55.035736959152736
60.24721042019826
47.017553608814644
31.26191677525493
53.12806287795938
60.966722787308335
18.032646674893087
59.324602307571105
63.30712763400117
20.361973029368826
44.93950464454842
46.91629235385498
11.683232752958574
40.22332181853648
52.84417418106217
60.456803108134345
