61.02457672447182
60.56850341635438
60.01241530705672
59.86991425364303
60.11502032569107
60.41194944417013
58.74889848637309
60.33818576978177
59.05018480885889
59.80698339400204
57.725551801510505
58.88825874493568
59.367045881941685
60.54937764250845
61.218471235273654
60.754001229642505
60.22887059540115
62.010565408782824
61.0088692695451
60.83915248381456
60.215373562495344
59.83507256247298
57.76905006166967
59.0789507545586
59.31890875866074
60.356269187218366
59.068960456756564
60.29447904507321
61.34702673260709
62.14356151310848
60.915714613564056
59.20928029753385
60.97892739752534
61.57376612862356
59.09187338742789
60.037458358807925
61.322226441239096
61.102631495064585
61.809431717069295
60.1206584354837
61.34542385137692
60.337964571831826
59.71805266206374
59.62744339283752
61.07988836977268
60.47597170023428
61.258785700799734
61.04077310299309
59.330476117359254
59.11171421078883
62.7362248892413
60.501800387319534
60.93900543525094
61.026441221980306
61.32378118773035
61.89821758358848
59.86796475448446
62.520697513905816
61.48709458860309
62.68538503889751
59.849322653744004
60.42341373979248
60.12494802224995
60.51085973110447
60.3740187771878
60.777713437893524
59.935105528001294
60.207297598181306
62.24877414001594
60.465788580533925
60.76289544534608
59.97583094734737
60.3346582641126
61.704327276161884
59.40818610030109
60.0112623121455
60.18808607633313
60.04697519193662
60.33622266082046
59.18697990551517
61.641967427059996
61.502244402930046
59.20169070636193
58.864749383251876
60.38877767846799
60.7364105607884
60.10687621499147
60.81349714709855
59.53201523139091
61.62764119403636
61.24706184187429
60.69665510760249
60.95760518857133
60.96102010863672
60.48729404819711
60.10186006535706
60.70257709602786
59.740980972122266
60.47022903123348
57.94255291373756
60.69941273005442
60.90914853173634
58.92637827932429
59.742078845581425
61.81694902145508
59.70864138896794
60.68532499665952
57.98632595405886
59.47893558108348
61.898877484076976
61.304239091032564
60.16419136782164
62.68400540130774
61.05010546319736
61.09824526310981
59.62682718209931
60.48015815609633
60.066886196936686
60.47314823216971
60.39794271632113
60.780654845944476
62.238345533746745
60.89705932911838
59.729796861705076
61.7542197065827
60.32706903458135
60.61085008771686
59.977458537891934
60.503640204651965
60.17649436512177
61.86507300735881
60.42626261993529
60.1512128043946
60.112528435856035
60.820651360519214
61.88334606442398
58.99415382877087
58.700462436618345
61.440023961438726
59.85063700720521
60.33991713988768
60.74449369465634
61.747327539874206
61.330700257132584
58.21693433969004
61.68819394148025
63.04443100987865
60.90948727379871
61.28032044402193
60.584665566201615
63.4866873383283
60.269530610721766
61.490844118987326
60.35932159313547
58.96984775531056
60.68803600020614
58.65272032691614
61.312739107071344
61.06958528178009
58.09804637074913
59.34497154191724
59.32542269605639
62.25968421478692
60.23381083450792
62.01269987807265
60.885474121253026
58.852297410747326
60.93991676532204
59.19456659388245
59.764005380996096
59.63309268499451
59.932227792157974
60.456564459006266
62.68964131607186
60.56933234876786
61.02674384864926
60.47768751016098
61.39370196670367
58.937940745719786
60.19162301024244
59.49797523050441
61.68046129647594
59.45403152154021
59.707635324546786
59.21093189088051
61.28294083825204
59.91252893441531
60.790983853315865
60.74461757088812
59.09685920805284
60.1438039287474
60.08922175445108
60.1429199044609
59.10592316866448
61.53149204171869
60.38764162708989
60.714975297137755
61.72592734746381
59.957526566434076
60.16180232855645
58.40697706093029
61.92984916927859
60.505637996761266
59.716921192462195
61.615665816309516
60.676418018232425
61.30078039643569
58.99491349421177
58.25171165428682
60.18918212984151
61.951342249927016
60.099967809489954
61.27843521645979
60.64474664100178
61.1330487585273
60.08325201894173
58.82649068598729
60.9998701068787
62.3945038973996
60.41507819914741
60.69768822174072
61.32602355466334
59.94875778548423
61.1968092490537
60.329976795796135
62.54068881310768
62.145777376962904
59.371158623770896
60.06898101333709
60.74975193378365
62.08901512744777
60.2540016775825
59.726599753137236
60.384860667669834
62.17028846338058
59.419096652808726
59.97309350656915
60.494335043113104
59.899128304613875
61.24604669694505
61.077014237177856
61.839059361770985
62.68811556137665
61.12113348258193
58.9357288253005
62.355823912443604
59.930829088095976
59.06300791652402
58.91081433123357
62.05679989380585
58.61808887922614
61.10496922327011
61.51600584543168
59.86103172049882
61.46374646704423
59.626308410076646
59.512024338174506
59.9283440454244
58.36212542118102
60.241960011674195
61.80112280652745
59.561871747116854
60.380935916252355
60.65742684917248
61.074417068030634
58.85956140772588
60.82297126219168
58.90209274545219
60.85702749883732
60.09242973223216
59.37320283825991
59.291920061638336
60.35823546027294
61.782846994453024
61.506714713008115
60.30023213615165
59.749893492573406
59.49575163832471
60.82929456074543
59.93436916669983
61.30981383690913
60.0038196107772
61.6390332542382
60.8928544622499
60.31232252885962
59.659953415185925
59.38149148449082
59.50362988705355
61.19866898186176
61.39121903551189
60.64779379986105
58.42914208711522
58.93813330958566
61.821765813213965
61.31978648321012
61.551698999228925
63.012542242113646
61.27190858789387
61.750334362676476
59.6619377173832
60.410552554787984
61.99976553292095
61.026483736579884
61.05883475964201
60.03922685780429
59.39491514638126
59.862818185328685
59.81447117536014
61.509035683392646
60.5034841533029
59.55915482599827
59.82267944340946
61.724537072079464
59.20554010866844
58.194800150971204
58.71780197650419
60.91224580304314
61.061883170066395
61.03325141281406
62.04737250254721
60.70563166726527
62.09495249393647
60.47354395922048
61.36414466576314
61.265759766363146
60.55138546149615
60.66408464287697
59.13284641904731
60.10481762890024
60.46900658319384
60.03840064601792
59.46619824521382
58.63109449912276
60.04393946978743
60.24192984975369
60.03505338123426
59.915284172488114
60.86914966526036
61.99002888926737
61.79665232925757
60.13958247182637
60.99589478789681
61.49260707695206
60.01821474640432
59.83010472809764
62.60607391798464
59.862042775592215
59.512951443937915
58.84946994641116
60.71732801140835
60.11548408455362
60.11444849959501
61.528986083814694
59.92780266970739
59.83142426679202
60.38569612518252
60.58560315209893
60.08850340801729
60.99122948553666
58.19481826078597
