60.96908091192064
63.566824481591354
62.94973891874953
59.4628442346074
60.51963492212576
60.568347148789954
62.16635976929269
59.21445304532829
59.52642692130406
59.16067872474752
59.86383166595583
59.608350414452914
61.150745697102934
60.47313001188122
60.99007493641957
61.2107465468883
61.876348008639894
59.29395970850898
60.12687819368313
59.85406710221075
60.14507021550057
60.494605265148465
60.58913249603622
61.86320322724323
59.6217831962696
61.731133662494
59.27381617404757
59.728341049632995
59.020741024693876
61.146797720114286
60.7994251688649
58.77671928794348
60.24741617624037
59.441749811742575
58.7523945154829
60.160017698617764
60.4619328426278
59.49550957731333
58.152129489531255
58.38673624304964
59.50634933259872
60.00014952582066
59.98792358628915
60.79936186948342
61.3110977479313
60.94608347302556
60.312653302884435
61.27770250879382
60.081553687912844
60.267051652050085
60.13567991774183
59.081441677561536
60.05596404165082
60.44754548878106
62.312012086171066
63.687016014098084
60.6343168826978
60.75267242891173
59.036601142778366
61.27005274273631
60.56871446825295
59.698794792390395
60.885066160362236
61.213162190802784
59.572901615591604
61.727148092496456
60.43600237079562
62.60243655134219
59.58691184264836
60.13743274773113
61.1633928415124
60.5968982234951
61.697140560383595
60.46010841787637
60.62057505081032
61.35506827141446
61.66852360257195
61.34863029829394
59.69466866792689
61.99909649668897
61.962492070841016
59.15707426330324
58.98960848728773
59.727195219048795
58.44833030058033
61.01637463961112
61.35158269320394
60.4176662628783
59.18070981319748
60.00323281767608
60.08062821330664
61.886788879079035
61.47412957689079
60.11637970842705
59.4465504509498
59.473931380418186
60.76130833722707
61.17882933987613
61.43252321112031
60.73958065133871
60.66596313598652
59.255694733563004
59.42528782149065
59.81186012201523
60.50344183284013
60.34761516300117
59.51465079546751
60.415872053540554
61.18818560207304
59.817093735989424
61.31902153243438
60.442613827381614
61.195486378446404
60.83376329758916
60.0246235607774
60.52179446160945
60.887909068194745
59.958098618163504
61.13476702729266
60.54067655984534
60.4601593327587
59.47954170178818
59.91020409224071
58.67705071451196
60.449870593665786
60.60544361584048
60.574498960075786
59.72439866163016
61.458508892189364
59.44501961921386
62.56154685519947
60.64062624538147
62.1853095974624
59.31908045156739
59.798778751453185
62.682917038962536
62.20086463238685
60.90817991861856
61.39366732838174
59.55457649073966
61.385109461913146
60.45864211796101
59.69369921769893
58.830369779323014
61.047618574423105
59.911030704358815
57.85562462093445
60.201829367664445
59.79615100123578
61.20253873482226
60.00229892777422
62.588388932193126
61.03682584414336
60.71470844522555
59.48287753064212
61.67826921633859
59.751191174899446
59.73936989162412
59.59404896965636
60.360373513975105
61.72597575568715
61.412063051994586
61.06649524088492
59.632167939172746
59.82178900073106
60.58406764609687
60.70033151094958
60.357989788721376
60.43103135663896
61.55744259173413
60.56389984889269
60.287391379682894
62.784738739450944
60.948487264280736
60.33740659427421
59.423587819932884
60.19544186866748
61.41936739897089
59.75082065405368
61.069608087400724
59.52256910631579
57.73842948487819
60.71293676437933
60.30833436525037
61.76487660050447
60.67339653906208
60.53511742001884
61.133678089892626
61.08695616710616
61.17539178855982
59.36626853779406
60.177934176577274
58.9901107992001
60.99061603115153
59.06071916243005
60.825736134164565
61.795560374529785
60.99930054724862
62.19170506958724
59.41137232205368
60.951293074036705
59.14126276574421
61.110006215577556
58.48909973429876
58.848069499465744
60.45177712556727
61.88162626472882
61.064259549668684
61.57274643601232
61.66752677463814
61.461462829303485
61.409674157901804
61.01842385561164
59.23471895086317
59.377146031501894
59.25807692760377
60.94378026012284
59.80554497261979
60.89342956237696
61.292210740108985
61.14741047107516
61.52338006109635
58.97655982396258
59.435618951142565
60.952995017026204
60.35840746499578
61.476051955842806
60.74308407713718
57.82917204594417
62.58958459748467
62.61839305568316
60.06300083459401
61.29415899349047
59.913414448479614
60.749241454540424
59.47079894725446
60.918207680478865
60.258937710244275
60.60040775033081
60.13258198794506
61.538670135383676
59.716125438208515
61.47258552558057
60.38468838116643
62.83515017655366
62.12349552467535
60.81282597579016
59.783062398258764
58.772505275107434
58.49853821424641
59.879779246373545
60.79665231292891
60.17971712681834
59.74941900609035
61.62068953926533
60.59072980192241
59.755966366002646
60.65559895806424
61.06347069108259
60.625793154644676
61.84393038104631
60.17591556446867
60.01775764298051
61.12435223388376
59.93793015226291
61.06119724201937
60.9088822608641
61.34694184302854
61.41932167461507
59.49460520430198
61.01795781477724
61.650980369849805
58.043802774656754
61.645208985662116
61.13587024191179
61.698515508505295
60.556029490332755
61.8515544106288
59.929147559885294
59.52214833879418
60.37723606598088
59.29154076896356
59.6182112349742
60.49540629092905
61.04326971030826
59.88846421125769
59.536549670302556
61.059514795391145
61.30012434917342
59.881365916380936
59.27976549069282
59.46778980566485
59.7107449603001
60.375734468978806
59.25147785643896
60.00248161742643
58.98268135886267
59.54522867692154
60.353363338516935
59.70678007913583
58.715205494767105
59.655845595216384
59.09636164197789
60.55601689808142
60.815639082573156
59.28996285796943
61.74081756988433
59.8906730609671
60.534258250444914
61.441802663218645
59.15592266379206
59.99995594689622
59.58540128077285
60.50009352957517
59.52957588903326
61.49185749702701
59.73934892993093
60.29513627837111
61.21491471798795
59.68611324735312
60.41216858822208
60.02241345368854
58.16965974559471
59.49203838264279
60.717168270947994
59.228671953917114
60.547859798209146
59.93245497570052
60.273240298730364
61.83573341273068
62.255905949909724
61.58444495371939
61.27838631081115
60.93944457385982
60.53515982894802
61.97655813406507
60.184617082448966
58.80788345795341
63.16800943879488
60.26686616426789
60.075150079660496
59.07639964772634
59.104109258451615
60.06612933246511
60.47766400757751
61.64968065866773
61.065918163329954
60.44516099797867
61.99078316140793
58.54138730174814
61.335640888521226
61.31702103020669
59.553608684512156
59.73483392878903
61.26337382229668
59.78604969092045
60.15808060194595
60.26243937243479
59.906610474978784
62.2999873746172
