60.051115613236135
61.11095605191996
61.98495288821627
59.43009586566313
59.93875227731405
59.69147110645837
60.901377612462966
59.985023678788714
60.17452044153946
60.42189079824049
60.52996784422155
60.92568939267286
60.09303246397025
61.26071473133202
59.995673490193916
61.821104494953325
60.959292169126456
60.500902493451626
59.75296329326923
60.86494430471444
62.28487252701401
60.34545807527209
61.14281256408209
60.01301099614769
59.57470260167874
60.992169631948926
60.308643849596876
61.286940090378785
61.07380581896045
60.98336187120006
58.80935797021251
59.80460078743129
60.675804489201724
59.52106617828329
60.78562420890379
59.32033120223976
61.335542471976744
62.678489676256724
60.94633566387764
62.552683264632726
60.19186337187763
60.20511985802898
60.98978209009273
60.237150937478596
60.683287608448
59.953955644099295
62.85326720532162
59.26995872007349
59.86383467072079
59.45353888233532
60.232436060646904
59.71077850118178
61.12407399194538
61.1560158538647
61.603580895434185
59.56145826710429
60.12959965512386
59.762866806451
59.15049360887965
60.39056611711341
60.70583142639188
59.97895624108358
61.58138522518419
60.0623791183382
60.84409804775706
61.68714285058061
60.62581761904513
60.127302568283696
60.225232472474914
59.80437362439527
60.25641125110459
60.29929010016454
60.754994138801166
60.86244084793324
60.50285942815619
59.14230481662142
59.54044673663419
61.38624249927084
58.46969408709541
62.61319414064898
60.94997161377916
60.34011673875579
61.821634445152775
60.757809922157556
59.352742895561555
59.27420459135453
61.319405454280115
59.69872269417264
60.27456035926675
60.383888328324666
62.46579268835252
60.40101712022922
60.42387437501705
61.540632056122
60.19502488938259
61.8834783882245
57.725177948833824
62.365139102478636
60.268155545365616
59.71557857009157
59.18001299786978
60.89234050303048
60.34849731101882
61.446111440095116
59.44158236493621
61.104925420010495
59.89847261030413
60.12980102111999
60.66598935132521
60.84961950061997
59.843199766525935
61.77136349606329
61.63188923780362
60.490888052333105
59.66786873663717
59.58842600443228
60.910033841693455
58.698506529799836
59.370169087838185
60.69866733826567
59.15106763511042
60.15164715827178
57.992994861292615
61.21881825636248
59.30037263643132
59.777800461272015
61.015046502271375
60.33173308926952
59.34613655744696
61.90551220105223
58.84776052395782
59.46912088175896
61.019418989363835
59.43314263310967
61.23796833075569
58.36876510575813
60.374815448202135
59.35463791152223
62.75379085802836
62.52488987561321
58.947628554082534
59.42385991785319
60.39863034048569
60.303853085945875
61.6141823442154
58.73280957934508
59.508531094863635
62.21021232189791
60.21234793648559
60.87845227341251
60.49752577540755
60.984323278003245
61.16115547458997
58.77411563582321
62.09872317496037
59.03709206005464
59.68004707550493
60.550822915931235
58.96409537915004
59.88397413330405
60.974631860588104
61.757665008288015
59.70488962060804
60.54776934566932
59.486869116537946
60.81922465765502
59.35084775509384
60.932309593258864
59.92512101476769
60.57116184101759
60.69478975366782
59.904036979732766
61.33743623463646
59.91962309677477
60.5434757565049
59.481987521160974
60.765194235341035
60.44494273645181
60.332759002290274
61.39185393076406
58.73560130495853
59.67742812203161
61.47874711993893
59.65147164258874
59.77587813596941
59.1207650069089
61.7018112696401
60.02304511605509
59.98243899149237
62.65226410063361
59.51136999187923
60.55297144626304
61.47804372223808
60.72370206756074
60.472309176770736
59.899808842960546
59.184144579265926
61.18830166902008
59.557352709849596
60.82603897778176
60.26945677885063
59.89698933654243
59.5884237184242
60.00642182702896
62.1649121346536
60.77619123465504
59.86511047980991
60.209804558376284
61.364844555524186
61.26280936177516
61.94454787476814
58.997596526544406
59.96693924197279
59.07539374466817
60.279660488567785
61.62275182686516
59.6942839842232
60.735618419673514
60.293320575189775
60.76991388054068
60.40684960564388
60.82832940590246
60.97705072771135
60.73682216050531
61.42514045893194
60.941120298801
60.734903997827416
60.14224196685549
60.61922626631883
60.44310591817596
60.47139076005428
61.32495241144104
61.0025528353557
60.35452736614505
61.663205657136565
60.80391070154811
61.132949976956795
60.855428204913935
59.68776463566295
61.11496814938998
60.39150057017672
61.175342659889886
58.8581150444538
61.68999636013346
59.92746094521764
58.722228829988374
61.872536378205304
60.59756141027981
59.71932940634754
59.50122241503298
61.070542023791525
62.97611439595848
60.63934016395935
59.93192422386671
59.22923895720367
61.37277112405061
62.5079391615772
60.93203115592107
60.41124048473782
60.15927957444604
60.90713630741255
59.7567012822846
62.65662209150941
61.58758835638944
58.63136560070367
59.67870412460761
62.188874763141115
60.613597088112286
62.369951025590666
61.25314053788173
58.911102188473166
61.551162096536615
60.231896530107434
60.81694873969903
59.747468299054304
59.72167541987842
60.84328410713013
60.470433517261704
60.224965570094405
59.960899017371204
60.6303721864566
61.11406409491933
61.18351127309107
61.38108625256516
59.3645837674267
60.72755380759251
59.872049763151864
60.738881627166165
61.385179911577715
60.25798992728945
60.420269990715
59.634224248792115
60.16885269383829
61.903428472416934
60.725175355345414
59.73017770132108
59.785983535878465
59.96821090751393
60.866804277379266
60.95904602097063
59.656935591318856
60.19566059165821
61.597211429061126
61.60138631394448
61.23391497695525
60.50223378818103
60.21113022438991
59.28844187815462
59.00886378637597
61.54313493576678
59.64614515712596
59.36819656889739
61.01138604787581
59.89990603428065
59.310126529051225
62.02533813675246
59.11352229359658
60.56238441702115
60.76643965869139
60.77330272713122
59.776205829751596
60.10699760986231
59.48464329690872
63.08461064653857
60.87347808604107
61.06416810209496
59.16115377512877
60.63072701589669
59.98138556463804
60.58040946107055
60.15165357726427
60.50851868859093
60.37033298928493
59.57619746464983
61.707538697424724
61.608575852561984
60.37381332421781
61.78860624891449
60.4484271632834
61.8086596774975
61.2395122082822
60.1396272482961
59.51532199054611
60.32885646104488
60.18546292659045
60.67739311360555
61.02217157437305
59.63058083851714
60.653441252428685
59.168086586680126
59.822788726641555
60.22673456371956
59.84679760079192
59.57848759972478
60.815594285106506
61.617426705290036
59.8322591899952
59.98475444361749
58.74113923728888
61.73767949646406
