60.66860626118682
60.27669181607622
60.559946307765834
60.793082930623804
62.1167874558278
60.40506900899042
58.1247305035729
60.973368458494164
60.03170980447693
60.89100188272091
62.732721823053595
60.96250993881227
59.15510316535218
61.508714274403914
61.120852086594304
61.78797652673151
61.14155224989955
58.520507697677814
62.189062950562786
59.106476937603695
59.871557296294775
60.29188189752883
59.94359033826438
60.07391026037156
59.111966803031805
58.74973859885326
60.023950601867156
62.126564777022345
60.33701435158152
59.73477783272535
60.89203387151461
60.685502024318055
59.805596425649185
58.35323034782339
61.69495955424032
59.001339420120026
59.16993898463335
60.07862744795785
59.88113518092814
59.558661830691065
60.67136084153253
60.30344680298858
61.790851653908106
59.17080082860107
60.49960240515395
61.622251771773094
58.2568007218195
60.84173743463534
61.00803326938872
61.74754886310018
59.730068027900664
59.10279778490642
58.81267936079382
60.70208992274982
59.341994345356326
61.5827845874089
61.55015633943778
60.53616426890253
60.23215966287647
59.93178829882966
59.768663318561735
60.1333692795302
60.013464095015344
61.073469303553566
60.99436129198299
60.41611228293601
61.726073926128706
60.37793800982995
60.35398875756697
60.79873488240365
61.329154105147076
58.057863453537664
61.774355939371375
60.57626392686987
58.87830900009037
59.26258362668616
59.784044966151995
62.442206484145345
59.78786152035829
61.182141044083465
60.19763684103356
58.418922133486774
60.61096900744199
59.10537567215624
60.40685989305547
58.33857429082739
60.76346971785833
60.27168908734756
60.30124240799139
61.03435885188975
60.29285465882149
61.89168097403672
60.33062741256597
60.63794886372623
59.719702826059695
59.30503901582749
60.16168447263097
60.46766845315989
61.83815212019526
60.10911689883538
61.12159199406625
60.18956142532601
60.21250385377455
59.547993088514275
58.450673775219585
60.1387074748582
60.69039658741534
59.31285915821579
60.260260827894946
61.260024702289506
59.951832598181724
60.7574696770837
63.06396109034188
60.128587225496126
60.36783687312356
60.84775130463201
61.1648112052372
61.1515910287471
58.366106788107246
61.87144503198827
60.81414461891652
60.76645929149733
58.71954548991257
60.006891642844195
61.33019077779877
61.55015226217881
61.4856422277838
59.88775617931713
61.74934533720633
58.02310934416682
61.41373274620773
59.464884946210944
59.47278187844814
60.04650388975034
60.627923163263716
60.55404152780506
60.22203289490575
61.735233630317175
62.7707857092683
59.747585681848015
59.92903258828296
60.73070367855814
59.04433959005877
61.40612535132972
62.14180676886781
61.98292145702522
59.759365621752096
61.982489791648874
60.8406898997102
62.08770820345889
61.22250471930208
59.79736569340342
59.62890802428056
61.2325319946351
60.927211148387386
60.45834189957081
61.246626385477015
60.630909371378905
59.57870181634451
58.58190928151716
61.23701491032179
61.25871146252088
60.38778408399599
60.30185850461528
57.938347907929085
59.49171999796236
60.86313502634871
59.75758212936043
60.909210415915766
61.37742507987136
60.25051904608704
57.3610937304289
59.75061596145478
59.431292541330286
61.089338381196875
59.50627563036246
58.97066700906931
61.53469673844005
59.69779276994683
60.90949761605192
62.08527318604347
62.67319653058382
60.38705386079761
59.894895892296454
59.80900448440024
59.75078989820835
61.487741169181504
58.84865495257051
59.93881392252582
60.331781783779284
60.31703305262252
62.03306368644607
59.750214182055366
60.560702644388456
60.42550263404705
61.66800032265301
61.4299803398981
59.09684612462025
60.6953201123029
59.234243467226314
60.73859904578532
60.8398847309524
58.91944649656682
59.817618714948864
59.06117574622838
60.232003253388044
61.29318355146877
59.30371888841035
61.28497857019477
58.209729996345935
61.07448662716916
60.84863439402387
62.90989754638729
59.83381781887686
60.527244426156116
60.783533233879936
60.38896802482163
60.98580890212793
60.55131636323236
59.21383199019949
60.875074890754554
60.029902410038304
59.41938823559822
60.52985330528089
61.4841282439089
60.80088475312757
60.62547221150567
60.045777843802064
61.913611096778396
59.24167690255365
61.38111267406328
58.89004066159051
60.730801333883356
59.64110724646313
60.71220462805991
60.93504064215397
59.066825468811864
62.13419760171705
62.45959363253406
59.36090853303589
61.79115974033875
60.865477847393585
59.99659602833029
61.67624502705716
60.80796202327759
58.76155740862282
60.18567894550574
61.45265043647998
59.64044979771388
59.994251070477894
60.17586845831542
61.618048064865405
61.24416635081201
62.107651290316845
61.544608951125525
60.11631912533209
60.71286527974957
59.338929305195975
60.669638845750505
61.69759637974394
62.614987183890484
61.56513233428967
58.358213421569246
59.83549189032637
59.67774439047271
60.41805203267946
59.97574194297782
61.477367944439884
60.35570769116046
60.87318082186417
62.17400257576733
61.60080994047723
60.160451654538655
61.194075100237306
59.724504395577135
60.295654193513236
60.24066333644695
60.336168985219224
61.66345716477985
59.679660304705045
61.3554884537244
60.22058431556185
59.992794737462
62.67097780170645
59.55755218151284
60.78028081862075
59.61640703970109
61.76423924830663
60.00906906766966
59.23819802546191
59.519923870496655
61.503017730190216
61.515551553356445
59.60666301483771
60.41357109053655
60.6908284147118
58.84662342064636
58.46570110208584
60.54695706009763
62.05291582030558
59.866525014646896
60.8199541182017
60.2742230825043
59.769573229240414
60.01915666618366
59.461125076618906
59.39778262335124
61.04975416042955
57.97496386624749
61.23055674467012
59.78547266343936
60.54085610297215
61.30429692736422
61.18071091243294
60.06112997686299
60.73153059495445
58.84838474051919
60.91832198828131
58.48505943792732
59.18563792587636
59.15313403122452
58.366276727643765
59.8200049203297
59.99679235274779
60.248517754152715
60.77633233918421
62.24203950917783
60.21928052588215
59.4493290832516
59.92200390926029
61.32810132547331
59.801938960879525
62.20630851904322
60.73538110582857
59.061650745519024
60.77612874463285
60.76234716535968
59.887444625682996
60.35932853946946
61.585050118587226
59.6625450803523
60.400416712684525
63.29461950072306
60.9071840415402
58.58135589580968
60.301048146311004
59.810193146875065
59.831447866469894
59.75032403381078
59.44094257689696
58.893173496286124
59.74430262853432
60.988152097974485
59.238109603186295
59.947909033309
60.251660853930616
61.64368694375185
59.871135759553304
60.492962917641
58.627619928379694
