59.14025793091614
59.542495554103276
60.79716457531377
59.19732146456496
59.676605362028454
61.24458918480079
60.71105901083456
59.770061760259324
61.81088827538927
61.14455913807509
59.8882850591739
60.64586328646929
60.48175225663231
60.586102956134454
60.03789595390155
59.537287253007726
60.62304021446244
59.89469162493041
58.03647293633982
59.9645742278162
59.884075440623924
61.35621373806808
59.389843880724904
59.92413371219746
61.711567089156304
59.86795240625178
59.45923372902412
59.74804299765135
58.77164874570033
59.295184411948775
60.38716622208428
59.780130909844665
59.796651798368785
61.606288314250584
61.36193747182527
61.34007489254542
58.86905295768533
59.613866317726746
61.71449119128423
59.34151423669696
60.76683992194625
58.50557796610585
60.16921204349316
59.69901035269199
60.86736008199738
60.87813300817741
60.512087716513776
59.27071195431009
60.61975650970904
60.19513779534728
60.53637132068843
60.383515104849565
60.022480837641595
61.75784774176342
60.171970709923926
59.47008089402464
61.127772353228536
61.77643503818909
59.42252300876289
60.087841664728955
59.21400507824612
59.81790920953263
61.06425493006498
61.13082030742636
58.63849790547059
60.96408641743228
60.147293100595974
60.79951132503059
59.303787856015255
57.96071935640756
59.56059929445665
61.856626324697565
60.11433462055022
59.579779015291585
62.09662703470387
59.43797336885079
59.95921233137808
58.97561331146214
62.13702658688783
62.402444102222105
61.11192587608659
61.65831232959168
62.40581432500671
60.35605491708718
60.81660682591483
61.2939725343468
59.056967307804506
60.84251447192611
60.67370904792374
60.766559291345246
60.57303355547438
60.33635568415538
59.04788317437773
60.89790237922405
62.42038723153997
61.275685532284335
60.4405864673959
62.191521806093455
60.100633845850474
60.544024719289915
60.470644852710315
62.45156249439164
60.4641080387305
61.487012555726736
61.43326749265482
59.64185846154268
60.07455668434452
62.10541963474274
61.42955140615732
60.577010142028406
61.805603842172914
59.86627728203695
61.85697776001698
60.99593390384794
61.04801292491001
60.83619376013317
60.58031562062637
61.849410070093214
61.24843826931427
61.89759643057777
61.03207785197515
59.78510562746993
60.05165066633877
59.173454828985555
59.330872270131806
60.82133415681775
59.45191803879459
61.111175515279264
60.804990489296735
61.2846257974482
58.96413091836925
61.41115504276757
60.274491918796635
59.89081852308417
61.26605032922314
60.69639293708473
61.444652441990925
58.52506828212485
59.1033229864943
59.53965443052764
60.549618923989506
61.89701778196369
60.057005765721854
60.474067413109935
60.889112069716816
60.015996817912516
59.629427870565806
60.081600981127835
59.19878818459297
61.33286468958593
59.742414468201375
59.33821286488035
61.626711853867164
60.168751308403415
59.74854910256534
60.404399820517156
59.58426111859435
61.10642811446852
58.78511347364623
61.782057556931264
61.21733690313146
60.923757443959815
59.727001926217426
58.73862751920889
60.74984822804085
60.50105079936805
60.2153918093218
61.90799026496076
58.38110217431878
60.462712539413786
58.43811151817796
60.54019462985396
60.710202662931835
62.385986277153094
59.322129254826116
60.84085900581251
60.45269139238436
58.89145272571561
61.36317417887819
60.82890069531316
59.553903883431154
59.33792792450716
62.08833363640828
59.595733646472006
60.27269698718781
59.58981704859714
58.60105112347326
60.02122262580494
58.266926128832424
60.094652800105074
61.45378740975722
60.45372205895537
61.6009165558378
58.90447634982233
60.9000541621955
59.677719893352965
60.41051229983369
60.30236172808588
61.013243335050646
59.748738159445445
59.56730032829796
59.895982513579604
60.19182029139696
59.89578597536453
59.62690116577672
62.26889735762227
61.25653386698079
58.92711051836906
60.4323238635079
61.0075010556664
59.065871873757004
62.81048752377708
60.661728681304844
60.06961822486991
60.2433997503631
59.09432618361423
60.446172586242405
58.17788619117548
59.994709605156395
60.35900727332338
61.1440768250843
58.46556860548462
60.82224109740601
60.22150879054659
61.06693901949145
59.67835979533437
62.43404551713847
59.01184113554528
60.55636933382787
60.10660334557312
59.05394850593116
61.72925905237275
60.95527865311162
59.8829401093035
61.12879784585003
61.03269080255892
60.081257919775574
59.138567016116454
60.90649994102112
60.46129629498941
63.0731054253718
61.7479206415448
58.939972228860334
59.42378777380851
60.1963744366952
59.200881224819106
59.84502911085579
59.73459552459712
61.45196468478531
59.42286981212008
59.23588169745895
60.49379421507755
62.21750306198168
59.553390563337715
59.86033872499575
61.094884097746586
60.377511183698694
59.185674350032905
59.70790088658553
60.72528537021885
59.69047056973662
59.815580116637825
59.93494434110538
60.66631490559337
59.13717116359103
59.66162514374199
60.15035168230325
60.15394072347401
56.95694677126761
60.75845979612806
60.028718329018474
61.39743616959552
61.76442498333367
59.67454586086583
59.890250472112704
60.79753023238318
59.82379897360843
59.87159751782671
59.6011335382227
60.015017364811875
59.54393832788738
60.44542902122309
61.91464704280008
60.11599816347897
61.67284228234947
58.69557943305556
61.404727095239004
59.81876841046613
59.96795372135845
60.87785386090527
59.277772533074156
59.432395235084414
58.99145687128164
62.71383320619773
60.148520725521195
59.54085530334327
58.90665294940392
60.50898421894142
60.188202044770826
58.058349085548905
63.34874978510648
61.39385904299943
60.70835394110152
60.024748260435395
61.59437795465571
60.14242361210913
60.55290071527489
59.61682255934423
59.22534117587805
61.528377414337086
59.370490001586326
61.725057194935474
61.402947002625055
59.39985059682769
59.24004843942737
59.99128385673525
61.61879336317296
61.921800594399855
60.09475164448631
60.23620950375721
59.90333256048335
59.913547473515095
61.500848355321466
60.801592077192986
60.75492678524956
59.66371674064565
58.75154156646232
60.48645817968421
61.14576011179569
59.654098511931686
60.06095046604121
61.17937880895857
60.65145804593625
61.72210192117337
62.5363258943011
61.22094416558419
58.49535452472793
60.74613864101228
59.487679770679314
60.434225640342525
59.29284598629151
60.35794611236333
59.925531190985254
59.96699685106936
60.58375904605299
60.37349191847912
59.68865841281671
60.500359437889145
59.2007205131812
60.23897607177403
59.4823807381512
60.050147514236784
61.722462428414424
61.671714398081555
58.440056392466275
61.20016440808568
60.30604990792592
59.97640363078517
59.77931839885158
61.30973462858963
