59.00053500725006
61.39580371090894
61.12180990325817
60.60178377904684
60.96813576631719
61.139693099928174
58.98450106593023
59.08765734049535
60.09170486401477
60.37487862637342
59.87525111683441
62.60772691915233
60.02441507281051
59.32165023263731
59.918260330007726
61.382865620332694
59.22483950399015
60.33751074248705
60.118571049188475
61.58949056565951
61.917028038477504
59.86374101342102
60.5481927770937
60.98329442353848
63.053233289336376
59.64691289184481
60.05404622113511
60.027814812628655
58.2241688514365
59.34835336384069
60.063355482170884
60.31031814807213
61.35819890343259
61.47222655425585
60.109198887381005
61.02297631849851
61.100458590080365
59.666575945923896
60.05100207466656
60.45252830162051
61.54640988974703
59.797876481717935
59.54957740657677
60.99835358991067
59.65168393868295
60.35067281660969
61.97040267097464
59.078093254031785
61.98561669864584
60.24071834121441
62.80294723404879
61.10830751880771
59.92557145033006
61.99257585979914
60.56716643994502
59.42413231924574
60.65028412174355
62.53359122088959
60.58087586716353
59.52036227457067
59.25834886555245
60.40275809243134
59.919218922540296
59.28834771496545
61.22231700156792
60.2885830217051
62.805605941768206
60.72588562861724
61.12665198325066
60.33368474053077
60.18963061684054
60.157911226964764
61.281967504780525
61.1251047589273
60.02616612181823
61.99205116756571
58.42920530633181
61.55189963785162
60.61157382652587
61.30054151821811
60.41487735146339
60.95017015780673
59.618671233773206
58.78859910587404
58.57448269364316
58.3466451331102
58.67418632869642
59.50002585414981
60.49230233914431
59.859257945676546
60.06254796753352
59.54214596943159
60.24771330281371
60.212746607102424
59.83631690342845
59.74398122994984
60.879965859739364
59.83904944522105
59.85655734323885
60.7651630222492
61.82941257654354
60.50364100812934
60.44384403532512
59.906388259087144
60.79611867396827
62.580581606173425
60.06373041848418
58.817775029818705
62.22348889640507
59.80492097444944
61.02601670979481
62.267012849494314
60.318487417634195
59.13342423839653
59.77843077768686
61.04253087461432
60.92992058207638
59.65675622096626
58.393146363692054
60.93273119821556
61.13100876061973
61.33144705415353
60.10169273466277
59.01812687601076
59.905741084203406
61.39106976752576
59.76689715952021
60.9888505078733
60.2835548047295
61.41846427413744
61.90882651746835
59.115766758021024
59.27379076645643
60.56440486341079
58.36157230255486
59.5046338039179
61.06422150226969
59.90612338519228
62.088659741520935
60.064380736392046
59.27949465215861
60.095090744410676
59.20057571520881
60.059474214744654
62.607166971081774
59.04177498853311
60.75740081035277
60.55634178613352
58.66818204552801
60.50406138301551
61.18923690818578
60.43809564836332
59.848063549208696
61.01320237417363
60.060403621549945
60.10509101543517
59.8044300123096
59.74090962929392
60.47691803753085
60.22315089835794
62.54778313396231
60.81371823604442
60.92234720573125
60.64412176230868
60.18492123688359
61.04303315751911
61.385078090160874
59.27150129734855
61.22982378423786
60.3208691020378
60.94266272423303
59.17386670804818
61.19710437052046
60.12538180305082
60.869301457270865
61.11205377332705
60.015966523947874
61.06459558561166
58.768249086128314
60.37335777979278
60.88570313963741
61.4046080340374
59.95536598504258
61.398120074004126
59.432538128304984
60.96068702898835
60.70046424501794
60.55467998824288
60.05675416596858
60.917563166147666
59.89723609123894
60.21432729642507
60.561835677355795
60.727859050036265
59.59265752388967
60.71292168952136
61.67720791646158
59.61288337207283
59.653685709372866
59.49786079385351
61.242574660337006
60.691336814123666
59.8675644794209
61.78620890667817
60.2534519635674
60.508237094316
61.59712834278729
61.561707330037414
58.53038203672885
60.133162448982915
60.61066914718146
60.98730285554843
60.69308284455613
60.037368821067865
61.189365328143666
60.91654621838106
61.84947751969937
58.90503523795551
56.9989939785844
61.272025945685805
62.224068361360466
61.36680187245067
59.85855232405417
59.291700860235665
62.15553349086674
60.91123452014352
60.89493848849161
61.434748834688065
60.41866974456012
60.49327796079146
60.095334747588744
61.2261564763184
60.89254588359419
61.228605846955894
61.226610813002914
61.26985314011928
59.848369532983384
61.83854702668774
59.951787600087286
60.111835538575114
60.760706407331405
60.86055199940536
59.59438242130334
60.93442286469561
62.67904489864668
59.49748226151094
61.295936829390605
59.53010596179612
60.769702821840944
62.171286218010124
59.94344363354768
60.60221337438184
60.23759350572173
62.144487012063074
60.53915234447613
60.03869302558066
60.76130156366271
63.14791390671296
60.8745684445929
59.714199577316066
58.26566362917144
60.300107913302114
60.72837855356004
59.83773161796627
62.39160537023551
59.12255134909998
62.178488736717846
61.8044518841234
60.18296966358221
60.39126993411856
60.86161362583252
60.57702731927549
62.171425320253526
60.3807855718416
60.21244981801803
60.064547733988874
59.65957243925603
60.58065112663606
61.84157886807876
61.722682890329054
59.98313926676469
60.742397560590526
58.357667172968455
60.173489152686
60.29094684075072
61.031721098102786
61.18556886717058
61.26231323025767
59.975199818479275
60.991174041005266
59.71533062783216
61.18532212997576
60.414653135506406
61.8601460383543
59.66446043307145
60.75111003937579
60.7821366800645
60.47183135397455
57.96001747621846
58.805247863778
59.960253434558716
60.41413606131831
60.610884907432805
60.274820023302844
59.430178120682065
59.90593794370743
59.644862982589665
61.11249566797689
60.90234248116972
59.955058036778766
61.29431595104015
61.20691554563345
58.751009330294096
60.104693396254255
58.67275089900191
61.19029016442232
62.34801281534693
60.21553242938115
60.86768802175105
59.704576721415854
60.71072656335615
62.1027152290008
60.20622365055315
60.57539862057325
60.3077222256135
59.05018569999823
60.93545844249701
62.51003480758841
58.93592068521633
60.21700647490344
60.97412364693374
61.12041923493858
60.49127585304245
60.38631913730415
63.01074614377137
61.10923877132872
60.67197251860769
61.58049814987454
59.41912011677892
61.6829701813103
60.937026674155135
59.5048542928681
61.212632903486984
60.94237032008494
61.53895734640376
59.027776892209815
57.999922776065084
60.42769895728644
61.354724643073176
62.501273948177804
60.62551183477541
59.91472420239483
60.36842253752825
58.71643324788821
59.93419764490938
61.39233056675924
62.95975567595315
59.4438270883521
59.88253945587483
61.52514693754223
