59.96437697577606
60.049173715517455
61.73828656903137
61.39985526063509
60.88969977226498
60.728926156117964
60.49711733341517
58.539940090419314
60.5065541042681
61.32182910215826
60.534422212675196
59.1184412588266
60.508387999595136
58.89792542435613
62.02690656528303
58.86300380901232
58.74047418519346
60.04811073431608
60.02858478078644
60.19768663701924
60.14309647750104
60.18309798038739
59.48359316399895
61.32557451448505
60.29211673809316
60.777257792117496
59.35275526254908
58.797048705671614
62.05689584281861
60.087783561516694
61.5154447998419
59.698618580619424
59.81078396037612
58.90524244018043
60.32946520528269
61.29433615970371
60.63492250569331
61.19057251275276
59.37265564515299
61.33028418642766
60.05515470392362
62.24358142481984
61.19741038661796
59.843057996173606
60.98510844828829
60.579825060625176
62.106615066872905
60.04340301584537
60.96442260739294
60.13020476143336
59.79521856407041
62.356737587240254
60.417464326517745
60.67731912176685
59.761269481220026
60.85366665386288
61.57992614199325
61.130348455620286
59.787271132834505
61.041162942870855
60.806702789446746
60.31823337979049
59.61914006958274
60.5885925212831
61.168859177240044
60.15470730961653
59.75495841584635
60.15755454048048
60.233638108186135
59.913455956867615
60.216921670894195
59.13358959259898
59.555672189413386
61.34160301966148
59.88161382310742
59.38278232295977
61.52155400108993
59.30560697851221
61.58673286310928
60.74757499150031
60.76082299461998
61.523275710989
60.44870417091774
60.57403212041179
61.436740327920816
58.74046009835407
59.77214504932553
59.79280420683584
60.629050429936484
60.146790104448876
59.17697201130642
60.398176100674455
61.540583215006734
59.04052233108466
59.79156487164057
60.14544598336553
60.69239252219183
59.55750018401491
60.540832899708015
59.11379237155785
59.85595223963287
60.39239574877086
61.751239185008004
61.70937847850867
60.19546040667354
60.102781875203874
60.221042889751324
59.500699904369036
58.607518788314714
62.54733005998313
60.20155103958566
60.99796218532619
60.56877226465116
59.557389293504826
61.8775378611153
60.60555436357516
60.56907814872393
59.934120095220045
60.0548739822305
59.66210580518738
60.324696622430075
62.19895946846151
59.64493757537258
59.205194701906265
60.99448236585149
60.290401594859134
59.510107875035594
60.69681952943459
61.560661464993856
59.12100259815605
60.83340002211089
59.809766368507645
61.12683410456033
61.03477275125173
59.74789705014163
60.517863232699604
61.96021573044756
60.84570666966737
61.11208976174959
59.889293893502455
59.810750993000994
60.52404546239526
59.980868014782246
60.28852229406641
61.33999120304571
61.37916938752
60.470090932867905
60.35198866567134
60.92374190939166
59.59158403304371
61.20034009902524
61.45630206813447
60.45221970630659
58.51970533140295
61.25833372905015
60.326210274046865
58.96351163435815
60.009466917606765
61.44537222924184
61.5139608602443
59.65084274206566
58.96727543151754
60.770897335308426
59.60915844002165
61.777453052296856
60.65023896810376
59.9041268360113
61.053567713868716
61.77038654296092
56.882311486614434
60.49529161559909
61.12198756872268
59.34199670349839
60.90588656391554
60.02724015553094
59.67614255316449
59.86914420907266
58.37458105457099
60.35278293442772
60.2714395864555
61.10346149978586
59.977159989996196
60.338610161153476
59.8979570939919
59.881082722821475
60.53738443966093
61.62382709991892
60.377418894451225
60.57658749241691
60.18495299262459
59.958821305435066
59.24218029586323
59.93584291959663
60.509437085475994
59.49410112002254
59.57060302433955
60.7789735142455
60.73066768244188
61.70333897255579
59.647764772217684
60.19791060260803
59.85169931973234
62.05904937392299
60.95551649168918
61.454690783607774
61.09874590053912
59.531031383380274
59.54206874526014
61.27778549027506
60.694077357097804
60.642644576619375
61.25163415845136
61.09462456396275
59.82297254092375
59.394431820807306
60.45370760438789
60.31449259482464
60.69684079361669
59.8009755628819
59.54124255610895
61.797180623035636
60.390608551542456
59.906842508212506
61.114888756103795
60.1383960560155
60.51597744458748
59.19480049485052
58.772146136164686
60.291650534701915
61.49518649667112
58.86429994537715
61.7893240725059
61.44392147989673
61.400577932595425
58.94113756035712
61.04905988411725
60.346719315283266
60.45253167309842
60.834313759173554
61.84475863747115
60.10966146237757
60.38042451877806
60.45170839997583
61.68102114272643
61.558169025446105
58.857148416034015
60.70957792645235
60.03541018819046
61.62887628979969
60.46417868125406
62.230639126671676
61.33753713544802
58.89686231128046
59.98930235291911
61.09233866380112
62.69059598454251
60.65863352998417
59.20254283908808
60.50223490259688
60.99524636652144
60.65095093835134
61.87257834430358
61.43643288277657
57.92964080047757
61.15523563052508
59.98362306803801
61.061461679111446
60.281649159161766
61.5079446666231
61.312405536473456
59.23357184968198
59.89689700880185
61.64275686907297
61.22426347631778
58.45887017373188
60.56565995114325
60.9391485016218
59.38858979207627
62.40329633311629
62.03469904672646
62.35221379548089
59.49961030753852
58.87114128780704
61.40291950418972
61.17690232814406
60.215615445502685
62.757387175428434
60.12439472675502
60.65407310218649
59.45018794019184
60.225918963518275
61.61522817270048
61.53789321674156
61.347537239814294
62.61012057823965
61.489766532929686
59.89538200533087
61.1048077198533
60.71709325048544
61.207316963154916
60.652589105250314
60.26259318586451
60.43528013239032
60.300906903472594
60.87458291388961
61.652303267428216
61.408692955406224
60.577686663560876
59.0228315906821
60.06249000592739
58.740810981077196
60.38366397714073
60.84891332210217
60.3759023073332
60.45171985613159
60.645226459509004
60.606854646052994
58.93102810220638
59.9504929402608
60.66911503507545
61.361199573094765
59.43986736859497
59.53933656166707
58.11905545855988
60.61320860369514
58.65771186053201
60.296981644459805
60.85739255771604
60.99374918076574
58.25836727713977
59.537251398906896
61.970755831855115
60.402294441501574
59.93367573278441
60.122342274020426
60.00171433459401
59.59056105234479
59.94579467121045
59.519874558382746
60.735213329588504
61.086411376478964
60.51184066595737
61.85232814742111
62.0295798089594
59.95316198187127
58.35328905545467
60.07044484392742
59.82169067309904
61.780000154864425
59.95583834326005
62.570811225709846
59.83586795405789
60.20018907209174
61.5326010037863
60.63948965925696
61.05711703562625
62.70077416573656
60.997211943994756
60.19398599607509
60.727840891505764
