61.80952766894864
59.81982813870048
59.1354530004109
60.37063155025532
62.396426790841495
60.127624255030604
60.29177411465977
59.20794060396899
58.870023113342754
60.70953455201213
60.09789962495156
60.23110015748054
59.05956609080396
61.48282912151685
58.4588794424344
62.11964556533588
59.74078368880514
59.07186558935196
59.16395711526285
59.25425126047239
60.81164356687132
61.43053766761556
60.43598480765181
60.72176497345334
59.52597529011566
60.43160115681587
60.24088484678342
59.82520806948852
61.451938104901245
61.44923969727367
61.107125692095046
60.650760361220854
60.588156830227504
62.861504953321585
60.37125675023425
60.565527332294934
61.90551368467641
60.33697209265189
60.77458412562258
60.9707121027484
59.667362760189185
61.0000408973493
60.30421594650302
58.95748144730148
60.50111209789009
59.44644321347036
61.133366939445125
62.40427985404266
60.020303609128945
59.750735553844514
62.00320744440868
61.08345521045689
58.14738029778648
61.07788600753356
59.66297636258297
59.21251682732597
61.06591715447394
59.34513369227331
61.053796180866385
61.17373772677821
60.100562787872285
60.05115089797503
60.19958068619571
60.52470759481941
60.88144176387232
59.63293131773932
60.36963773209937
60.807965032517274
61.075025987350536
61.53619139388267
63.42359924887063
59.912083032789376
59.80416915517178
59.995084908730234
61.92794845409926
61.10474510751693
60.2484334627739
60.70073768716948
59.15238141864752
60.42108748344433
62.22253145414061
59.48995144130519
61.82454463943373
61.687713792147974
61.186976817561906
61.32044060723805
60.28596554859177
60.04816599725247
59.41721330894909
61.46603694679436
60.461998476096774
60.21424489341524
61.24547877095731
60.36438974665284
60.178067460933285
59.864407411248436
61.29526576240256
59.57116591095294
59.52067686564796
59.2530710254958
59.01593055816853
58.66134173134829
59.00625957390372
60.81350210159527
59.58973131042488
61.00105565570814
61.08159734164083
61.67333995714623
60.241908608881246
59.837028336063305
59.09264462421158
59.33253786362759
61.627357963053214
60.96935541254597
59.8385163171381
61.050774072367645
60.03242176781032
60.2977448883465
59.84919587607152
58.657164619222556
60.32894604468447
59.69154726491834
59.76837728058238
60.2175546633286
62.37572447695029
60.22588044173232
62.349340099466694
61.81379503430826
60.129826800966434
59.626871746513686
59.42100601233773
58.68757915308134
59.68829811252714
60.49003700763856
60.27181757866026
60.92444313976695
59.911582896796084
60.251329468128745
62.126300412333386
59.177312258542
61.74309473960058
60.73938295139284
61.07372839336309
60.1543742225439
60.87059002482702
61.332754183960226
61.57642274142464
61.31666691900561
60.827187269548006
60.014874870815795
60.107999395911854
61.217504931401855
61.73117795288923
59.61538753154482
58.94142364582065
61.372891104985825
60.57847666568452
59.30407752833569
61.66826696679375
59.74991758389726
58.58286030755095
60.44357290668257
61.19620410003166
61.07701204986876
60.9526216139864
59.65115924746745
58.78733148498071
60.50841632560422
59.705221902634506
58.234496137140454
60.12774414135258
60.38188124551365
62.842930713847046
59.44597222383626
60.507902133773136
60.558596146271896
60.01768164622414
59.7095642130755
59.21754996530409
61.69820732169868
58.182263402579316
59.52655246957277
61.92996800919917
59.42967369912371
60.24991240369038
60.2849798481315
58.38932165890923
61.42038074319407
59.9421817898924
58.63636540855555
60.16228561540818
60.01271858304243
60.484026616956314
60.64313541748749
60.02703468993122
61.324973766675825
60.3682934731629
60.761650097749076
60.60680052111076
61.7360712518317
59.31914229123093
61.61450954306632
61.026393640175826
60.29492529513738
60.093065037654135
62.05100445023849
59.87546528238576
61.06182856237592
60.30268980662244
60.785533126476544
59.778283951979034
61.422525817184365
59.483544534442984
61.00482327122518
61.29917949147722
58.03187298412385
60.17030150698694
61.230046084323426
61.27323799605766
60.09682170119436
58.780954018541934
60.97975311252893
60.62615039887263
57.378266395394725
59.95660408140589
59.88208132906602
60.9205086215102
60.07669598664209
61.53727644354072
62.90866571614772
62.551613752692134
59.86289237191626
62.519625320655884
59.842568534979605
61.06449114701745
61.4032288125632
59.02258472584533
60.47039103291261
58.511091487171036
61.4307404430539
60.59146946337991
58.32986510211987
61.330958417995745
59.77027712874271
58.34263795810873
59.26204901616084
60.64071962348019
59.64730991060567
60.0860137031598
59.55669252179733
58.17091922340585
60.95793322100643
60.95535291826864
60.29338737684793
62.50022550479594
59.58681987037987
59.41925764478379
60.2020850265327
60.014438434365445
61.20749394924025
59.0132976712672
60.58557404185216
60.93755778278765
59.51956433781403
61.37553392410115
61.34615921892707
62.34745751167854
60.66255272834708
60.66651238271394
59.00198428921666
59.84229900617188
61.04758459962094
60.00391325110779
60.04959954074797
60.43048418469887
60.71917250417207
58.72153887067006
59.85099854911359
59.65406327548464
60.085621792026224
61.90815481831029
59.145692564182966
60.85328543402545
58.81456854692302
60.28165394682031
61.03649346568363
60.87736195600872
58.98254402672036
62.14290850938548
61.07978775967635
60.88810374770776
60.7100872373206
59.79863155351812
61.75066098084054
60.816408794675276
59.38860988417288
61.0456827180659
61.58949792737944
60.36712005045353
60.84187131045805
60.830802726861364
61.561439475091866
60.26069969071566
61.08263787987408
61.275539145260765
60.24584877350117
60.646789442868915
61.864909740757604
59.948277743888234
58.85409282158181
61.565646795715274
62.66169475546603
60.02716716502729
59.25745289608419
59.00262964666987
58.002004601941685
61.17698575566409
61.08992340045585
59.21492265339173
60.263006385024006
60.11976641833079
59.33414723093379
59.612378107118815
58.91610339791849
60.91559999037886
59.06031218703314
58.32441466008045
61.52461396409092
59.79429227112123
59.91883219311382
57.799390999931504
60.77112557168659
60.83392451607383
59.335683124333244
61.303873164359665
60.18003625843954
59.98164688850274
59.920854550560875
61.19681322069084
59.891489521074256
60.85415692640997
61.93609725933007
60.863675148131826
60.539572303107526
61.08355004755676
58.37274076383239
61.09728007334143
60.18655506648859
59.75877667869523
60.36922430781543
60.69514985513467
60.31993928985012
61.96542105925991
60.98528761403348
60.13347547616024
58.89747605841292
60.17098014680254
59.707893192392824
59.48012149481762
60.0218417900627
