209.8048862527711
386.3720867448005
490.3279285292815
107.94635801638952
142.58114212044137
314.6994513742085
196.40618088871298
412.24013524890154
445.00389294964356
485.4894906779189
463.74967890137424
443.99742384321695
85.07998716646841
169.64254266981067
254.0821319545582
399.30755946031644
161.07301914722
110.30060606996545
335.56453185704765
382.9439113631882
345.7287358705738
260.67453027062606
406.7095918900541
322.3562726289957
397.2033337345681
490.83076869255035
475.74363798055236
352.62563149039363
169.79736943474524
313.7777736631148
395.3704650851952
175.06767780489974
499.6282327828195
327.6143824796368
246.6576515205571
402.1394090821379
390.7739471858681
347.0950606078194
370.18617665065113
368.12716625526434
147.36905491290736
293.7148686440471
483.31394495030673
374.2223522141583
419.50236368344355
368.13492454929064
492.55891467121523
149.17876846813078
267.4464694046413
293.6556527735547
451.88670581427664
349.1984812949756
215.8595150168669
464.07356501503847
376.01224135357563
462.8822991952812
5.870523100133596
386.8762457488665
321.02025969717647
226.52457780441318
325.1317743657727
491.8937459935173
267.43704526481247
317.3411279804667
186.58484608994905
380.70481380651773
384.85711670250555
456.5847732573108
300.01282783036356
212.05366229296163
200.69341988923998
180.04792780950356
439.75595453358227
373.61184802675564
314.9663177614352
173.85590272229933
239.06363356826517
321.0040548593921
361.9090929277479
437.18582623136325
116.98431990466463
455.07595632578744
359.86633882063086
321.8689831606041
492.48568992393507
168.27862024295473
389.5978346124952
301.58399947026726
215.96588757815817
361.96993365284084
45.24902205606634
440.74883372122497
105.97039619004869
426.0124335346894
206.63746831556756
298.8338133551022
59.4257609553012
365.5744946974898
490.0813173826596
467.6152481435868
115.66497129115334
262.094787053214
155.21511990070775
62.965652208248
370.6727964473431
156.39454127655893
89.23198236198232
242.24352953812036
496.84164917012083
453.857291706942
375.5329387108533
490.56779834634085
259.9562967427085
411.63807314269843
183.46403257039066
345.94542138860686
387.8939222218101
309.6777886089534
116.8604780028079
440.5459110491653
497.0050429758446
387.9075203048217
398.27926591748593
25.628738152613778
149.92585218773627
142.58810212828882
287.0477921898663
421.6476700891473
344.5466516812879
39.92185104142919
197.08950927188909
332.79371727615063
369.43965456722594
475.2165864931787
287.6760168043121
194.8216225835638
345.1006944591322
406.23396020265056
415.0424244284365
285.4827486315222
249.22842469527302
146.13645998077988
271.0319934903971
51.89629531601389
340.5814310902886
372.9569694178952
415.90729910507815
240.41402951786665
372.79652848050205
3.173493223636399
441.8238346453833
64.09710363614067
428.75097175929085
360.90881096188275
352.7905903776259
330.2912243983575
170.37226236598775
233.65839422540807
160.87663632956878
420.3714287147596
333.9276607050398
424.7310001240045
63.75596442056565
480.5930442791976
264.3484905581114
474.0185162914038
460.64560186537904
70.99386504995795
319.92267376736936
450.6591266417816
308.6816412720395
162.03940784127218
138.75944642546966
462.08895208345484
257.4372471217963
358.86275577631346
184.4213089831179
420.8368595927148
256.1453003539729
191.9597379176471
440.49324310053294
459.6452917188373
489.03409609112856
266.53131662257067
452.2008740526228
307.6928023336443
251.6161754178267
165.89470679414404
371.78735278592865
243.4713433807811
217.6885560474053
478.4048917600372
313.3270810189355
305.92135747799443
122.78253879919407
154.31991939361018
486.1876277385181
271.95127083766477
442.3557406116249
436.24255893595074
259.28140452006755
353.69574675359644
445.1138054620599
205.17518176346584
444.04976978744514
433.56863437412835
237.87583206805738
181.02370875368484
387.1840512011953
376.6539241753935
191.0853955264925
20.224681022139805
167.9697005408625
458.6606834350682
422.7047295451623
278.6229030594677
179.07257511026972
384.49545041370277
300.9225291147794
346.50612815872626
330.37184077451764
232.6137014533296
174.65415793907624
474.86450077222383
366.3650012067628
374.49498872138906
377.56575501982115
31.48564377449094
325.11634237587066
219.51379887678286
459.8364590490755
384.79911454452923
337.7771764638729
275.84924548737933
97.89609360732408
433.2233115933507
99.00500094566866
464.58976268605744
276.22174768068237
188.6511208840667
334.9367011902524
440.3379085191554
386.1454987465051
313.3535281683462
470.4976434011047
326.1824456921346
299.7244472898715
375.110139273439
444.5879961152594
284.2413675219593
87.14447224055255
309.1386572359421
426.774299801182
409.2086914564335
491.2563156529046
48.178737700395004
425.6808186797843
238.6758292721329
13.27050395148774
187.22947160192604
421.5823875346806
129.7486984768804
315.4864373139876
335.0010202770033
492.71567002420846
449.7387770539447
437.80698382847186
414.68879683940304
432.8936584586452
250.75393664265505
308.7690915495765
411.13172175366657
449.19165291390334
399.22910116488134
261.0566045849158
18.42093999109335
185.21990347997286
246.9066648645619
461.9066843276972
415.4495231462061
163.30258830679912
219.65017865677254
360.6422535854173
210.33725837015737
462.223465441424
289.0143607679929
99.92369457218541
466.8016217550439
423.8458224140166
185.01743297210282
473.04260030470846
198.96125910829198
453.42228046338295
456.29447757506495
216.76072911082957
253.97797895237522
388.81649976685674
288.2479477877997
478.9785542923978
274.23677286872135
381.17076178520404
329.1067314823747
275.73960173617564
449.20105282696585
211.53033108952047
423.84544359043934
199.70479184729953
408.5629731530634
305.2872043976106
428.8329695994261
495.48480317574604
197.91671411609178
207.76722907822096
436.4039657096819
209.88212908924703
195.60691267811495
168.76244877002557
330.21532772128825
415.5328553565869
294.8219063273207
336.41193557913664
453.9899678917415
391.98350078537305
273.9495462470619
464.54136562225295
100.76512841155886
460.1447372349929
384.73515369209895
460.44004729916674
457.8505592025257
155.1954815832823
352.9096740109096
265.11948428089005
114.50566065367065
335.18015189869
349.12944758573406
362.49312760847937
417.29504445402506
416.9510117522988
190.93157958996693
432.8670080828788
497.22807506808675
474.10407991495833
436.41031491525433
438.1443049074851
310.8186721987645
293.1944552262138
468.9479783504924
406.94926639749906
474.69903652714413
426.4440230160136
407.5903063156345
286.97378597353804
342.7928524350692
479.44663474891917
296.82324103376766
491.60572850785593
294.0678871428307
199.98329100188477
279.2874968466263
