345.4505633096273
86.60371643622688
116.22977168533242
425.9523273091323
477.539271701729
141.40491864916754
493.5549321910705
349.2296997998889
437.0939780004647
381.14109046888404
305.21479837190066
421.28241615288323
455.59809357903833
386.4104365258893
462.1605223361607
147.63360967492713
283.8264307369335
374.77107249999904
429.4401491463555
440.81817672259024
4.296148779270368
165.9519372581118
308.83887236327973
233.4047719308623
370.02079517840957
20.97856619753844
342.6557817867078
133.54379463040436
307.01270355266377
57.9870743861826
288.42111883883547
456.97308857312737
171.39169648545612
241.60343528064158
303.6259250380644
265.08325456057094
199.66428477684002
414.27239983638856
299.0094787761604
215.13470056837616
212.87237020212729
55.82612004151906
102.67151530175107
380.5929850713712
477.81710709526084
223.76769704426715
128.73168048792547
423.18545801606626
96.55376737688647
25.255134415626287
330.23364740150885
167.06409612508725
163.00235194950875
420.13102680020097
362.0190915249722
266.863041167344
421.15548906927006
333.65452467047044
284.96542379831544
289.5496495582159
255.6615834373019
143.26156674841104
416.8513718995146
305.08393671578654
306.21442189478796
289.10860850288157
464.49540277662146
461.8114077115172
382.16969882221434
455.9812471598696
271.0354459178915
457.3860779317469
480.128348689207
66.74808499202874
370.01795199444285
405.8679039634134
268.2513574796798
360.51376583774083
208.29217063641414
359.78445341687257
362.9564116289191
354.18515957704267
350.52048426687594
84.09933119849893
336.8779078554319
174.9017476931603
331.6599189833976
209.47699315176112
405.3300432986993
425.63616967416584
357.02291189227003
339.4688521986765
176.6357717803744
376.4445873683397
323.0620228305652
324.9960707965376
307.2565657225405
234.36378388955762
441.260784855525
429.2066219893893
411.13998420879545
270.27740164891554
281.2221822625985
446.96985221401684
54.76249087229036
220.01636754707164
478.19540391603493
309.07114677510685
400.92548240359446
398.7058302186334
192.01298773355978
161.70740357434624
497.78163780617837
313.1573392299138
390.47837882976074
392.38639988184724
411.16215524197617
164.79810541306358
378.0209350618909
340.0460561932127
163.32149810725423
382.11270441236564
340.5389844131637
497.10528409899723
473.0455030526688
396.91758015368896
482.74603770764696
163.96011300252763
432.61471010459854
319.8250209356577
398.4106248380386
100.38852478579867
153.550145388509
485.654063387945
299.43913693703996
493.6147954658484
323.1225778014208
283.7121929790093
398.2525471925371
163.89462990461675
219.15471637596892
348.86724440539007
79.13632625840296
346.4006857062245
279.26379131060423
117.68628316600092
449.17045924942664
333.27241819501205
452.7883516945297
351.61601585939417
191.08624633598464
274.88068441458114
108.35204732046554
126.06006846603333
187.77157895072094
350.2364362452988
102.6981678570117
338.45072074209037
380.40932228134784
352.26959065224196
428.8282175158398
471.0850409355227
465.8544005459914
425.07180697518675
489.9131483680194
356.1121837628087
423.5506151587988
379.0868234909108
63.01857500639068
406.1064022317689
391.00094307999086
384.68131661736646
437.4861351681935
480.5349952584214
9.809467649227031
146.22120651982834
444.9204326883913
365.7425656434646
139.0560329308808
277.56271372226115
96.36428726495745
355.8541421077426
107.92081154789173
300.96241726305567
443.08962595507376
396.15828291752354
465.08575261529194
224.06277102392255
109.39304218585158
297.6188581730519
419.5668868439599
165.43473688270797
430.2759342968078
325.0667407320316
434.03774386468683
83.30370589608634
329.7980940768225
415.4707531856577
484.59174975194884
470.5640061939695
258.0566198129115
9.463749493105865
388.97806117738406
281.98512171149525
70.07266426593611
325.69911066116106
267.2315602086675
202.9160254135474
212.46529726834677
450.89826314869845
467.6128221073948
326.50348300890437
392.5836008869502
441.71696155827254
434.4891603731695
378.8348575793803
122.19224715500991
264.0348570285737
27.70924508349657
341.72109901571
413.84163731087943
448.71884026318264
472.8118638952787
186.98926170320368
215.62798897601255
381.8202837165279
26.525640554186964
156.98475881534256
104.08373396472331
115.79342521245661
183.21911370496372
330.3966028577105
376.88021489222393
417.80236369353366
368.38076573110254
189.81038120397398
271.5821254122816
209.73175244407838
474.37511063438484
253.61112342472484
254.1583216983042
24.495514446895015
187.07204135935694
239.67508832550033
424.7643532220272
53.753006269074035
421.21625294085266
237.24530800895383
75.28444103400614
326.88989680252797
481.0430517213541
457.51716026156544
471.50231307377885
425.4623719757311
109.66345423821599
92.62285919634832
255.36945327600628
436.0067567598723
153.9164060234986
344.04100316268057
315.2943189196556
464.6767116783883
51.538392967072014
371.5874598313138
488.07327294822744
452.04235518212306
252.6915894246275
378.02436161902506
311.7423850477211
365.54529244506364
483.8697552710972
473.3925984227008
364.6081229904805
329.1093425508837
24.410337267639648
487.6244630766049
233.49333545909036
198.42832177864221
243.28046671594888
252.1902377399931
242.91876576607694
253.2476509899512
282.68986572094633
164.8588296370669
2.755454861880196
133.84964609754468
431.196085905879
380.4906083425675
372.02205688465637
161.8897046464595
453.94123848796113
477.45492189358225
487.39966579809663
10.824512789675452
370.88641174798374
103.09781220855518
314.67769808060496
186.40308100508844
467.4689868902105
393.5008070635952
252.58719661997202
484.43158043190437
341.6262436361055
424.7176193019277
375.9995549950481
49.32904915634725
388.5127258516749
395.3152424951227
472.0058421052719
499.8507587623838
348.4614107402766
42.2679989510799
105.92411618281136
193.21802415098773
431.1024537848306
357.9579448041147
480.14062592441405
456.8254842839746
416.4439293056231
287.5189240584729
217.97104074538015
315.0841531026566
287.42747919302235
402.59395435915644
307.905323692868
291.25638809350767
499.046093421686
474.46351638081984
459.95490006348865
215.97720749576865
319.1516902298761
377.7213003134129
115.39726545781542
497.56977803199203
233.58253052912926
486.83672245475725
386.3638824887549
460.79773193407317
358.2307497476743
325.7574237090873
360.51241533526024
320.7427478650184
147.08363461476097
201.83528292174657
410.5510539316866
382.72968481202815
437.1985003232591
297.36119912023867
351.9621422901804
202.45565871321224
454.92201634626224
118.63712762379186
321.9630584100431
323.02214653997305
325.6939106033817
396.2151085018293
245.00896372043306
243.302570715405
427.9086146173443
107.74002352935253
