437.6882417513192
291.17812633327264
42.513967366684255
373.6033884720144
146.38800320369904
111.42920918078443
17.217546837005784
454.92136891434734
448.09209442297504
321.3730435500838
379.35371736192735
442.7051443820249
318.08948147884814
370.09264729566735
378.37675046942434
384.4704475651523
450.81427878830124
425.7514758224182
441.4502219036683
483.543815427304
95.28229784556459
49.52803013031962
392.12072790690615
320.4801916317595
233.34655982173217
275.6184993738894
288.4122696928295
474.26705793966283
427.7034200482689
291.1730776706391
271.9099695020807
305.6121344499438
187.21470316073754
11.624267766617777
441.8136364727878
401.75942521183936
241.08037032614692
404.6257741913313
250.92725485242696
188.69651308742021
209.18803021097688
250.23364569811238
401.283197749716
452.35212329891453
159.12311841341813
287.28056557591367
479.5952425267429
287.0403036726031
288.62898216294843
105.99237000817652
296.1693571294892
424.58082498526755
436.0701798762445
111.57105713746984
244.47849332372564
493.85596186850955
302.57135237761725
487.33894429347833
18.45184542571417
416.11543607318947
251.50041419407694
160.69140207263302
313.81608551038346
338.7452722466777
242.91871808966187
442.5076741633451
397.11767172074303
230.6870449943396
466.1115495894384
326.95797827299884
381.7530536099441
439.7096205399898
193.86094778335791
211.39323446101912
340.78546474646123
377.05759050606946
244.3046474226895
374.5560541264155
324.80115148398505
277.2962246160606
39.28092879617179
164.88283323333002
254.8262735056748
452.6989422948226
495.58017646060733
89.05151646900725
379.56758652097164
381.4563499097498
459.48230676225836
295.77607662123035
423.7449292451697
429.2122324207703
263.751924334534
390.59431563540545
473.1466430012373
238.2835516158708
415.999056207663
430.5642369710564
279.2782712805257
467.3685278476431
445.2659648254776
372.2826718074206
489.5684582431049
286.7515273584023
479.1080620297098
468.14944824128105
327.4460863609512
445.31101513016273
341.28215950574383
262.56346760106044
393.3870313189557
383.7957532495275
189.54373232384353
299.4960435964101
328.8850751301088
425.3120047532153
263.032310621353
166.33249716040382
495.66798843895424
154.08248750487024
236.27842183761885
231.3567202949826
493.5397558210488
367.30983946275126
251.5763967249142
294.67334185888535
397.15112440565997
495.55582876016547
371.5468739429684
152.5574783766951
400.594708372469
232.8801911437157
334.15245519551615
449.1281043006264
453.186304212927
375.9575744871497
160.72627672816418
283.2940322782761
414.7417591619741
107.9948919476368
345.42662453892285
272.8768312768465
438.5144307363049
122.80488282018348
282.2490899467914
373.8100769278835
32.80076264321741
435.98532868377
244.98887716357825
392.8471703017511
403.1314496082001
426.13675591656374
489.11115529542786
482.2368562514204
344.7959649518998
461.12667828856553
444.68591008130664
322.85644608998183
389.2869333722227
495.6521716199916
160.99529264593713
241.21992832336406
35.85652131475638
450.4932804258086
144.22913095061284
447.7562939695556
434.07614269360687
199.08458095163792
480.5314174340315
470.5456867518482
416.72956567140716
390.2026792101243
468.03095177111544
180.48010528368127
317.6155953467114
270.10178099712175
45.65680885952338
436.2969481506542
440.9364866025072
368.79128881268025
201.25959522727493
216.6336583143775
219.88708139824968
253.2467150398247
378.6346078052265
34.336572984421935
348.7342718128062
224.84747338074408
304.3289256687623
464.97532205150935
253.38174204520737
496.9135016871276
259.4407531037324
497.29531481544876
292.5528416845525
248.73372849850512
426.0188198931599
132.37901722152418
473.19839061032496
440.11156327098814
492.0355328095694
264.5964991424406
358.0789604693554
308.63106834150284
270.5285672616631
365.62668986971636
248.9351300666893
146.69703354988468
316.7142046718294
56.27909139412259
224.30245306381937
475.97154742416166
57.614585213113
270.4645170846167
426.5866849395421
259.49193613871944
56.96277986613626
311.27993169875776
131.7013085362605
333.8725477758578
450.71294897692405
296.86613330053
345.7755524903175
279.0699513690678
491.50960599142456
376.37641442051574
464.49821311118967
176.21566117764053
447.6896292227786
490.43090893902377
387.2078634231259
328.1575166047246
187.33024758881288
336.41131168593824
436.2115224978841
90.57436097623162
180.76235179071892
310.93791450519996
365.738232176423
195.87743719830365
475.57625321215454
343.7924574753762
100.02215162839747
332.35619876819067
317.14694147470027
420.913205084184
362.30957822527944
375.173971022504
196.80145110692615
458.6468830195035
422.4924858639572
36.14279407864467
227.53021498600668
364.3433913450242
274.288967183217
288.7248812302736
294.19270237635993
220.43193028416545
261.4933528951226
157.16002699922223
474.50594228091114
288.2056307763861
145.35527599355004
478.130430680778
223.47535697832961
327.8429122791335
453.4169366855748
375.51173172266806
160.78644725206186
413.48788409888004
396.320665670954
292.28975737476094
318.6791749258048
341.50361546762815
494.6680174092553
326.7484093256059
30.023271824916435
366.75849602167636
203.6413981437898
280.58896129086156
335.2888870938033
417.9611430508049
383.2195058248561
457.3174644888004
16.753005863393696
492.6275168023355
209.16558336896878
310.50147495054694
394.52867561666136
164.85596484411428
449.1715454940979
472.5628887246137
266.58366166992136
440.48454857549825
105.43174661152267
433.27264162823616
281.60588037789137
355.2477523909951
265.3208100711028
198.9998969966103
427.68164742956344
398.3061927533455
280.7396843998831
300.85517373654716
159.47618397923537
484.9606824818507
431.69649168706087
330.1240116127883
319.8362738846632
407.9707141835137
349.90338836474507
44.80278550183692
144.27866361917455
217.55340030374322
383.22616823920026
418.790718105859
290.0123075356523
412.06286542887767
260.9838797955731
357.08578662603054
233.86886239476496
453.72478621144967
310.71798060915717
427.5354979871462
450.74261060319793
408.3497312374383
364.7922415557437
169.85383158671596
188.73164836670054
357.41865311800314
382.93810746354654
57.42664132025379
454.1999196379762
277.9799800702914
291.6223616771115
144.87987143798188
177.9225808331463
25.967203565183524
421.968147042439
131.23049872724152
349.25795901493376
462.7088718894322
419.42242084550674
450.0456401977578
252.3596297126449
441.437234858392
273.88224739560087
200.42854746789914
13.180469851055477
429.93149402444044
175.76952485702253
183.11900690886745
355.22173515101986
259.5848750950721
262.9827800796179
362.854048393927
485.12998203950457
451.6652560508641
140.70653385222033
338.0525473888475
