160.7419607625347
422.1205280502469
183.84803831876047
117.109527117271
402.38417789542666
286.5310769323528
490.913906062385
456.1989109624946
417.5940344067643
388.3212206423273
435.5268243196296
211.101397825542
297.3360152459145
324.4777151208143
465.9065115494921
463.92125263348333
13.22683188118441
287.025556761213
422.41649944504525
475.16626485345273
473.66746344023386
443.3045694340959
325.786199943023
472.97892535049317
290.0501109132105
460.37645649224766
298.8700603858739
406.7773842703919
482.0298300455255
22.57913482874568
499.0362893684505
39.897535667469185
430.71320095509657
432.57907341449845
309.5476384485482
486.7766763407351
295.5072356719793
445.50109289695445
295.6527330147816
342.6207600870198
430.64614388240113
148.95921657632
363.27302610112974
196.80101408763585
459.77943491923
265.61358249700805
165.40372660207373
393.30262211082214
315.8901946076684
183.2831735605302
242.53109314182268
6.424258385608368
318.9205020750725
247.58249837801432
402.6725565328089
342.9161786181103
478.28395943137934
329.0563509391292
247.22350018974115
326.9265881747864
457.5106349555916
55.22755180343478
202.39957045669092
410.2908241625274
279.07275924792714
294.0140652524736
322.72347402490414
440.0648533287757
462.04972620594816
189.66150633647857
354.5840879208292
7.576529552223974
238.10923305575125
201.67443645148586
25.459900920417454
106.56976955243573
356.1647073895733
39.44953198557977
370.4604017789584
202.6153420946439
178.24578455083787
265.7465841810862
241.64078330701335
301.1710959679073
444.96908548618535
360.44117906437634
461.1031476681204
181.1892426161151
461.659663027748
321.79974310536215
176.50758383505627
282.01068380842753
384.955727589204
483.06480570206674
454.72431332663376
119.41234863141739
329.38178198711114
388.54790577618303
363.28539590322987
361.0946509086533
87.39269881640888
320.5198456315245
492.46783757284754
358.2905301504993
186.43271406889568
297.322133258292
221.30718949441103
253.13634855030415
32.992637580880114
173.17622838746956
453.30092679901475
397.7943617353718
243.678036372833
141.4224054585925
402.4447689467531
450.0470174287605
175.37748980949283
316.45499274196993
285.71442136879807
121.86709253020916
444.2496082165602
347.9330496693786
374.75252284620206
402.78000012602706
250.33607894031684
473.6050867798293
494.3262512873514
120.18360522959046
251.94560670774536
457.9475877272045
159.76350631046682
67.15168379668631
283.9467007029999
452.18193430741536
453.42027348254425
270.51008962988084
332.7263066933847
58.577719739770885
437.45599943042515
241.4434537479022
304.99276779506977
279.37424363189837
437.81061497394774
448.36369553021973
334.772848910054
163.2310764294258
264.70491597068224
483.0376671863506
350.4450014664813
169.93072031945655
124.65433008805758
111.0405460645095
407.63114771228175
237.7189652281109
215.804107857328
447.8987431341814
195.09412147568764
456.9998247057309
329.1717090161254
72.41930997705896
196.2245040073206
204.48124880669434
198.52933356474688
413.7808686880583
86.65137037825116
284.4431149873392
472.9309821277896
226.27886407861416
131.35181578422112
286.39468558528296
358.38233253896874
148.1224473588507
341.7936135238025
419.66444805431684
89.24815223121755
419.14306648916846
5.809329791042387
171.58751417448474
448.4636486328194
283.41136043210315
408.8844114520331
269.4370661157893
423.8010888962476
374.8815861015162
480.13432886720244
491.87464802724475
170.21441372567307
240.16972678690854
407.2255841085826
466.57948666890275
106.62952032230879
186.35273572813867
187.73912753727876
71.32462908929011
15.994646124655276
293.80007667132566
285.97097275478995
417.3817187864455
404.6051985065099
484.48363965263593
105.87520213806488
366.71075833239365
4.065175534243224
437.9271553592814
283.9053342180181
436.7658175037783
394.20439334314005
454.6409420514293
85.06704897486247
303.21756297119896
367.261620635619
429.1567944261513
153.61049396576237
228.59937426993667
4.577451907059867
362.9998087953944
243.15299006095165
376.6660447272217
429.9344824248306
444.2537481974444
240.27805022652734
414.3392084518291
97.68894755887993
438.1696908316467
467.234449299995
425.53788759155117
323.07176447375673
204.68479776554125
175.93895347343937
490.0278195991901
462.7830708088119
280.48455051671647
209.87092953958785
405.2558867025838
221.37277866491587
149.57477548949015
404.09285621762416
176.9998808148614
399.7935993725403
149.20698132819967
239.81154047681258
453.9591587959436
266.3316158194441
175.6120308779606
229.6271856631787
328.3113466005852
299.69036563894133
495.15127538080606
375.42871316259993
268.83480161202544
394.15259186937584
401.3273008211285
349.49927784192096
370.2735304614636
472.7124810409653
340.001959870929
169.37755490873735
319.8822652417834
380.5551622611095
291.50080196656154
265.1609695378832
373.01359768486554
422.2347496814955
136.3251214527515
393.39227669392164
412.29015857096624
336.9528075408438
362.2293186935508
323.10264344254495
200.26609847226524
407.80019943640684
499.5270710990912
100.07506558895926
268.9259862252793
140.79149707452444
109.3576144598216
189.23227601169083
226.6212842150378
348.98728709969447
472.6992932259734
449.36407816210914
48.807398770194425
406.9116864924847
195.28206357703152
316.0137949402225
273.90932476583913
475.5288592053774
433.8426655975954
325.88266926991264
143.26615301054431
366.06422153021856
404.78212450836213
155.12281676532143
457.84768713828714
298.9152612046148
397.5060694349119
324.54183274075564
153.7388825831609
458.1275968751604
122.86521677621664
461.8732710029609
165.10577465968424
352.43260924156607
426.05345382270167
146.6428258115085
167.3539235734009
371.06828586741324
399.10128998000926
387.6697628452618
265.6037225919275
393.7047505456548
251.1808712136015
497.377881953202
359.1753252063006
497.2561504136542
304.0524695211841
366.71972910472437
46.218119536369954
318.96977389546475
145.11663874206727
57.99859900519431
340.5599776269161
225.77877700088078
201.5730734290171
337.90248928301617
225.1079603273286
490.8668262015657
308.0785766389163
448.82825059433804
445.6248223198637
152.6537646081262
443.4415986027485
427.3757327604807
226.56578577058184
277.7843983922445
236.5351204691941
280.31562248195394
67.3985266881187
468.3440241954539
255.2197287061442
402.0757455867991
323.4515816488464
64.00823078670237
453.34615030580346
457.4332007851572
280.0201394216833
325.50018414971606
351.7188594668613
101.74978615612252
8.130721452691944
306.4678512722826
261.4564346582821
302.0463074827484
102.57957407610303
371.98132359779413
461.20894806322997
318.88139033334824
360.56313003292536
328.96690968383433
375.9550688651407
