132.52874628837873
68.59015982268329
206.10208220011674
403.9631650507599
105.6843916635492
331.04220721950674
139.0119687639642
62.4327881229147
361.82048997370987
308.8813131710236
298.30133153534643
361.1944634645682
76.1632420467185
432.6300086207154
247.5220300041744
326.3033685552753
107.96638850331499
491.0679257491276
206.11222977780693
143.96242427325473
165.51830952514445
195.06607451171743
304.2668045062088
281.9981911896067
194.14417493378795
375.9120977690517
404.87761622483794
340.0713233455363
464.2729372326977
372.93113979969087
256.75515278181297
441.1311304703967
320.8631318673872
197.4241308689658
490.3258784845008
418.0074753288911
38.01160902169556
482.0416453787916
448.77588930852113
485.58226967643014
257.26131195560197
204.6795283984443
286.8810632194362
229.14911089544927
151.50784388119712
308.00161731329206
334.38040388645715
218.43033608707248
317.8993527197006
392.44785518035917
430.53232654568615
368.44022643283535
266.4741472447014
240.6372538976866
202.0346229502224
66.86825519087552
465.48241766532067
483.7004037705991
284.59916773906156
345.88433971869415
270.3186274330628
252.7121837747848
52.956135440355126
407.3076303528286
443.90388546437504
431.3041413807626
437.73697697185315
76.18501319832785
319.8593204486613
473.3365193511172
198.23153620806545
150.8469828956858
418.58666001146
439.0692391351934
182.0621579555031
156.60916165771118
401.2502472279575
365.0867266533373
445.4506029505232
355.93798546521083
228.8829592407447
312.5802100073183
297.03496417555436
260.6552419282194
370.233730709624
449.82048706196446
464.33081372204776
175.7648689213588
339.6680593389872
333.5872398569834
391.541790042349
355.53871818932197
58.06430428326689
363.5776270200014
319.69127200660944
489.83688952970834
482.1965487707624
179.3114757669398
304.5925822427488
439.17989913804604
102.06549208818831
81.53502286266792
197.5759464230797
396.27799404751494
493.4771279785412
360.9818263384162
375.7930572361133
275.3485344075923
363.02937655479514
371.89411387169355
188.45599772430717
304.13095624244306
449.3704526263968
210.59295680763427
294.10806790540096
428.8253629035215
327.4277494241684
365.07124504791295
340.15624212899326
287.34438374859843
398.47777045446605
433.25232450074327
374.5826732640417
273.5639747730816
486.5989644996683
289.1823992550193
325.0503309582515
81.75170001932042
10.20136260930542
351.5249753187894
380.9407331467428
303.7916117716028
301.3132657285023
120.34529855353952
333.189230053915
90.41128776855254
304.1142408184801
369.1471864614822
485.7621070277049
435.8755240301918
419.51946761213253
7.8195279611427395
295.21726148886097
477.539886599245
445.178223832824
330.45049664952967
402.2139610069793
350.19994157380245
122.40442691015369
415.9686005459404
130.9809393852055
434.41036182632524
120.62879021664429
395.7402640514065
184.8930120203193
208.60708842715246
221.0723536428785
228.26201972024268
423.2028022384904
339.0610721952865
388.3188210076831
398.7354798687479
359.94798137381997
148.51363835841425
407.2320295720157
136.18218782950544
276.524797977968
290.07693217342154
423.69765395695504
481.56964829799756
36.23365824705314
162.13603144618378
460.67979245366473
432.06785691563823
412.5371019631036
163.3281434036744
393.9747505064801
304.2614579404002
319.91583547804174
454.28260622271563
311.2369705406735
451.47409992322997
265.0063322112146
412.974981583442
166.88009402681809
118.95645523103485
131.21069631182945
279.6328287885554
103.92010390009426
128.40597716699324
124.40303503645123
266.802269584873
264.28496636040825
349.85460359170855
420.55808879811207
202.08403085803587
370.47378855465524
397.6284899740762
340.0789442799161
477.50913878427497
497.6869727894988
196.1956450607131
424.96057195640253
371.5104082564717
23.78570918909054
219.9851880035901
11.79571993047523
181.65972605842848
114.97206097348584
114.06322448044563
469.33094803500455
26.952467993397192
455.81953252798314
404.9305464715664
440.5058387759456
236.30814105946246
482.2175661885922
210.77379175439808
366.2158068764164
240.25633343644404
116.64856824126167
165.84372005346899
382.40071342031933
460.8615873806207
277.9947864842944
438.93277940942886
293.01598593226345
251.79163141399195
244.90371678764697
344.0757254627362
127.3155535713849
299.817816439911
495.87120353042957
105.474059398605
60.25412360777949
23.531141704508855
328.0306325246687
283.8291772760152
300.0014701364106
359.0289450784894
259.92087703520303
292.9053552545972
183.53758151202476
311.46612935904864
440.88524603855853
340.392567776148
397.8719813936618
155.05716769668453
421.0962597889712
377.3403699107601
441.1151794427077
342.2594609744533
441.56275121097804
380.9897086904434
375.1792369374416
389.005281226036
433.88564938772316
472.4804705366181
391.85798058433346
450.60988814270934
371.63203092216304
421.16410956506087
386.8149467974541
394.13181138707927
45.51539015996866
386.17055485158284
448.2908250703645
449.77892885591507
408.30992086166214
438.38280959436315
167.15459833123577
376.6071831972672
283.77822153563915
349.18219879212313
376.31440818067983
496.01825269296404
337.247071194603
406.4002788289405
153.38305239776804
40.82600621380027
233.14474938689932
53.22570888470818
246.68707991717997
311.6548253699099
479.5179795711697
272.3846626892397
333.29800644786326
35.42799499164386
28.752219572363117
258.3651751939346
274.0401840385208
61.90808084414863
442.7450682804855
166.4656939060747
296.51904671750407
303.9379269967068
193.8092359310973
187.56990642838906
398.0758150713912
386.1777649134145
413.7355137929708
147.60674792960333
222.78822229947139
296.1251472354684
476.12222601392426
403.81090364473243
408.80304511073575
395.0893050593857
304.94914261698915
310.00557010629825
210.77946254264282
491.2208537960011
307.84102412619006
438.60336367860816
276.55295942366746
107.04377753739442
364.68738299504867
420.89446470427526
498.1219663831457
234.19608803585783
337.8635078012113
296.09484051731374
438.6947764143068
246.66748089319353
478.9528416603319
405.3804186597486
463.98505612828694
300.45068142942887
148.57247408007396
477.39096472996323
288.4675943410695
476.8193962981732
326.86273998700017
260.8258684137348
217.71017087175932
490.404629871204
263.50590068932627
222.3289120470758
414.32147641421966
151.23772150448218
50.55514025625007
229.88625380741433
270.1180901539642
333.5078452561888
124.19672811250103
371.1626374642392
486.758757474799
107.91108614787015
302.513647815641
273.2140020654225
478.8899251034049
223.88104925148184
324.8709448677512
384.04216874671397
379.42266581848327
482.11767313500667
117.35076914536785
391.61736333670353
430.8292086094037
294.3938342359679
