264.8508816539909
465.46220515086566
335.03240222048237
277.31028821672805
200.9519089384499
377.39732105270406
76.72412358745828
39.76103741035166
303.6431827059802
266.57646199751616
210.60982827720966
338.7835323892067
458.8813244185334
481.9186728131117
425.06583582643566
260.58043376844535
200.2212714630184
355.99472347013784
322.9468738835627
249.34149250672542
412.8858643259988
482.1806826174359
463.213583543063
152.01364928098207
409.6594301369561
378.61286795175437
380.069416116142
278.8979498545093
437.47052156460273
167.99453924495418
375.1080764613703
180.337947092614
434.2674063990859
176.21944847431416
372.0550478891571
264.8123554277346
274.7895647536973
469.0393602213925
389.5712340484929
408.4872906597858
393.8726784567346
136.44659680721168
412.0172552709212
260.6404839275925
289.4294048769766
499.82857411590936
412.29039544403895
391.5871417273969
433.80215392229104
321.5749109137446
388.0210474639669
249.4977265112032
338.83826809764565
481.4061462448617
346.75106223742773
365.0198137908277
477.95764395867326
255.4552714792232
407.04029393226966
244.5594353261571
235.13250283528907
173.88682121777708
109.10808898078602
434.12019257041896
141.8270707760824
408.60865745554025
147.8958816909277
285.5181465690097
243.9696795323294
271.05895790399694
196.3626165937593
446.5186482118905
495.6612347579356
419.5579540199233
351.06213767660256
168.61621615543692
414.00257769020607
213.23811378944993
188.6461914159064
367.84646356647687
307.05376264618747
343.3767403268009
404.0336149298672
244.891622387236
400.88250143627226
243.96659014345494
342.47077391949256
11.963359212938485
432.7707012905894
162.1983341476589
430.5475238077853
114.6093840699964
438.8535836140007
495.314291624357
410.3000062334183
159.09379491475272
387.91047855635475
394.8829781992286
441.2730669035344
381.995317638819
382.54448990640134
195.32845790569837
462.7034679160254
276.95764368177623
121.16952257714092
135.50715979268028
227.20310550798786
498.3270936810937
216.06732961835866
448.69639683093925
140.32856916381598
273.8285804122605
437.8833693733585
162.29490471104754
183.47736460238053
331.8444484547117
455.0520331591798
413.04450474745175
10.837692996190697
158.26324730073395
418.3400280651688
299.5530505807749
434.3100991920527
437.3580067047717
46.81979266661551
253.58346451615685
391.5931680100057
221.10219350610538
97.11396543015485
323.03052054029683
169.8630689711777
98.13907489367034
256.08154140089573
242.48756943772923
460.30228561173334
314.6118322040827
117.30475616038035
126.97475206527969
366.9724414454947
434.25713588174546
211.2691568895865
409.49036595711885
421.8378315733703
333.1596640850401
245.45881839735557
364.10571760931384
41.6703216870377
237.0248078587702
309.6369016457785
301.9672780373921
259.53796492209915
307.2625207930971
31.953168230111487
408.6529179588685
388.50206434974757
131.3666105294697
444.16326796167743
448.2551709851837
443.1444021869863
483.6727539827814
418.98550570278104
317.0078565067015
433.7588253429585
334.2264403081042
384.948603664498
124.61256442698556
203.73903003146967
296.8744981217878
99.49897088006622
464.5410617726733
490.75897820930044
370.26135310386667
399.65680409885294
457.58260310951204
401.8210271749108
361.5720101459887
455.49620248532227
436.014792336824
343.03725259525436
484.4779786071586
320.9334975732801
404.393839026618
421.58213144067963
299.171347375907
246.36320864391448
488.62961966807296
410.54842308758214
276.53081107111257
160.10264153304547
436.5395061993504
398.17464333296437
469.2319765694178
317.1051378357264
330.49875232360495
267.50144463665936
279.6682442492117
466.9412898393858
494.34776929322743
266.9743074735499
324.34633835510914
382.99131886242344
378.457894380812
167.81640489078092
271.23959590813683
47.874060813368715
454.6559551979475
253.4934273135428
246.68199313391094
436.6002395510713
360.6012013808403
357.73770760988316
247.0477481060181
309.5802767671067
458.10349802374674
326.3412319315828
265.8809800892234
58.653372117061
132.48838070297552
344.05051184910724
53.99951768046998
476.09337753706296
283.6380803747799
336.1901036234178
251.35196774197166
364.4198542757031
380.7159345488151
401.4770756134242
197.7428262970401
258.8020739047025
5.267089880662866
410.24746003527787
281.3894372487539
326.2114666847732
259.4940798666106
344.71901951409177
468.7861386808767
413.06903151950235
341.26008247342213
454.70935498006236
330.9918071222629
244.0296676914494
381.9663888436594
395.55496198442535
356.09992180660134
395.7217370498097
388.04289381932426
421.93608551234547
374.0591127586574
208.1971750889346
104.518783967741
485.52904452345825
282.87112885904025
310.8435962663885
399.2756138248282
289.50983659715587
496.05735871079264
300.5205158541629
195.91301202189186
412.0541240766198
487.1111395855439
173.0372837698688
378.19944678641934
54.53801656192712
297.5324038685754
387.99646534581836
492.2802981941192
246.62605995760737
204.13235776866605
140.03097840645086
274.8467043040775
479.7192903921416
425.25301215272526
336.82568735338486
134.6302661989501
458.48015918989086
325.5933370453696
256.80785647317936
320.8576031446257
269.03997932442223
52.96393675221822
423.78378482808034
257.74390345830636
75.3810490855538
441.13515343605565
193.53453405373273
191.89408405466776
499.72179624704125
362.65365093996206
361.45033278140284
493.0490400063902
469.0184170052322
447.9639006814734
448.13142297831035
176.7245320639708
265.94984949557977
435.64904161607706
224.43914932477878
164.16107514795095
402.9726811695243
352.2929925128608
229.46924236900668
331.48048355732413
365.0737202751826
466.3921737149911
192.1245612194645
353.08068851580816
371.02033496909337
176.90597530955165
213.36331028973018
343.1991895554586
255.97497676999868
467.9852078289465
438.24856030750885
172.34920760973728
400.33951984823875
274.5972525175455
441.96836452189365
79.12319393367483
316.326225983475
310.3795819358543
370.8560567756165
109.59294599577026
315.72237892231783
352.94343289833074
345.2575538467428
263.8384077408714
275.39008181527606
363.1110677603372
231.69947642643228
292.149418117132
304.0492983750055
277.58481709039415
448.96033728750297
343.0516628514397
292.66536530815597
394.145837743248
444.4009344371307
458.44306432301926
112.47422793051857
122.92515521372985
408.7671209133748
191.92503311105537
435.62093286960555
254.09760112408296
267.99574786036794
371.0178540517139
326.5750007839617
213.15893741922804
208.42195645184665
471.3466294026717
421.0994791334066
393.006949873894
404.46152437774595
439.3138755442977
483.55447557264387
321.69075312393556
482.498962402283
21.177662920289492
294.9921223809651
139.79673484412916
