897.8326730893942
608.1717089351852
196.85317085319764
217.2660990980918
354.74091909968956
1013.6867381206823
306.92404023028826
456.1730504294967
885.949615568137
424.032867367848
698.3547682384071
921.4539932308
789.5880650307395
917.1061130261763
543.4888272912045
257.14450384654106
829.9986568126353
240.77382521075674
792.2957304087007
947.3392357067762
887.1178259204537
828.5550434359487
575.9977042291241
620.3261981062615
988.577924951329
540.452189517953
830.2369253913623
679.2544948375883
841.8285071054594
376.47893307186473
24.00274685295392
58.87962074800873
580.5298720813487
768.201323173191
758.4302518202278
872.3724342551077
227.49222855896414
896.8668070733563
983.1569590972912
311.54284351236834
832.0631709667006
807.1099914238089
673.4499704679938
153.8634496699451
291.65700027504204
225.13221956965924
129.1810884443736
639.0101417759514
844.7987161889546
951.7141080337005
778.1138375354456
598.6779380321018
610.267534014165
771.9670375382021
974.7724800664085
127.84071890491487
380.6116276171639
746.8107435432437
996.8343918285444
124.68273791613262
996.947785956707
838.9939335306512
640.0441966822941
514.9020891782852
242.96628256163945
872.5687318617785
617.6742012432794
771.4481157138034
787.7220472386517
900.4416475967647
325.6974218741707
942.483483403548
740.1971361109615
652.6352532631556
450.3412136990074
993.6015495439225
524.148373245632
235.60212569157136
823.9415505094903
673.6586724445679
896.5152741120567
579.2716019681252
206.83691761338184
838.509548898326
15.648247150268048
828.72468782334
808.2184197058855
433.28400003677154
504.9032190590981
857.4477860749363
1000.049506054436
597.0978436640644
938.3792651952315
864.5048573172555
519.9344294971734
982.8378756387721
608.8196369213267
670.4420443713013
604.0813882441364
587.9395661139258
187.66941648305863
454.54256206045045
840.762206315625
867.0422696424985
332.927954638459
82.61471074551503
728.1699666278358
690.0927784934407
240.38593169500234
555.6708286314451
886.1199777164818
405.40901000572035
797.4378895337455
553.1232896729418
768.7265192113541
553.6183555977499
414.74687781996283
29.734547954523805
293.5944369499931
868.0389965665305
744.0006974528925
856.835030052819
831.5450210437319
942.8647510026926
806.6132943799951
851.7136378853505
624.5140923915403
695.714101898627
755.6303504686234
138.33712595241423
998.5004014217909
985.7909690269512
511.8225490212402
863.4586166618797
524.0170015990489
888.6430450544514
721.4871519494075
739.4621555808378
257.04653722520493
471.93260451997924
964.9538513813297
480.20730133593827
177.48539964789472
881.3541069815915
409.78974363531495
341.0263433347668
768.6839865999764
586.1067378359937
663.6445068702636
456.2142374580608
934.6170973308864
476.11694754477946
732.9320048492489
865.7699460471144
725.0381999956473
146.26818058438096
553.7117156593986
901.5612147446835
955.1384678997525
415.99525683414026
926.0694939861386
711.6090969799402
510.31254281319025
298.7035573815324
841.4596463100197
654.0790247532982
810.2656472498751
976.2531119113813
990.85799914835
942.0824465610577
691.7792140196865
215.7141659348672
1022.0409916467048
512.2370740992355
679.3867286526453
910.0859302189184
917.6319147397298
842.8577954507923
873.0509713461357
701.0079184160079
796.5486421371388
803.9293376422941
466.3230295286212
565.8487571897072
486.82369243663504
524.20197231924
918.5227936928321
148.83465349172457
752.6640048575977
217.39682218514133
874.3099439327796
656.7642678804898
373.75840627620073
608.741225363538
469.427258713268
800.2202165855607
102.05170965133789
483.5821699808879
954.0483720678131
107.22225090777965
499.7218313881616
676.9093247211764
764.8678111681115
789.422119031504
601.7058884842082
783.7616712651997
595.9038859350057
992.8268860959625
740.0369719439159
921.7499189011342
630.0857928861905
630.3354462443701
469.664483213028
1020.4485245605762
763.7848612353962
973.4518917956168
394.6452316080996
316.8107745348859
689.0442110869581
808.1198695260002
1019.0811839872185
845.8870442705099
172.1236518963899
394.93708036495184
300.9347108367407
682.7437953333138
1011.6244471819339
373.0193360282981
714.1698798298974
715.6661825803558
796.5340785848314
708.2492885798266
209.74562280632438
992.6687345908803
41.41495028455779
75.9237091755092
1020.8222545487496
485.23793922976574
798.3742635942638
1006.5055315321504
895.8306492536593
287.4815975096019
595.2856624669507
1008.1237280467282
780.5406830209859
888.6671080690371
863.3761389589164
767.955057849661
870.140533727294
447.6803728093199
806.541429815688
574.3129849939642
860.2912804252682
664.261661756654
9.967041928754384
115.12176690254182
725.6491918527629
119.29461538888336
963.1344143198432
381.0193355240315
417.8068726588483
107.44547672428632
716.6510216706365
604.1585254585532
830.7209236494275
434.8547668530746
893.5868580906395
392.3001740112061
371.9727242401989
859.3990984891506
959.7806885889958
546.3434379880587
712.3396902892079
373.46350466174033
262.69323098681707
818.9734203063755
94.0834433721567
567.3955499294045
938.2402659954964
501.7014026605592
592.7834724001423
523.7218454238339
650.6611335847233
239.7325108319178
805.5496561395609
854.7908238620903
554.162307589181
948.6466876456191
515.6460278357824
283.12354074787027
279.9052578399013
825.4227801529471
291.6508423422332
916.0689971482101
808.7108883680538
536.4220054443416
644.254570474839
488.44675971522645
538.0404181604383
429.73128005165165
277.80900975607506
907.3066318144649
847.3882876011924
395.6138142930878
1012.3840996355807
327.1814150579986
929.789655521455
67.42316012930405
229.71628154542236
636.7019904246873
243.77935464501945
641.1540933910351
984.3266772170891
858.2524448474306
562.5783910700254
653.2124124733109
121.81823762370789
322.8579385286648
545.9970884585066
164.48822318626412
1001.6005225725775
475.37504693924654
732.3899485882935
921.1940722037197
870.5422866756575
131.24095592723927
380.2985094526741
284.0005546089112
466.95471407843354
550.7464413787774
743.8768281276302
319.6632948574826
549.1548862420693
812.8287881835995
978.2309698179467
659.7211266545899
737.8795176790065
820.9329746321764
330.94935459020826
114.55154645316259
910.4333577431803
671.8927270887476
836.8168897468397
1006.7518357801156
826.1673667270546
570.8972830743767
496.7079326885105
315.3108655845084
584.3959769355015
990.2426088238599
730.642637596505
644.1902213266155
994.1022357695412
933.26792512051
933.4538101402942
861.0824717123554
130.69827213070243
542.7484326894676
1002.2751832806933
902.2104176328808
