722.7788159682723
511.08002299936015
629.9871515379953
434.6923901576414
700.1814588080936
246.2026638507665
822.2522714566376
620.2984663283673
469.7047810874018
804.0297782724917
676.146014130501
589.9649523519608
594.6157269085678
492.34708369480836
876.1060173984564
815.7472770718504
211.5156439352296
969.7388722338209
565.4427446846682
324.98335170589235
711.2003875572794
860.5454272812292
694.8936583648282
304.567399332425
756.5455448374428
606.2768927423607
901.2480140770315
270.7206426689029
632.8918458774438
864.8567701104586
452.2010197683853
851.1406680485322
723.4550189771223
189.05867141138424
236.86844950725833
1005.3120665839162
936.8639218702656
1014.9339904367883
359.0649927599196
604.3923009304607
167.63257397863686
945.283855829792
771.9934536881252
924.5540156874674
884.1109068472954
778.3808069693878
936.6168597802707
327.85667768856877
730.7324063478945
906.0823452942489
34.63496858285407
710.7781995458337
572.7326357318502
208.0130681653535
1023.2166637025449
195.55664690607477
850.0619733394069
739.4549338718421
542.0712845988947
723.4161035729079
598.687171136249
914.6577766612927
743.9667117827175
105.30686851072062
839.9431628357761
1016.5705299520992
951.4313020347638
987.0258138472851
700.8184895257546
1014.5763831220243
721.514488731234
375.97565188058184
933.1352150679747
745.6596759627924
164.6946740391587
568.2472927924184
949.2522521816138
901.2223527111573
681.1211457103332
766.1490673135695
809.2400386414326
284.3827044814785
768.1556682757483
864.6331595178557
642.742245128258
946.9284483960098
92.90310607125775
897.276725017476
888.0256089279612
538.1076808263641
581.436170177348
612.8285802893474
908.6282745076012
841.1127535249477
804.2277875426369
794.0028288250376
1000.6561605663566
944.2305282685579
477.9566516840506
819.6588679123496
800.3887671415965
866.7826903610579
900.0976877750961
1017.0336466908102
885.2258126481989
435.85818364941065
773.3264212431715
882.6060987621206
922.5765674845907
57.17258313691252
498.2376626291501
415.46429223179985
451.96105686477995
855.8317161016183
914.5531054905873
607.9500262476602
501.80268649857874
622.2189474015081
886.0750246069344
757.8470319556104
889.7343979168028
888.7899467576663
819.1979760626723
744.8186653499127
840.5315838735243
949.660511336146
919.9922760278015
718.8838849617997
768.8661131776137
492.3993136556028
793.5363726967155
159.74915147466538
645.1284129088544
808.194555784099
130.6546305180475
493.32212069022876
358.566935576382
8.35659441178359
742.2713417173393
794.2397150598924
623.4713880598949
730.7637609562344
765.703252105511
1006.7824829576394
731.9408173862994
558.462097806442
385.0178847785961
509.76944761807374
921.9220153187946
1006.2785045532905
955.808650812779
631.8107078895425
344.5737665582284
732.0454797945238
226.25308188262613
563.7097352095464
187.4405873291921
1012.817636714126
142.22565546135127
838.3610589926038
906.0432650069474
844.4106912850526
583.8803011435446
476.3705093561266
95.48392135409222
936.2505702608053
863.5394934684607
1007.3053985309969
207.90249889256177
163.08927330441213
556.2494918930664
851.827844433488
704.9583086933776
677.5259684424177
399.00761192706386
795.8378430408483
313.8130697519449
836.7851199169672
324.9627268519987
905.0729504969654
263.0132796899761
513.1649049668845
488.36559708095774
31.099173584628943
499.64964349736624
944.0005478340183
899.1516571246939
641.1788214847022
701.998471817976
585.5788027482629
983.6069378230236
550.2595147079801
992.3383535819737
553.0240242619215
552.3606301918555
992.0785244608601
747.2158138321385
901.1943256383909
280.51256270393594
744.4828990243229
599.8364526464369
643.0912330591376
1015.028117023855
1016.9411585841872
851.1283503141119
453.6374548253299
834.0259739190245
861.3308837024219
553.7213877093593
654.1746333266967
64.74682243246207
961.2952361273148
643.8911605590336
687.3583148042205
327.10930739823254
668.2143621933378
957.0585950093649
932.9401037434291
943.7014036567945
540.9192254758464
711.0637246807635
426.2293142917532
826.8533482266619
886.7399701219668
705.8101325541525
768.5861721112425
684.2849052543534
802.6751184705222
751.5491155026939
890.8494438684447
936.4073728302453
716.5567400171698
960.3141755969771
178.90927407164395
746.3501346850489
938.35900686236
652.7244542394342
904.3393445869116
968.4500128555633
926.9720104566321
866.8766161274434
823.4913571748139
660.3517040812758
405.8209705542014
839.6959544466905
914.4598694323753
376.5804950864774
89.67198608584488
154.92867329701198
307.00034618207235
927.4235879026822
965.6054054402583
955.5585626012411
820.8284050927721
886.2767085215527
838.5317535609526
852.0465617367453
754.3268147485209
544.988043769758
1022.8396247744216
883.7978764659465
324.1682377534455
32.835485028109474
672.113606068629
1016.6609389921189
580.8726733376045
225.88784666378626
187.94165547594434
971.933509206448
599.9354204873108
354.0730950747726
211.3977994294097
845.4166233298018
685.6882086284527
536.0748900000121
457.9543886529883
358.83975771425025
223.65111596889722
1009.1659744563316
770.1100769156158
990.5326097249957
261.08442322270514
625.678514012904
458.1231469572316
566.6368317311496
793.2348800378497
745.2803621534674
584.1745278787986
832.7433243734199
110.56742222192588
205.4465627231773
723.1840505362068
387.65258035175896
597.0334152053517
192.38793920137414
496.8708440874344
818.7698777585201
681.2665957128213
640.4148678357874
884.996362460103
623.4566370521668
1007.6218784028435
267.32626108525733
736.1338285409718
766.1728847221344
904.3623641794386
950.8353424481672
161.61248866167603
958.5630291155169
444.0181123883599
287.29065659653725
1014.3343712214962
214.65123224583579
1006.4523928677196
1007.8777429525192
834.2978902660896
938.5747827614985
325.31780340964747
106.11392898158647
358.9892836920418
687.1756598629032
987.2784232159487
662.6762099590366
354.04922924702146
178.523448074086
531.642041929516
707.7220476347482
799.8748800175906
801.9271191368993
139.17090584379048
487.0152115402469
297.6325779615788
966.747085448944
777.5247862165832
753.6090282869416
487.2266631055421
194.46626151468865
986.0033562246126
341.2423730734681
508.9651997475206
753.4141976287619
709.513864216003
7.535035071128732
929.2401704239106
667.634818914463
814.4913050276722
197.7526529461568
968.3604867688666
553.8269904576176
794.5117115351521
928.9110837124417
343.21707466305907
698.4801504942187
862.5131079127291
756.4317804548593
598.4286477634595
46.887267241730456
319.4357216050927
831.9759627866106
951.558637817108
