326.60369717169976
282.03952690998574
675.5201910688168
763.4004843801456
174.00706708460712
992.4406249282094
892.1185210305129
910.1006467696312
906.8132794525993
704.9153887706078
492.4017161539773
648.3112567115065
796.4092703170002
615.136846151835
660.5807651414068
940.0723982659506
981.6033736615858
233.0518367670843
302.0913083830867
566.5378008035018
770.1064705801197
388.05731923293854
862.2658703505997
780.0992394437859
114.18431979039985
325.7879852226963
902.5909935079637
984.2798279764428
472.099049699959
62.5860648657939
746.0897306699907
959.5842453284833
705.8504985672091
697.9675412146888
800.9587647405597
504.6556621885851
885.2387742071718
907.046681775233
557.2447005940429
545.7469793860621
351.1208161246607
477.3874751767862
365.22385819938916
365.96838551868734
938.1414746381859
409.4970789239168
171.69061433166655
897.8678301254379
957.8787428259121
758.5565278959248
737.8448524091282
964.0585058507794
946.5106433409097
724.0098910426243
1004.5535593590376
632.072421511476
572.1665511024212
125.37042224113088
840.2031550230433
573.703983435624
342.4414465693046
512.3004464027226
929.4841105570658
841.5504884850839
157.05568389509347
125.04107640018651
472.7213576203859
467.8429840985343
753.4600126061682
591.0983363855685
663.7603236482801
759.6474901784015
508.68258814761657
926.7777086408342
754.3845826658562
719.479775248818
221.31132212401985
839.0003696854958
1012.5794168235598
118.59727582193602
808.6859062322098
461.1321235286399
997.029157040988
616.1585936338314
676.4486812901608
947.4704150316827
417.16082652292823
652.0379273898761
388.47847142322246
442.8431589377493
361.6567766034574
697.6037448512452
1017.6659471666136
574.4593544703407
559.1598591215485
268.52890974836066
985.1429914129217
215.83947634948152
204.41197660677506
675.4555620477284
667.8484859997995
954.454767863842
815.2494894109971
870.4933962058798
583.8882400356019
980.3424798575084
634.3862874159402
517.0114381549237
432.42284824892135
309.59812611780467
946.0555186483754
605.1488392583688
616.6452172510947
474.9384872464709
992.6243434081398
639.5648798176139
878.1509852285686
724.6686684425083
363.9688809279736
724.5941789466235
41.38743423287724
610.0967495585697
199.16590948499913
735.1239580737763
762.7601452477293
465.3326769263798
356.22090274538436
706.6560096010808
751.2282578469482
860.7738918149149
171.52117910786183
582.4177411398698
786.618902527986
718.6498571740889
882.1998641173959
853.3960396932769
974.634190877976
703.6175493273635
616.6718661548134
964.2394911051804
715.089300158134
602.2773304346056
521.5248751153132
924.7074172899996
866.4244020582371
164.133433003493
987.7724118387274
992.7700285649619
644.1728211309613
737.9982627614975
38.64088364044949
691.8364328305888
750.2009573472728
999.1586281124243
398.49555465292076
952.5554093847454
91.12054190488402
11.278898335835038
873.3863376894069
956.5105972332726
915.8437030888459
767.2537144207743
853.9265508785451
902.15172799171
880.900869937301
453.19244426067394
272.0718554607033
791.486937864776
909.8671819674105
721.4570248749427
944.717662602235
1023.584326174022
272.91666314124825
944.2032727055416
654.4057104143892
919.4751373598662
439.24489944054915
551.6575896111128
150.7700250408576
332.7960615669999
450.4885445586284
149.42787969671792
688.6628393910139
951.8032336394347
614.3500221728508
620.7254730898335
477.82594719546546
37.76450763672642
818.038973885699
504.0725307683182
499.67451737276156
361.690634471969
955.632415338996
309.2090415577196
76.38658554782319
396.53261412505753
473.4880124762617
522.714257767872
26.384483438312714
962.5413103179948
734.8279649582988
1010.6598758619109
642.4117769645061
724.0827299755177
828.4496746366544
609.8165277135967
831.3089289643949
647.8815090379545
666.057427048748
222.05919836844726
298.066033123151
829.0015822112155
958.3671559786995
623.0140484258287
925.0232593370312
337.17797572470954
662.6036652182879
330.56757778958274
399.371205154172
860.6010040637033
737.442604187815
907.4052432810574
1016.0225419962553
702.6434186878967
891.4261220069127
854.3334221210131
770.0826048536373
852.5490938641416
881.2340282181739
452.0166194378223
889.4149634916689
391.9622019903336
795.9386713389675
789.0448535532013
855.6782546388822
629.0855170922575
444.0191615674529
705.2782092186292
567.0689446824055
36.765082333107785
1006.8652592785381
345.1845230563579
618.8732593986233
983.0417302097854
702.7233672278769
932.4143018395702
966.8866575344988
898.3868046688006
992.3544624869528
718.9549726307789
646.8244722296586
1001.4895764320977
809.9595751187344
960.7826486907833
798.4121813919608
551.9397602693966
466.91089449161007
909.8232022638645
923.2769069771184
249.9273368523709
814.8075222634885
369.87624335443036
238.5099011340635
667.6336044876014
637.3530935819588
983.7642248489616
635.0629113773007
423.7256161821929
685.5100240191721
427.34660219002933
149.03338441578478
666.8854475053697
106.66574189675327
894.0262545170131
650.2291890161032
989.1222706073279
991.5693571022858
446.77712043355507
917.0117020676388
998.1135849888922
784.0889898793976
84.78115351668293
726.6790237799364
239.73391263682186
878.8597450894388
87.63780401781162
773.7469253300453
748.730270923922
247.2884762179906
978.9646596782189
669.2104985962167
724.0340151049102
253.81991225916067
925.0412213059014
728.8396764971519
884.5899963076865
699.2015935013623
550.5588310835822
591.103364475429
650.558878532878
261.5693844881898
921.539336955841
795.464108892857
476.17891462050864
673.7419392621214
730.799281309485
995.767503929386
750.0355634377172
895.1041904244621
147.61189854056022
399.2387905315603
805.2375338713056
631.3275195619578
858.0040378903673
805.6537693677587
590.7143120266542
782.6922483942833
285.26731265734963
981.1517290236361
479.9400852341083
530.0739235664298
938.0631949589495
485.2212834583927
819.2955406034458
495.99208445288446
516.8535659969345
948.886874660523
498.0015639759009
45.6267019504005
805.3960253157535
673.7643958907056
846.2059223013902
434.3308681583825
593.4103397587078
548.0424225089248
793.6734893982809
660.6503374422981
809.0906741167523
980.9132258415544
356.7691796083898
962.5183232693861
440.2385007414605
678.8561582809245
366.33992087492277
315.35068519692004
852.0193331898088
755.6939809476835
850.1000070589075
582.2194930822901
990.8267876894732
954.1548401999675
364.1783321301157
567.0782218694246
202.49754648978808
140.87641404405724
752.6201233681109
827.1600377778723
384.8647460407766
975.5532076476152
188.22502335385207
