1006.9417126864711
858.0283600422812
268.1387533623273
583.7554841925155
697.1838755902686
626.085536537514
725.4047796145608
959.3020741789488
706.9908230365343
197.33759683325536
750.2810439368097
991.4121296269562
456.0528991157387
531.0170389076309
489.19789897393184
873.58817059628
990.8700112063576
798.7790415740893
190.074133575789
428.2810508153258
570.8807570087395
705.8996277938951
162.9430936448075
942.9025318517556
862.0962331003904
377.38416930656126
704.7499634131556
759.9034623011133
841.2136530050268
177.55330466136547
391.40564767386365
309.280828740484
924.4647001476881
462.8416042629822
794.1619556495871
782.3316974114532
590.5001281589489
530.5352661016402
803.7045480389269
736.8992993099996
264.6674672239998
1009.68527411154
411.9238879097578
225.80675242176494
267.3053437897537
175.41283244442286
557.7414737708132
74.49004872209093
161.94537716579953
673.3032794655196
878.1145594702512
538.3366357816511
591.7974443403664
930.7193019079747
502.3425029710694
520.6551916300893
437.18599066136073
624.3728920755811
463.0665006105912
33.85943504781301
468.8098676048478
347.2280625067041
746.0122808097065
682.1025869934653
408.838874562172
171.5447657968332
736.4872586090992
176.3497592480221
907.389273295103
867.9879761405125
860.4585407451308
407.7229689799185
818.558754646198
879.3373492671584
401.16086434979695
651.8790742015469
373.2515574948583
239.2448179140265
273.1005280559058
500.8634945119111
623.2725824510196
951.9610990286544
592.9737630925522
929.9307546560858
43.89830077550141
549.9412146232557
516.4856546533988
992.219084622776
987.3086192808672
681.6864628106164
576.8910233814349
766.7466839110022
1005.7572394930155
83.72100429415832
733.7093010978781
864.0107857871076
912.7172937597464
784.3290920264312
511.8537406622494
494.9174116668547
982.2382966646658
652.8127422064774
843.1668605262392
994.7276930104555
854.4477453663336
632.9168369759991
651.3980865955036
773.8413766479845
966.9847838276878
746.0110999728251
43.732182196661256
1011.4146592920167
418.58115574838575
546.1330558924249
782.534131273489
127.0820144575755
484.8359893858195
177.27406882172318
552.5009577052826
674.6454867579271
829.3172378617469
505.9924011730691
220.23814162270514
522.5731398616078
700.6648087863691
761.139844496437
864.3096426123197
551.2626610504446
382.180339574261
911.9411262844601
461.53119273056245
952.7598198699294
341.8252285603104
837.3005058627397
944.1056001378603
298.2689949858542
769.6165470587281
927.1202076419968
932.3858465148645
476.79639001885846
526.7984594877066
532.1230710041532
558.4446217880793
181.58570153907397
596.2795537338845
870.0893556008928
849.719535162772
744.5313626522131
484.54647083939926
350.6739913807887
430.3678175952318
811.8897641617799
819.1170373405977
415.81890027121494
645.5946723931252
494.27514691541955
219.01053698728356
595.2993228960643
547.1428221841522
715.7287995576806
1000.1560226891537
960.972034575002
563.4231312195009
531.0293834526076
541.3804612831574
913.9821832079691
393.7833762970906
765.3853497541666
326.39560311136563
458.80554134768215
527.9357871722373
1007.5807235558575
381.74873191705
468.0929229736106
684.2687298396227
683.0556010363953
500.9109971456736
341.0925548797659
604.3689995409593
1015.7578875388156
842.3652693230302
1010.852138558959
335.7867849631573
978.2036248542913
996.4483997364625
672.514648362917
285.1736597932461
606.5296603209994
262.7282397052901
192.85217830370289
605.1178169771655
588.4320718921251
618.7672717429643
744.3053483622382
814.339721286196
384.2909688851299
319.9551723562023
528.7273354702836
641.7770559050405
685.5342792473413
728.9856111125421
415.1495428006107
934.3129302715558
995.6300071881246
547.5619438237861
421.9909064912973
992.9779019992253
1023.3112562246913
81.00264854284683
678.9171975756501
469.5186755840374
848.2710610513132
373.22204118451725
727.7543408235371
612.0731637572947
589.833532554472
880.5409191258425
686.0082835581534
538.243435161004
950.5148339977916
671.0705575276867
170.61495670764748
552.3554117195256
356.37656409548174
885.2271232356978
950.0503150467674
895.9504378541764
950.4209542040896
486.1123707230397
694.46720819915
872.5790130281882
710.2774348070751
664.5009477378069
919.2844192958141
948.9400705763381
804.8109196201927
568.8091470719744
954.6294100287914
534.3783967958924
345.89580792280697
733.908348460075
777.7126414703544
893.9614206662151
90.97634033322277
1010.0031582632928
9.152032953954404
879.0659209808983
360.3567693452799
107.62746478881195
666.9797835433847
862.3311888191423
564.8965184963099
163.07021683650146
820.8947481786015
770.4783067726148
777.4196670778985
695.3058548736261
331.1168234576993
607.3502261761512
745.6214024125427
900.7844651347282
743.8153630556118
741.249555937962
673.3818135967488
943.6062308838927
791.6165005545859
351.28323836105596
726.4709737739503
903.6508205140942
658.6372532497243
539.4743290679951
97.67309977403772
461.22286366758783
694.2240873120903
795.9905160647794
699.4397201526026
217.34541054043405
605.1606542203597
203.96936236244824
474.67516415040234
567.1946965490267
207.59725476246297
477.3033308509581
306.85234013257525
661.1892777094567
814.9016419971969
597.3057023141059
940.0232421670928
905.0276669147822
758.0863687910057
461.6845199616505
852.0481898317158
380.0303107895113
943.8182867484257
394.9232886835041
484.59600062181255
1005.3242732299545
529.8504489809281
215.88810549945447
300.96988975912177
155.44102703060014
709.4909281288591
434.4680517791197
630.0763687562792
912.2510169316597
980.6525181542482
432.85049177984956
894.6307279832118
93.74571805275048
621.0750196452096
72.75461989958944
984.8530064164682
18.195822107508434
570.3139133259772
549.8956245591147
944.0742439319868
974.8066908960774
673.6070234628407
838.4827660230478
710.2521307345012
618.4101159337165
742.8636610526432
806.9388257738876
1004.3728347545787
844.6108317936427
756.6582565143894
544.3993114792121
882.6030540982673
739.7726493525679
525.6963490789362
152.90975527948058
274.6453569783414
588.0825385783247
123.26986016208969
707.8328669498003
99.55429977225538
869.7127586853092
808.5223849776062
841.0932617125358
363.4308280521749
736.3149644870657
719.5402080846642
673.7613365624545
983.9464758996695
587.5570715019837
141.98777046182602
523.635040845382
721.5832668079968
607.9143902537787
114.99451955734492
750.3313373925263
992.2681625249686
829.6789666370562
624.4377645896761
676.7691823541651
296.6867345363281
778.7929623472172
343.638682602509
195.57060457863565
770.8608357621055
