616.0598822632232
446.6647737083158
79.46596964910952
804.1243472300656
704.27033407623
483.3054405775259
583.3482795870891
424.3454525344756
666.6639767650095
835.8250659365061
977.96222105331
52.173780765266656
868.6967213843824
556.9779988571389
631.0322651120971
447.89529801179924
940.9765634940784
790.2850316475524
747.4184014477414
575.5271272934324
946.8864669856644
1004.8302282469543
318.4644968221611
402.5503190432577
616.3120423051264
999.6046647598241
553.4325625501245
205.58369040233254
931.8713544496594
819.5714064828575
1011.9487210857153
626.1613771760838
714.3296780072128
523.0860416410894
883.0400089470721
446.48086627220584
929.273456290603
526.5496579345415
290.98532399579244
925.2904871561416
674.9871698349696
783.7911380223505
1001.0462082888082
916.6469477437798
667.4219211852853
930.8681283714889
559.7242827003488
715.0584926512686
512.8914795032679
585.1131211352514
339.44026020342744
120.30513023545643
261.21799806709305
545.8244236434628
481.6746674387849
414.04371072728
619.2851927796717
157.87223050000136
546.6162876723952
431.89490548534536
283.97409312453476
856.6869907969013
586.4218891386256
921.6521319004696
840.4357596390194
298.85812959810823
978.6640442670501
974.9485616267218
564.7169226969941
775.4144646534781
737.5172871279767
917.5857237673073
157.75752222161043
587.5386060507055
758.8738131942162
588.1040368307914
925.5564981359395
841.0305998507314
648.2063724768335
243.1869430938268
879.1264728164964
900.3753507346294
409.0978623060636
1022.721520068393
941.4728035752906
776.5730259690658
861.5773324353717
837.6103224959713
551.8995591070938
896.2970393671807
0.5973884430596854
462.45883560632046
774.1106795141707
656.5153708645607
228.81167185482514
724.7934343379227
976.5036562290984
440.2232553956694
866.5511956742088
1021.9239045175937
465.2335310623089
626.0169245714312
326.6711404296194
685.1154054225432
445.0660333511752
935.108043795972
128.3321554017465
793.6980803334019
316.93741039644067
984.1699669648682
407.02770639979417
474.95754306547576
377.72750376173724
816.672653952828
861.9604803176159
177.81134081592177
860.7002871737677
426.83511757572865
895.0570121299512
683.3234822236204
762.4859234355837
880.575260578077
725.3865443155967
760.0630902541036
945.2179482956446
619.5098175881645
870.3003753890615
784.4917563692969
178.745023109562
364.26747999363863
200.58915354489113
443.6857564082642
547.713119007647
565.5555884508303
765.8898470461306
746.942048908355
283.677256295617
602.6623810531158
737.9521329715147
569.5085335600522
904.3550295421132
761.4571308626187
1003.6722104083069
528.2928682458976
897.4011926697094
819.7839017876761
223.91880739624253
768.1861218886975
689.7038735041706
388.26442188780254
962.0094766915744
460.15726522238833
889.8475770159991
650.5018359122789
948.1866575463662
801.7375047121018
400.1192224032495
124.1561596067072
713.8693989783353
913.1449358081534
381.45348738098994
638.4063034928142
780.4254357008331
818.8355800752639
127.36396406593838
567.248564279736
654.3814291354964
1012.2601364187708
592.4162846438437
884.21883671775
506.15632559158496
789.9653538653549
687.2371150762506
295.2407043898918
19.238607622177028
265.06675204155385
845.9008030848308
285.2939211215031
274.01911580653314
873.9958089586283
509.57779945536447
893.4407100888691
944.4709760208508
721.0811455666313
457.4210154863582
239.2519257743918
273.1666206784628
768.3346050251979
863.601988605163
438.7315682554722
986.2868457114452
578.4082868315746
1013.8193346421696
336.39096318890256
938.1368574550769
171.0751620951462
400.0257717410542
917.1539165469353
994.0435060282917
458.78321105430746
781.4078054425395
790.3247362478372
552.8561086365174
748.2853881444488
725.7130031549567
496.8933420693912
969.5040374508416
783.1884687439684
471.1800212221249
859.8231353017587
379.7572442117696
852.2943162503349
483.2195440420436
712.521139076101
998.6403707173164
958.6228261029579
840.5450534653042
272.8912161931021
481.2812357165309
829.5726986533692
640.7734644340819
807.1464768925923
665.0291723307803
821.48528211345
919.4541880708497
926.7931600881461
669.9786932514514
15.452389501286461
659.6590814516231
309.30881326951067
967.0513090263115
978.8706550589477
971.2986270182995
38.15392769810592
670.4505154956211
1021.3112142850217
553.32280752565
91.177372145812
1011.5101426159474
930.9893543898041
868.0053669229245
528.3028487175495
391.63365858838176
922.7384682906205
873.9316431183461
925.1789281641632
201.66435686687987
1018.4812594408805
274.02445420583
908.0898552949225
936.4191213509052
852.9021681504166
169.5771761326896
273.9161459027707
985.2569290814286
845.0763381809077
153.08486612475667
979.9555991721274
661.653461194504
941.7222961671583
771.2341417527097
903.0819891112629
430.66054053245034
874.9852393099117
373.974014196992
520.6758030918143
40.46683385077529
419.9631924998796
801.9399828462231
298.67876649108916
883.1837122730556
413.10081415368757
843.315267649912
472.2449682903201
910.3472539342849
780.7798393100313
637.4733267090962
584.8578470607706
773.3397376787423
1017.9585772210852
456.85945994717406
150.217100055448
894.7099411740279
988.5657950318258
781.5680425214457
466.74064003087346
867.7166083521415
330.71904188504004
651.8683704135145
287.42973823022464
1001.6828547876145
223.99835142683332
716.8498745659272
802.6024518971273
631.1001807219588
651.2974246707449
476.55417281850225
615.1379039253127
459.50255268095066
830.083494100321
868.8709561734028
863.3410884777425
445.364855197441
109.69808897150358
769.5730168372984
443.6956153259929
972.6878874781871
726.580321310671
863.5775735965667
937.465956512139
899.1589145896578
420.2272060155327
356.24925046703356
163.11728770652064
997.4957973685058
542.2932020368395
561.252519967897
575.4137900845885
628.2993813689819
283.8302644284537
730.8089633429814
920.3573457061251
799.0030383477338
802.5925832437295
928.9525627519758
841.3312823953567
788.792208001609
13.06313562897651
526.6862036443284
662.6628190477938
167.15138171271542
589.2717435272148
285.7346756498756
534.481362133705
106.5886496247382
960.5959085420645
219.2249294497459
819.1855420875338
836.0634544603253
984.8587189720405
460.64737075631
726.0793402838502
140.54445755614768
690.3408789643281
734.570131465551
816.0006573379237
315.52745643241553
758.6902943659418
299.12798353664994
951.7932664143575
920.8780556392451
908.9595832339082
801.8093803297992
765.2171586392918
769.3779311073724
1001.3807223167817
538.6997310720997
750.2459303110163
454.82208192527503
397.15362099484935
