534.1567401658992
943.7938314254395
758.2974215593201
271.54565720366486
533.7062961645613
633.3650900092684
801.3829677344164
765.7992961240888
386.80144240033223
631.5094454279922
280.3366146751581
870.1640250087864
159.14961051360638
500.48686236162325
482.16101612964667
1002.131408940804
472.54020281430587
635.4815835452766
784.8066475887222
910.1221289959145
828.9664622840794
955.4079199736183
947.1148914659941
441.1459675799025
230.84965034290258
591.0809249505121
885.5650356458194
786.5882706386205
760.8229517368345
942.3457226585635
1009.3930487593535
262.1728995801758
528.4503094879822
620.389681388614
650.2046296379845
741.987617674672
287.9426544330024
786.2158641075014
654.4594725079494
404.3250312741907
687.6227684276283
499.50609884783944
160.16707786679126
803.1970518486488
282.6676836522014
598.4369069402767
905.9195006943986
637.8311420302399
275.99630383991075
35.04280606976249
51.44602499058192
721.374386182626
641.0645590276376
388.26847016290355
291.1509884447204
98.91964134465684
59.072202564348345
699.0702790335386
985.7254884023255
912.1413687659855
934.4988964654036
786.0763651337232
679.1116644314468
816.1454477102429
747.6659516298531
30.94597003095032
334.756472345215
987.9413857905498
394.12892790181434
560.1897560495645
318.92815546219174
282.96327712104755
908.8026738346344
672.4507765895964
644.7938192790763
339.68189835761336
493.3968554330529
707.2177566633768
1005.8700332346189
1023.2119069259513
213.70419368331056
806.0862881025988
609.4622593116311
649.6271647136309
888.6987956174644
874.2251721752747
604.3679313475715
611.9579416858778
675.5572542226006
203.90414676162743
932.3464377710907
756.3212915349142
953.8654817989717
958.9896061294587
1012.0819672302719
1011.6190291404083
835.0670741457441
932.5827837551161
301.91808859291314
802.2662661791292
537.145253614045
255.02361132861984
1011.8047610184635
775.0866122663961
210.77552544783202
882.3417573229876
895.955492792177
435.9751754803191
928.2775560568045
854.3107608266604
62.32343236560337
761.5938005557582
632.8504762351016
806.8319010039293
933.2816594613671
404.9230018961298
86.09763076323043
378.58128739336314
527.7284342947754
950.7624169940956
886.1277432788013
600.4470953469488
949.585636793052
847.68775380277
842.3597257173057
944.8517218769858
325.0845408280768
483.80665975680324
861.2108246209967
947.1334851357084
856.300857791847
270.5348195026256
402.2913573332711
784.5324043231245
229.75122794621063
887.8421094692442
190.99649780771108
365.85362439056746
877.3622078062217
418.89127503123984
905.285584802758
363.65523849142096
588.0357830235081
396.3573552977657
908.3775549147265
723.2673036095339
174.896267023321
850.5261580302397
102.10868813672414
511.09540907010717
528.5570427250648
254.05876991078662
947.2289761764108
411.5764300728765
751.5554185215103
1000.0433873210033
417.09607175704207
769.5810117199487
218.2324208679887
222.18523044772826
658.9869022695078
777.2615850450452
372.1476250116955
854.3487693823597
70.93101415703404
897.0189527607031
532.7642062711928
461.5780215003583
604.590913935933
719.5744997081365
808.6269918722289
252.01142591136204
699.051141718998
309.9080961462373
583.5176550484272
802.651789376813
998.8779446040649
791.1229579619519
644.6881809785936
1003.3987914745313
488.4167427726451
647.4457743103218
251.35375977545664
356.2149486829594
582.9829475039667
7.912113822304718
915.8708111526349
482.95690763885295
494.4219457748701
530.5413725141213
160.8834585951887
437.4163381007128
858.9356195400379
724.5843874308025
789.9505483489788
473.79736581719385
569.8964530703993
611.3858652921326
688.4474615050008
791.4105968113645
865.5018021122269
217.04936666413698
587.3084594644138
470.0622887940981
448.9551602750598
958.191814676843
324.79416922382075
908.6009645972372
327.64367822392114
823.566684857803
456.1626567453678
377.5228002575459
342.9439184289831
31.66584250335984
925.9333274716137
171.1855137079432
790.1671580690166
761.7882399831782
107.41328229197916
746.0891040660119
698.8298687966112
12.160071754508749
320.2830938417301
343.10847304844356
636.8756028062129
963.5702163680788
760.4655295535636
859.2418338962345
547.9985584743738
346.60650267146764
11.8070593384615
695.4170186601706
975.927570986464
405.52335021648435
465.771721108904
1021.4433213536742
6.164416983280944
517.8073445537004
767.6309844710995
920.2108029230295
750.5876270264728
570.1001051011085
30.31739639364389
986.0410565462271
155.09963747794814
397.7449883501397
831.9055047957139
714.2483817620042
452.31435435452045
301.60592652569017
891.2207465251774
532.4936774825892
960.6029750411924
993.1615881525058
662.9660030413347
518.6464960198718
605.5553841802282
343.75317814570167
879.9101192930538
519.7677191065687
808.1640994585907
978.5963793485643
201.0953192444564
657.1403079559527
670.6130541610514
935.0407487157405
683.9501696995306
574.0123865253559
630.8386020936365
662.4724130101404
417.8385485348489
238.08261081000956
845.8164151929632
579.7956465985546
695.0260231077448
120.12912582022534
351.5150014995355
623.4968446536077
379.2053297352827
902.7171021547553
718.9564401267535
1006.4059814485163
1009.2651442652117
451.054342642699
711.3242677134947
914.0679385007502
254.6332213749381
442.7651872275908
759.722071869701
1000.8864257626007
799.3495101483416
653.1504879309994
745.6606057799954
116.15869423137372
414.75270724520965
285.1911738505189
818.5102049282945
510.58535143985307
691.7485357604644
1011.1598876874036
787.1549822043198
1017.7206607839346
433.40851122851745
726.507123888123
984.0718263461376
723.5575666309767
180.88169658517313
269.41380461285655
996.1134371901613
732.6018624753226
590.0661588062796
742.0219295809429
959.0470811459345
507.0791856852783
312.14110655401737
677.5946198206406
993.7748555709185
396.475408354765
877.8705598208352
857.1844073888905
588.1639373395417
765.6078912273947
740.0962824070466
257.1055284967953
1009.0027667199587
253.60875587112366
583.1146660892955
187.37274329042975
566.8141964541521
634.5660489234915
714.9230447165403
488.98037925767323
858.6650244588454
545.1603737604364
474.8815360248508
649.3522088689117
377.06755190291767
743.379139602958
544.9882823974328
684.78341976476
841.5989498020215
806.6840839430005
153.62308984078516
241.48281890692306
334.90133792574454
411.03359515160366
191.07307257687944
894.1647478243793
583.307260437744
58.9469460226635
875.0090062012093
1011.8610404329665
587.9873097920929
879.8351399781457
745.5039511227055
266.60032373576917
741.1279388462327
447.5028331452021
937.5054916128357
728.1994592616948
