199.1722800051329
95.8704075924669
276.66932389630847
283.53703255414393
99.37240761164588
381.3223692659868
74.11902109412904
218.94746066174986
163.77001187406898
425.68284707923874
342.4218209411863
467.85229440123953
372.6572294296026
313.6726713739984
150.02402311438567
446.35883909211003
25.207560723116387
404.9899303008362
350.61741587098743
50.469120840761605
392.28931716359614
210.69952472801322
64.06406010337253
492.04224691577105
488.3792503844463
387.9235688583592
184.18835749750343
158.90924446338494
467.31762310831425
355.9030028031317
240.74935723381816
191.30827230203738
386.2544126133358
254.48319424802037
435.08265722479547
303.0505468098871
489.52885337912795
467.2074339277847
315.3585268935916
454.9211650729806
455.775720123602
492.91140650031525
482.35065018204443
280.5963676031867
310.8256539738097
144.43861087028552
48.106410538403566
317.9387119427526
372.952292630605
473.3578974218254
340.7171446320045
390.20278300135004
93.59839689561903
435.8323139826305
482.2666025616318
185.85385776615675
112.23473088482456
191.46550360043295
362.7485838740135
337.3854460491169
490.0334261340177
227.25739714964908
167.97797485808303
55.067323317577404
416.811045483389
297.9410989303475
280.6164682333047
415.9545599251814
405.5338018686987
454.4731304015536
426.14425725406056
498.47407000486953
355.83370666142525
392.02466621655833
354.7791288880155
466.8872761388686
164.45914896842226
269.876351352965
34.47640074578902
429.7248221392581
495.22554012767307
121.81560112128574
35.733291702108545
476.86343330004746
297.5243397466478
422.35777425475766
493.2107699342827
401.828730508062
380.14009565231385
406.2839598297826
169.58541108797152
484.67959594502975
159.78184366229578
305.32054801251587
325.7331220226721
460.82919290349054
41.22204869620185
479.81566473503295
248.03079706868417
312.36530156410095
49.88641551597004
408.1600684242747
174.35319327852721
490.8389493544364
479.99414417814535
44.840792573615715
356.24382477904544
194.08946108804201
476.049335926565
428.7273723753234
285.7891876825853
261.38933820386717
477.86807988649895
355.1215095069835
336.37289856378425
240.4620581005629
74.20116914473459
212.0406353312453
183.29699723267055
191.07046808238402
427.7872619948512
269.9895138033749
381.65456216825686
254.38171927744173
406.48717883014837
451.3395639987425
383.8068966482187
340.12386861414404
413.59308860273677
475.82246854838036
330.14216510570543
473.30341072689674
496.7924153158685
201.86214360369678
399.39887684038735
493.7940111921347
452.6557896943951
31.9768783675259
365.9330160956695
475.2853611663462
169.06275026246954
426.7841776539035
372.9389957819825
236.49259245940624
389.9514495168187
53.43801983498639
494.3251486904902
55.21363057953005
340.6695143322677
368.775026249403
487.88640136895043
210.54021236986193
415.97819555336434
249.81635642733735
411.3957465577255
68.45870729467413
323.01039969456633
314.28797032720763
287.63247402296645
408.6478673904241
37.62264600496832
464.2449974975988
267.9066282508393
396.1561093891397
198.17418345989034
487.34678833514164
28.0890402782793
289.8097163928697
203.00350069739739
330.45503620225617
293.14660877451513
245.14223884777294
248.4493214029842
194.85522126148174
311.7375855762916
188.93193921197815
333.36564131498307
281.40052134003406
407.3028552383488
428.11271042615357
425.67740831881605
98.46377911060011
369.25256969172904
288.5404443416742
364.9053694995672
10.9384703613174
81.35067956794325
383.730498152979
487.60979991990735
44.20860513051025
85.16378558015771
185.9859259534304
448.20829319179893
493.540324389185
414.49386730110814
228.01158206064747
180.9750776274259
267.2569890012374
350.64629992570383
472.965009863532
485.6900191574523
413.7844050951886
195.6938279979089
42.208226235015616
314.172608388199
445.3589491099353
125.49688807523592
219.62165128915132
43.77321667882694
417.0022893422536
209.14325696257828
245.73960030665563
235.92497697157694
272.37239923530626
381.17064146755945
223.45715552388214
464.1374300660725
247.70934803000586
122.85135198832626
289.0443159984867
282.12278536338977
282.37361371435776
189.44868203134183
181.37790546912709
417.8752743437438
370.22556179111484
289.32345318126625
425.08266165083535
320.49365499126316
405.5361046725402
440.7070240648338
440.8484479861707
403.09648691495516
374.5981726382771
78.44963349567774
18.8406416551706
399.1833193521098
317.56537114102616
148.3612882808839
211.3825070777313
57.706336077696506
369.8562164247482
374.8358148221518
475.84734890716175
268.2414592196677
48.67234329636375
91.25485691173839
349.56353232300705
86.70388406711601
199.25391954727445
271.85236217755744
449.5130555455661
141.81699501299846
285.42785525790816
296.26531382642014
313.85334097428034
365.2722172240094
369.93658752139083
399.524285875031
216.89508755509354
419.16860321561717
91.18301600763613
443.15329439921373
473.77245908782817
468.6026597658577
303.7036135795274
188.38236024367234
257.5322745798888
311.6581764733919
306.65001188966676
162.49938897715145
361.0378733119276
350.57267477959306
75.03132019545819
50.72950094703759
326.0014811391952
452.21488528283635
288.81480268786515
162.39252593697222
461.8576041891956
378.41994636053676
358.6732018035842
323.9607730211413
214.1995094496221
316.5063241277147
139.1027017088811
498.0622528007622
427.3958876680505
212.45177734458298
438.17281341975837
475.33015440255645
82.09358414953044
73.06201395986727
29.46296383223813
315.23128846549866
144.96223639112765
409.65554175514905
430.00737125507317
435.82177656275184
179.76308494998807
388.37916208522034
288.774809971169
315.1086555211499
202.65350338675876
233.38310215510938
146.39310461438083
155.15684820760487
159.97552235497733
295.86800485133716
127.89098837051188
8.582742760694373
300.2348717275687
273.74734168092033
195.51014551511457
498.5976925785974
254.8694617956064
405.8695289494684
74.5473991275494
394.81664317262664
203.18813266128802
334.54251140383707
146.16231775356357
28.79508178416029
416.1432967822029
478.9625164952419
393.8438016858431
418.30646416136244
354.84812601010185
361.69099260335304
453.3424581070132
370.3015663570052
318.7785213678125
387.08039723673903
225.1800432589377
214.6468316166899
195.61875451993956
365.60157835068765
199.2343985621431
332.1229025598235
334.93070170909357
188.8090092284092
436.33812979628823
348.9106724824229
111.40747016547118
365.5979254267079
333.04104426461845
68.60261047621117
403.41489761786244
231.64141080440766
349.8941150300719
415.6357255189476
356.9091113743017
432.9255587937628
325.8713040760392
382.62707545181894
117.85008370760556
352.0046038051172
452.77825010302826
176.3049976728937
263.40611912955706
