335.2879708658328
329.83805402830836
105.52767800937016
311.80231130809386
357.7946878005845
379.06080942326736
432.4170971136269
374.79782487823024
208.10622051175636
324.81856546349553
418.55305312288783
478.7737675630565
307.2982239734041
456.76320133318274
100.25961052333707
399.0012830062897
178.35276367328777
246.27689714621377
417.27940089293503
478.7172444429466
310.37418005530367
393.6991462863434
91.51479388709066
486.13922814329067
205.321505243192
337.8280463835886
184.56032612681344
189.74585913989443
404.27229636807266
86.54754376689999
324.9580727739872
304.4813196976479
414.7550936452092
429.8758658734833
471.5967610596056
391.797866882407
496.5816075301444
369.1665760621515
391.237557878659
432.7887866442097
367.847589816324
155.12895119031964
292.1124015332549
196.8338413560807
478.8428146498078
499.46933311709836
378.2207679334854
300.93935114037316
330.5592973476137
325.627222855473
310.1598183033267
140.97538858684055
287.1644605359139
255.90311028645675
88.62627107262574
498.7443314992299
280.91130678232895
327.515959234367
276.3192268564667
359.68961132753503
205.31652548369595
418.6005782284412
303.16133237780696
429.9907644386923
375.89966788564635
251.56647574559318
281.8784746122498
468.9480164607469
345.4679764129759
191.529509567717
485.76195097537646
384.97896367833965
467.2959795047653
68.18828999895311
251.3597531435634
297.50105819053624
297.0366067954305
468.10817109635457
310.8607772012847
311.27032446640567
423.83288601170216
89.11872154632147
455.9792713136419
78.82303696742764
314.1499020756128
453.1835197092274
383.44029617196736
386.5897809063701
322.53207361764805
436.55672892163574
275.5905840560812
355.1760452642939
469.8736562726638
473.1773094688104
171.1002812948667
400.1413701723188
466.1040955024432
357.36101285294956
410.61260643577543
69.12847231028513
447.0011772676202
419.2433062530101
265.07007577423775
468.79262456382213
164.89987420962103
209.1840432571267
453.76629994136715
121.23251576453254
378.60848869380254
369.59785219724466
200.60678084976945
177.4522062880215
396.7652458006215
310.07520213867343
140.34596488560334
127.49123031783625
112.78031223567388
378.5669651730056
493.2478895586384
491.62426356207953
418.69234021801185
188.26256496700876
286.3754754344018
24.81797222490445
380.40317042821636
469.3545217909414
321.7533364242307
4.527355437158121
436.21563344596973
450.3294753992331
249.54442549124545
313.72954153946347
276.6604753705964
219.62615762331092
446.621093226235
285.54141204359166
402.12374304379233
245.66005243048477
202.83734288179107
345.91214228508153
289.0617250988262
415.66036436358803
414.64273358602645
295.13254975152506
320.73884888972833
270.7112795345921
419.37291647703535
168.38294661072104
429.7327510257469
409.2967717631075
498.91276439154063
236.12210952364637
216.607569881558
338.97750636226624
257.57996495981035
410.7252195398229
469.0483533678854
257.09492442700343
278.7438778363793
417.9912887013693
271.87006953363317
359.6828425671931
347.73645968135435
113.72498789145328
470.9906411224384
352.04148610764435
290.23917226044273
190.33353458887888
418.450479066409
304.19428438830926
106.9625168210012
342.54797382714776
448.50290434211627
459.3036578374835
459.28599724418234
432.6286282417913
374.78457765639854
419.6882847050905
377.2489331254282
368.05266715251526
331.85662287609136
304.23698079543175
400.341967562219
442.80126412898665
445.82855973530405
44.61436057724825
459.9249710192854
379.73193613246656
403.27119338211196
59.348732255494895
405.297296966506
93.48276205301778
485.1949748163177
433.1112176714744
284.0507247424158
99.53486144336796
375.15075600675516
229.75085638131884
421.229337868838
498.5707670878056
391.85920143843845
75.61770105855072
202.4302263851505
336.85016215698363
379.8589409393364
143.27961082861538
339.0453663252662
371.8786859452224
414.20594384515806
476.31176182904056
399.39290543054483
413.28048539564156
335.62983612016023
417.41947222697047
484.16779781690434
26.346055591488835
416.2360011789938
204.10627759555138
361.129301665885
154.5356439560698
32.33881092455226
499.186299070147
471.01832040231784
162.90279602852377
13.567563125767094
404.5829413674705
469.8025428098096
216.75468637132076
128.07805368199206
278.44371401924303
379.6195222524489
245.3700514170125
482.8936558133929
404.1018634017914
390.0254318005798
315.7186426890248
89.89791610998111
76.39958726199615
113.25070625741216
460.2509576472155
451.0385980946206
437.29920910894475
401.397979033502
315.9665396532673
459.8178046630626
159.6502981321234
389.9834926674
236.50371095992534
449.1894119561375
8.487457360223402
260.0876975989821
465.97482488712535
299.76121147019916
132.57255564724375
171.51299869521443
51.60380472004516
377.17325631609646
477.03279635202864
402.15218185995843
227.69385816493485
206.44748734370222
160.23920567078454
168.42633097153447
357.60678939554555
283.90692420566495
394.60479197990605
81.25080432685985
423.483109490007
37.2108046173376
306.49450678103426
92.89465202944439
375.7210941540472
213.3271835760617
449.23925125841697
235.06210739188185
267.349595602077
461.9909199662792
366.6287885884044
403.7148344783127
499.09264178795144
477.8714852150154
413.3706124225079
300.1189433953424
379.99869567162193
355.27516426971397
489.3817905009188
78.8513792226945
492.36084813264483
234.04907054636328
312.16469451203204
173.35572334755403
383.8080287478913
102.08903833222416
241.8763777181486
459.0151989125587
389.9680145472667
346.5633036973128
492.979756521038
149.19912228966263
185.95414855811987
426.65354105990474
295.20887454318625
349.9910192085898
304.56075249406126
281.0436131498171
106.65514804562343
134.9570097084109
452.2974354350634
425.4997842650914
228.73883339665326
331.13324281765165
310.77442758384274
463.64149325504405
371.7288569299829
449.39405847167114
360.9488253559131
423.74864695433814
121.87877173346754
39.63126504381705
183.650292985468
407.9044363106411
353.5301820146158
243.04823768299747
340.62212817353014
293.70621375221504
105.14343723429704
11.77411074011951
452.0295956143023
332.29199002884224
364.0295757883449
489.7799215022305
315.49924508550566
25.445058172185156
122.70547330228703
104.30789641031583
423.3148446073806
324.69766457148125
430.4961313174699
135.18461908862065
204.14562870141822
455.54285600780054
199.52700866046985
431.51233320441156
281.602008228663
337.53386411305775
371.4103578688629
260.04302694027496
340.2685575581273
47.87514983735616
339.92762915547087
396.9682178955563
301.76003783320704
225.5120087358913
296.68935128981747
249.40508897136448
151.69476040024773
457.3971325998909
496.8693872966848
294.358506895392
321.4004709585978
