452.6426275377241
178.63249991355963
430.8265201502383
251.13931470014475
261.7627020000376
372.6050034122985
285.2116981444475
376.79941315673864
271.0172536513975
459.81716585670375
34.85671165314369
313.6888499316594
268.31974017285546
207.24406823908737
369.5931048426421
164.49112257707162
475.7563920756965
389.9337345428153
437.46292736726826
406.93977344867415
399.23270302019876
277.6419634694246
276.78799476503616
243.6538480902646
160.5844038350478
309.9580315555042
213.1283133816858
39.82292430343756
321.9516610382442
460.93627064042875
353.0028863392076
455.8721368302919
412.3575328614123
262.837118073234
390.3874724141029
206.01883211794103
336.91958460456397
382.3036628156283
355.1878193724649
413.04029303858323
359.5748797217723
432.3126306925458
326.9221566841258
356.3925723691898
367.2160025017346
394.4328171924989
296.1065319195652
182.3312578931995
292.92734304026965
49.26992122956932
414.8903898582726
333.1600236861026
335.5165636466377
284.82718618477037
406.3219434172461
426.0766284266023
281.99723867050534
434.6430266104038
42.961296158566086
164.54365681205223
455.69720980546515
94.56918809338333
115.61773364478529
216.93765550211458
199.93462804708514
395.6383431277287
443.6608610619976
315.470670518726
125.44819257249827
294.9130695329882
162.44007720884434
131.96929706839268
487.86476658275296
453.0856949112759
313.3508034447879
243.11568542517733
372.84925387592614
300.2682562821459
25.85631118254554
352.8384110372082
445.37461682559143
468.8186720129976
260.27435234797287
441.2090493098204
341.1524882586357
421.50119758720916
403.5789657284479
150.4691311499218
481.38211326547747
191.1459622219806
381.43308953378687
286.90740301103074
337.8758038782063
274.56529211180316
344.1871121806595
289.6297104486556
361.4621584075853
131.63541179154413
332.49181138827987
429.3493880185457
207.76190554994065
459.9722652335688
288.72733068816854
466.14973925610747
353.42758388209575
389.35078338378514
44.399923345186096
484.1719534876114
341.87622869793177
116.4603402185009
437.5814021624378
395.5571023373919
281.7174957034073
112.1724667599832
86.48324048764545
274.8949838900036
443.6708150359052
353.58046983042766
492.84410227195025
138.13154082268022
422.49565008987946
441.3787171963842
159.86552419284965
465.73714693670104
474.27976802567474
378.30453169531677
386.63275249066896
450.0482774875676
70.09194815500678
166.11223292289606
100.12493679469662
342.4781166407938
102.0672571406555
315.1862548145124
461.2006634358695
92.18005430908408
200.8068022925268
249.59864191860132
312.7871036920523
380.72199237863344
179.14789336976725
123.5165036514552
260.87760035491044
240.23921548601618
408.3427226601644
90.20800830365414
264.4593898749402
290.18171375225984
429.91198693632754
462.6877600566653
248.32598312706693
371.4005870037813
386.467304819909
252.17226790893633
276.09262245454875
46.36449327308861
98.11017489320147
235.21857276533393
93.48193084794082
318.61761279972023
296.918749147766
0.2507902228835519
188.2257813739709
404.40189080922534
457.7293350134739
216.78609482318018
225.10704196450484
414.1954592891638
284.8404562421872
260.4756710828548
173.05471996584822
315.6852219355808
472.43990806044286
143.91230489925675
162.15058618233553
257.6338025438723
497.2142692533811
344.9097647202191
415.1608042136875
374.0033976247779
303.6378691759119
433.3324862851353
370.12394148858255
61.276663860209055
279.56892126657476
367.02238333254184
191.64487010343163
420.222268206963
174.76813262756542
367.1900699872817
397.03868228658826
389.53544496705206
469.7520754433761
222.79449673648696
430.4402846892261
237.94155822088652
423.38703509841685
362.4991433637639
257.20190613883756
36.36541265254186
414.5042401146238
363.0654521971428
423.7686252834924
367.9363400241723
265.7324665774088
375.6477787037105
198.05441155233916
446.61076790188343
343.44728211461796
471.2248221017207
410.88895835159053
246.1832256186871
345.4822637239865
459.9106948499121
487.01395020253267
378.46396902247193
440.0617439980679
128.87650075092597
318.7811990094098
417.20613629211675
131.69119695377066
437.4917213592954
308.39323902145287
433.31158867884636
288.3820313923422
443.623796813829
228.0541657766035
441.8089510595817
186.0000708269376
158.10037464901689
383.7014017686219
434.48646191323974
129.99586991530134
318.58568135902243
327.15660221385156
91.48582777220258
55.78468022737866
103.64987672147964
494.4762791363033
347.81869839975354
463.016447839971
115.30684420949785
367.1765261565424
317.80743181843496
330.0580318816962
219.37224282437967
193.21151124398853
427.3982948278386
469.3218758509454
468.6450040808518
289.0085227676502
351.63200458552706
314.81625475587725
173.70558338484523
363.2696094975564
74.7225261680448
454.5578382488178
107.54975910974332
282.33137250477773
494.84698222659625
493.5582538984217
250.5741912269495
228.19665098044078
204.12432657156523
407.3384102033212
390.0974681080971
211.6665761937282
132.1240519259661
341.39996016270146
308.9956999315735
476.1846254034331
296.7379017588978
480.4086937452668
428.1402030571745
490.08035409658146
405.7743449121044
191.10396986179188
356.16974806018595
359.29168814122374
342.3419497409485
253.38695748643815
260.0153279011015
404.29997598333284
249.21876505727332
474.9979987965702
300.2798604481009
476.25583006267254
97.75197623749852
24.357645374052197
69.45594153936577
442.5712811628547
330.1497927259805
407.886651286427
454.21798632351283
290.8969581084186
376.69246548000797
394.9192247186687
69.93956220905613
278.3636867804356
315.8784709910401
408.4317608752214
374.69021241151574
271.94981481678485
460.01742284352224
242.57861711851695
482.14696479623296
208.3049049432019
136.78063037784187
496.65375626134124
296.7045874291132
431.25235959214433
106.30514611242751
411.11745897869025
371.62789685028525
322.4182589329149
296.6351019990614
334.6330857658882
128.0614917885407
342.17700923221054
286.0372781581341
140.9690130244631
458.0625582380285
381.9289885515116
290.27102352007626
134.98973262479933
154.69940913493696
107.94482174518959
117.55685458203624
371.1085584236055
446.4886806305712
213.05567983394945
468.20435524198166
268.5891168302794
319.58407782693075
149.87705533208077
280.3375548015645
269.9654713831825
195.74273902681574
29.623142970695596
293.6595084366068
376.42072686239834
81.26762882366245
344.8544255245022
117.94518849637024
421.7850970846345
276.3484444032071
88.56843601440443
227.37516917254402
379.37528489827395
336.4968537492273
437.65615698998573
328.7691289304677
345.1271796178478
271.0605862173533
330.2577205768059
175.74979876560394
194.79570018660064
117.78016979440685
360.56880034565523
420.1648096574155
