312.2643700651122
287.8514865142661
248.07873672516172
121.46427957724933
333.8772931047367
412.79963275019986
229.64812720534104
137.61550018280212
62.99620798608578
488.8963566905292
464.9135917903679
12.36503759122968
440.2848176267451
472.6178172501842
297.54195511312696
118.89551206121092
429.25209078457436
492.3742122726196
418.6869005412412
176.89866779794096
396.8703691038104
170.04026349321651
364.98359864633755
484.09788734706177
369.1578863112952
429.12512674544894
426.7707640944516
317.4508947787595
83.15046814014028
47.74904090602615
190.56500473714175
253.6649432772459
455.9605396321011
316.1950687693105
242.8093130948489
470.8862563245491
487.9296173808397
278.86627704688715
143.49433099040579
192.15499926917494
352.1673055333272
318.2595551982984
371.97567837992165
172.6416114503961
380.02130597254416
357.8632873529164
403.2471960992636
352.0957439510812
364.3948919155273
231.51075714965333
50.44917336913795
367.60712182117976
333.5401273304743
112.60281808239478
243.9035045972771
446.6071207537551
235.07182219966694
183.08242099984363
274.46220994334806
458.8329499539011
77.25997266817132
478.215024606233
190.3298652885366
360.30211690834415
360.8218243788366
458.1447700021183
437.8713599253872
102.77440976473565
142.5351138073583
214.20297425478225
349.6042146340403
262.72369697362865
406.39480706008777
362.95260891807095
469.14645120394346
429.25026526369174
403.82925393851326
21.881020931747003
323.1378925999045
336.17562679959644
460.9211511974621
482.1030990626416
382.025841692201
97.83792931836223
52.63198975640017
279.9869066494796
263.94614079357984
329.49734929587964
323.5776682742762
127.20373044660761
429.90341370025095
488.2183532095763
368.8222716328331
485.7355520672524
339.60767655857546
441.35591589841374
186.29803442536007
382.58027315555603
115.66765662430248
437.5940445550088
445.4793920639853
304.25934215063614
58.734312484320526
373.4424131095593
399.6945296927967
438.0986475301701
379.41662632704714
371.4401527543058
190.00465305256165
103.8627725614391
479.3621214260701
147.28690557746626
489.7958120785339
11.337518904196486
476.4240093035216
342.4895719566256
254.28821617651306
467.05297113482465
413.8178920202088
334.67901616842244
206.30844823435513
126.24623871475802
380.6971681824989
399.30234937964536
469.3408047454698
442.44064040797343
322.3456403559891
449.75976774664184
329.347524002669
447.06308884544137
366.7123286194091
467.56201399598314
396.2461213687841
279.2449731011109
205.40382967008253
356.9019502909216
359.3122120821344
476.94330959606543
397.01055940945326
314.2742871743118
73.66266725261653
475.29831050907956
392.0056553120185
240.10143374061852
432.35198527470754
231.20314382052368
278.3151480094838
368.36819166945526
305.4271357232878
259.90125079453196
125.04900668885529
71.44866683451517
342.7600167963429
450.8307267763552
328.5987554790738
233.98926990412542
480.8477332164928
18.921213380389872
292.4109019585268
240.47054729551832
364.4974695274235
234.96098495488798
282.0607708792501
236.22876619887495
325.9339104452474
359.0446342197478
479.85963295090033
391.99040742011096
168.91236988686637
48.49926820290938
354.52089376543717
175.21117531250866
69.79266551016224
174.309392847119
322.64619725371836
323.4599810377115
278.58638231642215
424.623572522337
267.7106763244084
372.3039355880449
220.85626405476307
363.7956346892186
304.4903855623386
409.376420758089
427.58170672891276
460.614219047479
93.24686880952771
392.99526309206203
15.538166169354383
256.8465205316636
300.2957654747936
413.4078338335605
440.46027045606314
354.776646638551
97.03002661626971
494.61950607878146
472.3481180764787
493.0786153776585
147.0730435369474
345.73097239549526
376.9038261007828
363.09086803590196
0.2621294654510393
329.2842917101858
388.5491604938679
333.19392520164854
417.3118440911936
0.9174780148606487
45.666814097119016
371.3422970155342
429.4527090351678
236.32026014168167
383.3574900399624
442.2508865605508
471.56440829253313
310.6705762300812
215.5513533244279
448.9124458474633
24.215516443818785
481.55635780938115
125.39785111321845
396.76177610058903
341.8197722688635
451.28355901147347
211.64214067819233
122.87846169369493
167.96730336190086
232.68233730330633
371.5661957585845
473.38995597967215
163.24245414513808
171.10631961004884
298.4284052264128
435.8518590468824
454.6666141765383
112.3142385765255
391.3467714532109
288.9184238526011
121.5546011628569
439.3338599241394
497.72916393442574
347.8742341091663
188.2866215900861
83.04319071658904
366.01258251637984
328.59072364725614
321.57449216557467
249.47698787118958
222.09794473678795
399.80728508502887
432.7431791121762
68.78253587872098
54.50197270095492
349.2773260845441
242.61894424154582
421.32430103785737
415.99945950536005
297.3101013924082
345.2880489078651
433.3439385521121
487.0780891799042
302.34494752042053
291.3036629478687
445.68084077367104
339.9151790506104
141.80665084365455
455.6305044928664
364.9514084613465
388.50959849454904
360.97794286310216
289.0948904904707
234.54010173773537
405.4471506983397
362.7087903956818
336.5015271245178
341.2319890758765
351.0985316191409
334.3721106791168
349.69458394777587
319.3062780436422
401.86649631696616
339.1658363620988
131.11630781113405
210.68177050181396
221.21235101227035
494.49955994657836
425.59314826204314
71.06800456703746
428.7202106144787
485.49904688916627
216.49619209986173
289.71529264992597
221.41232106545743
395.9698890217494
359.70954376929615
462.1895535380475
492.64328637667177
251.08892320453086
423.5972156058342
259.62012195126715
359.3370106324491
170.62615798386884
156.85540948876883
268.429943855072
146.99386445886387
313.26555144741246
22.23877122772774
445.9516802966635
399.4232420895398
458.1055600628782
277.8914982228897
298.9497736872341
383.474376890098
107.61161074286292
412.6262635254104
389.0260119932145
417.9907334371506
499.88832275412756
469.8019774060065
359.9679082029254
290.1019414668441
75.63970944943316
301.93104879481433
300.07460355335394
273.29808908415464
375.6156406147113
377.64608600703593
425.51004143968845
478.9229781227737
160.42626133704698
118.26080767011518
443.8933404228504
221.93480694220284
126.71009384411889
403.49404706835986
430.87345746051886
432.8671150267103
365.2348395803216
111.99198955793418
90.56861050066118
131.21755888285662
451.2002675183543
388.42713315720505
439.91440517545664
423.4289565875085
429.0408520711137
230.07688848937
64.92010924517581
390.2976092613407
362.82289313547665
386.88939436002977
239.80894411577157
458.33304862068377
309.8607913301789
142.5669610171028
94.3668427659648
473.35291993552585
416.1037083581639
102.71447232816115
247.55980985773283
