318.7051214888015
293.1851991502304
164.74380732346793
243.2186162108075
482.0890914649004
332.25581220604727
327.19015771266345
237.37685393951136
374.3126314072044
346.88020455807884
141.2865922824588
422.58602502503857
319.1212605689309
440.2044105150728
467.97900461423154
310.8645438188384
88.23391095753811
391.6372318650215
254.02621680579924
399.5668714590954
122.03377965319646
487.9572618356498
3.138948111516129
420.43981049498586
175.16062685195163
453.90760633412964
440.9691023544568
109.92397753170007
295.3901303191489
18.444015122939675
95.02168714691629
394.331958359149
341.31102033702746
352.0511911595549
354.9687578831397
79.86711355002876
356.5879381436714
56.844936580623084
478.03490732785826
421.9960577662871
494.17220535568487
398.9207967264755
423.78632240012877
28.565376473621825
418.8218125254885
493.73820940273527
146.09644479968978
205.11617801103574
256.10904540327874
417.4268985522323
200.98416216535668
391.7598398790132
285.1033144674666
297.1508212713562
481.6862632582697
425.56440581038237
368.72121024394437
271.8553286787224
258.38792891743304
84.55965518307784
417.5664616558756
293.6630739507293
364.1120266172138
337.3993432861119
39.49882676102459
400.72186908067613
440.41875189755973
282.27768827830533
181.00322985473576
391.63773639350165
49.888416514376445
449.9884462489448
365.19132064613433
138.64177419325955
341.1187276724396
499.63543270522297
113.68127100690316
465.73257245727103
184.7648044939461
449.2754494261279
413.73876419985413
425.1021821624019
374.5222805597187
136.38128604544067
336.9408923744183
271.84771742711905
55.19961369787109
373.9035373258198
464.70625799941035
50.52459129828361
192.85619833463755
470.08216787046115
246.83224583823338
302.48812555654433
407.22781098567884
302.8726471117369
489.50409644448877
436.9403504671608
263.31012445580745
356.0828740957872
373.07172120497296
488.3952798130447
385.06402727597185
322.24731389594655
414.4090826918746
29.208014825884675
491.0632607899511
81.4905348079306
155.50239458214844
441.77624037794254
406.0882050180979
71.04737895367191
451.8403475394007
455.6074748052737
419.96229126521064
361.8966894918964
358.2204182499943
75.31669421114532
449.9567074698955
175.74775410488354
119.67496280592349
377.00083528172394
338.42299414924844
160.5973060204637
318.78098113622417
468.1364287490853
315.0265043122088
474.43364208172864
235.0378649838683
165.98106844877748
258.3583671847457
343.6378597953243
164.91909394051999
376.17753253383614
219.57178512037535
25.518969688784807
429.9009066602098
484.53214772164813
351.82521995921195
226.7545352919796
255.90826249770166
200.70022509585277
439.7599376234372
486.1152796143826
197.36011975790717
358.67660839897576
298.69047281062086
29.289032638437675
110.62201837795374
265.1158754212987
458.7302422095807
288.4571669021195
496.549378846764
176.46789232641777
214.12978836798925
384.86533467467183
407.2197205135819
463.5027900459458
183.87795406136337
324.8692363647152
440.5122014096411
157.42533101241622
379.4596870541184
372.2971741528771
238.9609197965852
330.3288954808928
219.0698956404982
158.58375273919768
355.75803624553885
350.56917165585514
433.173842585995
296.0493318428307
120.34675609999789
335.7870781218263
264.0156963511929
233.40157667716852
224.3687576488063
18.760076608375016
305.4177398621855
345.49800490453936
303.51297900299915
379.7584225769298
245.39274683635213
123.22333239051193
340.03783686462646
248.59750994004222
446.6052504759504
303.516283872362
426.16482979832415
393.8708698798349
334.33509933171524
430.1414445460952
386.52308691951623
495.132531363488
475.3885597066468
298.28558457917245
311.7828561684981
355.2360689821183
159.4853197420108
158.88332145822397
361.75708557648
361.40722910042155
144.5104836039007
413.020341231982
318.4764970545474
384.27003817385264
488.57035154319186
29.16575240807356
352.8956446491226
467.95020111105316
173.4871598368278
174.0110684351037
494.74042144005676
25.199919834102275
330.52252834898877
137.4216109920709
487.50873708330295
36.47835922778188
366.6495376754434
278.97037283331633
470.8923989387209
438.55168441980504
392.9853754449469
378.4687771240197
418.41972572518364
246.3320729034037
492.4527833329558
168.80721925062494
179.82340703066774
404.6679678049104
466.8396105118761
390.5099058939384
259.5444302091214
443.1890745939083
448.86290356279926
218.92782888379082
123.72923465644374
295.8286327770728
120.89801555261329
327.2411514314873
383.3056714553406
469.347867495188
234.27449194188796
223.24787709673961
109.98454650384207
398.29447911153244
303.99353169808717
168.58741001278304
359.1661041369062
225.67999697498715
324.6923297893719
439.65700239726834
269.1199202950926
341.22839371192447
292.44492239933834
108.01166585926217
410.0170959292216
369.4046420942783
95.53204963908343
418.714538707903
408.98424147175353
260.8644951141098
294.2508988128613
144.50494409682022
489.4253445942194
371.468499808729
348.992827976923
260.7157582595281
199.22441842038216
299.2616627895392
393.51711033228895
289.35935731606986
289.4738940880254
261.8731198566386
481.8601559909296
156.71211208150874
88.5310841527363
326.70826688705654
196.68305656820144
175.23752077345824
341.38982950098375
303.13558350400194
441.6656459567068
431.60537796078097
317.88545352313776
321.75278063022097
197.65984158276592
473.9284535962323
452.1123979629179
356.60861205718504
452.64970678588827
229.06058787164665
380.3276272074719
177.80973111527078
376.0426135111397
494.8279220685852
263.0617821090047
129.93851436426297
186.6849547434503
369.5231752757329
468.9617456122297
92.64081691829205
285.02214579244344
275.4812080993123
405.7885884865177
217.24501062234367
25.909846317744837
209.73041301574875
183.85404301474648
19.945726569783574
297.92524242510484
438.80732807751417
459.698769323358
63.53733779443786
490.09527290760195
411.78447385345373
442.45944862704533
234.80813230318046
468.49503755863014
311.52365546244164
335.7164509193568
364.617927831518
46.91478683264427
387.8890146533596
200.23411579867906
439.6896466995825
385.8829641918055
211.69919877578508
238.34987582672562
36.10183030551377
347.4491654644657
267.4745944307778
417.05028638995316
138.68294288544553
344.3679103643483
128.47068474655453
319.9344296822302
491.8530391244241
284.32862518230127
485.3934651723463
193.03677373364366
233.46380045162164
499.1344513187256
439.8593974010184
411.3830579805153
366.44211931881705
342.98977713060583
468.67378127117473
379.9362270768032
235.84767000475523
495.2156142792413
484.54822348132575
309.7594632818108
364.92346249519403
265.1548266243332
318.320515950819
69.10840551153592
424.20923796374683
33.06393393644373
402.07911741375835
