379.0251343224337
342.4943376638222
496.0647056760929
360.1153647833504
312.6200349168354
494.03633863334016
145.92912004698144
131.37160613171227
295.162775697445
498.6168460106865
463.67925208988237
252.53324391796318
431.6931701657207
415.08075462511084
496.6357016409116
236.9282232495504
233.06066757703746
467.54522399567145
317.4535490747656
327.4260048603542
442.1806313132833
457.68259444018486
368.6391542546636
231.21433450176545
492.5328787081354
123.26582276887348
479.13367661636863
480.272364107512
306.4604662928927
178.26235304882812
258.30731453930923
301.9207660956993
478.90454204704565
453.9515791650781
431.0471065844257
482.94794000298623
336.7048867483453
317.1564129132918
393.9277650395779
357.5411721787022
270.53367001044205
89.03604516566975
470.42490972193025
145.74138261370734
186.39158938166815
379.60890109951714
323.18433624566137
389.5289789519877
157.7231524837963
393.8901111271848
132.72710020237628
380.9542453379287
40.228448150699194
462.600560804088
360.762523457252
176.64650071809933
188.5610478062594
365.64035848159267
198.24773777056265
245.19831611869293
402.8158006682432
446.21927364419093
370.7498577899832
404.1886575117304
49.42178808214351
305.70655232954164
405.1357983439766
134.6349061976445
303.3363339180061
454.65363723662455
189.4769472504022
340.3372604638869
389.8699610994647
233.2155252950941
446.8263279388628
166.75701768124168
377.6232814902991
430.610284848196
319.44715101116253
324.55485130451683
122.57531923568968
321.13408141374293
164.63775988431894
257.4709368676558
464.70577376972597
337.86745401508983
70.49727557280198
325.5493685205647
363.5998208268811
385.3846301505491
380.9565686226922
169.48806947242952
472.7333606790529
486.9371722400563
467.89328839740784
300.791225657017
256.6702722533445
385.51161578838696
281.6532406078959
402.43243223878346
102.90361048239401
48.35196574261016
224.7391925369423
344.57131750858366
252.18098270884835
202.79343036971392
228.50854039606793
364.77774465023833
429.8355767090363
41.95518936445393
329.9993775338398
196.0412086780845
313.97557383226433
274.05237818294563
283.1398043131968
265.7411450749742
357.1245954287357
361.01935430306924
471.2533430656146
293.38910301212707
477.1378189788221
212.3893166899847
111.10326241970387
467.5656662770429
403.6746147977874
350.57652289581813
430.8796694214872
280.9110422540157
201.5453733002359
410.95875117760613
244.29145605141738
319.1622659937017
367.3648915554261
133.73609204770247
423.87423806247733
260.69295293701987
489.3151627348017
327.99590084375257
131.75496301370748
288.10388258707576
377.9556981179812
361.66481320176774
434.6680123109579
178.4106384469385
424.5443923737379
388.80301981583756
304.95485474586127
496.4631667971379
282.4388407121369
418.85393127014925
155.5539010234467
333.75985489075435
416.9669267528337
203.5552710220092
464.6835120777192
178.99318979478818
450.70472396023115
383.7680772504414
300.41461511833677
177.82266932101595
402.8900966998469
437.7070703329053
338.3096439551345
289.23808055849804
46.78296870550355
266.10926254873425
273.6055711182828
337.0423890528432
395.2911264051477
329.795274302906
206.08234322436294
379.62941361277564
483.4572433988373
394.9837814243757
310.1626879364069
86.28226950868907
326.59008016650756
72.0485802996269
373.78826836035137
369.480955865313
412.7967140469481
383.6380682997546
304.49693585363855
305.71851908059966
71.01882443434471
412.4824568461176
206.7308642697484
265.21192204338274
194.38317263906794
411.2760874795878
453.9166417939371
383.96623388187675
339.28415445700654
411.01046666436156
453.51116128185976
54.19056578936892
289.83149992704546
221.4995087959786
427.00361284783963
319.4235603441285
402.6182239485844
297.81669822045785
298.39523102891854
85.68714179881084
174.68458521397412
293.23029178033465
83.81730269584091
412.0580685011853
497.84317167538137
451.23256046483874
455.9124439488087
457.3458279933044
131.00646636259785
453.07087214372916
177.97103699634408
416.2612945284986
97.75140624640801
283.06617823753743
139.9624347125387
146.9028566056769
259.84814454087706
332.43852376298776
292.40699013152005
287.57188546436953
491.27998302459474
338.34914323393656
374.14667594865097
331.67799775917354
209.70756365260343
257.1728264077326
350.65258488994994
480.4089004575833
411.1143448117476
222.3595098991425
267.50825400907604
429.64137855950344
454.38828726234993
354.04432122523383
475.71836377914286
65.01651345368145
207.17392597744254
148.9958201973443
180.04784781383506
319.01744838597534
114.82366787922479
400.6105410471163
492.2153992385161
319.58313232188686
219.13264008836092
429.31261350445754
481.38374273272274
493.29403013864413
341.73249536682613
214.61173195865206
222.59837400939728
260.05304381669475
162.82137890889004
213.25199535747322
387.9990766996642
195.37179087045388
258.23066575190927
374.8194092569437
313.7412807688584
248.13767731661986
220.96616685563504
94.81349686941263
16.76589205614937
15.801396570653878
246.79049878961683
454.29833913244374
17.579366709342764
195.00626662575877
281.65117470881773
0.9445145735492133
308.0716612650416
123.58325150236249
310.8029239773388
346.77770762858825
129.22617210293475
417.64780605734455
476.8619360497903
83.74938162473046
234.48720185045323
204.21551396558624
279.0549218285166
163.7466765953301
21.53386794168472
182.22804280996723
313.1297265584865
421.98217816133507
314.71657843464436
294.51325213768075
133.2222443426271
422.8313793601924
325.6210534903835
388.26846690482586
253.63843383399256
435.7141241976596
489.90781350683403
215.7835408207169
314.3642671187313
316.8823451306634
492.77083830278997
335.80584258120905
420.15624477003985
437.8472952039914
306.3410190135916
410.55766433411975
284.7461242302006
312.94395642327913
320.8981025273407
131.57271545253843
401.1483187134453
431.5467655330906
397.97921114927334
287.49102745343583
180.4644166656554
187.84552197204812
279.2987453932957
323.69315014608037
108.0569251864178
270.0705654875292
477.22281618738117
464.34152018214587
471.49364297026784
337.12115687491143
307.08715281541146
495.26525090131287
490.4721796149659
453.0213221875773
464.49690484255433
83.48920990191078
425.3413891136068
437.79462624600995
311.346715090368
196.28456475301243
302.04302347837466
156.01591887089353
228.41263976135212
93.30181730981298
185.85030916260575
390.29265110747684
246.34140695677354
387.5960764048126
71.86248563418604
94.79418022076487
352.238742481856
310.77158331482565
454.13319488848344
257.88735826697064
218.21051014528928
29.306558694654314
206.8405901381659
384.23260014394134
396.42548148842116
295.1816081936943
296.7632883488583
444.37926905849196
366.57302708552345
379.6078611504601
