233.33947937252395
366.91501802051897
20.540795282435965
345.6914427337924
446.45084696970815
105.47790190286145
246.27640391168353
431.2218117233703
404.38987647417036
88.77327503849648
468.0348704799241
236.28171845795634
102.27710389537594
466.9456643287738
177.9361867660765
215.03020129102657
131.50628748070983
306.6833340070525
109.49239977957677
409.5155611152201
145.75280729848674
197.3423959492356
394.4524093223805
124.67773247307997
325.1395596418938
298.150979644384
289.72665143267665
376.7835394049163
250.65925432243264
94.10939168325274
356.5904085668198
498.46145263603205
348.93509348835835
429.68241602592707
236.6890474409371
70.74807809154026
330.73768717059556
472.1774393341519
12.083612715443792
453.67118097601906
469.8701131925737
330.6779247080791
300.06343250392183
249.653128569768
307.4489705144362
187.00711816543463
377.4462297737044
198.02060038540895
172.65838337545608
491.23846409017597
142.4934595715349
388.856637722181
436.51279970732793
444.4499462169816
232.89085081782264
272.7950722433714
476.07313749765416
421.67337522801085
379.60000552551514
225.84504568639676
422.48916506843415
493.15949280305455
483.6955119788762
251.16764354116097
424.13795861680086
454.19875696714416
146.48795111291724
451.21803002824953
382.9028875614578
97.55822512617993
79.13852024324268
454.246364325233
126.97716622154638
3.407730933894186
390.78103237556775
456.34844138652676
390.62775471708653
461.4665805231742
275.06763521507753
382.4806414599593
98.57016337586663
125.20392707594971
414.67700423214137
164.94789792243148
175.63551252787812
418.83427311991113
223.67487888294477
433.8929217642501
271.36565705088253
133.79380894985889
347.87605992582803
296.63488943462437
167.08155152638943
172.01091484792482
271.1037455860114
431.416160196903
142.65088779002588
432.04642067438215
372.17484786226487
228.2050300266452
443.7467682823494
431.05178499588874
478.61375290606475
314.3736172342367
208.5260923508057
342.6483690150445
382.29078856489326
482.73641267358806
286.13931881174364
412.0147922616049
409.36943660240945
271.38637898149784
255.44073954181158
292.0133533086673
484.4472005973743
229.95103601515075
113.9465747741416
420.6545123022832
358.22402577964914
132.73050598392513
261.4189608058847
371.2594841257469
2.5039298907502143
392.8428374281777
473.8522040203557
53.066877791267416
452.3057035422426
31.254080085376017
419.5046425130654
462.3097023330144
459.1120375397288
374.07041154406926
1.6044649182294393
380.02681416139706
227.65363263460193
206.44797320131016
466.450432568565
457.0031886665914
251.14526515099
471.10288331039914
226.64336597186895
343.73652992386667
159.3534639915331
311.377102082697
231.22757796222464
246.9815733536446
204.2214105418514
465.7567750573652
271.78381801741796
451.30152563199414
238.1702274562707
304.92309372618365
292.67701269980864
237.8670411753676
338.92053674266225
422.4091622364094
426.8948554844559
262.81318446028416
360.18666455513596
438.59006710879373
130.14919488775894
433.94640749132645
415.8232817153343
499.9835437611326
451.68958029432946
232.58739634198076
217.07075122161126
169.13656714316545
128.40990150101857
260.68148847618863
232.29019225284594
175.2009426617161
103.78346583244183
435.0240037670952
415.6600456023436
317.6497674031056
198.1155383608878
447.867253542168
232.86073029977752
157.92829363695478
461.6922356500867
409.482959766564
352.1052231267599
295.9902383413591
165.6410566589406
207.59559469584246
335.6845252293067
173.99402142120908
330.8629340017432
52.83446248074722
83.37821049997444
463.1176300393886
398.2578773401415
314.66776330383567
266.0249245773246
463.73058300053617
202.34937045262018
336.73757870636945
361.55810423841024
391.92993674034665
380.31922201236364
290.88508249856045
210.84730638715052
328.7970616131664
261.7591612760959
487.10193238545605
203.23528654633094
129.58777293352546
106.94967392726193
315.8605417283478
483.9772786005026
406.9598265919534
129.19738500354447
455.28920987093665
43.2972811481294
240.67875737377733
322.6566009102406
365.58638742265975
114.87945407396882
429.05552835361175
127.57597838629437
391.5552685842316
392.57377987354647
84.84603139112255
485.783089913147
352.3894576794847
370.3783459014757
448.0777258135143
5.9687619056562085
242.81144019174252
177.51351288947848
105.12531222736516
424.2205047106519
212.98822906363392
201.10983233892995
373.3533089373482
438.1925165989648
499.6999759532714
108.12867436168261
415.70357836141056
327.0164521829229
464.5770898233769
235.13703056000702
258.9724108618959
212.80003476094492
479.71155672749217
293.60334858050885
442.87815085716187
367.40235165874924
186.22667775032608
369.7105460923767
308.433176183383
394.3835729432204
485.13733188337017
176.32802818076783
406.31952373453584
310.97690901597707
452.49457240249177
395.71508421201145
394.6626475267018
427.89051142310035
153.039985635704
406.0144004421551
483.35693610785574
150.92915399869298
322.79861082978266
437.53707156743747
430.45719733353343
457.4088041565673
258.27835191011263
189.56304607036577
260.2671954856542
281.764049414786
117.50664209731525
495.9036973794411
249.84396645935868
424.2044248796683
287.09838649583503
333.80878552294485
332.8429911307096
263.0086534886673
457.4436114845982
443.99442016389895
273.30161843420956
495.9819143629755
334.8865048889676
280.739578210992
386.65893056047946
430.5491479845717
382.3761835575307
430.292878918132
103.31517363840754
401.10740261384507
166.3272467105666
428.42045640459406
225.89715769610171
349.55857749447455
223.22278460577292
390.23917026044217
220.8752944997529
451.9808213752096
344.1800869359227
378.72903472016367
399.5549378634084
384.8052687759334
222.40205562850633
235.4348010633492
85.25707976326095
318.88940108354416
360.9756102369688
445.1716343872097
465.69912719291415
463.07460397330465
261.21466142528027
77.77416467185935
457.6824542719401
276.89424367753065
278.4022468433966
127.02253796958541
342.3431787703113
203.3949281572348
253.92682816476594
276.9442587748514
277.02566957254976
413.591637976669
317.4981621798047
319.7527600967408
386.15619576510085
349.4526378358251
273.1146876706439
413.1566938499482
270.32261624604354
356.3128123478183
238.69496391689876
442.49917425361116
372.71035973548356
336.1264685100475
10.903419847705436
199.77932896606467
309.5380064728512
457.10630769721166
334.17215781285165
337.9419504130997
367.54557011975317
160.57888094586173
372.0386211078146
330.49656711265925
397.21244409387015
367.8954771950737
309.8806360386517
271.4824709436249
146.46977761451654
449.30984388675336
3.074717334912293
367.92715045697474
12.108010674997672
204.71414850081902
490.0512800165332
332.8719282193824
179.03015481294074
