487.136921634576
422.91397619454773
416.2789106293983
151.2986166676373
138.70864934719174
406.0169344963972
38.82584191262055
246.31460234492113
377.0066610824258
352.80326049696265
200.8961652590218
391.56772505964835
12.541920983222724
353.17088234545724
406.9298593543142
387.6813632845454
111.4286667453099
446.8700565705248
341.9407839164931
402.47718293425487
460.363336093978
276.0860574494723
380.75615996741794
336.57814967765734
468.05630914048993
483.56319825838636
405.15606514327595
481.84184691440873
259.23422774603915
337.77735840501276
99.51848700088004
339.14531531092115
399.231495842897
253.54452282504437
336.48916056348344
271.4602418590199
121.24993624577013
199.4563623037837
99.25460153935757
172.09750201763637
322.7723015688124
353.7617872751978
310.9961736085659
184.2985936184375
117.57539160192437
499.03339146024916
265.70642670448626
195.10366102158457
417.4702650973185
116.83187474776952
99.26823296526851
220.4506419738429
164.82143228672692
168.49163042042738
486.0937328929095
363.0950719467358
467.1991991931796
478.9803009963946
432.4809218177935
95.91439663692876
380.7747709467891
52.28627993839558
495.77020365439796
193.78962820176952
226.13002543442434
315.88554552827816
290.75386951560216
419.1876147432402
344.02013320091373
288.73468829773606
243.90958493179926
75.87761975866266
276.53319817197314
360.1168995458831
491.18139901258314
401.707268892122
281.49144212472197
333.0529542787451
360.4606291329716
423.00130037892154
77.67837297994674
277.94314783100737
183.30892123979623
265.522244394141
330.4192702286715
359.6487617341231
321.7746049795455
482.8420782464925
243.1313651395971
269.9359697691412
211.05675192894194
348.4875461106217
472.59775447221335
189.33836605344806
435.3122090948076
301.7728429937774
264.9124069695358
209.88309696555007
374.28610822951373
279.51904956784523
350.9639630762754
348.98089713521625
430.79688736223375
433.61715706106463
420.2678661968016
404.62527870926357
355.69559864565326
354.0517869087496
275.48147990205393
484.19414670585405
191.95733153297607
291.84185874145356
284.0188943072665
270.1333395120429
296.80999826966996
231.42684320353277
4.0279892030608835
423.62410729166606
423.4870141437315
474.9229905572968
445.09548626037724
401.2637255417038
465.6178240526596
464.4842783566245
245.99186119040604
19.41719215370432
373.67085060870403
300.85275804970047
8.609575072764926
254.3841767031051
170.51367219283418
281.7553566912162
424.3301434403255
361.9060116132432
329.29739043163386
447.8694879273623
72.53612703289639
468.53095860416977
473.82982088746974
367.8688776860848
123.3445781499525
7.503347430742224
98.59806886301084
114.07519309069943
311.2928003996799
121.41997434616218
284.6609111355365
90.08920776655111
266.96319928027617
379.8536322032796
278.6020972370919
366.0999920797631
363.0443448477247
109.80261607324479
115.13840380172178
464.19437618852834
365.96816182400426
364.6546134835444
363.89029376541225
495.4665821943765
489.81589057293564
440.738651017773
285.08046418209074
136.08962405801543
198.78786004452718
358.2704456446655
421.03090380784215
409.7885501360919
491.5398698331972
67.65658691575561
268.5369350266392
322.49962779063287
158.61007091932822
396.10136717594776
169.10647527946293
253.97434958879515
342.8975162214116
258.71827292131553
30.832997723541723
315.9416996967426
115.75701199288198
85.49417548188126
418.95833082923804
427.174884648782
318.6747055520898
357.07551179331864
446.9286652981114
236.75927089085394
375.29988610936107
344.2711273334206
257.02911165577683
382.03798832674283
439.2673934533641
311.8048294848518
238.72866505091127
497.61417494888434
267.68350503144734
338.40997302677096
477.6161410004494
11.716485382803512
300.7345615805132
310.01958321456317
495.0379258492974
410.95769171631633
455.3936214827393
346.4946007072784
479.7271709685051
368.3473696694532
267.06561326450867
373.3928186186407
361.4967909082603
454.89155654854795
440.71987892103925
75.00003103360513
481.7570696255181
422.55766536174394
187.52036936690314
323.76194229570115
426.6999459785329
387.26656185152353
183.83353375305757
214.21537309961326
208.5008938086437
335.8884857489825
440.8927514464057
301.6371342051681
466.0360414276288
488.20446560356044
408.243512739188
187.75707785834055
270.31272808123845
301.3206459490838
266.9876632572141
371.14378453859
352.0181343960419
109.63110550588425
46.82558294251021
447.9705491264776
179.50295299164947
311.2982063905134
340.586880086685
470.73647236855516
345.7612729077946
427.5651194631537
55.96149214601769
27.769821656023794
203.20789725021342
475.3098690104564
103.12756416849743
10.166114690642928
463.0664569719486
414.75855021212743
176.73371421458677
496.3437157435882
382.46917601924736
278.10586302285924
377.2025013108786
252.66887121347904
49.567754376253106
211.7522787400453
392.50166103040385
419.3145468647738
414.4751601211957
441.9268862887077
336.9794720653754
394.7935940280971
334.4218594592411
289.9855769258853
395.94716327228
282.39060911515617
284.42149156776145
318.4087702129006
304.4996749506204
411.6004316926177
316.77671839816344
30.80120360735134
392.18773457665986
364.2469711567091
141.69800322922845
447.0273137671244
144.41714604284283
375.53973773246605
368.07147297218785
322.95229512787114
197.9584282196053
312.0728255144634
385.8153290759167
454.0651361614092
491.05671449399773
105.92831832338476
363.04381652800316
465.14449720517496
407.6928551018708
352.26177774604463
493.8353025483873
393.6701682842127
278.6219641286068
459.0857075619898
362.8125631287817
179.74959955012827
497.6361258731335
125.32163863962649
421.8685771560127
141.25997998249466
332.8128208690882
226.2862328964615
312.183909136487
400.88853828267975
305.0786060321557
295.50627728103416
159.83929853088182
281.09536835427923
482.51692933521514
144.70565201465257
81.09208990872315
454.82631427025797
458.15508717082645
254.81510208751422
98.50710302534486
171.3539447347809
159.514185355633
87.09210522675369
363.0868931634003
388.57969929786344
219.22063752628975
295.9341708096494
387.8242442279735
169.48099897685609
476.4125642275467
470.3336977517701
107.95992089531035
332.8407870954708
314.4799623003622
462.37950282173
274.6106977715027
361.0235288409382
55.020200859745046
497.19822463643624
286.8112196083107
446.5040038743573
288.5189547054856
410.8503755414861
372.44632371036425
339.96553590701524
353.5701075776983
96.81631106399425
463.6664644059175
383.2671915433695
423.92652899944176
236.55127873591005
334.61795355673564
451.79373373067966
433.8022154876543
399.2982461370044
148.7426060138667
459.46350114786475
407.3993018681653
246.47773860905087
211.95781357574424
305.71074549726575
