424.44075930596694
458.2573120922092
252.6674264338849
362.7847663325493
459.62766840575466
26.04194280990356
310.3257279027051
339.4671913203314
359.98058798834023
269.7075116278339
488.36378010269556
376.53762528568336
414.9912250518755
451.24007669044556
358.9376033875146
483.0097221776422
287.07610026091646
385.9681667612846
466.62314016628505
124.95952940831341
365.2452198255057
419.5726836506194
143.74144000586182
345.71006189765296
273.073885360099
358.1466650423587
330.7372592014199
424.64481511551924
328.0949267462689
360.741847251168
426.84948355650914
181.890850147937
296.34702710431174
89.96981943091924
272.4972884735769
335.4965426957933
11.00118728501053
33.79852714239644
434.8984618127337
109.18976597078506
436.02160331608667
396.2517824004017
372.1185389502924
174.75710692048352
361.3085738541365
335.3249294237402
392.67383945315623
121.27948318010283
376.43248018975197
409.93151012472964
114.59379141081058
319.14508884786494
407.98977218144205
409.366391276555
292.4190449624936
405.553457810845
432.7260587362748
172.60319661295046
319.33450470190655
498.69647563688596
370.5822115426695
469.32825622027593
336.1200194968609
92.04059361136035
415.739492685974
419.04223405057064
314.6908622538633
80.48344054363594
440.5544204442151
371.8632875677731
396.69334261928066
455.984390995857
422.5553381638767
312.80898875345105
450.17533839306094
206.785912092773
466.1226944226231
422.5341531761552
361.3421395347017
293.8034216443044
490.78788122077077
116.4093574573505
383.11115096311244
274.0496260873788
365.87198370369254
448.9109066537443
348.0591329170245
68.9452214752697
312.3717085421241
29.003403209639146
161.26938714323137
363.89777271146926
455.93720928538164
353.9513052631992
413.19797048617767
173.1035373785109
199.01693459632094
292.0092334637383
47.39412629960606
498.74194849016465
373.56990242558777
215.54997289531366
289.1011900354912
463.7036147471864
263.86117706772296
372.03818088418825
320.358803550884
212.00331111076417
355.92401623579406
257.60765006493784
197.7436139094765
354.06711236609954
89.70530182651737
141.89155406762706
418.6861811825853
147.28285025816365
453.76024932188693
205.45636331300608
331.01710536053855
3.862573783690891
496.9714098515907
304.8396981378144
186.8538088347845
275.2151558315227
485.8914086769763
424.9455129675465
176.26699861261352
385.79149293718405
57.958771631041884
463.2610890598536
374.06604517000744
440.9410930807067
426.0141258721451
441.74481117746535
396.3609505401952
482.1307880799463
353.0329872858501
217.03379093377345
162.3275499716844
163.08607241619154
219.8524515497055
221.39310792343065
322.16187464611926
498.9598187951573
233.5298223815056
198.7752264846211
470.0863527893011
161.98818348441802
434.3493796537749
192.73925834705034
404.47025431852285
312.11236943058793
363.78743367108206
354.9195135862774
194.1519940530539
414.17476799810476
467.2459386663907
207.46044244606594
492.0513547589984
270.6401030644992
462.2875168365604
432.6091374532169
321.63298224344334
253.05518244531027
318.73996701763195
95.0954438638687
13.447877726624085
67.35731165478018
450.0396683990483
414.3298000453467
360.1882185373166
388.88593528918545
483.48893034638536
452.98820773679853
279.24267235712904
457.177794875469
284.42336419815376
452.22137318535266
440.78046452428106
411.15643362914335
293.6663499654819
156.34137537859135
124.11034914827928
357.2935735676007
496.8896131026762
385.26090750933935
227.39819743847517
433.8042677218731
382.84353310669604
287.86785642844586
189.07080546311067
472.88395020070953
306.97298113597753
387.3600975727676
420.2780900436612
449.1374783718166
371.00152258969524
187.61078099049598
251.99849068049645
61.131540872085395
301.16428661191577
466.3459121517178
308.68826612841616
375.89901132052785
181.58246867881797
477.39558348473713
177.36521273672548
397.4547729082656
473.6776142284656
278.80718918571756
487.8496427439464
410.9554485750784
430.3508757490596
355.2758204532556
416.4015095632139
396.0206597980116
193.6449169553411
438.76748289519907
374.89503959427736
47.23511239176452
446.9536982635264
266.6385934788499
426.16424451554127
477.23840724323946
356.3569509511991
25.93179234144884
147.99660835091788
471.66790534203216
447.7122549442358
173.45880773228862
469.4289180999014
256.9984499849786
105.01181902759788
53.57287099241938
32.081536710999615
456.5952796302807
59.3026344236622
495.49562609527
298.48245692788976
152.08065519759964
478.2465018121343
348.3275137711941
352.70006932841056
93.48614204853385
275.27062877376426
389.8668660291286
453.3456085785778
21.53304530365085
485.59413906475623
379.30726833782984
371.71754379717595
390.2404930223156
471.1401305447715
409.3129336704713
108.40621043880418
219.77024616055274
336.454010449664
376.2534590094065
310.94496509610076
188.08986318207536
230.1307463837308
121.56371078930289
477.3964001514542
465.0513901888851
457.302552428555
364.6340514385864
384.7755017165334
386.60508445585543
328.35930844165125
69.11236683764866
453.98729400519215
403.2957680828298
284.14720716109593
408.73796384475236
191.49790907416616
497.3704855394706
435.6514717293247
193.55931058828446
156.0179708204351
224.17220759917728
7.543258651911231
176.58316934956355
132.26316822004617
186.60338680253062
388.5900825980868
267.1367126565849
405.56394483561894
201.78076420437912
5.992356518155532
48.870067805875635
333.9427680641876
473.6690878017682
271.34442699469173
484.4115356647988
345.24685053336907
352.25802962223145
490.40389446310314
166.93611770813686
356.0929364324986
294.20922405905986
224.84559226841805
182.16264356708274
91.25765922522635
264.77577499001325
365.4201823520232
380.4842482412929
435.09184496945124
385.2960063115646
310.49695758148346
76.3763293089433
53.538671326587746
237.0825292770861
190.31608810482015
131.04740911378923
333.9215175942134
293.923460909838
315.26678328466846
489.77133602663554
118.06955798650978
244.50943184151106
315.8486286398308
99.00221949692974
326.995627755835
106.74503175012376
410.3828096764863
310.6645790306299
272.9754631693233
378.95219264297657
487.30957018443996
477.6929795588887
434.2861851721976
334.22081381501005
466.77549783221957
454.5883984456085
193.26242227477047
38.21894446040585
182.8005968940319
498.69600691507446
468.2585959819643
141.56364458165422
295.7472844092945
370.0696878706465
302.7672295724244
254.78508803232
359.7801930873803
334.43488771100215
397.40536912901166
356.73056200340244
317.28871764857115
425.3201427480509
458.620788303454
416.2299056992121
448.2668151021899
101.18767408504624
271.3066060031292
475.9769659627046
304.7822913584601
440.90703192499717
307.1552293809724
10.033069199147462
