147.11135554070972
354.6913768915996
427.5573907671484
350.29506526165835
196.34177714982815
190.86093476493522
405.2097145772611
202.21139470999265
267.4200433603657
352.41816608588715
310.62562431927336
121.24510980467528
346.5681904541335
111.83670119068074
55.94226403732779
431.80193655170183
430.08241228823124
276.4841656156062
293.6396174057211
33.08396794294657
298.60959506930504
406.3144991514867
388.64508453747067
120.4493650540179
313.25152779936127
488.46373257120405
336.4404090812387
80.43809987661757
270.1765952648942
413.7152483239694
421.09036951023506
273.5557724048893
399.82175372613625
477.95513789994123
217.00268410967254
393.1557145251903
440.41665511432575
113.78258403108208
388.89749756007825
193.8083146423687
443.7732005094064
152.80035818635127
194.13918855775313
117.11170663147976
146.6263597751498
493.589871060962
82.52956483952369
106.8648347765477
150.17538773230484
483.41024300703117
219.7739223906268
180.6519565483448
280.49371238800927
363.48296073782194
469.88412835097387
411.60973357268097
383.5293865632743
451.2762943906141
59.2139221806309
410.9711938997969
134.94637252170412
350.12761865150924
392.95981495232627
380.54644319040926
388.72656877478244
307.7101851387432
286.67588096054055
475.6048387097205
241.403660721589
332.86956346472164
436.45510141752123
212.74537028132465
456.17511735382743
320.39447175142107
226.78128102737008
328.13254592916974
262.1670337673632
201.7589401024124
202.76629675853684
327.79866472914995
401.93611625961023
419.45418237167974
345.97002567395464
263.38785828160076
256.3868667749665
426.65144341401566
139.11339061778625
465.07950239498564
151.64801535639572
355.16457926233204
90.79649008463173
358.4796706503169
499.4563823957977
495.2041189932121
477.5752357635031
478.3259877621401
396.1225844429538
212.28749216778021
357.32829654620684
457.1294474744504
187.9370629481012
299.5594139180461
429.32890487494944
375.3546753965571
469.8924939167124
395.3372633426156
204.81669895392582
378.91024014315434
136.50900469858544
396.878065027234
474.30700624200796
332.34365484607315
316.1720600226075
394.3618928646682
223.82608921173676
462.4683198114851
252.54642876893024
180.4899119029622
410.9205507323932
224.26712222988192
344.6749418434522
414.22855523811575
205.49762767772694
168.44280342417522
372.01422967507324
127.71482879141428
254.58650094647018
472.75685464825074
384.4108334187679
158.37076536307956
22.317624305238724
217.8761405790823
245.86562079631224
124.98517675629267
293.2643209174788
124.28195300948101
387.35217337080337
382.8383168613001
121.70625665731859
120.65510041828196
314.8899429065771
340.7271771576918
97.97044330624306
143.21976462891666
403.79314246591116
324.65871737496934
331.8903912789481
478.7004478522548
279.62664208846866
394.6582800613635
489.9749840823905
228.825009203388
499.54130570799964
266.64843838746816
498.84312165736844
364.5163119756803
463.14687417538477
230.88196910399205
383.9102708797102
362.1963069717584
352.9763525247336
475.95930377278336
442.83946318971994
440.6203584951164
223.5609518348091
491.0200025659274
299.90496112825815
320.46859413479814
391.17475179376635
260.7650368861275
186.10968133065182
416.3527513361517
141.0656859425585
422.93389357143764
371.4737672105184
132.79596341438867
98.24475861946632
433.4682305861076
459.7895161365984
364.1957919259427
189.92426419457507
377.23290465095
487.71703908085124
337.3619222469765
301.0571747647772
495.6936780202879
437.080328468702
277.41408891176684
452.80329828481547
299.31364203327183
366.31548455648306
350.1356447051734
189.50988196191395
342.0972286529545
461.26734765343457
256.7066493289234
446.8432417749187
290.33280181806555
277.51116181467347
324.50092541869503
461.20455944098967
468.41500681969944
419.8787232153918
241.7465871734189
73.23779772894409
165.64649406259548
150.54946518165906
78.07716948253346
448.56823654363893
437.41568238253785
461.69547673114704
287.61594436346707
366.33039708060767
130.12195245191612
295.65814337029985
465.7904512459266
218.8363415876458
272.8564953904669
279.51917878836696
321.7768718033261
478.3988649826029
29.203638347462004
336.1448039409374
470.88996322283873
449.68888235968836
356.75356315249144
415.8529889438163
445.3995470504652
433.7350036104011
356.02399617873664
10.895821158302226
395.38198736081574
60.46182582840771
201.45364602892568
128.06262388810387
442.31093008479894
139.4097195710737
401.7417947489189
328.38950395884103
480.92442353081105
495.116468652007
400.7227144478784
496.9112643828575
230.58422998312176
26.10698657449717
369.7903090870419
478.7140331801429
3.7973290755982703
320.7520435996528
458.8102684432803
83.94554647951907
75.46156303247676
142.45992293788987
481.0652601197955
31.112838409294227
426.06336404120884
278.79820270009003
186.78920881963364
192.36165605852932
321.78294837016244
348.9978970704508
461.74826578671957
495.60736201849056
407.1321493575696
461.79562423545724
326.931377721988
357.3681040237209
406.9024002667615
164.8661150062539
225.59451264133372
495.08703597689265
405.73647470567056
227.56236015550883
433.77357594608
487.33944461731693
430.70379764354084
413.20925359911735
215.0328359588636
472.83237813387797
307.62678700825995
402.83430189213965
348.48217080587835
335.99794665226966
417.39301811068805
381.52712174976637
60.97546071555871
490.0122249146875
362.7812201353704
449.29355614500366
396.99929720829425
180.85004353962557
468.68643377836423
357.0189382794048
241.1592183897431
392.9987770186826
473.696124854779
354.67245601144117
353.5797379680622
385.39984276916516
377.96773551581344
335.44804012555164
223.88940440253316
160.85919478900092
392.7490946766127
326.0928190080307
477.0055740874199
389.44369582492413
473.2683975227183
481.11653073758856
446.83199296110837
474.1349426631273
413.5906930455733
487.5840216028573
343.71119258563465
465.7594458540343
247.0070587841361
469.7869874026099
473.1687782580278
499.85002994856245
445.78687046035594
400.92830659893957
299.626747305542
489.35672319723295
478.93890302229465
241.15367428409832
487.9538591104201
144.3845792898179
168.0635159530791
257.27260534736854
261.7845072174392
70.27028011547714
499.57211889011535
73.36563484066761
349.46864955964395
371.91351224179175
450.55873799431754
15.618903271004172
222.9617688973467
236.42241220115983
275.99099191405276
305.6662587217935
423.42179260147816
487.8344060745127
360.9011521258378
91.10958827857445
133.49577408174918
32.838297741598524
358.21969850226617
484.9247467463385
432.9837396119185
475.21515892926834
289.5505345642234
235.89298262584714
475.2671468179366
382.04487713199705
411.8546082793447
344.46366092850076
435.31655361508615
487.0038183817784
415.16387536577366
