395.03644382582206
143.00523139844336
85.05330887129213
352.762848724264
350.09518250623125
123.93050197465192
424.99819902975787
403.2957192364205
368.65268449254427
304.6118754573349
405.6272809247923
373.3298862861039
148.69025751037066
295.73539374938906
149.3881210326412
288.2840152362126
342.9696013386899
491.31604314739354
411.9105971823607
61.18843798848019
485.4551178824961
345.61670078968757
136.9325829597205
258.48773727107846
479.18915512744735
121.00094530284468
492.9389975056661
322.3007530410979
449.8638133258487
240.73443715522887
250.10776623867224
397.8258586798266
382.88136779187397
412.4577237665808
486.75497523842364
167.04027067600873
157.720010838529
333.090663355041
384.3800908224432
171.07689741777932
115.56779033695074
378.7532757337378
364.9948824768561
497.5301423128
230.1207131913087
430.4949632212583
326.96027702647143
480.7521757327886
84.59847036149029
42.18342015876215
426.24663582265634
364.27977791825595
371.24572284791304
152.02749095290488
211.80025312947544
451.37335594723834
491.54233050394663
354.46738299922737
291.4937598197635
474.35612285825914
317.8729525509957
327.1413942627379
133.81475992755588
34.45105032581097
130.9181158462731
499.3128094111754
396.41918561916515
291.6466292031445
287.27128844406013
316.6587093816689
424.0241151715166
384.0983457051502
209.90581555973824
448.67821286476317
203.1992545356838
385.5402011098806
435.2584135792445
462.69891204482906
421.16563249512916
184.0825203195497
295.4314536854424
444.86483179396913
478.7408287799007
433.3803590357389
275.0517949884432
466.09826725746296
158.5183359306672
445.2880122719289
270.17274930721396
462.60103396064414
243.66885227613773
472.9361980043022
61.09703664159514
186.93467957106492
380.09815816380166
330.36367803169463
357.9765978681872
411.6733729791775
357.6639539193693
319.39398791215217
317.6813090363298
356.26573185935166
32.510321008388985
383.5437476947401
319.8856291026043
492.1031063499918
83.04179188278755
400.6317874284351
478.03835642451696
387.04687429084584
370.83144889250104
420.8585768124171
163.42424073936803
111.55145005430671
279.26087171013455
497.3483921985852
291.7429848051114
72.08026001797407
143.39422292268853
488.56233490319744
478.7166799999394
317.15285024696817
431.78882185619295
365.4770368932512
492.6877780362863
318.68041064485277
310.6477154811635
107.71063997940979
125.98478468493983
474.4017996652901
223.03934234737682
428.0508512804179
434.19712523185785
196.8932713250805
363.9628750287512
98.51934500485731
149.07339443326566
468.5040146486181
489.205386040122
189.59341750903593
177.70494639237415
490.9505047263894
462.79437163637715
318.3682732812564
343.5031877134381
238.12366746055915
199.08356445606745
198.15738037758172
300.25470994506895
299.96304186564925
467.1669959522394
267.5596188116707
416.4558006073722
487.4962153420695
274.8152033768441
217.76750423966394
488.236187612536
473.3714862380627
113.62817513034508
87.15209069091952
409.70460667577413
161.97806984948187
99.2194589559619
403.28255620171524
271.424247155816
327.65541184849445
432.06841710868923
94.23369344545324
253.9786200641568
296.8702463116937
200.8333754258781
262.80183891744076
43.84252080516467
284.58809251634887
178.5234348165149
480.18137898006955
286.3699577731633
329.94525121556194
342.6626738277279
301.5613299848724
386.6582197290535
492.8412547885373
402.00365946410244
107.01039569903031
335.8486058000671
381.1365571158081
237.43769707470813
20.53719180481272
151.97719470874404
424.84174151320644
429.07714021699576
457.01450184336665
344.56597088727995
497.3816235240989
276.1443754054292
490.01196999526405
273.67211939720244
476.9578765353375
300.5125028075762
289.2759588648081
349.08720106635644
376.11818930171034
173.40026456995287
447.9991785451183
454.6944165393354
404.9838077128827
482.5041449049161
453.53247949599853
394.28066373662153
404.4531818828343
206.75135175095767
462.7275025942471
98.33656050272737
214.0736147987363
303.37837718747704
286.16038316226667
423.4013574384378
361.38538299883135
277.82743226210414
453.0911349964372
131.35613172288322
401.45834432969406
204.0048633882189
264.29273795186543
450.70029324977475
441.0499977537513
414.0267535522149
464.79676537000444
406.5416682875277
370.81184600137203
211.1416899271485
306.35139031756194
194.4460517226401
419.31698967098106
217.87023226972076
336.3551580854024
47.52311130854224
446.3612877662966
136.15550509608977
346.69610364515734
145.63802422667857
15.992053708845958
488.81242961654965
422.83544820580425
465.7462555203952
101.2910680666269
164.1687901790275
467.4994975364895
116.8706547414755
396.8293032839605
375.6576464587537
458.6633759381531
433.7199829362727
474.32425847636847
305.71088759271794
424.5157474451255
141.69365777026815
373.7371006729978
85.03739638268058
381.37881430867276
444.3915526664282
197.86360386416163
242.76489314967517
93.65464152526454
77.37595034724302
98.86120713091282
320.8685860678213
76.41637485230228
380.5060512824516
253.18933643128173
406.5604936032465
472.79924233768685
128.88390553799672
193.76023805601233
412.9910457528266
301.4634494259205
427.06349880710957
423.9612828933253
200.660735080702
464.49420457101314
197.3633584669194
415.9683292423597
164.84324652391075
369.6651008886436
494.1638743127204
179.3363426416875
346.5195759054216
491.4173508308439
450.9392507157621
236.08703383046935
119.11835735083474
217.17131374160232
313.82423886397817
360.1894294769703
167.67304171954993
335.4397178867242
8.40475410918026
475.7582803842335
138.2083664398101
62.917795619216236
373.5445101868884
242.03713608619302
197.28903047081434
452.5146277736653
422.3220197579633
319.1530885061957
311.99215445881697
205.08022522261325
429.919573300544
381.00255120801694
252.72443875069567
149.20917727457083
456.94281160149353
309.0695667961984
287.52010403703974
188.17486030174769
167.5329074758103
448.1824739558683
246.53543935754664
14.29369908002792
330.1003644752485
182.1819347379958
385.8101685406964
120.4604502435659
65.91753347296338
461.1665857500275
400.67993721941485
464.25862248954076
458.49586357119284
420.5691640934161
252.2298169728786
63.82516246377753
297.180087343226
407.9283474699583
435.7145507836134
381.2787498248415
198.02076387838548
253.43118197807388
397.36864992056
95.46619134429903
149.8647969831025
217.98574150403675
5.991708861300253
389.80297033086066
446.44639444068
116.39762748308453
471.7217671073645
393.05408662621954
239.11215495986312
371.38563037894096
328.1641473337721
466.382849145003
476.3931634060955
255.16101759813077
467.85893475259667
441.66335774585957
236.23023466086903
355.06986241107006
53.21689451722676
478.3709047754584
