364.62175683847124
366.1649938695189
407.6687528323266
314.5664840765174
128.33233139026214
352.229615109532
493.84985621200394
388.61497797397215
445.93793997700976
393.69250719059085
150.66448459774404
291.9291455367063
160.10616335457257
274.1936191049309
474.89212627999046
451.8296930374385
305.07991428273453
136.15654670597047
379.66282256676016
427.3814740563705
150.9006731912251
171.84765233501298
423.05644070812525
428.80500257236486
313.1977498218706
377.62060748849945
436.34847125073156
392.8802413730914
127.22093725291876
394.925131736378
343.32632740547206
375.54337218411337
448.7148677242687
207.09318950905356
14.722757135576217
424.1429794289368
303.83671695523117
418.6098367764446
202.129876774002
363.8826716020242
434.04180406294097
139.26248814810498
433.37694764117356
469.1776147038053
161.85025123074985
433.4002814569028
348.21048152442654
365.93512335412595
361.22420784092776
370.87390654157065
117.59680408919996
444.59911912688744
401.9210792857973
336.1535696094389
341.0989293565131
416.5853187443969
428.0232911406426
469.21566918429085
444.8544612582425
340.6483334920397
222.12239282815978
426.0770456477526
164.25084525177994
144.8190733985765
247.72655057230767
401.9106738656651
476.8420516811669
482.0472600300942
34.13127319242477
395.2353591876409
478.2405453290169
379.0646314778513
421.5311470556788
353.64817035318015
420.43956492098295
455.817266454877
416.2903286684617
251.02740945240538
403.33131369045805
197.86497404596332
310.5225253591142
199.52287849584252
323.57561924918326
415.36608386882506
287.21197286715096
422.24452051182385
369.5540955741273
454.4492154117248
177.07772916453723
497.0901353150031
442.1948700540084
333.6384935124976
445.71131035238255
353.55075778916756
313.8169085257749
475.64653939262666
390.50496751236324
269.05686219723975
374.3158333098929
259.1013312189034
434.8517204814685
292.7266665889475
420.25828429436837
263.0637775286142
415.7433676378772
174.72774312271497
293.45610292850074
213.79796399718094
341.8360097437386
396.95848110806674
337.74657752705184
310.7865530983689
160.0977537724698
403.1710203970406
186.4509768408276
373.6759242524513
394.7145813094839
258.57119026160353
300.01887121447953
427.06129759237893
435.1533184303207
360.66063206957557
200.93879756018686
432.3534429824819
487.7101086296357
296.86491652867164
443.39367026220816
444.046231344486
363.90113300422314
491.24150269163215
134.77726088526975
425.22261766527964
405.35832441057534
447.695589905773
192.506839608941
208.25626896760963
382.05345270565863
288.0251733360443
154.06199903091346
95.56179981167804
273.0430668462144
399.7029139173034
485.51911722921596
384.382356112989
101.81806817158639
310.7186652238775
308.02657328032404
215.332455361683
401.68073321647955
447.38250880276127
358.14242631217553
58.21233172326964
345.1149227811742
374.44878597703246
406.83464448771275
326.86615487525955
353.3236084560897
296.7355525063092
79.65113054497834
348.893184606554
222.07893325759795
496.5778313186229
185.25194255667776
381.01610702135486
255.1297766348901
44.88099981214941
361.3819411974107
408.0519127241155
3.7641008252905976
219.86816523646576
421.711067072912
244.67372962263292
438.8120809750594
340.55183618738005
414.7345335346495
45.88589129546136
383.6800046277833
314.04498577743186
389.74040094964346
267.8827477290159
444.93986811868217
434.4489759165728
459.8224384020873
389.9930383428411
298.59174627307584
404.2307310538654
348.12892046555027
428.7846601725544
377.04078698361394
366.72731421798585
366.0981572158038
446.3513381344918
466.82966017457085
489.128161082561
398.561003643249
462.4409565893559
350.67515960906724
223.6520529327417
342.49314827997756
58.143993355689986
32.34091406453871
334.05292197180813
376.91312734242376
494.2813900607013
112.73569689351973
162.31252896753716
474.65693453153284
348.82514153522095
58.49362422004049
347.90336407955084
419.51969965547005
188.64443172856744
258.0774228797619
321.4316825281437
164.09631873007896
351.6614209163945
291.73186310396716
449.38836368285763
482.3546106060965
50.71219033238026
405.32550640539966
176.3610854909113
471.25443563770756
172.88032066241414
383.1207127684414
416.062293065761
372.8482903837843
282.7586669091633
274.83651317745864
183.32492491154682
147.04867329126733
315.72788855280453
230.48571294855617
123.01873569155725
373.19428464477573
180.8150343833346
211.21935899893668
357.9165219747056
409.16055327268214
434.3901170907795
474.5819734508577
79.57370817614208
188.46252296633514
329.5139832882343
465.30610208559597
151.60738313463054
453.7896125384554
276.5118245356774
487.4449380987724
234.05744840958226
341.5556906390209
71.15296738427969
252.3413348733529
274.4141174364661
369.10378247991264
369.505416513687
346.77863644177614
195.4025813946692
298.5869967255445
312.2455704591848
307.7669837409063
371.5248316312749
484.32829999140375
442.3147644865055
276.01179545133004
192.7339314800288
418.33248119159464
338.3212279844952
127.32985016563185
315.5900157546416
327.02270550282765
134.41881488871786
288.8334831651273
242.0901548464297
460.0065737525242
286.44109947906827
471.2008908342739
183.48011225643666
275.04689577399307
365.56302646604115
423.96733005641556
175.6379617205488
318.29984919569347
276.86226819066667
342.0232514124034
401.39753026591495
311.1717103081636
349.643336300044
316.3555257154093
192.68089645821158
464.5913873106646
47.70918783528583
347.21263195276487
177.1723666266015
333.39037504066107
207.66251542360953
62.68018191991513
235.89016796408742
85.95952700286733
241.4997662643163
103.37308033630751
289.61909811227804
211.49855762155795
297.7514591457093
295.41348002668474
458.1140594310599
478.98414404362427
389.0536487602154
465.74908364633103
321.06588616778066
186.7816530030513
182.20138023141197
319.5564687638513
211.40184373280482
493.6907541826547
413.72426629184116
493.0103766499583
483.0256068810559
52.07811670759378
454.59123671393417
48.59386269408708
345.2118071811816
487.26421980960015
377.8040072619976
405.357198007738
300.02830424889885
370.2578626885636
480.1800553608256
422.47387235160085
301.13984242871857
371.4490463678798
168.33236980382117
203.40481432210072
226.30015482932322
373.64220766841663
359.3552608003993
86.4855096140779
340.8888480585062
262.44120038453804
299.63382854718714
233.8173200894965
337.8387386822085
63.31875978184945
305.02685191126
202.4871538347851
468.3776394559808
103.9544085267953
434.98769297506084
211.64698476292267
478.81148534880447
424.79927116861313
455.27605094690705
213.23331001163484
373.9014614366634
217.02765089020755
297.17013094504216
106.97230669757698
235.2512727357465
203.01756967805778
448.84791293356125
