51.6745395206062
45.62291690128856
52.59218309590933
49.99084573494972
53.27443299322748
45.36327946569712
51.2710915847114
28.407467679350276
52.00431712322707
54.54410145023395
62.55994735820959
3.5144751553678333
45.66176270997408
21.56882123165797
14.729403696107227
38.54443881548997
55.71801871602998
51.65248292722476
22.611223474167573
52.645936641376096
57.70243643126975
9.833280401712763
51.11900770243468
23.416013883764997
22.848035030021073
43.80331724151745
52.00786896929042
29.3081749465738
16.0566996799395
50.604672698372966
56.725632754714965
33.698163591168424
19.193376682013557
40.78857798035598
63.88393712525814
34.89955939529581
38.07057569556211
45.42758585617394
63.253639333316
20.718584336885563
17.645177405811154
2.8060931494604944
23.02978660705233
33.76268662425277
5.3518325267266675
49.6532545290935
58.50248786959575
50.0088652336428
22.157377857677247
51.58500457258759
47.07074099085919
22.004908956411533
50.15729992158725
56.95373026976094
57.56428589126133
13.596160835110283
26.86008759466837
30.405533931519827
63.4168600299712
51.785902410714144
51.624007483999414
56.183566185575124
33.21147484322921
62.49765820531154
60.111588190879374
53.13035752000944
60.15640235005826
22.03684354730764
36.0553020875178
35.78650563225537
32.19121216365585
62.039812167784845
47.75919379341907
35.869100227664504
28.79137988720924
63.4767991791272
27.779356139437134
29.468486417755564
26.987986259891585
43.0556289578081
21.651633574656763
50.393167564836276
10.194567520203186
12.519336148631396
58.817923694997674
59.82665560702877
25.392271658946484
30.454425588609254
55.71966938714152
28.431425867934706
53.708080536020006
35.29365750095709
29.29965455304835
60.50807576848968
53.0425547114329
23.76012355222084
63.19125880617553
20.909664238943115
30.77223389265351
41.54090112332709
53.5667257803745
44.50874848309323
53.13205445411796
63.38834945691762
52.299638142175944
59.47285435540877
55.047018842012385
32.916409741121775
47.39703215373418
42.885590316110566
26.90755381784237
34.95837888436168
34.71860974908853
28.55488880435049
63.65359504407308
54.97268188878236
52.93964824570264
62.747078374986444
6.560692291509284
30.460649180714043
25.819301639641978
26.501560669664585
48.528559988051384
34.49359067450297
48.5794946970485
31.26982336803151
54.12262846681396
41.42539611844626
61.28567459424569
57.258943686410916
39.36188274978839
50.289373725904575
52.81688776775002
54.87553078484703
58.96813949598638
42.07479260458798
47.2503485470845
55.501343587783985
26.574612482708602
16.26539283592308
21.440827747934577
62.37058953985134
42.13162348626918
58.28324159541808
37.52271142685312
25.716870745141456
23.813329515628205
62.85238988203778
27.44793218986449
41.568489693942475
53.08736518468484
56.36967587407165
57.870129308945806
33.5136662304755
54.90058300807685
58.57567873832827
50.22875073405202
50.677292524717885
45.802026575100314
47.881150212424004
25.17102546817283
62.91040834802658
57.48429317931863
49.534972115241864
24.499880258514168
9.093802606819061
43.16904679576895
34.531883928822666
21.115302529506316
36.472414290417134
61.947911910263294
43.99868130859085
57.12976130444875
60.935148952623905
48.322091112969055
40.37198212259207
37.50953369285176
44.990954611544424
30.72123477863058
60.09678382130678
52.524859326177676
22.946423553010057
51.19780567016503
43.8558259544086
44.12999100804669
49.29030387782749
19.007510762153885
48.52485819461268
26.720326993226514
40.67335287237103
46.76274456454061
59.698756091017806
52.94004944341585
24.228678989788115
59.788379983049154
42.63748110993349
41.5019254145648
51.612320522349826
57.8805635618436
55.16819031818589
54.25857796074586
38.48022825268039
52.59685097629696
51.671326373831704
3.9666486096023377
58.21549747844295
59.113530051355426
45.05796750325859
55.51720498690217
28.72079738117882
38.22695398474877
38.930036990705375
51.29571263782213
26.839137062404546
48.7568154038885
38.06873193198839
32.87498879450672
21.351375820909666
51.83122867030537
55.118212821829026
47.18450166294341
38.90608936502026
57.22515143386666
37.99290116935032
53.903771448666326
7.313529446465708
60.84560357418311
60.03637503243126
54.312256085573466
48.95365538745202
62.83154882743349
60.49175755641552
43.23304720465689
54.04097684631673
21.58512289666765
34.179540268014875
57.58472939437229
3.4154138886880645
13.728167502019467
49.69826258989413
29.38362836538156
1.1735027685838304
35.46483840750622
59.12409593737756
35.26506468590645
63.918044661159946
54.75032138844044
22.272457224573067
15.871444806159055
14.359672690936861
11.854566981908945
56.98370756335939
0.14563608361783054
49.17138833271743
61.730678339678235
48.89926464896639
13.619707632878274
13.915407476694043
59.860565161169326
4.747221694700087
38.84928167580903
6.591052438671106
24.295496854690242
1.3850703695755726
52.162625141295365
46.12474788982705
56.78059002035518
17.312896864432318
60.30238931033388
48.214424368769826
48.640460113277086
15.282696998611037
11.731793127251727
35.323150992762365
47.462613686853686
43.107176866291255
48.72564661801489
54.67901473144248
35.00278966728104
56.65398667101619
1.0139317110853483
30.526360616286418
35.45571467922423
41.49232802237589
18.762297108199668
44.27053549991193
40.163216887558235
45.56558106033786
60.141023187801885
60.843304829549794
12.60209213848401
49.85385361873736
48.24477990223986
61.158147351666805
23.31072509447401
58.11128180629794
14.445815311523809
41.96425660330188
26.958906205631564
18.083790893896065
56.77836519300455
62.60566684020342
28.29042330296081
46.96104871572604
47.53749426765058
60.03171150391204
61.87822412928322
62.790940291990694
51.32349714727422
56.978054579274264
22.180412537899826
28.61634817193383
51.16942077322345
60.38015819155149
49.08382532058641
27.779870677230726
40.00967753349798
35.09183958500328
38.61524430064898
0.9450596072177859
33.53552572281406
14.82419269623383
18.582524392152337
0.03808781041492182
46.226557161621464
36.109113306563046
17.17242020862524
24.977586305690416
26.079760872475752
31.177226814544078
12.536203772836345
46.06340137884591
62.81982941111132
55.546654179527955
54.30521778747632
35.10189563722403
21.662531042717617
52.40739065882186
26.714863849010868
60.25220807845067
55.825283609073026
61.61235557430436
53.29488020595899
46.312172747118574
46.048212894371275
33.666022553195916
63.25633350694088
58.960764052072626
54.514410014977884
30.89093086232495
39.29042989139518
48.99016423920459
57.92898576260805
51.756454388590384
18.242804298100836
53.27191975582258
61.50214102988313
57.170686749785375
55.39556080716695
47.754929689044516
