5.493930820873921
57.87642437165114
51.779581624233224
8.525936398355412
54.48084505679904
5.556894525267587
17.110963687017552
2.9566576099339343
57.87913540498813
55.498431497367136
44.703550656994395
24.242117064082123
4.911552623196243
17.384236964963847
17.246353303653073
34.80707975224378
16.15224477681945
55.625398514245994
32.88547492439638
41.37232543147621
49.192095638255225
54.54226985179216
15.402842392281372
40.14656069869214
26.376698089575477
53.59735625360088
46.786525891813156
55.909526474867256
47.30931718000811
51.36159277333407
53.53411140649688
57.43193502309741
12.273367720475633
28.094646284008967
50.96373958839726
40.08485994268554
43.15827074377038
33.57608786430764
32.88493121600425
56.380713758897535
5.67842058825709
39.50727415191952
21.918764420268147
58.48801481235045
24.103747183296257
61.11953611935668
11.149363049031251
46.78178434003655
57.65704752458088
56.21985604425573
47.10539903619765
62.548436545751386
52.566656988477526
52.90527138423482
48.80927302830226
20.629623895548143
10.754998635820868
11.65705033370648
17.6792785963815
49.23516671904887
27.79794538210247
4.805920693383712
25.26149087235536
29.753058982851726
56.13337615899502
10.889504580576052
60.42604705624282
56.16126901154257
5.878472702047482
38.451613569443126
46.73937323830712
59.87643552785891
50.250603986589304
48.280567875241445
58.35082542974302
44.28759549752068
21.892049644999823
26.482654084094314
23.809675296106015
57.53982190027686
7.9818133286262665
36.60211143727273
51.26292566139048
31.688321060561144
25.385561427894338
31.04399538233919
32.4242447540177
58.77224101293106
60.547415755889006
51.8956955166897
24.274741414228856
49.471943439088776
26.003609895614503
44.2648250287821
32.86909195898632
36.83299101321332
12.178787259159641
15.486648004828858
26.207688011693783
49.625690077825666
47.503773265354106
42.05188568515692
8.224924534934473
9.427375875155981
17.7800394015023
35.363165368828184
40.79615305084074
35.813121549588516
51.80520381718209
59.05916054936463
11.550728432563595
31.506893934896844
35.91418163842018
19.33002565041967
19.867265438219185
44.58637474366611
26.812373405033817
34.87079929136324
49.01764666572733
61.8849583649178
57.020876756599066
54.32785727484605
63.83203842773599
40.89538883046409
26.943640268867206
42.19569187458289
52.4899819390104
31.137245743795965
24.92086104358065
4.696155871640428
4.8234802949830495
34.24486289249073
43.85538582076113
5.431532332728331
47.581122320295655
33.52968386444648
20.11441926250646
9.8190806028663
40.050083260183904
17.54794232788025
46.7545808346552
53.049872638192255
9.679122578680712
32.93214764889039
17.04420955513733
50.961424050809384
43.838609494950845
56.32569607401297
49.53520665573407
9.202571369202545
60.974039292645934
61.44742492204969
52.297777247076226
41.76087344519294
41.187805141705205
32.50131903700026
28.848356183476156
26.4267131975418
57.642861216262624
8.393915300033605
47.09061898407603
54.53636261311426
60.05876844506526
30.037475216394313
57.39878234946256
45.47847872305297
45.801800679008394
51.181965606539514
27.998845271018936
34.15635977472586
49.64485558527416
44.42934372010889
37.3498272051592
30.55306526120426
24.441789860100414
44.083240823712714
15.988621483981262
52.977592590659995
40.78257965305154
13.607752038222316
31.026366638857127
45.93292846273907
55.92706785171535
12.825745849868788
40.52639197727652
50.18119133639901
26.11391753617213
59.20071278693721
49.77035723112354
19.688647858107927
63.96409968571569
52.68164956011509
24.638870994535104
54.82557151104922
32.67958755643852
41.06352953044982
36.750225821178475
36.55187276440275
55.8115317707101
38.714532039824434
38.86041841060245
8.871018297214512
53.97267933766109
38.6291049585851
5.150771705639549
60.245130969151475
34.58082252864753
37.22294838640418
15.653858813535457
37.51646627325726
47.91300853988438
53.69511951231181
54.49313632608137
17.90594226820589
55.21114899608976
36.56042729043642
48.85529118543936
21.13319427985857
15.402591276874205
60.31691066113053
45.430679209778845
19.65439356062197
49.095731144781844
15.998527134308752
37.25375941422295
25.233310663814322
55.5341241884119
37.38036281272816
63.73452591747628
21.73362548883317
18.646832175568854
38.57890610260261
33.2240686978088
60.55572096895142
35.693981958417226
62.55282962656399
30.68008950083044
35.944482405070175
36.775440089224475
49.43415947021008
45.81327986380418
36.514928162143256
56.64593877922881
45.62815796833124
42.08537468036701
41.93334774893179
37.340648133987244
32.921933256639726
58.75842485783608
44.82475932912813
24.947265708478554
13.280552807894836
61.00535994055763
45.83562498926639
55.658662707142454
43.09655733256511
37.21569966748217
24.7370625854725
27.494665126559795
22.636470637619595
56.279508777809944
40.165783863020295
7.733660103725121
60.39724517123495
17.109617088535643
44.71178587512165
60.103898897044104
25.590230606125218
59.506687898378814
48.87404758682301
18.883705515167613
60.11182873140771
42.853414328816655
59.07418965131439
53.88807076843904
5.297040554703763
5.7425785063604735
58.56878135080353
35.729939179969165
38.22689424918145
31.07683916657281
53.79618059077544
44.840142060266615
18.155789407265623
58.8276376171869
48.93560018681153
11.452330541135261
37.855111147714084
59.171210262389764
58.21382814668175
37.04011948969685
31.874255706608658
37.43709230938473
45.66288067075076
49.69743977315365
45.841884965533495
11.383443683043033
20.108257968965546
61.09455669442397
22.630770138596873
3.4592826573190223
6.2831572618944875
56.641656575059386
33.58233948823148
56.79488456141568
8.757170205671237
54.27177543608953
50.41882903437316
49.2543946666439
48.576697864644686
42.075480301808724
19.845003837920444
51.71080061875288
58.00269523402318
59.60735836159957
19.27493190163505
54.21470478747062
27.193266284704656
25.740576864165554
57.25320010632151
52.90601060042847
20.19290500233599
25.369785733671847
7.847539978660414
59.29210981954232
36.86770743654127
12.151131475604089
57.9648849306013
29.32248474469666
13.229166943402554
24.894866061357718
42.87838349496367
62.84391801495529
37.09656819188532
41.5583340836892
6.585986047689367
33.37818556216438
10.612797600336478
58.119478354571726
62.068445089620035
62.78563443259359
26.26962631804612
63.62002932822197
56.361347382098835
26.791945200800733
60.03680311460738
56.47686194759732
63.20454125740182
62.102073666404145
36.855602107915274
24.33168354734765
40.05475518226848
15.65715546021682
26.121447338642312
63.531425414575104
53.89106920314813
31.249388168980538
47.96103627428096
57.29560572603101
43.97485096983628
