49.78168714887155
12.701198443204113
34.01603476428371
39.39394983776596
58.061861299111314
4.7329592473521345
47.69129885511379
51.78262033029589
0.23927547852846942
3.6596359608803937
55.686145873497345
39.570753339720405
62.68371919663812
54.9746073857511
34.7599614756262
45.973927964008126
55.50249877602268
40.77770980380885
48.32954461133936
61.90918711750828
11.160881229630732
4.77446250905971
55.644427775107445
24.239102257995334
18.037596965777837
62.39368330786059
37.80723428313503
39.3763369912801
9.958506088583775
34.87153563336673
36.84204327431238
53.38935557376209
13.889577981786204
47.3760704681617
32.93797478123322
56.77621938466342
31.870689993674716
56.64482958424601
19.470845901742486
56.97602682059266
25.72807892343217
60.419220739700314
45.783428215157585
58.34561928745412
57.45202077067706
54.34390514969742
45.64663877113585
49.2590163726112
50.16711007453576
54.15900441402749
35.107510912224
63.66586220148154
9.196966815435083
54.5836338197658
55.52555739973994
26.70881095942392
38.65177112902545
63.972364306130224
54.42133105738387
55.46963729875783
38.50111647838672
54.5948617682761
36.28509653439566
22.56328047417253
36.35737584224343
38.424999393073996
46.37725154134837
35.9964396464689
52.65373630861988
52.16874233210936
41.419765225902836
38.78054541231862
31.278136212778087
44.91623276260543
40.72286225697813
46.042743953392545
32.71154751183696
19.09619692392522
62.75259842575007
1.7445053299088542
51.5108732254938
47.738807070804896
32.447775648206886
2.204432367963996
57.71057989927948
57.786963258735334
63.83514637870641
11.6839793189734
41.108567759630645
45.72509475466016
37.934289280475255
40.295944840158754
49.71788737870176
3.9175212852379175
6.967804386819047
54.43455768428881
60.108174154082484
61.00374437613584
22.34914587523449
51.508116289058506
33.84588051940938
44.251275231558196
62.16245860921044
25.666584082064944
38.618605310050555
24.536840720097736
16.844821325379655
19.54316846459094
38.26815117940555
7.137919836777961
58.43368251600279
13.123891436390004
51.54600679311199
24.29673422237515
37.27485784876991
22.591495609200834
30.64210339269936
28.601518702033992
42.32834455335312
41.55655440595886
37.47219760826688
9.041746708342906
35.97697822599581
28.813721050235557
62.9529665635333
21.909918690981698
46.407729228356004
46.81324850284523
57.52509653169494
0.12459384494649584
59.72584961161174
56.44851931660369
59.48922344102648
27.100659624670563
27.46552859314214
27.35046374941775
16.045538921952527
22.891765908749427
28.66747833336167
6.597130270550451
62.755492541436176
63.38183039855028
57.55675221187909
30.781677391069977
61.37010082004568
19.60576634796292
43.693012440975984
23.031868689752812
15.592602738438387
40.64935300594559
44.53900377068573
20.495299636199043
60.27830892142674
53.716046880074565
29.67244784710791
55.041156906873724
40.89888825768282
6.645716761335059
62.78938066140379
34.7817352685842
3.3192807682784533
27.708470985098074
25.278958765087353
50.549205231532696
14.310623331358023
50.27056088200273
36.96563494932759
50.441051757280064
37.010150738757666
17.07647003088634
55.73918748851054
62.978065616121576
14.651052321463077
51.77500081745672
44.141961682116865
22.571767211570375
51.759440756933635
63.0757782063647
59.263040551299774
19.549921776490386
34.69086044433155
41.901233636421495
45.391455643072746
12.958776259370168
63.6365611385023
60.475578355872436
63.99143939074543
57.12092149781217
41.72191299445641
19.810954545156648
38.40635029744087
60.49045283335582
30.671473487230728
4.749611997794666
63.66164217949834
61.16806131121876
57.480903952552175
31.28612678605338
39.826894370686404
29.115175510015817
61.22210590511481
44.676566552122
62.510122876840484
53.423981181374444
60.79544646442011
15.216559533907734
55.40930191448014
34.17471731821484
4.754096341666667
33.31004146963819
58.39083170488794
9.762285793498293
29.343581229301904
60.608939407481735
9.357364698933473
35.78362693016185
52.523778105409676
52.03958540862258
53.180502312396726
41.32095165858564
41.960142678265484
35.452481950353274
39.92902177522224
39.4411768209126
47.64796801527375
61.21238949568779
56.423537053188916
59.44208663307867
1.5937312032227808
58.78186219868888
23.906181487905194
37.30038860961987
58.67095972588899
49.47157522177569
40.618892472156396
35.2622385000884
29.732498077674215
54.101679789324905
61.81706171989787
56.135381481533535
62.930609194681736
39.62500080137934
52.958256177668716
52.7715418933919
33.27221327543038
44.77125533920791
5.748430842405519
27.591626828786694
42.49325763255753
61.76266738986947
37.406984221739805
27.96831098337855
28.598854939188698
51.43606572752586
22.195008620664744
38.19471252847701
7.975444511522177
46.72667568079199
54.11636056829576
25.1336121306742
16.337219701317565
42.172094099179155
24.214077259856317
54.71905002165396
51.01921970202631
27.82350501261819
54.178554444716525
46.131042252927514
54.10377581455871
63.28337263064552
55.0075797431351
12.847675662818709
57.99519281021031
6.984763815332279
48.45598844194232
46.84331436572814
15.078107422218402
33.687489551359604
33.71329611164113
58.734721806258435
46.530495089906836
63.775777792111235
46.243893475444104
37.77900374347347
32.36426931679816
3.7714318657302215
13.88321434171393
56.60756647477834
52.759809315739
57.97142330384827
57.070110861671985
25.882336537807966
27.55313269821113
63.73337070491983
30.832459225270753
63.84242514798022
39.9278779038686
63.53553989426495
16.022042143400817
33.32151963114315
52.43672238377088
33.189416299245536
40.22771907220489
55.788614890661705
40.75591816625776
49.2106939140627
1.6342765565126172
26.852730795029977
59.94858961380066
47.614583325667
21.587166676813702
28.132741148742966
12.440753137499819
7.782860722704491
63.66891560941908
33.200362790514234
45.55158830380664
44.00689515560154
19.305681117757203
48.18025667848144
10.157834790139958
56.625385083628686
52.89342326735467
59.64760949492151
36.953432961700486
30.44136939298817
37.98865336265772
34.82539820949792
56.47821089755877
39.892221556118066
12.331938971378591
14.824907834144653
61.179014853986814
32.17062678978612
6.19478786649465
58.17069070385311
47.72187186000572
30.469122943572486
33.48691659611874
52.622490925873855
42.75857074325148
48.246938423233004
48.929650974330166
19.583450720065663
37.37575486417711
55.51279504980043
30.66484794976303
12.043140014732792
44.169330714837315
53.924924186000105
0.8130517090614688
43.288529248207425
53.38287585029364
38.36243330005682
47.00872385131768
33.58320845862792
58.81032146532204
42.08914028197883
31.713053858751955
21.283849157271874
