18.186392570806554
1.40167318464934
62.24537925804649
41.30779384922184
17.566568078374722
56.158197844776055
25.14851647100918
38.046100374383386
62.21895487544687
51.53806273751695
34.207517984531094
52.417849934208
28.365390777030697
31.633492428124967
40.32364448259818
26.720210212370738
61.590750585924354
39.35919999243135
13.151966601236694
56.172390727347
5.540913368470328
53.760746645108995
24.334889821431084
56.713330265829526
46.466425759003926
31.095458206954262
36.19437005148071
23.12162610755535
28.169639183595557
16.800772996419475
33.478418429851615
61.178098522582665
18.023520487139407
50.96838126353018
55.75436719180372
28.515444762079902
38.27930191064587
24.570584446354225
18.675941977753986
62.43087122237844
62.27030931481468
17.00198904577107
11.50415982481735
10.885151374115686
50.862663781474126
15.962236108175759
21.943936563031464
37.7782718696681
46.46394210227631
15.809098038525612
30.528186415181125
40.208128376313205
57.74341197725739
55.64567374856786
0.24761050906255377
36.52099318689183
58.04375114334521
50.88885660800216
47.426870067516646
13.950128210593348
62.76598396828214
35.89330741499742
59.569915800457146
41.95257710447862
25.29214529630999
43.029871767373315
21.55434426627322
60.251649584398656
22.441425764641103
57.37617794966272
41.99724525257757
54.02838864589175
49.92244553931225
42.94083261213828
33.70668304909958
6.864036822404259
28.442484194469813
60.8621828983073
31.279663490863584
25.197937555749
39.460631387303984
36.381738844270934
37.69899155061216
59.302392253818134
43.403619910301195
24.92276741625505
56.876246759725454
47.08037839203591
15.552640161946634
44.279619644106084
53.334231034921444
46.91886699300167
27.808662116506007
23.51173026319192
63.340555454867925
6.76883809620648
28.2013608170095
57.39723188146031
29.048577299712974
45.27732243011697
42.1313398420246
38.68717250654937
55.3102987384108
63.28883209875337
33.74289009375119
40.90389895602698
37.70600866518128
62.57460375803132
20.05008763566262
23.99734960223733
36.333357923235255
44.879198570160845
57.921136301166804
4.238208279844095
42.4216099788766
14.669908046378076
49.1698960343053
19.52488404738307
34.654394922204744
34.636646173139084
61.6858607472055
25.12283351022174
57.805472608258306
51.66861796695303
52.03518063479212
32.48481137277311
54.254641342536246
53.88474094106566
14.111939173930729
28.17414978913567
42.214623769595576
46.35116784049271
38.1683177572045
52.33049258601434
34.79258751087691
52.374367086549896
60.33466040740437
3.3662441680815363
46.65129606733798
25.88195858275057
58.98435085694787
30.63132489531951
35.05022703309297
55.57781051413903
2.3028931971195306
12.715713901619921
26.18032499217093
13.691906146249394
47.64355696676731
46.54717883756432
58.03704344819275
54.76651620447929
49.000332049379615
24.198311661482776
24.975672706462127
17.219062484439625
17.170629255752736
53.12541378608295
26.46993585706501
16.708612459543573
49.747788289024754
60.61697174340442
49.88324433608494
62.83133255418711
27.639722423741205
16.98477675785727
47.097887872265304
12.353729597735786
56.15611113207432
37.60134292865611
5.700136762837708
34.36312784533956
32.18192317203287
38.608987972350754
50.62680026342666
36.90464423669886
52.31125230963152
54.412029694826195
24.529820614914854
60.48708947234244
44.065621302602736
44.13583217614615
27.92639650297548
43.205367324075155
54.110698816156436
33.940763167405365
61.39398680694138
61.91771961952769
56.903416130468464
43.60808965471901
24.632608009734568
19.346795574383997
60.70297125251451
32.807070282661016
52.8188964286139
62.17921652947383
8.571693550393775
24.307068860376575
62.56650019686373
20.87533429811053
28.662286069418535
40.94236692235379
0.039087046487580324
42.58807540449709
40.42543054352082
24.441896511032027
9.735918593723383
58.650758322212596
34.96799545799555
48.772697018751074
16.09661584378015
21.085569031986395
40.183729570511325
57.520605048617206
17.512755806967938
36.68034572267032
25.472439678367074
34.41497582043412
26.570207964964823
18.79477804429485
63.94717904437434
2.1533755395474756
57.75667588263275
24.03184485235161
54.23022115933799
35.522020260717824
46.029577850912986
47.93983068684423
42.39843688051771
19.68977993307937
51.01105043966917
30.35957266334119
58.29091941598402
55.36231448919672
12.711339466894664
34.828380667054034
21.492239498536257
24.10318731101289
49.424358878265934
17.219480095946018
61.852872322141515
45.98249104682705
19.788429203828116
9.102815216532136
34.44525837876242
61.36930501008339
58.78864946567957
46.9513066731312
55.87558957067401
21.292213060016103
15.508790593847017
48.78924999462242
43.589255476245505
36.63952713706455
63.60265326009858
19.806354699003784
38.763652758249634
27.357358428104398
4.887336771982085
41.84752793445917
24.03011996857174
26.64915944933381
4.0705509752651
53.69544771301278
35.61876581473243
15.72707389198672
56.17959812737203
41.618079226075565
31.79343372087557
39.54251040789276
22.600273320742332
10.589381337181884
50.54978814855399
59.57486046497712
34.34005047630312
43.539455036346915
54.938492498829746
57.59340194778008
55.60943312303765
60.6218601714052
51.496941173317126
51.37855543059313
33.025919516087185
52.92391448647105
39.86255611599723
6.491983837800525
53.08773584225671
54.105030638409005
52.396106878949034
12.546464239982214
53.6628544127121
61.72097313222906
26.38590834171807
31.938939813641106
29.19836311433098
57.45259305621616
38.7255994750124
24.508165847170083
3.3964200010254118
20.121354363851758
39.32914282034078
51.97298900397752
44.583026567590665
61.55063614404434
56.69869057690761
22.319594979487178
34.53800821426473
56.38968833143446
60.664450129851275
48.77499636040244
39.83370689428874
49.66965397010114
26.91303784220208
56.47120923063425
42.405173490422065
40.05157385404411
57.17047595473467
59.02236473240184
61.9055790562947
54.84801636938279
37.932913712790025
33.684971213335345
53.89171093251868
34.126334594009094
58.170636172519146
49.245892311953156
63.980108484273075
50.17160862024703
14.616100107596232
39.858277093907915
48.81622798902907
54.099313001611506
53.4246204916756
43.33687891130121
44.566916459199064
45.61170026034809
8.641690843533752
59.78925094737704
58.049774609346635
23.78561737871717
53.736980313729276
58.016224538582854
62.400711473199785
55.65611589258858
50.07624871106023
21.936036857763128
36.33969194657633
46.51294806102879
31.46149459894358
45.761962215954725
43.42590785963599
32.2987276691197
20.89407229875085
10.147427220477958
59.31586513010537
50.76030571124542
48.72539968660642
12.08782321379708
49.5676725204074
50.53536366435963
