42.42785043898972
21.85345209747166
34.093107858391804
37.45021264736015
36.11740558062807
45.9994328313501
43.35345294947305
54.94718824096766
17.874882968291416
47.1052478802002
51.59852834562348
57.70136711862749
48.82099141584889
49.994671429534115
28.575427891273236
2.207702900954793
39.25216576675818
35.229272113555204
25.495471577690367
44.15567557439917
7.3798218628757155
34.49127848274253
24.74348267373719
44.32519449621202
39.2620803630391
43.336021089440315
14.86780238749337
23.65442376083938
28.84319940336311
27.063341062250785
9.555562079000616
34.28621097637435
59.30602370873609
29.536286177357482
34.73502261165439
38.864651384019965
20.85659498791256
7.931190435768045
54.250531415298944
10.62499039994973
55.00697349953315
49.072511394035494
56.291914436028314
60.79219453091985
47.82880852944623
63.63874836299845
9.82158223629093
21.58265093035594
32.311094376243446
30.14646379669888
30.451947061967545
36.002094726601946
22.33466382747268
51.51483306162431
6.33278257863757
38.13020370645455
22.56945584594363
30.087351141253123
56.22229164886801
56.086541117053486
4.121453433798351
31.035480717580334
52.224013062777445
48.98048995129233
35.78453110955721
60.26055903340623
5.461185566491693
27.52847770290714
8.158457448276494
62.892183056075915
49.1774782210052
52.32652939993983
40.46761220819627
56.44837180861875
43.890536643625595
47.4442927636085
12.921538387007082
57.192704851399306
51.57808000338483
4.3624155750956675
1.9923654795760513
60.553416305707316
24.778069273904904
57.98297791839121
27.952712002783954
52.663405777760076
52.04576569769557
12.776564796528206
30.720235555034186
38.00152060322901
48.7358169972066
5.227402022435406
31.620410806392115
59.852450625464776
36.42338579955867
50.29728140760387
3.1435895062644335
50.02401745694456
11.861895268457786
54.95997639813622
11.63408493724031
46.519897449901165
47.50569814441481
32.236492315412434
47.02460710815263
18.796083799010226
25.532318722308666
46.88571099928794
35.42717849149113
60.60936312181252
8.650303978434685
31.558625375430893
45.79074779840187
49.97944788023698
10.516716383685669
45.54904074020027
33.87727945510521
61.612128688903965
31.098676452811787
47.79138832599223
60.862702042053535
42.69190239359829
33.12160872795482
28.24828134248937
53.33201337613437
62.95177016952798
27.572986456185035
47.31750690878945
32.82485963279939
62.353316707296855
58.268165351927664
42.98861401633196
47.87913595583599
37.87018110420866
61.928385064277165
48.290833598160944
43.889341786588965
43.67438806385911
38.95290429957817
13.6755407789083
16.620144199635554
24.93956619261349
26.561296596064928
14.582703438086128
59.21078802629612
34.24075652759601
57.17936601258823
53.64329666515883
60.90726959143811
23.492576417369193
26.111713397425397
44.80551531200661
55.5427186913858
34.362382951922044
51.5702827175934
56.26725628841499
1.4490387403936964
17.857879428344837
45.34712619924167
20.934873057551556
44.69559126177552
48.587524848851615
35.93552423232799
44.01184537834722
18.62019154462228
61.138031644619886
46.97468383860961
63.84968784775943
55.85677035233828
16.126113200988513
11.40704357780858
56.4355578676384
45.32342056278797
44.75502944206057
60.14089189504177
22.350805599747716
38.18297721440487
45.407351416225836
29.73426620125106
12.296600637748952
28.94742566911586
35.8934166056999
50.785125879747106
43.72271828588369
36.77822173695722
30.734650627139175
34.158152983156285
59.45661730950401
53.11765586725549
37.91864824181732
53.21836311455696
32.62621047238599
30.428446242989523
33.06734315668484
38.80099675062057
53.749819187499654
63.3835787904695
25.22720826018758
37.96626625261482
49.28599171007223
5.603877309570663
31.7149301034201
40.06445183763456
53.202087033461936
46.81401845467857
51.47114864212607
38.94215500144978
37.22878975536912
29.10410801913558
47.232277120899056
62.30158015470604
42.89113545653021
23.362050010839596
23.42855464471409
49.0158875750525
23.075991717679905
53.04730392954663
54.00451326154442
23.85108989969786
17.763980117898875
57.29151562427222
53.074606935593486
46.015167336638655
41.589414026328555
41.30055402227889
57.16472048471273
62.987152760769305
58.309922370101205
47.30963958270405
63.73558492928611
42.64180183770328
18.201451827828073
42.53909354341236
45.454520753899075
7.226906606391189
7.0152313533357145
57.68648934314978
52.41729628415944
33.181670707037355
40.3537107717909
56.7184380915094
50.869886313389955
53.360402090864866
60.605538310161876
5.26276463995535
55.42654103703079
46.78549329907988
21.102359594324696
49.96809825392091
35.1896952119632
63.394439001097375
50.14534046571924
32.559616851147396
37.81589682779844
56.29069204796833
26.693520364038122
40.712917883088465
52.591037331367126
49.10595239070279
5.730498899865445
46.89040377185232
24.782971423304673
49.40760938323319
56.573353687353105
54.819005932452676
38.319019599589986
46.27703097871489
19.246135394533525
19.804917996573664
12.827052443017486
24.921043073543096
51.63721951397539
35.20437543165845
40.47402662981406
43.41674650192668
28.408673084267868
53.22241553142392
42.60456424649699
39.680944664448
54.42622233970164
35.186090399696106
15.604454149790264
47.81490115825771
48.0431114406736
45.82416984571586
9.561820524228175
58.48024954143592
40.802833585647406
35.361296227146994
58.076831508754545
46.610217407349076
56.79527282396368
16.94427188294236
25.79430283518021
31.221258988100857
48.536625779934454
25.48031112571323
55.4707913294587
58.291259250604746
26.67903803539277
44.633173463636666
35.35244390474813
37.08029342492699
63.160955780153444
35.09310826116197
14.537445783347707
42.464481416263645
53.43993637170804
55.7735941662065
40.63556718881902
23.70539086518309
44.20925510473613
47.74191311981489
57.90323632848474
37.50467175641312
14.035111575386026
33.309173227721715
56.643989808045994
24.509305552543914
33.5652524574803
32.802069369886496
56.33051556684654
55.014994300203554
21.794340301627727
11.576045997852276
41.467200286318686
30.74268003105069
30.07485607173009
39.14063270879976
27.043607178320038
53.85729869224013
34.115017304192925
37.00795334918475
63.65986100582996
36.3643608118377
47.2916943714061
15.476601374634377
48.53015338590952
46.66615838551952
39.185495764402134
62.63482597192148
23.34347126213339
62.345776495549366
9.247420695629721
40.729099499757154
27.803583383630375
42.02684649405954
15.973024963722715
49.71556885986016
35.726618810948004
60.9690336863112
36.534823335269614
41.7031796236684
30.483161564198326
20.13935984465185
40.98386236872365
48.66266502737946
32.58488789880664
54.69283808141481
54.868915332452794
