63.71274188938601
32.81845760274076
48.67898428042729
55.47586494895572
56.81657353509693
43.78721286807247
31.849436070697095
32.31227167188405
27.912818714045407
43.706517621699334
54.61114191837069
11.64478794478299
40.89701136528241
42.89989814587718
39.31762158246538
27.654718090207574
49.68830919919652
24.0889587701978
0.7589045652992183
0.680629170400934
39.213420800620064
15.001967381205539
34.13834796593132
52.84188902035436
47.25338241527822
24.971430501003766
11.941902520160113
48.6178301444051
37.63524084264966
7.080268643601364
47.820122000622476
14.667330225187335
55.12878060844686
15.001274423694234
56.63410036833377
35.59079708963684
60.66497774803963
62.717603355307304
42.12815960114287
46.69788665431166
26.900637597051777
37.74858668376322
57.75474786338988
48.46228569881052
42.81882041628229
31.925143565152297
41.41867201824347
30.738405944558465
6.17657800527369
17.43163687615546
17.775092029068794
31.222134014081213
17.092232894555814
50.70069883096782
18.238316734935864
6.326548963663065
62.299967139055674
45.32148254717538
39.31179851588335
13.897441981854783
7.390406383242329
51.06175349106079
39.19823752721819
47.17271378193509
59.238162139711676
36.962785154619155
35.984278586519906
63.06729946608238
20.25424534862107
42.07260778274896
56.80737507550005
54.54015462416245
59.018064972347055
24.654216540100407
34.59057132424553
53.123992559198385
38.26024575693468
60.58248045672977
52.91566511881699
61.0624422684038
35.70575064962251
18.17221602922818
24.502446345926003
49.954470044243685
63.300547285786685
59.70769950172631
27.81331333452578
4.518686512242702
58.018379116903965
63.74743817862185
56.75374151311364
40.12943751513865
41.06426752388174
34.04285210521196
37.669786610595736
14.103163445423995
46.41075438451397
25.856541704164293
26.98796192857754
16.329813096541336
47.94094121448133
47.93809703927495
53.49895638215905
62.06872694783039
13.003348946046586
3.5210854500951854
22.208922431407743
56.394348115377014
55.30423884710736
30.464955791388697
34.24511694804009
48.02944770458912
51.21941615005332
1.22523726904776
62.735284991464795
37.18639677519625
23.226922711555126
17.69142143161207
19.68365060206139
58.63994791744725
18.68584913264425
27.876375076344935
43.482952797633175
14.452423170369862
17.347484781332405
39.70820525396537
62.77446745749142
36.43832345437464
51.44121791949149
26.486312421857484
52.06045914436423
0.24419439599068227
58.5043587597779
46.61078545734991
50.92159297411554
22.44893330492841
29.187230014974233
26.574924670723817
58.728057061514335
63.70196820307688
31.381758019634802
31.498633604165775
62.12885973158553
9.255658285228456
23.08243982549199
48.79838955222705
36.81428767232795
7.68734189500335
62.499754195124694
63.55147896485173
61.499288802252245
59.244038736376005
58.92698046113921
7.506251498284641
54.70624855388493
46.31875193380327
53.02021591509729
37.47631706501884
12.080108491010137
29.395741291776133
54.299535713840044
48.01073013484201
30.183354007512158
33.687588938571096
54.276774627433426
33.302425219613234
38.314682288335625
30.92221511351756
30.623005024987364
5.702908598207735
32.80783569349951
53.46360130445918
54.06546784289282
38.72650740820221
4.594697600429548
15.408279639745423
28.54929132331182
9.776187100952335
63.071617820645976
45.179924210755345
21.254626018724863
4.723577461140238
45.86797590841756
58.41657965545502
49.35533146079328
37.33369203171009
63.9494778059884
34.92136522584765
52.940033220015906
41.34893238327152
58.018121229585724
38.302731080949926
39.094551878137075
29.895377086315698
32.50491156406762
13.029079411780998
18.873906115795315
45.612735136025876
47.080846668994624
17.990295876869894
41.60357058570895
26.81588201591719
42.86936368437928
48.09641106465324
19.88345634591142
49.64620493948864
56.911020763518074
24.05820346370487
18.711897284509057
14.705521056151312
35.66416920739944
62.297909669269245
34.05797752574675
63.246404802166886
42.64009546891527
43.9821750164986
35.252172329196
44.341226571459046
63.17900783868628
39.80998068157144
58.81718641426903
31.252331563236297
58.04081060282741
19.596299556818003
10.990617988348504
37.46895606224633
31.617891107502516
26.136658049161234
22.32345529604369
56.863066748117255
31.645996179018553
17.678038828869894
62.79687548474663
33.95256514589154
57.7012885382845
47.955133780971465
1.7822641635756682
41.90136578548018
40.31084339688306
21.45439293872937
52.719815113263316
54.10167120302532
15.127087388268215
20.84908989614349
55.27511860577822
23.69113225344565
39.06060462403705
35.20953083906206
24.983033771223553
42.76892532885287
59.918761504739145
50.65831070628015
40.48024028524438
19.246899629828206
4.491703106811933
20.327423894713064
60.678436678609074
33.52866921264862
11.525296330996639
3.0994392101036254
59.221453995118374
50.50297399289563
46.045036748621484
19.471389822595334
21.072707075432966
25.345153493174678
54.519848174164295
10.314742815573993
12.262314663873518
9.105450596976802
60.69445753785413
36.22974547806633
40.889818523381166
13.670877303307378
37.94735455193028
15.91803691999231
36.19013459346959
41.08983984904049
62.770788052458855
49.322509815325745
3.2788182958904954
35.66126360297431
34.044288739934004
15.119766842380507
23.52442783138816
40.851099041856
27.25683016579901
63.31207844324633
44.2662520081112
62.22476487308644
31.539984509235524
52.453117580790476
61.64924248807296
60.785089537027396
14.679612109433656
36.24651954518505
53.97746015903769
49.66294077517074
23.55664307542385
50.20575376898875
54.147551511188894
60.416851701052956
26.641651362201358
35.16888703790043
56.09329131871438
40.59863750311078
8.051837559724504
42.32579554885956
47.28757335577754
50.567802115432045
33.394259251693306
38.57632743981853
57.63903377457191
31.024786273079393
46.0141440570246
27.145001536181894
50.02415429696067
45.59703227865542
16.95017747291793
41.86038512988989
58.12880620308423
56.96562962332486
36.575491379116684
50.30471511080911
48.3570495981159
38.109506031985944
49.34105224353575
47.0625579545297
44.39037197396689
33.28550211185092
30.999584643201615
23.722013034386677
45.89922498243554
58.62696394859215
55.84027653817807
37.02248692457438
41.06975558244537
19.442692884143035
51.06803623133881
61.6988051242759
59.331316371447244
37.595234501332484
54.32601026993092
57.03646604489714
62.58890270091341
38.97515823216524
50.33180117906173
33.07830827578506
31.94087591588505
26.354291290262935
59.51272044314795
55.61563284072447
39.50332782487791
46.14864493571399
62.95580227866256
49.548093337291476
27.0669954181011
45.552441429773125
13.689047258331918
52.28178766803556
