24.32563750117491
55.484998733407345
23.526422442039703
52.691566400504385
58.94089362054331
46.470471040810764
58.23609178589963
60.42320789615635
5.479369106963361
15.19013661003244
56.638810267257696
32.70727836500116
38.176549517445814
59.44435776387776
36.75603938580731
62.19432162783607
35.37299405669931
10.232238969990426
47.73056873189806
1.793681685398461
62.4324555064238
34.25642656306334
7.492682770034229
23.84843601560558
57.74833536963802
61.94520609628149
50.09503553301303
56.80939671966543
60.57708304536353
9.343522657500166
47.792601456638074
37.08509493960638
35.53884580808924
18.807455355663407
53.84134159238921
37.0154425980175
43.926259996647914
48.32385905969902
60.600133917449476
35.40594928721094
46.356353472659336
22.208306286210743
34.05298262712304
29.637356363799086
50.92203315610759
52.973108013898496
59.601953560642244
61.2202671706644
44.100853239500296
61.64117833000646
12.821319497507083
50.9031136994318
12.153612621285
51.42767357834922
34.91834673743824
56.115597833432375
37.285195417123134
56.54759803481539
50.29864222060203
34.317918808089274
22.651949517969797
58.90329520819096
55.50294493215676
60.84539460311276
57.718473626538795
28.017487719353632
33.11502848472145
31.869084734601458
58.603736524178196
28.31456038211539
49.91875024658217
24.41156544078995
40.191331743384914
12.366258003980917
28.666663415963527
49.20494439781815
41.3245849182113
46.19773239301161
53.70144886303734
14.015772312522088
51.730297991596046
28.319064762289152
29.39298001242902
49.63121878959025
48.25433567489485
6.292610445248123
47.46056809554822
36.97360852323319
15.485282998281797
56.64067535169147
36.168171902898536
57.97697019138729
43.72532089294896
21.713978453341078
37.21712859169064
57.938936985356285
46.867434231100916
53.26848236369701
20.36384827510731
55.8397899262201
54.63669908114253
34.66438170115273
26.741851080631612
35.89618688379872
48.389637756558315
40.41337939958459
40.793728968165766
0.5627357415744498
43.18020188525533
60.029855393905464
22.62808469768523
7.304996475804842
30.89457069484203
21.182665362957245
46.419587648163144
6.091839683304343
2.040189291450588
53.7246948480653
39.40978235512762
2.4143049972882267
57.42921230859257
29.192907544434178
10.284884814964045
51.93331442035348
3.4865195186517326
39.326351415363504
34.39441542285864
41.32352225056766
5.509576834453057
29.72428560050553
5.167454295627067
39.86197487425139
11.830529092614007
45.63736307355824
52.51214222101362
21.768385945744193
41.00507805879306
34.000406082350445
53.5999216332556
16.973284820087677
54.43501172743015
38.56404603938865
40.38063936605898
35.74850917259036
29.640528474801044
38.15960587340882
62.42747923038788
38.60428798459387
35.23032671844008
49.32328677841746
19.46319691992214
6.197634068738417
24.82361973039672
48.46640701408507
51.13287827184644
36.65660100936167
51.360740343826826
34.103717713887306
35.90542516100317
16.165223911884546
12.177444627375436
3.8880090974429464
56.00512236956675
33.89571233436415
24.600542982400974
2.4211222304443467
32.70505267011775
40.455671189703864
29.737024781499116
50.74809056141824
61.86146304696303
21.188605619620574
34.096336009065354
54.15866361669971
38.89533372671149
57.7060210614994
56.5355388428283
57.433377090219864
60.03392174940815
47.38455832629165
49.94169240922477
30.481486254402576
49.35875579574227
60.51157177116075
60.07944999633338
33.1469102209398
53.04865241038622
53.588518485038
27.34632768193986
12.08344275825636
46.614513486989225
28.48224509972468
40.050317648197264
11.687212608385678
44.321623136262794
57.85121212982142
50.89572140914553
13.3671784151744
51.095760930216734
24.128607642415318
2.4649228310108953
37.32980324012491
45.40064773731086
39.76908192346153
62.34735548047306
30.374258893820752
14.198668467637589
31.183599471979427
48.962806917801174
61.29207699228476
57.30708848970004
44.84193952564881
54.451518681513406
21.571389956950803
27.09990248960772
0.02932889270125827
51.7115226491165
35.01069899569677
34.43302248847219
50.78699940360105
63.76838744045566
43.75797064007365
25.447519621233894
39.06235475921003
47.011783142348364
38.16581145246548
57.58629337093509
28.69918412914995
3.8624665702808585
50.231790701722716
36.83423801202805
57.997384464369894
41.811102732729225
46.210761911734345
50.38541033858586
38.828183071735864
50.22567451438529
57.46840558572358
45.0881926649728
13.951622374955654
56.94388654169627
45.411961471393965
47.84124681917933
34.0045161003913
29.44815633881415
58.74914077461248
7.172767894178023
42.69902092080656
54.265743334626706
50.1501476941732
48.63363983278144
52.73110696954876
62.87197780002441
16.49010278243044
46.50080037474608
50.27904174904326
40.29282701518038
5.960635242975165
52.01117192849266
63.934744144609745
40.16010212751209
4.569543845127036
23.326578609646063
55.666865571536825
20.696643610114116
48.376006597177806
53.87179826159437
22.926218651464573
31.59670441625851
63.02056982473663
50.43462688238536
37.1176204972046
29.00684960067168
59.83687162099992
32.07480428257355
58.8098417813045
28.044860842441437
56.66352422585719
63.46402137687244
24.72024380106398
34.41612424960168
13.18017935843502
31.404428911812502
42.55343638653078
37.574268335491354
31.266304812548015
38.258043706988374
37.44471073460632
28.593169173078884
44.77526734942534
62.069259068793116
49.07616739251635
59.356195736187374
21.884747067804824
29.64043722495329
30.46248688745559
47.98609567757943
47.15383278273772
28.701174605261336
45.917111647297716
53.458447332978714
63.37160721573881
57.16395543446563
26.906734823452858
48.38103549282586
54.355882460401375
54.9504216186223
57.786818809639534
10.714309694365788
38.63267999931241
33.29635177756185
18.77622843694435
59.881239193978594
42.30058385751701
12.103355718203098
62.06514641962655
61.400635677293266
26.4432949219767
48.24291766244902
54.63457695035413
63.683326343954
58.61834384177696
22.38683305436352
45.44100849469507
29.25788230081229
40.66404515879406
43.0540875318032
10.246546429835355
29.44470518542166
58.21159757116815
50.67499683357174
57.87835764625951
50.954022298078684
27.740371532604286
5.413992957453189
9.98314271353923
52.9809074672402
46.48827069754374
41.766300234625916
55.89701045254793
48.01962057167982
41.49553030632819
3.338947209437137
22.611449285951146
5.527293228416468
36.460676642546595
12.500012887914181
61.75531187495575
36.63747496482797
48.06254353040748
39.22100271028612
39.41611106847962
37.62017348663833
54.55375751042055
63.62916497185415
49.45713504551376
2.080871261314293
57.95435007181013
45.531966518052755
33.482397563262154
