37.38224041199467
43.29080227851194
34.91435985944801
57.08742224729746
27.22791412289876
36.43761490915746
22.31429073604852
17.843365469876545
36.84897459761101
29.96857441581438
30.490452079667392
42.893528745761955
58.64896176660928
8.483073152997761
45.96063795482697
12.310660696403637
27.916636998094695
4.04450628825812
46.4770826953809
41.229567306049944
61.41009270715373
57.76393393535551
58.58182950066361
44.29485394626862
61.46405680289786
34.944723018765366
18.955122532944777
11.12655844940582
50.04164472152016
59.554233141228565
51.650797591531955
48.50522733076875
35.406332482764284
40.88956453999526
58.17896956306271
45.791206688062786
53.8115146478469
32.126803794363596
41.71085823445587
22.940952707049973
28.927551999438236
11.03957521252056
61.70360024181339
25.33973901118332
50.54959142154307
45.3500711633973
31.838964798033693
4.765354097070961
56.48908051194204
55.717100233828845
35.8265565070614
45.39797982269036
62.236832147665645
42.73970392447589
54.11082308869174
57.49341277730297
22.893105140919488
32.36012089315494
46.58098931141511
38.538441402314035
55.20764772990104
41.767702929335385
57.31697508220031
11.3437480300298
22.320573859164497
51.871808363719424
21.112040038915076
24.379109376986186
48.15335934919017
54.40521585388646
20.485886914961185
48.804822060086984
37.22421112649841
19.158566557425644
47.338767167928125
29.506453636737326
39.43996590937289
25.94185546115898
19.746398677663343
58.28797428645552
57.10390606143253
38.75966773902185
10.544160985681977
38.89691073085487
22.800811500551617
44.45081702381297
55.617619617403605
28.373038303583506
31.833882947465938
26.541622259550067
50.443637914954834
59.850929032701806
63.91352741761645
3.2209716602319602
57.09584396241281
55.502898158136475
10.541146051673032
21.2760836127592
33.34628683544637
46.46077025815276
50.94453584854882
43.226455106364625
27.68671620996752
58.51745038956057
59.37888957957115
39.395898407583275
58.37755657811733
45.672496133866716
28.924161968302904
54.6351143100538
21.356646102510418
59.089579626321395
19.400852784883014
58.77923431250446
10.772375784959685
34.378796727432785
40.01120826607084
51.99305687095561
25.56707293296573
7.586922134475017
48.08947770420396
61.98979547519528
28.08360207718757
43.516007820665784
30.753999901982368
31.828476966443716
45.6819847015496
53.59341431706112
53.50494725167242
23.02935228562317
51.40184233192668
61.6210634785516
53.816863677749694
51.66764500006705
54.14887386732451
15.92414859779862
37.19967006134155
60.46716389463155
29.49208789662653
50.69529449791304
13.866698240573022
11.088048675460598
52.63406416446331
57.53448399636639
46.615937986482095
48.092345315626346
20.58247843668849
2.3270946640041785
58.61700386827562
40.4148332250803
27.12872446703704
54.19507162001066
59.637243617956955
32.71121407938321
18.68968769858016
51.777226789439084
37.24832769390973
36.53593039576706
39.165317345352214
53.13028700251264
26.657853879333473
21.460889230970047
34.847758147467566
13.923146882652766
57.94284155981532
51.86074866165428
30.492803634812375
46.776440998836264
37.397149988836254
60.87715015326951
48.56397260237394
62.81342434572162
54.76698488826587
54.8279784608671
61.95359966863846
41.498027955480374
52.386875453116
4.425400193934259
33.91419261678968
35.771236330735704
57.41532702171037
14.802885315084318
38.71920878202438
9.630611129230772
61.833468533666746
20.889814588957094
15.54200098049381
12.391573174261687
57.20498317336202
12.49544823178416
50.950186319873666
59.76452147650827
61.29806548367226
63.56530922826676
46.32383220954804
47.48098897304327
56.128596475577545
50.44396919468174
36.85033988406843
60.15740969304451
40.29800390476764
59.01166335005392
38.551835877224235
46.15064009534694
48.784689743529434
50.73821644694166
47.545806560457216
21.37333851139251
51.8828128573043
57.28949818755802
52.614468631925476
40.61549121436317
51.7634418175161
60.819498735566704
35.01657364541536
45.93832463726764
5.579115472493015
40.35183663043287
17.683832650912045
59.313386202806846
50.25374937727502
44.05439672952021
57.02687669636368
23.441768493319188
42.19161820645715
54.61826514717486
3.7822153151563285
55.26854662580453
37.79188814282654
50.887972841220005
47.904157284482395
57.49960603632404
28.008321295395596
48.58869038088888
57.368525292039045
38.854851389386596
55.023924104009964
55.662532301122134
44.39228647726206
24.85293607926541
31.651048616394142
57.708409087776865
52.558281551397336
53.75464438177864
60.05786962941951
6.513520770360586
40.10092295770647
18.421744855071864
32.48167114333605
5.771246614057084
50.683470418788474
31.766971696219336
40.63895993638946
41.09016130585922
41.709812362931004
62.70506077740929
47.88540845205884
29.19511960509726
53.39917576126366
32.40285389930545
15.73096346831025
3.677359057666486
23.388930108747928
52.943179257280946
41.20245722477182
53.89293563459039
62.94084037396477
18.00952494407059
37.89055167672926
48.13982630730342
8.062925405039543
10.29885750409354
39.33183828391972
49.4987448895176
45.39118522879305
26.096257219720542
48.14162545596025
26.468798887342125
7.142891632530954
18.26203409523235
39.720784421415594
48.459144444146645
54.56395787741096
38.89255797848628
23.040799945424887
53.71167342564264
29.835198319843506
21.76249956928669
23.445925611396106
37.61872283420567
36.25593409221541
55.367982263208816
55.08481359689033
46.06893221155309
15.960443935835414
50.48100268000465
21.433759613430794
56.12547595165133
2.7893474742094995
54.44732313077979
26.840385069227153
52.49712631731566
35.56755882141053
28.203019037650478
59.48932348943229
28.670753770267076
10.401804161402467
56.488699984044786
30.44672053077599
57.62283707869415
38.02822902304504
56.45961908674354
42.99508111279327
54.17827841837389
28.350669286781844
36.10353378158419
63.00393837986927
34.25712990427559
42.06753384221635
35.45818986245329
56.4434780218566
31.679897596921414
12.024674499704162
59.71611043218672
17.153167623031806
60.62432390732081
46.11112507952231
57.02739369834984
32.80908651898998
62.30768473901404
20.545653277447975
4.654861770545679
61.28441711170373
50.058792194687754
50.15082877009005
39.42740125778411
40.31329156167135
51.15710012140872
63.95490453789849
39.04243857502428
53.514594776803335
45.18207609342873
11.929701975384845
4.164570429864007
40.91461252217147
53.02792115366517
55.35007355080787
52.518983667616
47.26513441907187
44.032961591448995
62.59477474445338
0.354988139783714
16.950945079186695
55.66794444187244
22.480583240327007
47.41338195759605
54.113952345785236
33.66633592360449
9.048931039772619
20.220551534818746
