54.64932025840942
18.94186867954337
25.681309927195663
21.184882685726024
35.27820439891468
32.56470903648379
45.654775861062646
50.85796445808254
49.09565230470008
54.64536046214533
57.92237393263165
40.93729892852073
40.76272684381987
50.34597882988693
50.98631269860199
52.76389962710538
43.37328962225952
32.074474449574
55.686958379539384
62.0230605055603
41.9588716683426
17.100648629436712
54.15130244343646
36.88602595259816
41.803902358794716
39.96411063084305
22.937287060875853
29.240062009395373
24.09193400662111
17.782185162630867
50.436334386711614
39.199935415599775
46.902560364397814
52.71474693234193
9.020656283340337
61.52339449451669
27.378342136881052
43.57669693909303
44.382579620686585
46.080525207269986
36.19211539585277
60.9078268355395
55.557497628570395
51.37146682005116
38.2151011924019
38.453611648244774
34.06207262125869
54.41293265617844
37.31947572664494
17.1493804059251
15.292229523517854
23.162337021940154
37.67305955587353
8.966173054345845
51.04373887222436
27.92779446917922
25.130017012357165
6.418096716386373
40.84414380155318
57.84853767651846
46.080655461701426
27.7088446048703
57.8313916872608
61.72750549979992
55.827363209778625
63.33214116139577
47.91680172025851
27.904696511810464
48.50625860078904
47.595650158700956
29.228123232959383
29.442692986643628
18.31988342700985
63.612410571760925
57.216864435381694
27.09168279366032
37.7817312546521
35.71202080347353
60.10571678148975
3.4169322275726017
9.277665565494104
57.72101136157078
26.686031138125365
41.53308752603439
51.93685408088816
61.46525550431355
56.9022677597537
22.162827426244412
39.261010115080886
63.21523539309943
35.24106351291789
51.832751950132774
61.20106655429308
58.22698170719183
42.334759663143686
26.87138003790478
17.69989750061358
6.4800327566217035
36.10277463067918
26.155726895700504
42.355897293857915
15.850196652887469
15.314668187270954
32.81872446513415
61.85925543911376
54.57299560087749
16.115634166184172
46.200420482752435
21.199298751656322
50.25830692673789
45.53225194934835
27.23260682542388
47.664376642766406
33.83240338880874
46.37560230257582
34.92436080513712
58.25536124774522
29.779422609170645
55.09914021659496
63.46907247262487
48.96771458372047
33.21471187795298
26.61271263619006
18.321406272590913
43.79465046493402
54.31839127523597
19.59925089203834
36.38280108739889
39.09980251732385
44.665819814718205
44.55286225940145
19.052854293114194
57.66239173531065
45.085988179182465
1.054065178153472
59.67235526168538
37.14658059295325
42.19215902720053
9.543143629415226
63.523070407786705
27.267994662815944
38.78186785797981
29.97797858036371
47.165617703458864
45.89554893634755
29.599108034633318
48.8418584326285
18.90561136339521
50.494500229790646
27.894324481520847
42.10568941148084
58.1763719424246
36.001255850534704
44.23420967873783
0.490705346028804
52.54704560445512
47.441558662366944
42.449689240079124
30.515527421807505
46.347665151432864
59.415252076195344
61.3782773029147
25.427888736755854
39.77566712606385
52.8315889004564
47.54890400984199
61.13508561325889
23.96402305052836
56.61106367737352
41.79486154782746
3.060089327908017
61.459097978112055
62.94540928941926
43.805793220374284
57.34718552311523
10.7891758776504
52.14690256624026
48.80190282988434
59.838865819007204
30.22138138721303
39.64599725686925
52.987165550455856
40.22355209362647
57.55140520758065
55.8863150844649
45.97811195214153
51.642453787719646
14.38724026438716
61.293671891109
41.626149075833254
42.46866328295354
51.30358073743074
37.49632198415955
28.00927280571505
33.754214710002145
8.181977355026568
54.38042158640315
46.77200824968419
57.017095691354925
42.83066668868058
33.94267532350026
52.70637992608688
41.99921926775569
29.616600117733974
46.81935688103998
61.371118360513734
49.73929658825307
45.73016107497916
35.89777019528407
23.980434255361125
52.18082600646927
52.143726908962904
7.768679640651165
17.332818065605466
34.66854412314523
48.68010693107809
46.986921153647984
33.821650615138054
54.20073780239066
32.162344836973276
28.040558137592747
35.25302725379366
29.17404796302138
58.022047472108305
52.382561778134985
38.915678669805615
31.213262796380903
51.75583413636488
44.97210670403154
2.620672579745083
56.35689703299012
59.924498724502406
56.63942430872247
61.54311592669736
49.595344412580204
53.07244629588008
49.92455070871533
15.456282244391154
52.78278246189154
55.35617893810859
35.18709909701556
27.85938167909614
32.35341406712084
50.6789731299835
49.512549260643226
49.98588101946241
61.21655985903366
35.49881814404016
63.233270711332075
51.27838456234513
29.897439517236876
57.85914256406242
43.206593729379335
45.89765613592148
57.61485225976116
44.60007441122684
13.60039757530221
45.34823160719423
40.04761687772132
63.85271892858178
41.39745303858965
58.787337115248974
20.129268572705655
48.66625824245051
59.58879610940066
21.37505559387526
62.44544876002615
63.46128280324533
55.235958536632374
43.5672227681818
54.79132690284825
52.86577504167521
51.750852773842496
59.46355350757243
35.08225967833019
49.98588491770636
52.66410339958414
47.35275973616936
2.0197560923445224
5.991614672861729
23.776767900387718
6.195686804632949
52.04447044715104
43.114434350693074
27.529653094735366
30.42255287711685
29.03635399087537
16.027502632379715
33.48524697100589
63.291310748891895
22.24807758606957
20.109257643147558
59.66025585329431
19.92887631841458
53.62678535038805
43.572281257124814
59.820264067223285
55.747181206368786
61.84541764174929
29.96241386227561
61.79764302557699
57.02615319149622
58.053699813713095
55.29422447486288
60.6244919864831
41.24785539250738
57.94297487881402
51.20996960532807
32.52291873213313
49.66811904618109
32.296748220457644
36.595835214143904
60.46167883401695
23.945586628275407
58.28166482789883
49.971067381125025
45.67547854163704
49.50969183051704
30.688671547257677
42.518273455035796
3.0224602350839973
52.65937172019392
54.78165325494145
41.34264450636634
36.86897384004182
54.60282279947258
31.64122256900439
60.72802638288808
49.37324698182101
60.06558480174777
63.55263027931349
14.733604495241543
56.800578270032126
44.36839832673757
43.37419109520417
53.052943750936606
20.619089603839406
14.886997837637281
39.20281414904957
44.06712396301899
14.324813846155358
47.60648705027255
21.61596401500622
63.57667149396498
63.90309517631119
32.80729303498626
62.14189551080122
36.640758026924
33.137177552878896
53.69468949729267
12.900840495709772
11.885739014764567
44.35516198997015
55.765402578847585
27.769534706176216
23.324304955172884
51.339306599551996
56.205845516633744
32.05376523442527
18.89516189704044
