47.87947341219634
59.500754292673484
35.16108117426113
40.2201479463605
56.14374010379201
41.51245014071957
22.944319466968878
35.94375267744927
24.731712895535416
16.222241599062677
5.885934447282921
20.994723054549738
53.9446049523428
25.150233675918223
60.82871812194601
47.88109034157365
62.49172698853147
36.825629355522246
52.603613454107666
59.11011077374411
29.95780305088286
36.877115945086786
45.212948220342525
41.38840113014588
40.91230068922769
52.6772622386775
42.845345348052994
14.425426874700356
24.716493898758166
56.36343786457754
54.0850599262794
13.316711243548134
59.73358343208943
25.05133413046314
58.351445658549494
10.765332696492997
55.85863025950588
30.359317428679397
46.52684025513008
58.83232327224431
17.301206017608486
40.75492811952539
58.8039215740868
35.140293226997954
62.56876707485136
7.536719673427186
62.797838897470676
50.140051070695485
42.528644000908514
59.383299464346656
37.8675122606315
37.48419904682713
41.33929814341931
47.860185766501814
51.374105660122765
47.79744899465966
58.763222897335666
55.86666220637727
51.14443170518986
62.55090318993454
46.38677495734938
41.23778204869528
25.482467903108017
43.54822294515984
59.27169523876179
8.734536626672735
62.23247016173873
47.561225839000286
13.253285804806204
42.20096011158333
30.753713426429947
40.57275752362547
39.173566201607485
35.89979282218262
50.826411020474005
53.77239872695736
43.84882221510735
58.20960312214579
63.914645189288024
63.61194016807381
57.17597623419739
36.54289294117176
8.137099124827998
1.887306647424424
36.261004432182375
51.21563432836605
21.97404501725692
46.490129474198575
36.90007492082161
38.135423317623705
52.10138344018377
10.134117792970777
44.26201229507113
62.05713548519438
33.52097066790135
37.19899875388275
51.28462682189165
38.743393023747345
14.767885529076942
29.893364522396197
36.10618051709932
18.25865171255157
10.346099949323218
49.878696717868216
31.22434432544837
58.34988884303236
21.044001218839796
57.88255255273066
1.540775955160889
15.078627581751384
55.41520028067474
63.462216359927154
37.942394898231015
45.8058461054637
60.868142325684005
51.58294824812744
54.81312948892782
45.18750439960387
42.49721693895716
35.87918820945599
24.220212770597286
12.065108804402946
53.5008687498645
33.4785789026389
21.83492308914917
52.22475345555713
63.827201196259026
21.229909995371877
14.85705513134939
35.872171013428435
42.014578973645364
35.886169984067756
52.01159611189608
56.60180979133641
53.4355864035366
58.148176482646086
54.741888556661365
50.48949560265539
42.80883185695734
49.711631017975094
50.819747245707774
51.27101181582928
37.6379342003499
39.70720876678439
57.58506361015286
47.642114776876156
51.89511070181152
60.860686383102305
29.925284626264272
32.08941805246948
8.159435683073276
1.7720412081444508
46.129394820186896
44.65671295237887
57.652829641008424
25.39780393428422
51.26097769292669
13.014337969674543
57.83429176876738
50.31560706898519
24.305597063902333
36.11079198307375
53.77412169561619
46.61631813266236
42.02627972669539
44.65104585163621
36.904680947348496
61.49488867576675
35.954246054025376
50.70701733130208
49.126850989612045
62.337337693337226
12.61655515838629
59.46220553496312
34.47675192153461
26.707488885521116
63.61838603346031
21.025294345244426
48.57435933648082
56.1269448327502
28.8546477006282
58.19173602757467
20.036355935379007
57.372350301464465
28.439687010398124
29.851408058554355
46.90034454617532
6.156915944313006
24.188092498768725
59.19869598982013
1.982647535881533
12.49718357522545
57.159645419263605
53.39649583614804
21.8814017953126
44.279533410409485
35.22980139539244
21.037864285781147
18.081001907955354
49.05751758285527
17.285048508708257
24.709381317342775
53.942723927464044
41.005351668582904
45.72306117764967
50.025454734095284
19.007076392368205
40.687083328992756
50.056990952866904
48.515447708619
34.102780742808264
33.82786047598189
58.59443577984507
46.8497761676379
16.563989457372074
38.80828335643518
56.554272784298355
22.58646660015924
16.276816982829153
25.492924345235686
29.36996123795396
61.96404510245331
52.511806120666655
47.78769046287188
11.625629159391032
51.21312273389865
22.23873195693897
61.14988076936975
52.37866294182378
30.16107404555587
60.447623850283875
37.48341581059694
20.490904319804905
26.827191527955485
45.188375022511075
53.59154113151858
44.91864879042332
9.529212446796144
35.18584109964962
58.55083307507501
37.270417123752445
45.30955307232223
46.60689759985918
63.124916222565155
31.881564957109234
14.26270181551476
31.898844621865685
36.44535696924166
46.955789784904105
58.83681502509835
39.53581605292162
10.157659073558193
48.51610532812221
31.472140511726586
58.215453479076174
21.037948902641872
61.11359146500172
59.570509475551184
46.54946390145955
58.86206692431729
52.025837955788546
63.593347368195666
50.13882962216907
28.844786849487313
31.19382828275007
20.371038599493772
48.42498740824169
34.20303719119086
24.709207536186987
54.75309394978376
21.65013325995337
52.04142149339626
18.90780320538773
27.787192793907394
58.52366969446625
38.15938939570834
23.51478994422471
58.80800787443139
38.166486080346594
30.58108802234034
54.974446602305065
35.37832021748649
44.87171445484131
15.539174587114822
3.2195742913740375
9.140794976730426
41.32581152535734
47.54022638291568
45.64581104056825
62.763102209856605
48.65368773884105
34.204544486959875
63.09749347289963
53.7866223913348
5.357247805915769
31.49548105025545
57.40037678783438
58.559378799263804
17.41186409313613
35.87902625148499
57.450837436161194
28.943626674953258
49.16129782960437
53.49071345236322
36.999657552444894
36.75544421630112
59.19362532770996
49.109996129876286
42.996170094136644
62.76120796399054
63.961104474034585
49.30701567301301
61.6019120515096
53.257325455629086
11.074603954716267
10.580618795909423
37.74076455760417
34.64972060180972
50.31294663442137
62.95189892532946
37.86272384236803
61.3390723760657
13.786389609625815
25.3668501075999
11.061800814202293
46.16862473487743
45.78353384120051
41.08608409812936
51.04679883420049
29.972716117827026
46.194425947648625
18.3502359689641
30.942516302542607
48.99994607148808
2.8761399955702487
61.66012156243053
26.882562723251176
53.63180947838691
55.135461037287584
36.56728209665278
32.69047062209758
2.7089744809605705
60.00390136361864
33.54847194512164
40.0532952825342
13.252342925453299
56.56028458255473
51.87675232596848
20.837293500693754
39.22644862213997
36.95068540933052
52.704812915608024
61.301759894845524
8.264922533092424
20.03275290031639
55.563578009063946
29.43227518647152
21.272835472491117
52.87867393590595
7.368016676676795
