34.62545282919085
53.29978428431882
21.207816023144908
23.850407138883433
4.949809666511321
47.344115422218415
51.4321981115914
35.09497679452131
45.511809882891
35.493082233334334
58.67700116915498
53.02683978888629
28.415435105473072
37.06191821327401
15.1612555297108
47.68295230767653
36.89947620235328
15.291343147066634
54.643855626813014
47.08706273170043
39.13478628417438
53.94070035621017
61.532950574716885
48.71700137635811
27.797426788090334
3.022923902033
34.44791552878348
59.60644656457305
32.75625540861061
19.46206594713459
56.975420426550286
49.107233688660564
58.759707936291875
51.03236040358237
16.836283365597914
59.285221181925905
44.977012042862256
25.544256655505578
13.75950349177041
63.340097478659466
24.544298571714968
37.60418238288792
53.20052974255822
46.05639920992473
27.40914747083864
48.9680354813713
54.9228524264409
39.42932048073811
46.68583425964222
61.125829442322
36.282400619889074
63.7504188859489
62.93966910769341
32.71882693831172
8.248810127538654
58.86091980058296
57.027948689145
36.76012432527162
42.7043672744335
22.47793850585851
58.83707652495982
19.9296233163467
40.51292342745455
56.63759204792291
45.4391689216929
61.636319483106895
32.580066027466266
49.06838916153178
52.73283209600177
53.53291301934229
53.987160383207744
57.9076025226383
54.854953416486765
17.30457326064228
30.32382087811041
59.416119845668376
35.12661913788184
17.596933143449505
53.0278096356685
17.817584746900714
27.1942069622635
35.317570004761436
31.175117437751048
42.39492970515205
35.1067769479791
47.57035924280471
25.245518252731536
26.591428910810215
15.30529493607441
41.42986794998514
24.40517407061374
56.7461137024361
20.395661816419782
43.88277982823831
50.58292903416507
62.607837423412654
40.43117161836062
12.085963316151556
25.127742750156855
9.250296803061907
41.818793281553084
42.97027813145483
35.836441297767735
19.01415014124501
47.97608877329016
48.10762268658388
10.607796573066608
59.5580920092383
38.56918058045707
37.538174914059994
51.70645286656398
3.143755339319064
36.310372170928005
45.13881356983184
9.095370710246769
60.302836902104666
50.76412644005967
58.18266885360335
13.37823072499053
51.69975045125352
2.318009493401185
19.745788761167155
41.25391259979028
59.48605203619271
48.71307083326777
19.685173362052765
12.902188301308598
28.55543329425334
23.45646574113171
29.87192785629695
26.975119944470457
48.79410465603688
46.67387124979565
49.4246786555192
27.661261019154075
34.100118280114145
44.47437930161111
43.48472810231871
20.02587898722058
14.828071231724799
52.614262330201605
16.790869135416663
32.70739108014026
31.143370885996916
51.35375124149797
62.98624274220987
45.34971435794885
35.07345547915375
47.92192398021996
59.19740185261733
40.514979503160845
45.862296033415696
40.2568003571481
60.800157493021985
29.285404545599427
29.314288119519908
15.161356834308307
17.397338537651287
5.810869382334268
34.30588110632764
57.75011075693183
41.16168481412548
56.25134266358704
25.045496372982498
21.37461738099106
17.328368632541867
40.23195038810484
22.615086686839113
18.015984524867747
15.19457999711198
36.970052173055194
56.63906231563203
63.55529772203398
1.9824455532110932
54.36100334948728
28.665624407169815
35.78464632677746
60.077989345458576
35.704532629507426
54.99966768622913
49.449284915649876
21.196315793250527
52.11746202444232
19.567800817687313
49.09054820399366
38.27208146154786
56.139650781766335
62.161403790139794
43.81026624586862
38.54121441817695
44.28240397039288
50.99783962572115
16.98352114038969
43.037937349200575
14.608238361901506
38.04510601488024
18.17342647119839
3.3327904729687603
51.29731766044552
2.5271244122993792
2.1131980541003372
19.801383296484808
41.09491346151408
51.39380388714123
41.01101389833171
29.11431920371127
60.978307324188755
52.0467630799628
35.306514519840746
54.22302187278327
36.69817442195017
17.491175539191822
49.01808993635439
41.81521453164843
18.480639091534485
51.79577687074136
38.52685251814293
37.72765358868453
34.97250363656782
63.36083116464399
21.877128153913816
27.73335465336786
47.95666932548758
35.696826860204155
58.861989112360995
56.64734178270907
1.2544367662607954
2.6565816815371406
31.34216136425197
24.252079006261347
38.87121266070711
53.450824407665834
29.637048265605223
50.123762914764846
53.47612153176584
17.127140381771163
46.30272310155497
35.527069937611444
20.861093599253827
27.766828170610765
57.07299058751816
60.09712946980361
38.561989364718514
40.895020889077166
34.121218523803144
8.008993518795243
51.86396232045044
37.035515564229165
23.133195973952624
18.149286579255424
57.630691906423024
59.60255249136376
25.886172605159437
61.108692434041686
51.29985442218296
16.07070758280151
34.19485673676306
45.480598193747
54.74932386598121
46.06004830635658
33.65659460743501
48.21881311662845
61.064576391748524
50.198820727063314
32.40489973038536
51.355333365599904
61.24293850381647
49.23969563910964
48.808914966962206
33.557614525688535
63.93943224059231
52.41047270138551
29.76357100576724
60.13174593897193
39.383717010089356
40.42904104532946
58.0667199965414
43.68734653187673
58.097798166720715
40.10984773592054
45.702688026555535
52.11872891182452
59.731441370877704
22.31747733660208
12.963596796829997
13.188946474882847
62.483514508472005
34.3885955848955
63.86049707769598
61.66014343612723
37.302229848618076
56.940860077678934
63.98482850406753
0.7028821932797555
10.157948906733829
37.55559699638219
32.93882005986819
45.71326123137729
47.3196621424429
43.33771216074842
48.29076367073574
24.83522497856852
30.251600361627453
53.921849191473584
36.20294229163225
24.654595000757546
4.1002373628882225
59.31001103655585
17.740138384168496
44.778637410867454
27.608785066036468
27.814540639132687
63.11286308252206
29.131287367277338
37.13450852746887
45.6289116572911
56.25614088072574
57.895967881244964
58.02633130319986
16.046289225615403
28.949908568620906
19.18673070199509
47.15435088922129
39.63634439856704
31.590421726233032
28.846787123489882
49.19059037540879
59.34197975967696
40.06169079250149
55.575377200920855
36.20346975203535
49.865433024483835
15.05396393490981
63.99300148189842
59.040466390077846
44.31593569011989
49.41576181882576
28.892041570412403
30.129540430910886
46.652876184068944
40.182835987976624
20.237369915484273
44.268307288913554
33.49606710893883
26.33195599266638
34.86437329389524
38.11986091953632
30.715266628135602
17.197619132517424
58.13389828654471
35.5599430464328
41.42193656660723
37.06335491990995
25.046126564416866
24.895004781152743
29.097971352443267
20.767276326320463
61.25035001381893
37.11696085805937
52.314607416859616
