50.57915319779876
33.57221060783258
61.20329649907312
33.51611875883849
56.63124662120095
60.042289281299354
40.05108189617151
34.79124095843455
9.561282318430997
49.93154773475099
47.82822641557115
50.12812019385618
40.61036159199976
38.04738048363048
4.372483023703069
58.07731155903711
45.609931628886464
62.15229239081467
45.60616721144335
27.712388642760736
25.901650845403623
53.08401487214299
45.86980675205774
57.9622087905357
33.83002334354465
59.172101984701115
54.210655967255995
15.56479612368048
27.15259575057005
60.75306704391619
19.516967041955787
63.17714061137183
31.66186779175944
55.3762663322616
59.77830829997034
29.066700936498393
11.793379976910792
34.85162985741161
61.41212779116601
47.08072468011174
3.6013100240011227
44.732063994707374
41.23339219821729
57.18046512431152
30.35949173976062
35.15407256493748
55.23942834772912
55.59178495799725
33.12778139356045
23.922793348609304
25.18720018130759
31.399775210833717
53.04129314221697
50.67739133391813
43.757562197255524
41.20915525315491
11.244282654080095
38.52175815839442
62.64602137565732
50.43393015707115
8.965753274652407
15.307344195867422
57.038379841788185
18.096240810504376
37.33612338839048
38.814989470593844
45.771314444356264
49.65442226182923
55.08494042204984
57.666305412017465
25.593834852193872
43.9401020467991
8.529765830208895
13.543986698012354
57.73813719639439
36.29440787143142
36.60293995899451
7.59280493733462
16.230756675351884
62.23423567390088
30.799646645966014
53.342502413070974
53.880948553693585
31.010102531601092
47.131005578582915
11.066282818592875
52.52438021635163
42.11338105928996
52.690672550618665
49.95254443727876
14.50566768408418
59.93057125273653
59.913973614465135
53.48182733414116
44.59134964941505
53.11896324824308
31.449244337453024
54.95110963467103
47.32596866039859
36.43602050107576
55.04313481689425
56.7513062378936
43.4304891448398
46.808219622519395
7.997371019798344
58.78906398105526
29.313169359279094
19.07229700224442
20.76822008304437
8.26912351204139
7.601501113303385
5.481983008735099
18.911593738671762
55.640455213463234
49.1253532006068
25.552585959602006
57.61324039490942
19.26254340921031
27.894082240252025
47.03803116816928
43.56474761561416
44.41891874638113
59.53574162293347
36.13774433411608
22.39483643742127
10.043589510860677
19.47572112260527
42.177519099182774
24.34188483984473
18.39644806940509
21.818955432903252
28.967838289198347
41.70841389845507
26.44280779733746
52.534990137287934
43.57667989824847
35.21690238630978
0.7597040012244847
21.007691661104445
56.71780284152476
47.00711467524644
14.335820014256974
34.53266063751097
46.8466220918271
14.27102471306874
23.97113502571377
32.93245253045856
63.695427264605414
46.23407493079747
36.572944975885505
58.796081007366965
18.441663813620004
61.11311917664126
28.334607014227387
63.76608151497412
57.05741254018523
53.08357748752336
44.1022175763977
60.29182179550296
34.55614294680952
55.72715961379552
56.757722067925584
59.51222040859547
49.2608172550432
21.083638275666907
39.59212674816488
51.03653881065886
43.052975129462595
39.7418568730823
46.731370171839444
31.103573708314592
37.45645908847966
29.531054882449723
35.06809400848147
6.968131140229758
14.792637786671307
41.49311647701526
50.28914813572976
23.129567751831104
37.3591524109153
47.95575949186069
59.23295292991669
54.39048521275894
12.210376079054178
43.20458562960695
25.682942333251475
37.71038122707504
58.39097809285284
35.39544565297044
15.184699611893691
38.00785936777029
38.72089781539676
52.30777782578365
58.17590681296042
63.08656230974239
27.99059427298223
26.79297119500778
18.76671709086775
40.64085755613692
30.5479287110685
38.04210425825847
19.638848582031542
59.12242214474244
8.025963475175267
31.172553454292462
62.40514519047684
11.091948206370304
19.960828654378524
62.60795342230728
30.462306143342218
52.53087828022659
40.60504392013131
54.92805611091438
13.583555436974848
26.37067066428115
39.47909315919627
50.178786715429936
42.687788120796206
8.897612128322976
29.5105177910674
59.42611075629059
62.48344248718202
56.34652581988471
24.31091682935333
57.86192043488933
20.067941980813252
23.01204853015335
59.985077242873
50.072753709335544
40.89317872543934
58.702709819057404
55.05123947158647
61.08353632807477
38.74932243325894
31.347438180389176
57.22754760198664
54.07232275173507
45.968289522860175
29.895719163506925
17.451227679835256
56.009557523928066
59.27616915658346
54.84926456681673
55.616992442603944
11.070027307210573
60.12906915079708
35.346404644063036
31.925672687871646
53.68957342537464
52.80381547999447
58.360290138253994
46.80583932709645
56.58008032171525
59.7123739042544
10.649970774523283
32.32685183635293
12.766071249088796
39.66535249758344
7.477417465799448
49.494703095692856
17.608686302212682
63.95206205087367
12.670156995525147
51.02379335935144
51.06630061554296
47.292740103971994
61.79980900297787
42.5996974892571
9.715331082742495
63.9202385452906
57.44963477966292
62.121927849127715
15.188107834038263
59.162170791554125
52.884654297722776
60.253823040481876
60.13923202038643
50.62703590575656
61.584625506089075
41.38805915985225
21.487682747700113
46.18709092273948
25.55314782647995
31.34554740170374
53.870723636388995
33.79834911598252
47.10667048485017
52.41090956340723
4.342812064679393
48.77477070133282
52.719305476416864
39.69531830093857
32.19471987063754
47.31204038133172
18.92819231965789
60.5507625850633
27.45276242401512
35.3096655607103
52.92940683048999
26.848485053381182
43.35209165279676
56.209478122091184
56.70333133152557
54.18588306519665
51.204535257885155
57.70478127245405
50.73724740071035
50.35314161005454
28.232964789906497
4.558795738454599
56.965901167726386
63.00494080349961
48.181395335117564
36.45704973276704
53.373183754054196
51.28431739262892
46.526797175355895
37.03184706267455
14.455713988746673
20.380474896834052
29.764554482083547
47.12335384757139
33.17448753683262
57.49421724668143
17.109892644755156
33.78850689656128
25.919471257092994
4.330982754851945
5.746003605866079
28.030803775144356
44.538326862708686
26.960891302699153
59.89303038061876
41.85942670802585
49.79099831421168
46.02150028424221
24.46206161679298
32.87902046499653
59.57644641701796
15.5135877721425
16.413093266553375
61.77840449723628
32.77755242443523
63.33738522327985
47.84433369012537
26.495152607993624
13.646015190858122
48.877998552959454
51.29850880258797
26.16632634480321
58.63870902450546
55.29977909335384
30.26809215212512
8.081950283450162
39.24833127381049
18.383744606046527
14.103958874587562
39.61434471192244
54.38874562258594
43.637165151327736
