749.0175558757735
495.1000671244668
703.7364121945945
956.3829156231308
986.8456447789621
454.95323389848966
651.011113938267
515.2764952096355
661.7604033053799
779.5934634666621
928.8517344436835
355.40291025014733
534.8612436399067
877.3482343315407
785.7803752474858
832.8149082221586
804.2249086524216
184.81769854198876
265.364983522142
119.7057372423285
617.7539696384755
891.9994127309328
344.92287798590746
554.1634811657254
268.9803011600104
660.4764380064117
696.6530814897419
708.7922688946982
881.6865278636219
902.2328450572254
228.62094779379083
944.4044023774118
631.7079919089646
791.0812408852707
407.166383948952
876.9838762405197
655.7611814444097
817.7994033581066
559.9716615202519
634.6210111769223
511.5421852508056
396.2960992399578
733.6107121310553
332.3343074905646
650.7379188741487
746.087487134802
475.4998928995093
772.0736548432069
579.5068942549383
315.3018603070701
582.5138653119893
652.4722335923638
371.3449586513285
630.9462656943938
981.8210649949875
708.2600787969845
765.4674780325047
155.318821343389
615.3951234409567
213.89827011293346
935.2594342138517
99.77232201876393
706.9919844673691
605.3837374862271
922.4895501272822
874.6922852676441
221.2552202668537
182.19163292987037
1018.8890168383779
701.2309839613438
862.4674215573726
923.170394586673
683.6837378352418
832.842831193667
1023.7385122265932
599.7887353732706
1011.2432754119641
1016.3923356814815
977.5143631044301
649.0647433778099
998.2465503080025
877.5369881187661
591.1057354207201
682.0200873914389
383.67442174657754
634.4409384255265
280.1055408805704
964.2393307016796
646.3679355921337
770.5991603205323
917.0503844759495
583.6442307115003
774.8750774759565
178.1411339488992
963.0700875128489
646.8142902490492
764.5257055246375
939.64189476098
228.3772003656611
661.8654806617321
59.826545868558355
711.6870240998448
176.6798879044826
731.4913067695074
863.6251978999478
222.6030698347014
997.2956933687946
353.75341503073446
332.5516885210916
283.59979262284435
114.74911927268556
241.12054180310054
577.8319157054608
698.83434657205
316.49861499367375
331.29865322205546
371.99876018875693
908.9091126246428
529.4176032643998
1022.7237415508176
906.1271975001205
329.79104647130873
50.63211204652748
745.5487536144701
373.69651127230634
442.6034000848157
916.9625101342456
863.5806646188997
932.3125250641165
562.6503005295413
620.1910425425334
322.6876946421909
936.9793127932762
825.6101679466802
730.1049951402542
234.08221593388635
383.76225347158834
640.4000928812995
768.4843207737265
399.27187270215404
384.3542274010723
453.6905311859331
954.2064799762803
1011.8736749747333
883.0911348681766
484.895427845604
641.9119218255737
904.3689265449394
511.6850497854124
574.5249451107386
804.486826432782
139.8266416836858
1000.472526084355
703.4133126952245
473.73998152720503
399.5968549971525
654.5227118596323
602.7325175728186
113.34795538846129
750.6272714344557
599.0639773701862
703.1644428919551
379.6321552197893
302.87769600635
625.7792368991654
602.8539146613743
66.38713515612244
688.66068682748
476.4980006494968
303.8546768420483
797.9875094181907
721.1432016746355
897.588690169429
752.7061997925357
1010.2049114701591
438.38209141949915
877.7828085249787
667.5332639129592
555.3974252343771
790.6334115329885
176.52865040756308
683.5056932768465
752.6286965753677
1018.9342159222927
948.863979210533
866.7567624052656
819.0632233421101
525.391548541063
648.3150626082653
1019.4160066625853
829.9729578043039
826.5122645531933
490.95467573873543
200.62734441136547
5.019021951935201
797.8763522621455
1011.2335515118364
888.093667436104
34.776789057012024
902.4003224332436
1016.16166634526
564.1745001894133
871.9495191100564
899.1528210422996
499.51991042836596
637.8610104028658
753.975040321048
546.4169187779479
416.829711610264
978.2661263921236
660.0064416458079
957.68834325865
977.6856545050615
890.8742959958297
578.1816267888647
653.7194568591626
718.7194696345709
800.9148250726843
608.7165759963964
874.7443890752934
450.8178917657797
491.9566216500824
378.0416260920141
331.52843699536277
300.3526690397789
783.5674770245862
368.7201551983783
1013.5940769412889
367.9697715156209
274.73599326518183
1012.1433864037239
802.3059070181712
856.579223877729
270.0914748527333
662.4865116673852
875.093743225457
308.65381266187967
862.0883154408946
481.4552063180945
248.09288015823495
831.3365179163337
912.2154953599352
454.5660601254523
758.0544183159949
1000.4434718380174
1014.6106013507538
749.5880586474916
161.12881470304148
869.663460011378
565.9253888868275
691.4927415816653
543.100473175063
429.4747827137055
540.580823376521
665.7407119169657
684.2377909893697
563.1059706568637
408.11813945333756
375.5650124749179
639.210004524387
862.5651258668615
960.6466146742822
751.2433933722577
750.2980489939855
360.5870621259644
615.6637293956608
664.9810484147526
961.8457135893051
938.7168315341845
593.9115010348755
944.3810166967693
704.7759850014579
521.0131142280638
725.9291076600261
993.877061276421
711.8714669606733
930.4265107015359
797.4889908560657
670.5938573574817
108.24584487088623
787.2457401296492
177.77618530758127
852.6881955946857
463.8882538186548
509.8922669387181
479.99992244906844
825.3427440917594
312.6108696816842
980.9917332499784
638.7222171329779
966.0134633014637
924.2019096583789
796.5094514233383
145.34908968926538
817.0490802481856
748.1843946620729
914.5231452606205
531.9612810109295
860.9100361126665
997.6363940804576
508.12827555190245
834.7695209430195
960.4457722337479
700.2675937682657
709.3247950423255
662.9956353967295
688.8491417586538
465.05532245592747
804.5629469853096
88.25632937602256
777.5831123646077
883.9160925189369
547.6383929707149
815.9727052083946
152.26089617631396
688.611884534937
584.8282990346422
666.606341646379
699.3473670038422
267.37996662183025
350.36882160315076
793.9516514258504
608.4733734282858
813.2643950510483
905.1641015251116
781.9696649171653
566.0596277787422
816.138850767561
381.34171033500695
417.12860524804194
835.5432465460615
57.40458762301989
805.3719044808742
442.4713126564494
693.1113269813922
231.54159450433872
655.5026791941029
383.72997809286665
1002.7182742568224
370.1007200184707
708.4354562273152
630.5313457686177
927.1795018074132
973.4445526111032
861.1962155351979
393.33202977901396
36.460121380186024
907.9610310849868
962.9696309115022
947.0602385248903
776.673011897587
904.076618003714
966.9100277450257
683.5371741029278
960.4071299587911
723.8094188611235
180.37959675957575
889.5566498091662
851.5812264841323
515.9840947223684
