535.8403502662907
773.8084676760269
907.3422103856963
1018.9949683225086
798.2890604198129
500.35635831996046
832.6792591775907
347.71522862889196
1009.1729375995245
447.9125285033341
384.8055813939501
1014.6109230769783
389.3700640891707
515.0186906544243
374.5965676599769
823.8799624304124
730.3285913765014
119.3509756922465
702.1156368825013
957.8291732415678
327.7757162419806
984.4688566980983
297.15101250740497
765.7734957644965
672.6603742432865
950.6317917820669
632.799492221343
200.3704694157948
82.7113306830646
389.29429358658695
919.3558909983074
971.3706655804407
954.0070616201491
971.4093192386115
719.8797728314191
925.7329896218604
915.297946561503
1019.6629642455159
865.7966631225784
372.01083492024736
402.41812445011305
343.5610087146797
922.980337859151
906.9544803022297
487.0623042532055
916.5692713339845
620.0943589618408
326.14192415934576
341.82112767570584
328.8393658288293
830.9079605289508
987.1473192087507
616.216225077448
474.1397116507121
514.9441763545246
530.2609733466907
308.1541833581556
581.4843751486213
705.6870552914768
741.3818084866884
939.8203257698149
458.28799142061644
410.7514534093631
574.0831308957503
977.0378442181533
180.0148704176845
53.470455931858055
270.0726949739866
730.6324979991603
749.0017772961796
857.0727357236763
848.8740776672062
464.41859821319315
872.0986817950846
930.596552228346
772.2207546796391
204.96263350749962
935.9762708332438
112.89845462403059
865.8655307531103
507.8863662931914
688.434016406093
289.90809919788876
711.1886685312145
561.9303588815989
30.51969189208728
835.1952085583437
909.320539792028
983.3743785593958
543.2171468126933
797.7931645211866
136.72964620514574
434.22776297950645
526.5336433464602
859.3130634023553
670.3770381132567
495.3990717937935
861.6601277289526
353.6532590649251
566.3045508590576
749.1419868465214
915.5786839608328
906.2481790213676
559.2957171098931
981.617440954463
841.6082328328412
858.8077814275684
441.19987344416415
966.3300237367016
444.19931706689056
851.634144078798
989.2508876881675
641.6965515212416
742.8512518811356
602.2101775257772
745.4747642140808
388.20684148412124
731.1403053999325
750.063432912697
211.67780643649087
347.1998226366909
779.8053696611023
451.3622198644607
675.964778046827
862.6890965357061
834.2209960298958
877.3716439364542
427.5168450121166
262.64561003564404
735.3887250748321
810.3766645623234
824.1234834682886
100.50123119600914
773.1234657942089
836.5501404607694
904.1936725248265
970.5378897310005
876.1102222671528
752.070896714996
710.6585930708695
772.2736074831951
594.1062318611678
166.59547536511798
536.6178206030897
568.1824483701187
418.0912268127771
591.0032278735692
899.8053145376996
99.9382803023716
960.3362712225825
930.8220876547383
794.0213754035954
153.6917663579194
841.5295033113987
705.5027255735706
848.3669697344244
904.4164347220427
985.9571204950789
661.6573200915819
832.2850699226321
493.680578257575
576.4182261746219
986.8747418815262
831.3884930388688
909.9692536505714
173.227077002952
230.92512131984847
968.500139868797
513.6689117339333
464.49868622301085
954.9972368965975
845.3484782744523
543.133969528728
529.598247221456
639.9782626214253
542.4977042546896
864.9467534835217
994.6804656529251
756.0951840079126
396.3817836991899
998.5942526949062
928.3195014732361
649.7134686522394
885.1237452596396
479.3663389487374
871.104210149121
961.510630630711
1013.3209927191555
121.9482412282581
786.5106993569709
1009.5411567323207
863.3030130831239
456.31189711788113
168.05323581797347
391.43872481076096
927.8892431372166
76.48077012603278
325.716270121968
932.1897968216682
200.88778788148966
862.5808429987683
786.4880540152399
521.2835133648275
935.7978986299163
896.4980266203902
462.9645566585974
1009.6841895683355
439.57488820356366
405.63526929050363
350.6932762512308
704.1685582959065
359.61506284072163
1004.721495125913
1004.7929269010222
403.3772897911433
971.9261844350003
837.7107601964904
440.6698979060445
418.3429523629899
260.2960461851221
9.456465179025486
678.5253836039875
511.46605700115447
559.4266916800955
946.3040569505588
198.2109058625448
585.9168487733477
616.9378232407474
398.26782757294495
919.4864310412352
527.4058033668834
810.8956413644621
859.091049619106
526.797811681485
625.3522968487595
426.9566603117794
853.4523157215192
847.8953593236688
993.402066809874
535.788232595307
749.4726761478129
165.90858111339173
705.757871262178
668.4464684858989
956.3661717898613
503.50459820528033
884.7383557036344
92.65293584484175
142.92448229112176
913.0149920820812
490.8454397958251
377.8876752440211
1017.838823999493
534.6607426660147
324.1826219490839
915.3539946485437
561.132616324687
955.8484039569748
810.5899327995363
519.9991661593556
295.4999078925838
436.2099072373858
92.4514712581115
328.7708684774519
828.810460551995
975.9465003280272
609.2086252681338
451.8969376946727
652.7011197685716
432.52007924947134
504.0205391485681
927.2014245953021
495.9414646468489
827.8749882272439
356.5398605335372
454.4206101208431
735.3854877798868
1005.879569469704
932.1393903522003
289.2815290686673
991.9587967255806
466.42317245995093
310.61994907637745
1020.1817602334104
605.1788325366367
764.3968128785909
62.29957517512162
623.7675762752635
938.1507218118936
517.1276951382985
201.7158870867845
905.4215499998905
581.7407557053111
496.44243786339223
520.5265780386909
958.3308483542157
515.5200454665198
246.73723676905456
724.627787891953
215.4258452925037
465.45851663092856
720.3384819316174
697.8556596507583
424.18586472888137
900.7138145262771
837.5409442652938
796.6017542067864
791.2121699716424
836.3008190415801
492.9537835182772
3.0886136692535047
932.3325590534384
447.49765302114986
764.5109299149144
305.68807010121543
785.3457702412065
887.4080484103013
1010.468066630776
267.1446688477889
884.283517747175
995.3238098537975
480.6378389721092
221.283601412611
819.4239154020331
786.1349786787255
499.99980213914864
345.2235354546343
953.3189521456404
813.4712211684703
561.6457557462636
792.8180982418064
700.9208674424474
999.0651194149898
681.955657293584
905.8459421165419
447.52083934326106
970.9039847483187
284.00904474646256
212.42137342317437
1020.3274585386866
216.14193329511806
954.6845044998437
267.88173436388706
884.1966832790016
1017.6233031610295
611.7291226005236
664.646126625666
102.34310367887792
958.0838889238337
744.3376362787291
365.24369509758355
665.3741349966061
973.059353085548
853.6912732083895
757.1727087496931
759.5312101976415
478.5877833978435
901.7483818149487
909.1780060875468
33.185164477463104
