545.8616786614832
927.8651098118214
167.696047000745
893.0517787469025
783.8859481931006
636.5930407994688
816.0178118214437
713.5341926320932
410.71540854906664
487.0004332408258
596.7438164087916
610.9090184773692
586.8296580551446
503.6005038097709
289.86086580122935
223.00532481327082
582.8731087361487
762.7748067955326
124.60530868617718
942.2629358702966
659.6536778125958
793.3845133861569
212.01503402282412
339.57598600299673
701.9352528315262
207.40440130048728
707.7704189483254
727.5313335347985
794.3268853368544
422.8862108526249
608.7542236854758
206.06629884489337
232.2911641981973
848.0810781879849
145.88872721321957
781.4452164079327
458.9035824596681
589.4068697831481
405.82366889228695
586.4773902910728
560.4569743917908
357.39922160358947
622.7443131091097
736.6020210547697
335.24039389842596
404.0127561448953
938.297718391399
538.2176431969466
441.4545209105412
828.4364046693056
820.2331546214627
108.2633511744774
667.7233061729227
385.57142489210685
20.79767280502699
852.9424918517815
978.9538654791879
621.9211551662265
334.0839266749714
351.8811885330696
683.7771397207663
514.8140940524413
684.6049209223502
403.7179562847349
583.7359879995278
585.5481554430935
595.5047542531702
987.9832029153067
472.9273031286442
1021.1427262756234
232.49378355645365
1010.2305432195285
457.414294989058
146.58596148379422
504.326183551345
847.3886209922139
636.6749900508887
986.6364852888281
739.0932372886026
340.41999333154365
761.4624246627197
357.99883954477366
585.7279941957313
454.50203288120827
148.6784581082377
890.3436169397644
213.97715005091254
675.8591439569767
375.705331136519
955.2423164987979
764.8932634710056
184.39505367397135
857.7199045698819
468.2253617966044
953.5952541186771
170.71864590103849
774.7349678095288
782.9701739328445
361.3810820531677
386.3908928648515
310.93028077409645
661.6282586647984
938.0396229928417
628.4669166853307
267.80074264569316
868.6438043960256
871.8384249788326
1004.7860507486474
419.3546342359076
384.7176651144089
638.1401773132877
996.5507729393108
895.3917741860666
999.4991193991813
943.4724408744174
997.5114371498743
266.2711158193564
77.09185532399101
222.66626088758358
624.6592871659532
886.0129814365506
534.4676539835541
688.2929528796337
660.7877595249718
468.94797074825647
922.0330787512275
342.96557551053115
608.8619253159601
1003.8701521626558
809.1073479702482
614.2043452449436
899.4684417883085
759.718767245487
966.3936283511471
925.2799431758823
897.6314892632374
673.5669083397911
557.7080001002738
913.1036876907993
81.44837304345958
129.08039309189667
1017.033833734535
928.6729226865314
291.11951077265246
783.0215055801211
759.0567950250991
620.7541855254939
910.7826869286502
35.57951153862268
856.3214219097435
246.45140228275307
517.1277223380505
908.929242313103
772.1929287814423
715.8311683391038
900.9043633057076
747.3145481592221
760.6873972005815
884.0859986314183
648.8113777351825
663.6064795965174
994.8687295775737
440.1720246312285
30.222306508776683
637.3859234660772
272.08624057955967
673.5228743540815
115.21295912312678
807.2174927030144
610.3735791239903
376.73664443323014
947.641976124949
657.8980762747847
586.6662088723267
812.0959241193026
136.6153459312751
620.9160329384837
915.7760995319704
1001.3320179368918
166.02328825504253
1003.5290749377368
602.6489895901443
426.45038728088286
595.0652148214206
645.144868429104
834.9391502626673
902.4944551708342
465.5521962295586
412.24099277118637
452.4796305452012
342.2742846551745
175.66483387467758
19.20844342152941
725.0256437548067
137.9716732314065
806.7441554981804
583.9456357120101
549.670981504262
756.7906193338581
831.115478553092
890.4327012521255
805.5895642001898
435.70333219816257
966.8408385152434
820.0757042839989
949.8903225330694
382.02851841356437
134.49236366790012
415.1448320839944
568.5188946350609
779.3960505182631
764.6459535590943
553.4562998738979
353.659049081578
804.6514456232725
123.96282785494702
892.6385409039642
942.8063262501931
301.889148897017
704.0578939316737
171.42216665165756
557.4105576203051
872.0410712819278
337.55066052023756
63.78310560734883
859.4853502690403
394.6387009477137
732.845804173143
957.9189081981751
621.8628453391407
990.2244387669937
746.8379208877686
1021.3538505506368
731.9506030044647
641.8783591284093
65.82440828070685
304.94787079379194
478.0584738596456
359.0459405437374
224.1477138804696
1009.810070789099
622.921724780969
890.12420272033
730.6991692750154
849.9266799003524
861.6969925264755
1009.5130677073225
847.1305843982774
752.1593514008039
816.2833383356417
924.3598323042149
987.6539026737682
721.705140979537
563.3343504503277
25.97978499525516
452.5376685415206
982.7502491984959
706.4567410387342
913.1986662175635
816.3584596915116
943.6196098315613
641.4046991313508
540.8604175998987
734.12438043059
461.2588210419268
994.6765608827217
798.1494828546969
880.0975723739972
626.3090699598822
724.1985635792066
385.2904253985072
734.1778759175991
623.734955143155
97.97100134433913
19.203516832212586
361.91045977259535
929.7860867510391
797.101541488437
869.5573176738455
871.6692432281504
612.3226362238573
830.2519986878074
978.269538411388
409.6498014178504
110.8052007275196
646.3204810511811
950.2649165448403
1019.1586315964703
918.5058935317991
965.6164162942559
224.8170116660815
550.3697612503354
770.2762525214423
812.6836138696062
860.687661929364
334.08843102296646
650.293287918128
900.114871379367
810.2131778764904
516.1204995572969
840.2219794208804
786.6738141338444
1022.6795941945244
603.0055098970427
969.2842740998112
691.3917144055314
811.1260125845835
756.5960092334317
950.2490020842836
858.0779571444868
842.4385164579771
880.1433472070869
943.7042680946986
762.5132544529272
948.1344556266433
438.1423429002999
298.22864943051957
976.9620145684681
697.7307144187046
662.4938097914242
82.58572886608124
685.7054093514121
949.2328235410907
764.1937902900875
280.89680072898886
738.15460782649
686.2709318556236
252.9654257729154
387.5477640001651
199.21957004422654
934.5253574776987
697.1587183286719
427.59772631884744
441.7984437111959
638.1792114570865
842.8910760254635
187.86085681624957
770.0321432421886
853.4158832373065
668.6204865914901
621.0172452099594
848.5325346960154
923.5738583030004
669.5638842108235
453.28200482726925
419.21016389938586
854.447217142558
686.2070524257933
848.5080619795667
786.5345618592047
826.7159133010687
858.6500543451668
161.1358672733203
772.1053995710756
526.695290343678
441.5620971050729
813.8625975581249
164.69194349102884
559.5690989827438
556.4863910306372
