994.1796138878202
563.9401945383727
70.94496220433825
945.8501040688615
99.31224763245518
468.57853414446345
977.0299513872775
643.1814958301153
509.94523369431806
646.1867562610707
957.9684118167685
771.8914034481237
757.0496708693819
671.8073401357175
831.166650772782
85.40030002860271
688.5351133077803
476.2390229266956
1022.3169687626541
877.4163297976338
409.14468177992796
429.3556985604788
885.5267484624674
751.2972936810503
892.2807807392526
380.6446691729591
602.7764058536416
716.1317381108654
945.0922674081569
684.7449657855217
964.5510497972109
674.0617144310985
83.64812235370721
204.5523708026492
869.3907827397095
666.7953437847867
244.74197454229613
413.46338272995035
894.9557389631915
672.798613483563
830.833814449783
555.262884379606
778.5398003166058
631.9098382725904
939.4693126101565
685.8806431544178
701.5323236721322
476.93105245343327
829.2388027996377
1000.0028443097367
875.5721518924729
458.20988260270485
614.0106108819366
673.5310145056595
296.53738304427213
388.05572422374485
805.5715976626564
444.7186925033369
974.6231620214348
542.0247996137348
714.6903735456862
1017.1201287042888
212.2335020677241
987.5359190742394
531.7573397804442
991.6371640422483
945.8008009097992
80.69974739382394
696.0351110377492
630.061665850837
936.3485974009948
910.9105450077336
170.90882206368428
468.7727187812352
917.135393269202
827.8979427025595
766.9119551051169
1022.1324665843546
820.4182481596487
791.9590827839422
804.1273739154379
363.10580086603045
815.4620817714703
903.1329276966555
634.7031729915549
857.550006699422
420.3130886995027
158.91431773038687
1017.8234020293944
602.8339340649338
994.2617909701119
433.9417084104897
860.5638081397791
574.0403912656119
962.6474424709286
518.507217155653
840.7861105517618
397.3517254449839
569.8647666987387
992.173185169669
696.4385319164146
331.5032778157647
887.97237991468
596.3010165134849
1008.6044429084366
617.0375615511966
1013.6895338942062
962.3069931875435
644.8955872106867
928.3147213472793
747.05411002654
744.7518067362525
515.1738157114592
956.6391982265823
947.8426135408657
803.6290224717735
673.9395057118033
521.140513987214
972.0753404096326
269.5701778466304
788.9266006841364
880.7405065623998
520.5670407034172
587.5705022900462
958.8511860176502
612.9037726804411
821.1070100724451
323.0410064970787
906.1753537069723
764.9045067024673
935.5243056689894
829.3462949210684
773.3583027895618
924.5502515595523
236.45879478803522
738.880194813479
588.7679335708227
616.2578609139352
766.1593610585992
338.9647296296921
780.5328266735535
317.9291311744646
692.8435694013906
829.732346780326
904.9926617741776
752.2508825282812
777.6885115041719
809.5863733642118
546.6665992483493
212.43984409292568
965.6156869876636
563.908333619317
176.0280273174742
235.64514404189686
869.9510207463716
259.2346997241351
617.3816345913343
248.69473691587007
970.6736682787316
386.72749754529127
867.4295620445085
849.1108452656108
902.8365585897999
1003.3618377043464
719.4856555667282
976.3765614443344
843.6436163415846
776.6056254591753
500.8539092833124
1018.4065188581545
259.8686949327472
843.1235017742456
416.68634682331265
1010.6625065537836
523.624843750961
885.0254564276172
733.6578884870926
564.6693246862396
613.6106875261004
742.3899859381752
558.0756975766734
533.0388531142983
786.3071005544817
812.5318767088003
369.13761106070046
166.70493408507957
297.63507215136735
512.976910922295
864.8959572908161
241.84711091460235
897.3897257353317
579.143302683532
56.491517313109966
143.54334830132382
461.1565884447276
262.0158464925296
872.156281061949
299.8758697751706
733.3259484453896
423.4028851630454
62.9394346446154
895.3547169806753
761.0107518168057
533.9919416165511
285.15928473007864
1022.5787864839186
649.0020803195748
689.3561729481958
501.5203125360488
704.777530602961
590.8387979556499
959.9782875604603
865.9535514240249
813.478747008343
484.5234128957562
661.48199982345
958.1348768115353
705.6554398386639
260.94247294958143
207.89527877231205
374.53568810812646
779.132247002288
111.40630774742579
239.23588140369498
396.1574042755907
926.0774081121924
873.5528262620415
754.2113457756122
695.2332182726309
826.4281161913476
993.7176453743189
931.9299080787173
626.5238843672366
809.7269958212808
838.0035174371153
585.6423456833443
911.9301440321879
353.78031115817953
771.2549838827442
830.5788371063946
615.9105277366284
888.1962752455079
397.5626723084214
653.5430168350551
607.8126260544108
845.1282330042395
458.0374055236456
280.2182282005357
984.3979687797208
894.8046666752173
190.36761168816395
810.287465553494
367.8846784777751
795.6392968770012
694.2301326922845
774.8835021857376
316.0050423133123
825.2420690745312
1018.986091036345
704.222377656009
414.29876849832624
585.6927399938822
828.6463214081473
238.88098076603399
63.881197947510714
120.84994478452847
375.51073418950796
437.3878172250621
784.539811428972
630.5969032784762
863.7437843441066
517.9191980292736
948.6305201681588
583.0183222146151
385.136243665817
367.7535573916474
952.4531975423572
738.9166511025973
983.2579323657411
231.94507428681038
896.2898848204691
418.49110464880175
288.5804237378228
382.9245362735511
563.7807395220042
1014.375523418006
775.341042698796
701.9606807132742
582.187232653878
979.690619463277
1017.2807045553959
552.6251738815649
378.1718611045751
943.9325747049028
957.8502283030275
783.4439713296624
990.7893786714988
795.6302156987513
884.2238310384529
857.5442020481225
972.5441817661305
772.383920498397
1018.2873354100808
898.025584569683
965.9269184980474
435.50583190926295
333.11158362892604
478.6175409829399
820.1567043609647
151.45786113288216
317.9147218347558
649.5517270665096
304.36195932583564
951.9080555678008
956.2308039159517
534.8105931445475
930.1609880614125
813.5245158921865
996.3475604891073
633.2358099500966
250.65440656190583
977.257233269151
787.8746057648596
804.1719362362564
839.5432598571566
994.0309755525944
322.0291434716414
951.875635684182
928.993326077851
634.8565725312483
900.6365641173948
545.3639064240399
895.3878700799804
345.60606120979105
341.9014712152972
1001.8325011279737
815.6122867464968
1020.4926285552393
810.6477702587943
558.5195903841943
625.6684461293041
980.9092400506078
975.2837686692162
516.2239977079735
401.9112165868063
850.4656316557703
441.1235061182017
491.94823914210906
1003.3231061834011
892.1199507067464
745.0494063447557
598.935395255696
595.4256480044539
872.1686667123374
799.4872137823678
794.8422651668341
129.2589554628945
957.0984490806728
1002.5803289201418
486.2606888365234
