767.1065932933557
298.06785745355137
852.2080641281412
887.8409239132318
354.4302648106258
187.3103332215827
997.5787965140443
520.0234029320861
569.0800225238768
700.0749786503316
520.8716831016848
545.0323480617865
776.1201038564391
535.2389744401296
665.9571296861525
831.1901169522514
776.908092219751
468.70466060559795
216.01137849779968
583.956228567715
557.9956020334496
311.72443201306135
927.8987727080053
855.8990634378699
975.5362104917673
525.57675116772
774.4344270225145
689.9957698966089
497.13388932343435
499.6239713759894
716.8443614229475
631.5163980835096
855.5128100692616
502.3615101556303
990.3815548713067
869.8980012255223
923.2829522080806
910.1654529437019
922.3432156990626
442.883544418434
673.1460890370677
428.4121468998154
365.5377355410201
682.0485709374511
913.7946959960199
121.82931314777659
618.3560375856121
538.168582713601
378.6882317223358
614.7323273124102
535.5801253864925
129.54235208297484
124.82652246124792
361.8820258280431
763.0141560385964
969.3163748441691
862.5243613872424
926.1933644875432
741.9667540202186
377.627563381315
561.5070085360087
449.9908202897792
854.7681644405004
970.109193784576
934.9459356735478
569.0714450268138
966.425743360937
660.1125067950525
437.53107296516123
821.3950669244168
672.4485747252517
1015.6852751295044
678.7256160228488
816.633895655818
147.81066723323102
443.40866109689046
577.2179901979796
851.2936759048389
755.447463413941
347.33279078783085
174.51325971321353
945.8870620725843
460.6307016497061
962.0110893213688
411.32187007231107
935.5633431551607
744.1801651959083
764.6210864355219
310.8550505039583
118.42823746161332
942.5473133815352
646.4726661932896
887.5191393577772
808.2668818633902
579.480879264903
479.38240543849327
477.3639511639158
1020.9255942552877
812.0793684152551
794.3433928650015
636.0704042974342
269.648182861638
662.4619156163919
284.8254825012933
754.629945132838
787.5813478033879
962.3033975485264
770.3729569322229
795.4583410886553
528.3549960931878
979.5652710423858
382.8408660593635
742.2896160844664
420.0081695333473
981.5106511644898
878.779077291479
379.1197439817323
776.4126150354925
991.8566294846286
492.9071825206106
226.93150581385817
816.9432359285994
328.05892041026357
429.84570545871577
623.5046881670473
800.6058577901427
697.6639262741357
780.0070794789012
329.8718638119067
903.5911117421216
787.8389811490471
939.2525423943091
804.1437248870916
844.4650361676923
737.025151672178
566.8337672087894
394.4220232292888
824.7549039596033
652.3985106716177
802.6443520432174
611.1524405447444
961.8328289033824
830.0581467177212
106.98224563965971
1018.5171114267711
501.8583660438927
427.2178084622402
996.0516856195629
462.01846186879254
339.5658548263294
964.0582470277535
879.0965356710356
471.4900933977102
997.7803336909409
528.5808216518172
798.4029408363252
900.2375121147807
994.5772886413095
72.62748605803063
699.1625387922364
942.6006835521757
755.488543583652
652.8077438281204
787.0347331298065
500.63544584978536
702.9981533389042
944.5210038182844
939.3767131375289
831.2423353784922
662.4423458572662
344.9616968635222
626.2203416733463
527.7823652480254
497.830423570987
751.2240371819103
1017.4272124547228
695.3493858421361
274.05390880119626
792.6486472495267
818.8987350157106
667.4489257032249
819.695599539075
401.4049668451589
356.6144342882859
879.1609441287468
460.0905457454721
20.674754799689026
695.0154034057218
808.0765901807133
435.75465557047505
554.0551482528167
874.8826911455819
39.767830268577086
1008.0507202338888
635.3850428752037
349.8032526662266
791.6866133976516
500.61841934181075
215.26370612906533
929.8271463119073
573.1037673493993
266.08503882073524
828.3675952800847
943.3437379563641
830.6508434024835
250.23654976706837
998.4963742152411
201.90376370753995
1005.7021493430107
656.7248417901616
432.6936349941551
971.6868944353625
864.1973329413569
380.37557164252223
955.5883278304751
504.84561036693265
550.1300398292399
1005.6989404105467
939.1201091546847
197.66793694516446
545.6788026309438
336.45373892394457
614.3126825307794
852.7102586902029
728.890922380958
526.8863308910393
209.18460703268192
329.72426924323906
395.2211348805282
590.2787236907038
269.8824753897776
473.2844500558566
752.9593992804118
871.9953034274295
617.84836290984
454.3531042745535
1017.739212893193
817.8665403719739
905.2069881053262
295.49992134884235
108.00933148448689
810.7764738443352
511.30957930604643
739.0244179638738
424.32134091628393
798.8508226072345
398.8116161970743
877.1678116940749
288.6068598305586
722.2923045302175
734.8708659258095
587.2461680945738
919.437575059976
153.3590097532691
446.6792918632175
902.5116315297164
539.3605108481795
928.7392139280687
652.7029944001029
354.2659801247228
293.4813621776599
31.911229609561587
962.3822156124768
215.44918724557363
740.8428725744117
296.3620860671414
841.9814065599949
472.79314359891293
765.7250308568384
652.7276614127288
794.9949067618354
685.2902334398907
742.9331691201694
193.1763230304872
362.29969291018665
493.8727623233151
454.49379889519105
761.5266973477289
518.7898260448537
599.4073851986251
825.0184178818329
267.7435107970913
479.67357938786085
878.7490469251239
329.2181551433566
898.4394792533739
943.7279500170681
801.5160429562077
711.2885820068434
798.4025259558555
893.9233027700307
193.11136721206742
794.3156395989356
1023.3428133963185
848.6040489475021
946.3570055186158
81.0941690758973
709.4472101011206
754.0612651449095
614.8996804175515
755.8066915989764
993.9613029589807
692.2082686306285
47.2697494618011
386.1134744810937
999.8595180753341
753.7512207056232
830.852679136693
645.2551254320092
700.7642850116849
653.3919087422375
985.7933069264865
524.3783048722044
785.5650786566782
613.0742399072057
837.9000800147832
126.10415819482284
1000.60566228761
700.8665711408603
666.3861108307597
131.5124047720809
553.0116429824337
273.72964251177734
860.1772942735763
833.649298893963
855.8946873490137
740.0161378951162
290.44597316844397
717.8549400396498
973.1268700266497
177.390570125419
553.7097853910474
706.7900170011039
925.4966369194437
423.4281982779563
958.2222512202469
507.15457310451495
373.640344760449
844.050490969517
79.7577542722529
841.5104215248485
764.9526179099602
938.3132124139968
938.6585422713754
591.907136066189
954.3764386815662
794.0088926143422
628.710550443749
682.9416569456275
881.4690602684075
842.9096042567504
37.476710614087665
239.25554104846515
999.743686886215
767.911483051899
397.79865330620385
838.0686229839201
409.5580437877387
800.14677020928
389.8152292391022
