841.1344095751034
795.9581337104562
573.5854965741167
746.1669733535284
840.6459555458848
238.903283889092
628.4230806180763
687.2750262216969
1006.1611149706208
73.44574684040265
323.1422486928378
928.3430713274996
579.525826115238
961.0510762445838
338.74096351911544
673.9771980442338
1015.3992682640962
392.2846187398451
168.1696522531497
159.54435667564178
983.2794768302402
1018.8269282773214
810.3444642125553
363.3216696829438
869.63356225703
437.6233462721965
726.4962771409696
660.4247703586095
691.7286945091126
896.9667518357139
728.0935079360074
310.90498713095724
1005.383987234512
1010.3590711484462
317.30321970669934
379.5866625809766
740.050276181768
885.7677349467393
883.6974708081233
470.50566866993086
653.4592672502338
640.6368686300683
611.5795497904539
739.884256168129
348.3493994799211
632.0462334725618
973.1621113138923
462.8134186531628
493.2490010554277
509.4054717629133
477.8374193315518
900.8483798938814
622.7189241814823
279.4174512119265
263.14448689563017
709.4949430127253
674.081122117906
518.8418522499232
167.73906616548948
702.8397555599631
633.0072504084753
778.1543764382415
977.1950287141908
647.1085890960908
725.2480382068412
811.7490724304139
487.9912885850663
999.6690442960889
908.2438021261858
53.53305852616302
1016.4363244802455
492.25420137245317
805.4511240706433
990.3189450226405
427.40766874326994
944.8965272129464
920.6878630953842
703.1105943195959
595.8823288446304
948.4843813834611
732.0450395761188
119.04973376324699
517.9288572532455
953.192589364422
984.1687757691069
289.1503382836721
963.2666926636956
439.42183470821226
775.9168903636896
649.7314185013763
579.3491754172061
720.1437748781611
879.2657151322203
402.93450508278454
575.2810062385304
448.38805634238906
756.0157277766144
817.4197467789628
22.375599030254307
748.7042711393851
18.57709940677546
1021.1226718712345
504.5610047191792
367.5834662098965
856.5943526759952
283.91935184326405
358.14188704621995
135.8973377507442
461.91557523725
635.1804244826096
728.1137449421476
702.6149799750012
999.6303476604267
1002.4578155518021
929.7747035109483
779.9088553920144
301.6138471449858
957.5183117658713
722.3085997937847
868.2624200519806
990.7976067062508
1015.8407954415926
1003.4158792377189
345.6830980736911
465.84669699102506
1012.032604927515
1000.8173477753394
895.9859494673495
688.3363231034339
713.706782479384
920.9251335469439
886.4382475138848
528.8379420722473
905.3628243285647
632.5064626132262
570.0799736459212
802.5930061284441
581.8858929302314
966.828040583664
149.79013553019922
975.3448220638837
288.8588026312377
522.83919241203
588.5322300631195
780.1904876039065
913.3424368800748
781.2432061505808
871.825117577504
528.3420466250147
988.1561496128761
297.99816056986435
530.8745162047435
942.3661658180251
613.5391655205269
810.6844135556663
743.0885461699606
605.8997946888785
674.2109073924239
169.41080089688103
875.2109988976856
1006.748802436301
580.1954443851425
866.8585409182398
636.7738789811774
997.6310869849037
787.2661992970511
105.54940762690217
575.6729222257387
660.4665716957998
875.3390391351786
306.14225935994784
508.3701605693451
731.5235074835882
321.48091987463295
675.4411643354476
718.0973859856138
914.3367200029718
78.93743519518
816.140891144157
957.5208814635399
426.224366345961
154.71416983724782
418.1750337629769
858.1381596624984
706.9351259688145
449.6913311913777
96.10495003846972
962.102614395677
997.128419123074
839.4123437937843
955.0345346078686
224.84780225671932
956.0585066290586
182.20790942347912
581.2680906109149
238.57539862306453
1006.4489926895927
946.4764952535137
585.8330261058782
749.9155119296609
388.54135430378665
636.3535454711405
497.2607064581857
899.2539880857354
206.6752902384228
705.8390561242496
813.4923777248862
637.6641912759063
931.7072641570452
734.6514538288865
552.5081877725097
832.4557353523678
625.2073177606118
687.5003740160903
353.7125168673085
660.539163273693
703.4642249915173
886.0857783350664
976.2601414151561
388.5036159792412
409.52246997080135
775.1311037665419
814.8435280471188
801.1618005325187
332.78863498416456
687.3062386972927
710.7489227960212
932.6729367692875
931.9093142734406
699.6937669407141
832.3937735159132
825.9235636122731
359.22947719015633
864.069141214726
536.5396278314756
867.5124455633901
924.5593741195512
542.9813809835334
393.46053530847666
957.5291280988379
429.71005349499944
951.132681668157
702.014957368892
686.7404671739218
369.532446599615
93.93458853256482
913.8254693411628
192.2750916398562
426.93046558370327
912.515043296268
972.3984876788412
454.5559047112797
603.3553067050241
38.56399549110802
884.2096814674092
155.99307499873373
292.95348139638065
865.2633206185417
757.1818702754181
218.44400443923075
874.1155770722879
466.73143118343614
892.7004289582067
786.0399764827048
76.25347258071213
229.79433962901214
399.9854511097916
179.61013342046556
206.00194662697902
393.55307167195303
321.3990118486254
1020.3809512006025
3.038050161610954
427.22491577240805
614.5972798978303
937.834878334313
441.6072594084401
931.0133568910215
861.2692392850763
174.29038195325154
673.2788269261621
780.8603890954353
1007.0326249665859
1008.459803953967
453.40700988748097
754.1336043173
299.2495935379691
984.3050629324666
477.6062245665586
344.0354887080962
695.6729737241567
428.1065989777495
746.0552129436232
983.7521116923166
362.8687271873026
548.4822324614149
1002.642784391775
645.0661818173536
774.1116817031428
322.62038345857866
786.1403128326994
683.6803918829364
969.2194069449375
866.1142147849353
816.4742783370125
834.4506260920066
983.8970489391229
288.0097159110013
928.2786200011938
912.9574559781038
822.3597463999811
64.03369220264676
396.1611934126447
516.8001178863221
249.63859182798296
858.1760470739922
326.80485807160676
845.8937213974159
1015.0335726049008
531.1313557438132
291.81228721077
461.2708455645279
772.5846798598258
632.4022784112813
944.6830823120724
698.9854505602887
1020.4889195529538
991.971902049668
999.7227628808954
668.4777273463899
827.4768573586753
410.7053948103568
600.0946065457691
831.0281907616675
978.6901113227867
851.3610959045121
955.9641969700423
739.9148454322801
189.8558948468999
730.9072827620162
843.0749542617964
778.2982379170654
757.63190760427
915.299726105256
271.5080427125321
860.4763137790767
211.67422992302454
874.2670578481792
379.2097345808777
777.4298816034257
970.2756019104622
719.9892215037733
928.9263949558283
391.57506667992516
890.5283996686223
798.5553008347609
372.7232330386122
269.79040482717073
311.3624000618638
902.3505523555934
