295.3852133839074
462.6408665540777
156.63667928051484
385.286636898368
440.8194636525445
324.221579397339
182.26004479179778
402.74424505335975
428.43675225954246
235.4089103121135
400.5150845933659
381.97054996458166
57.53194710905069
309.64033578043404
474.1658881702754
493.7025153296157
130.61673604869907
340.9738831579166
489.060137098536
352.58085391217026
222.89358902557723
302.4198561347941
388.25744167361955
80.03902788868805
204.3677519221963
422.08314880144235
3.901660293412988
333.9002954717736
246.38731578914704
269.65783017080696
496.8476593519905
301.24627149319275
210.63216633877
274.55136032417124
457.7287385954634
133.0878857578756
322.4258661438373
183.29735772854605
299.86372479655455
352.711803808326
385.40543469385375
403.2773219699129
420.3604328200088
346.86311583677275
291.99163378206157
422.66909053446733
498.0783232368049
363.96282409917234
336.73246218765166
437.185477952913
471.3228369951191
360.5999273524633
285.7279274750291
332.701579667254
5.070135717757353
485.2337325321102
148.3401265047089
388.823447059023
87.78905662772985
466.66839099750837
429.2585159742903
233.7255374947199
258.45279574241334
420.1291073289469
396.39560085265504
489.3435629367557
446.285219078561
345.7402417147782
205.7636838559867
109.06574320787115
480.72664460678635
116.02528781726028
201.35538595654015
185.31494165606222
468.0372365579469
202.53767436707375
189.1456541951449
372.30041461714524
410.94290691304957
200.15650516583315
494.7875438516376
499.77020078055676
434.5318537366613
482.9414528477473
324.5807101633242
311.32238414079666
223.13703300499662
242.36521009679808
128.92475206429708
356.34233030050893
483.08383081874683
378.94145775024117
362.85876688219406
486.1257649297911
490.0198207697544
139.68828329689427
435.36702222258936
397.5785988329768
261.4664696250645
383.20174912142136
320.5938371379194
283.5278404043287
267.7205683406978
291.4369858666468
180.1281272255893
428.62324258954743
226.84880536378176
495.42030020890184
493.46617923618794
326.0079221178238
357.3090991838587
267.8913484534688
414.15970666965563
423.7597855627356
162.09420798906882
195.96669656383483
360.3310700067838
474.6491852941178
419.91021506766776
384.4659082288166
131.33535566855892
466.1548998170033
159.33785293336348
40.59014116859555
254.27431372673593
238.90242272408636
398.258648870946
444.97983442405643
447.36882571502554
95.82841381827143
169.1061175795075
327.98034837787293
295.7678482204026
432.3772494096262
109.77549617561664
384.9349968923733
70.92318430885962
372.408155160912
321.95181100950504
328.0760320746975
279.5114071209359
87.45099562910349
281.5794656704978
307.3596378341282
317.8337016802711
303.85564099765605
299.01268418029116
401.755698751044
332.4470742936879
212.358060332487
114.90378189234269
321.0603235649314
387.3147396375985
464.0184389186981
284.1024692558358
171.9930940045832
484.3174883900369
113.89489197447625
298.5109000999827
322.1871159636114
107.16808277177307
431.0664965744006
464.89828773676555
120.03122091366419
246.52436636294865
136.7885567819589
431.08097936546454
369.02410878809775
208.6667855380024
271.8516947190119
19.812107477817847
190.68706987612074
339.31541416487767
303.3957557736349
211.00074635704397
168.59824375878964
484.4740883188984
9.66985126482166
284.95878444894686
470.28467332970143
105.12441013473682
469.98508703558406
265.4141441574719
375.3078701406179
489.5400835110844
216.26964185972923
291.8588949329734
262.2485609649917
497.6080552304203
122.15727042725206
451.11646618392894
463.32947250060187
204.42051066384607
323.45182154295037
403.18899152826685
233.01895957468622
356.6760294137088
259.7782568653755
168.56159654681466
435.7761634627522
487.0311533727398
173.18999217203827
450.48098157153936
447.6862246079108
331.26518085718385
79.69035290268454
455.69765584004574
27.548335701259703
247.89561761027943
134.46811193939982
400.47250515185885
490.4170864040915
316.1511993891803
216.4285556349261
110.59553241921884
44.23159997552449
406.45333801846675
483.80972981495165
357.11570924529735
408.16917760461683
261.2962425636033
250.33521128720105
456.23405034390504
181.47784498125407
4.833101636285619
219.547654557192
385.9261159615528
279.23342922443277
469.7436993425392
211.0492561631982
359.5151126946162
226.25235134394956
349.82435703422686
241.28581498361075
110.9756135280793
429.92098041767366
340.9306245908794
175.49426629734944
226.9734821379315
343.411509679184
400.1264680854142
344.8250091386481
409.2708504924291
307.64716639057906
496.7568097190888
225.61079150893613
379.0011766214733
25.291263461405435
167.7495719554995
388.5138897107146
469.45871495313753
458.7850058534583
359.0806955204939
231.9924779353023
147.22009513028695
250.77689388957262
215.03508551551948
289.9245607442994
499.21573624101296
360.0052101234419
162.37762197566445
222.56859669958942
487.3357375290438
485.0802951997372
160.69929714413365
300.4792287980904
27.544129103026364
338.2063336860218
442.3216354299634
402.3340610417493
385.1779631708948
462.3102790396128
2.835851736030577
499.9521371221928
195.57936080080373
177.14992690932985
363.3575579262856
334.0351076919309
55.13370313495716
353.3502187622612
499.5185939621565
307.143246201053
456.3359574646677
393.7852540174433
199.92472790822933
357.2689793515947
399.2066320972465
201.86012746853993
306.4188890310045
405.67018782004675
462.5411511489527
126.88547330501723
316.74252489745106
123.10839450939841
226.10187593321308
442.7386760539933
278.34036346336455
204.54404503992868
186.51548605072145
480.6291371026672
356.3628682070807
170.4003528096058
209.35775525772073
265.1437119739302
420.4950574026032
459.37515311813786
325.7332284643963
372.29107913346456
234.01410423726196
238.29172748332837
486.7181851840674
38.20860479839985
347.84148591659886
34.07743926025728
168.51073261235075
438.63752336425614
60.03113172785521
106.23452637688843
37.96920429364047
160.80704325872188
306.5358556036489
84.44790111181754
395.91517777096965
421.43808145517824
220.42438801678128
28.81102906526496
94.71380775800691
408.9063907337306
235.43140151509402
405.9366826187854
428.1533699581296
484.2060039610474
305.1561142431242
420.73543878648536
487.49085976947197
377.53315936835696
222.9274455184277
235.22026188237277
276.8557167473261
442.76401695048116
424.11074854249364
378.79036314279335
21.799008853221608
486.7394435561932
81.64674377398023
371.02477073751106
499.9233041438589
103.82252717057332
380.210917547575
193.15130812219343
133.64048546538515
293.4829837231673
295.81286563090305
15.918892814375965
422.9047430123749
350.4753112895798
266.2226732110218
191.88202237365385
89.89304547744877
402.68520355996463
