413.0678416647881
302.5135624711858
424.71087540460314
419.65989265320286
495.6552958246158
463.69404128946854
262.6423758409174
441.4534944229861
365.90952159599067
412.6865176190046
434.3592476127545
388.91096896746564
371.77917806834006
496.6427751780323
77.55093249942587
263.4021975546593
91.73107678818013
490.5460602057159
301.1108729458873
395.79390450205244
258.56377351566016
238.96245656534376
304.2617936414456
304.7483767018208
370.43910093322063
383.4773369506271
387.2332718641302
177.26833772118647
266.66096343780237
405.8915795550428
178.77668588892686
363.86963479515475
416.8990560954288
213.80966448732283
185.37092920161734
379.066482291593
340.7067213541213
441.743040422762
418.25340463489675
77.23645521070398
292.93617121562056
352.8351966671539
203.4834259699847
302.36054793277776
301.2955654127006
486.0667660765044
233.05897609328656
483.7382923983113
367.02058594970015
488.5106137518435
7.538016920178791
227.35805187888775
221.34393309087795
289.190282295222
312.83384635631853
302.27812261896776
71.04902005464419
344.5987544938837
370.83704516778846
497.14800523775506
364.68593303557896
478.7483978717772
484.81072784689763
28.600238178146128
236.27856716265933
485.9179312183841
312.7337053826402
106.07553545678502
153.67821698472818
388.05492163508166
336.03263744598553
459.09519517465714
326.846391346074
436.39862139330427
308.99874351227083
349.3609374855704
129.75206617841576
109.61277379016519
452.77137603280397
390.56480650923595
451.78751010472286
19.739704565829584
425.2088425852894
182.58052452286375
127.8378785256404
328.8562768607561
443.63585068344344
151.63753809934195
407.1150946115321
450.90973017772717
222.23667120834313
183.1624501262417
413.09802095206203
322.47844931768566
283.7721506999194
477.80164843932243
438.3975432189014
149.22665071405726
281.7219948338012
402.26187003907705
218.84294925451087
398.02691989042415
294.8997882591648
462.7680517542529
425.8551022315805
261.8210430205004
427.50849395308524
366.33074095843693
458.19838607846543
222.01591385901781
331.1503080443773
260.8450441311238
437.43225427448374
19.842888193610747
479.81560256760724
189.06553729669673
234.33043006585035
441.56545980320186
400.4565988836028
338.3474456684671
136.89430979929745
351.2151730285934
242.191452453679
124.9879941313057
493.3412184377945
303.6221106091884
194.55188464262244
470.01559425189106
437.1326214414929
468.65087408162407
494.7218963835883
223.83352895320508
472.0702901966005
487.10153772812424
266.2854110226215
177.3995372874864
399.72437174744044
417.83149069297394
347.6414039917568
235.04492564704645
28.187026167778015
430.3606279780628
129.43059577145976
239.24055243904087
462.7437291529993
425.9367248238403
305.5610308411885
486.8989425609197
277.8242159957378
153.49724607607965
382.22408249134037
270.9219163076318
383.64497649925295
368.82868477219256
297.7200351818203
236.23791339875748
366.1110586024829
381.4502731853962
434.002895413111
460.9015448425464
310.3248713386266
469.9669482895275
170.03541559342847
154.380630207627
492.7471068586124
86.29640108979038
445.90192623718525
328.6077503975075
459.25512352545195
182.02242022735675
432.5741126372974
470.07798977166993
61.390362893671806
481.1544482773634
392.80619631942045
329.5397876495549
286.9676520089471
63.12784176144402
188.61873842972625
214.78368391818395
464.3056558245716
349.5806620473196
338.38112903389634
313.3931684646801
191.33123733297094
251.56145505774697
438.08111027119935
471.6811295730415
120.97243988716116
244.39060517255595
74.62822662346122
409.0802254868665
377.90124487493284
55.13270073674397
143.82054610083821
422.8695827573007
278.24664443052035
410.3505320307699
352.3004985711754
351.6376702939471
51.459774524594366
366.6813186973649
332.3014842001362
249.1126358508287
184.48626268323835
349.4976110235791
194.17891948474625
272.88022296289057
481.93449161266335
485.4975897791562
478.5046972897099
126.51054573812894
375.46122342401077
48.37766920045067
350.129486531588
181.53187025849974
143.8062041857508
248.4692398698044
353.15139884022824
114.10010584284345
224.24856506989607
391.50748327212364
343.33581943868035
364.42915085226906
499.3930863923454
454.36247958496745
178.02923368955743
135.31337625538117
267.94552503368095
256.01293466220943
451.30837419301577
175.2865900097222
455.98327460576525
92.0007123139651
50.4340298082343
413.37938445468586
140.7920874922263
321.1874938069987
207.48092697132734
398.9496162360751
470.12650699592905
459.28260110282207
242.73246702821302
406.25380492282693
425.9897623107811
454.31653884393353
45.77684932757796
9.629080700219106
392.04473724609124
348.76193712369843
426.7482445494827
449.29648249418454
307.98488371692224
438.0520656635796
445.4013722133768
20.262161433839026
277.9259309548264
499.56882020280057
494.9767588724086
280.2010954173071
274.36717529231674
347.20939915695214
472.05205777604647
279.70825057712875
374.76540084224496
225.86035922860043
232.49806100722708
460.3963289073762
248.95227053146928
425.2657527941817
153.6940449722597
298.35866895842173
379.4725146439879
413.4959279210177
361.44762969972214
406.41150931267424
497.80114586376163
255.46008601074556
215.08070560030495
79.45805889972542
167.3579896241398
340.4533365376972
314.9573133738942
489.49282739104166
447.87855559234305
281.27411538450633
434.3136448835164
212.37835866565104
154.66597176422954
60.93686019266744
461.7237302942553
407.86020110560906
482.0049722339733
479.11999570272513
334.0574877156886
336.04015992386775
102.67680725046046
120.84507804960913
478.8027688963191
452.65949732364425
144.0576995523923
217.5454014075546
145.2618427314623
229.34383880462082
302.48542645833436
268.31707251230307
489.13144634232725
462.2639943432572
155.51208257286402
372.3585348988361
224.3564432683034
308.907531852212
431.74558954410065
223.9384476092169
254.05866620952872
68.6811861111745
430.1258780662847
450.38437747654785
383.7269643295948
59.150398520275644
90.10527402030198
440.9587066725331
154.81134022139707
421.699438724924
343.11574325123973
421.04053256645255
454.6201446222653
363.124898724683
473.6597557296398
278.55058375104
163.63211267193213
264.82573471806245
351.89279948831376
161.24088157837787
176.69851700554335
407.01981420993866
389.5648198519149
408.16727651363567
369.80753016128415
235.77186918368585
118.34963819827146
387.9212001405366
264.61074584726316
297.49662425550025
173.57722105733455
336.83443995348216
254.3536769042078
19.988335141920572
280.3874004517497
198.88956137138467
350.05179600670357
452.77067323999114
174.33878624375217
162.1504777977293
388.5644682708941
37.82740942612594
279.17120584521126
329.4506262946661
469.9561334205564
26.60177534609784
