262.1712877577147
462.22124658317034
166.36431472823074
240.5690434117672
317.3045425629415
142.25730584174931
193.83599048281292
488.28746686483447
423.6165062302554
488.82435098359275
133.24260608932371
361.989649697005
160.51284779803387
345.12322664133296
391.8744139436637
381.65182640277214
305.0502994478308
245.4425861233261
273.1681206275596
314.84597612564227
186.08747366648277
351.4466159196912
444.8326140996266
476.13576860970676
109.57157896938583
331.43879549647056
303.56448572748957
385.20691188973694
199.39941652243283
478.51115788127777
464.3404949058899
472.35654463053487
490.78495457484354
409.733032952637
485.3829454948404
212.73425374273302
462.2497971898476
262.6637832990849
331.3146103833161
450.37716371530854
384.6613323439792
328.8947083524759
441.190022437552
434.43077440357445
318.7122139939077
405.08672870498333
49.838820066697
441.43801380868655
394.9227577953301
444.29581327973335
489.31837087049934
303.53169232455014
317.6646600912842
196.58486359449404
378.36442102797633
294.5498311187432
273.87729675816047
446.38400331972474
334.2853790750001
19.0476124553237
91.14610491433228
300.9200014198093
214.39202514935886
253.32914260711487
322.6562766123802
355.2274353240856
102.99914287372627
121.00278173011537
303.7339416143569
127.19001371662387
404.9716662177575
430.1017824837912
403.0997277319191
221.84723948826974
338.9056261728216
351.40599755207836
378.52561621002445
499.82261901851183
295.9939596061886
463.3271480101144
363.4231947828565
383.705103220775
95.29672391367654
86.70814666243132
399.28205435957386
215.90952392660785
440.7064973200874
449.31027129226186
388.87846730897286
151.32003939086013
316.3849362392576
363.9936519064761
304.57385639365305
14.79879807930007
360.9561596079412
417.64567730789963
0.49873622767370307
103.46692047974068
254.47494117660943
231.15452360736276
440.28213568154956
217.28676341924108
245.32174452418667
470.1944102300489
493.89764888788187
310.579042360293
350.62992124688424
302.5297407029549
332.8037822590687
262.0671002713216
470.87369408444465
442.4084405566029
395.831125708103
159.1341220313878
106.23811762929404
313.4224225352209
21.995876392830837
489.1492734982704
259.2563814083173
495.5811965108524
359.4355679515263
485.0154161253023
234.81454412842027
276.270732432871
453.6391298220382
113.8252223196327
428.9614167868082
143.63222256847422
455.0381384323879
170.95093891769392
79.1408730677922
302.22138032519047
450.90229280817977
215.9601925463606
173.02395492192989
27.524498169588355
177.1451881053697
395.10713933021634
221.57045907828814
323.1870724868887
41.50690748445356
294.0535872667301
308.97787856200125
330.311725977522
273.02612935182367
45.39005018416543
454.4694749242746
183.96220458515967
467.20962501531585
34.12595295561721
328.9303085313703
355.3108026933389
371.5683268758851
493.997387749297
305.4535492703475
419.37220245045876
405.7804751093931
475.48566733045334
410.1921328763998
169.194157972246
124.17158337549296
351.5172894392057
466.58045372320464
328.3808632592086
344.0050493622572
480.526008184813
242.62315244274743
445.32869217406846
427.8687721422368
444.12393354109133
54.022701706422026
391.8534535839569
248.62115332458603
105.70926491745627
173.8133580994567
331.46576238189317
401.3567097853678
360.14444729235686
358.16606544613705
394.1325088741632
18.976103053977397
110.5280464969286
279.146470477341
480.9150263748545
360.1748100712341
494.22191682132575
450.3112968567612
298.4085057686856
495.37669128806573
488.9166756420175
394.4897222673709
94.61426084990364
225.0161530810047
352.07444812129285
351.6665587045071
172.96258454154076
442.9631645013194
228.87250913862482
402.0646843724379
54.293265439118386
203.98265239381658
339.4392725148738
207.3274675916138
499.88356220162075
336.2137053510802
263.8346684506802
411.99448591312665
361.7104552851512
364.96603347585096
181.8453025854219
354.7740254858869
120.22123080967941
337.04305123114386
459.57641309710755
454.20598199808836
201.55577299167652
469.2976474067426
499.7942512563641
280.1222073644517
449.72003761108175
111.02464664933831
472.34858996374044
421.3064480079196
29.254058258604857
240.68697907867983
450.62002221762873
33.290948089203255
419.5360747812302
359.73985180873876
427.41526964019187
156.62730791983319
110.58648700631994
432.0437304404429
283.4314345862356
439.57329733291573
157.37119355488204
433.7046732761361
449.19375240524545
396.63441199963114
439.61967385974935
398.99896059951567
411.7609317656264
391.78867924366625
488.4431872923045
128.32900547603919
49.826501125476454
193.2338042525111
469.6871725407371
334.14205629924646
445.44949840446986
420.88922314611585
142.86086059929448
133.12401704341772
146.8408893021691
376.07969962549913
283.41152560460966
434.89503018596804
236.15202010038502
399.4366311848216
294.0152959522071
326.55702267495303
159.59521840339875
499.5682593955768
147.69417671280917
258.29728638039876
354.42618105069823
483.89059951490106
383.660296005679
46.01448777047909
427.2169221871309
480.72265839652533
289.83462535851584
216.08779384151597
222.85168325953993
259.72757128074466
340.22125234430155
445.4462583791905
470.9226730023308
440.61992213112484
20.22567631333453
413.26723922861953
407.24322965140686
325.76852915489667
8.41667386052336
424.8307368883088
466.7926199650418
406.4970388308081
222.8512374358412
322.65591853852476
231.81630755662462
248.5160107489143
230.0510135979536
253.92998528585102
211.62354764449208
388.0355976155346
34.1806137451714
76.9526002393406
403.35211927420295
235.52552157860447
12.738779066928203
451.65185021187597
410.6816858709593
269.3157364287338
301.759521595068
257.66591826649903
212.9282101346904
138.21033230607168
309.37826739575314
305.731791185955
381.63562412656717
458.06005405150756
291.9473501474247
262.5961594309374
416.04208626371053
351.24219638055547
485.96874641322574
82.61130632770437
378.69903672759483
293.2877437760783
482.82919918891344
324.67611602889536
284.38931013814533
128.2851028321419
380.15430367515285
126.02532418888234
226.09757657119627
422.59538331633456
473.8300610728863
390.43333919387516
387.8492963808508
415.82988181159993
454.7833797271425
368.12736265444175
335.7323309444927
230.41917984861396
263.24636437789115
149.9987149209473
284.95024356519
474.5742068939836
331.72220516647394
185.04568309895967
335.5955392110361
383.2870561489342
248.63072037904064
402.6688761894726
384.1548499959818
417.3482985651836
327.1291043618015
450.19837582350453
332.89645125391127
379.75087761670227
292.92857270030504
252.10824546583294
370.8822721188026
298.58435297369294
355.92976820655355
391.1950822129517
243.46183847018773
428.98271531369
373.10049920984875
