440.6369428874863
454.305083379026
273.36597965666556
417.0420168160845
465.7091956734305
217.4278934901717
157.53158447925722
347.6918403006367
88.25950786928604
464.8225347645212
396.0153007655768
433.49592882545494
246.14558238488266
296.8542810493335
378.7468759598529
440.43123141997654
451.53000230443007
341.45765154041976
446.15885651682294
330.18060352929285
387.6342938061704
244.3525123973983
332.7068725262397
262.7210629301637
201.92978915215673
465.6888342268953
436.8284328263436
133.37035738345384
447.4414776503617
190.01816061168216
485.54264496225403
316.29478962819815
329.0651168596511
220.29327645285036
339.6558908594444
109.4800236331867
119.57154670830295
450.4383661130877
117.0620936902427
466.8364438356951
162.57959497139973
403.1256102965164
356.3144386110465
475.8543829871909
291.45774849272584
248.93404517934565
342.7729777129589
446.9220093675145
414.53890268912085
215.6673320104947
64.68527652828953
441.3524301744911
437.741511649903
226.55277826217377
361.086566216779
479.71602860984865
328.93222065685933
161.53385025670036
220.64145383987676
485.05252187502566
424.1243823385223
304.2979451515806
153.51004088990743
356.39497907337284
424.023512725036
493.9253422281472
292.99457723059004
369.5396236808672
491.56733667637786
468.21309188377063
73.24985252869033
246.152289449237
492.7786468449074
370.73388648705406
418.2953917228237
319.9998670947604
179.46258275404267
206.2720256402552
163.57544723420676
419.09036949872007
398.56925203276444
324.87686852461337
174.21207568404554
143.01665273018017
129.91505293446346
475.11950092773213
366.0765468083809
299.4549032540224
371.60366376218633
249.12807191465296
249.1144440130939
194.35781688679418
374.7872495463319
223.65827048411677
244.22597722546152
51.84593689911202
239.28902616419964
480.5133858409923
486.7805453725024
324.29465831348665
270.1827563841059
144.9233648484569
481.3991064846629
136.56750831012147
226.5777221668721
324.6577960711229
194.97945337318617
143.6010385092094
228.03240203612933
0.3001399933434641
300.64287369352076
161.51873323514832
311.87372699903165
404.37970338306786
387.21810469867336
403.0889523830516
423.9344951696816
369.9494351526955
421.2426096185915
488.55095304709835
234.21673197704524
117.16899556972754
393.7650037258723
276.66819635112245
297.00698772663816
380.1188355806013
396.5534686410602
131.31599103056516
226.19971806042474
104.76749986748638
347.0798829341501
341.6381623381875
447.48819389854725
427.96659282688404
376.07876992731633
21.630124309122152
368.6875741005241
369.7970775900004
386.0314228079244
329.45416220051413
377.19409405732256
445.5123055629783
497.3031438409863
364.44387125541846
319.36802509273105
477.5067345314796
198.83135977154672
474.7470924579002
145.73317798087453
445.9986212186051
337.39546603686586
425.43358424396854
185.40093041253925
283.5886116726282
199.95673177441574
371.9964667518467
333.133586080664
473.0248713217021
488.2555457112133
258.34561289919196
30.484979721213563
454.71789980857125
462.2522940324333
452.28445206048355
94.9102719368575
60.70246019262106
411.919887709273
228.9767858183198
480.01051683125286
50.74768073057885
238.74429047390532
444.410951882262
311.3042016840677
326.90213666597765
346.40592156288284
385.5103394082758
126.52035370174514
429.5750649896454
432.5951030357941
455.07479201928203
280.3299977837587
338.7749335795563
257.8645293186693
415.5664960235206
370.64311919511886
318.8470798072984
498.00123161947613
232.80630666868683
397.343369469791
394.99608234500374
475.9270700409551
181.45249916757257
490.48061241853884
175.6502106326871
283.9483615950327
377.29729869470475
25.171301707408134
124.71866720141827
460.1808930156408
211.9629430595171
494.04110415983985
13.124109307467677
173.85892726578987
306.53315615408025
25.801834338682852
176.07962675756545
303.8488491820733
328.78895260719264
312.417742585194
396.8280988773595
450.2913110308296
478.35123038436785
425.20863300681793
417.35755964559894
99.35621991888814
378.4822451540576
54.73055746333392
428.88921985180673
365.6892064662624
196.55660526192344
410.9207418222089
292.0072385633335
370.7829519279521
40.66114326047483
358.75494549814795
111.83465077507373
405.2278325225458
376.71997346160424
321.2417742881496
288.47001372222786
469.27633389448494
398.11519320426504
372.0469706198013
396.39565968987006
350.0106786291182
354.57140871067344
131.39101286998687
133.47261904057882
468.5288995233653
488.67251712371956
398.42908164009077
452.34122785922995
350.58796780913224
168.834635414986
346.5861767255431
403.58550622585267
301.35002457467505
247.27799831017694
313.8463400945245
253.67266421792047
310.9388402657356
498.2556389158591
191.80699467754505
303.4683582306592
186.29435371759376
318.3524746217713
414.2460510783766
315.920925298833
434.90990923654437
264.1622730938519
353.4596101781421
280.28749545263906
350.2525894077644
60.932791738112655
209.43060809001014
34.43606578524799
379.45544200217495
309.8335006964177
454.60151711819293
269.30643785631514
420.0453383163251
94.5649172785441
359.6681862090225
325.1706492319259
415.468246871289
296.0553220884582
370.8803570522442
374.5999810237479
470.0003993410353
238.01101333812886
287.45031205682653
198.45423078537544
203.36579684706896
147.2442958708353
492.1579434070199
292.9104602637964
355.5531208684688
186.0503557057126
371.7081786711761
212.88182764620228
499.36361453988474
216.84497493404132
493.46993940409305
171.07933132863815
215.04613012563505
378.9543582287533
383.43771171624934
373.77010080503277
388.1138587484469
432.72165702967516
258.63644913076996
351.91657109940775
275.31567609555213
207.29679461171935
314.2068845003369
365.37536727328006
374.75405793068035
450.1138810526915
152.2483215315853
301.0549671675978
379.12076302746914
129.5980710360659
361.5233181355925
474.9447066928173
320.5593977145568
373.235877546
444.5886075107109
407.2390593015008
92.16835986967436
114.95806475604826
182.7893661631024
370.7851162958491
365.7947371102025
475.81868139393816
365.62801814972886
475.7328791043237
255.76336186392356
305.429914499419
117.72998485799815
229.15187057318172
146.61932939731076
92.68107683214077
304.00257922991614
171.9365041010646
388.42420820164824
262.0235575025676
401.3932222154266
283.13891030989015
110.32860278760114
430.7800566787024
270.84486733452616
183.17112470530657
351.24969653577614
304.7431706388844
491.1540413689786
474.67259851030605
496.9176107017609
30.272417394246133
452.40840859123057
131.1424862763073
189.04194230376527
214.25907854160948
245.30243289454657
310.1123685329221
364.76647025301895
106.36185339439902
461.67317237115094
248.44465416328532
253.90731094031702
194.57127398054598
