410.91647382526946
385.37031807916367
12.441192604847288
114.11340455938591
323.48685672580154
496.43982322292965
468.53715057699526
493.30188621010825
488.6707199379844
458.41014657203795
204.36001057285085
237.95014593602178
234.94253414962242
381.312401912772
170.6574211310408
320.12822546981477
360.8778061410744
327.7956887821424
477.0434637915648
415.59671995120857
91.01104467881834
197.3716838927097
406.65467343915964
158.66435224949572
17.120112393566785
256.1004158906436
368.9867980582286
495.3634434217799
139.16303238920676
335.31551162078307
395.88041368595844
408.5234640339809
286.3414629680988
478.9905638607406
361.7593480441117
136.64150229719326
381.8007193334803
395.80278495697803
217.22587898995488
436.82371872418656
214.18044331101555
200.39036837433326
246.4946050438688
273.7630684666287
51.47412741841151
169.19021532802657
346.4622625180334
43.328761791370766
383.13050956901964
257.81400207850754
360.2284606981537
321.8547974248056
289.6622318568635
301.9871448442687
92.22491643172134
339.93862293145105
346.4184484111065
431.84510635273114
485.4764119477127
380.9077825069535
295.63106411423496
317.7566792824364
382.68117023524013
22.158188908674163
387.25235256921127
229.40353448925322
349.371964112362
341.84450871627894
411.2421078980612
434.00181637931394
339.8502321350097
362.2762698840422
275.4681545085342
273.11398939559535
447.8703731752574
394.5814261393261
261.172635391444
225.54486818387488
395.5735399467518
491.1010955706042
264.94973480774246
101.95309252184938
365.1469344481379
434.02613828861917
40.01778623827619
412.24893801085835
172.27575431720788
370.5135592678141
210.99123582448397
298.141774665096
298.163809314751
373.2950468100056
117.20759143283396
212.81580804219664
183.55656820505033
411.0085019100323
172.31060794803017
202.48016396794822
245.5604828777289
208.49314501737717
286.5262433320538
213.94056926655037
193.79142706479797
175.253462424656
74.77524198425817
59.694447063687846
377.8137679629382
123.90808870094901
459.5389650157368
231.2168619205238
75.48179303303698
243.68439361197989
403.517007054027
390.05725021586204
290.7240837150222
191.59292953922932
116.63677448697109
331.6331059533362
192.21666337956572
221.99513398281943
470.1916285492392
440.4285295118743
139.03134187947563
421.1015094007477
377.61295383550555
390.08399227606833
9.197133407838862
388.81736401913537
326.3755153252647
44.024186482138646
456.0291099456191
492.33445045220844
491.34147158713444
391.38731795330324
339.30256700821246
325.86579651049857
365.5767451745497
295.39899962649326
389.47678340987653
228.95332987975928
78.73227761321692
496.0580894161072
301.01319473801175
99.95359510254923
160.76638786476673
266.32038822390143
435.63236456951466
82.91995717445661
113.4236553145422
434.0210704372545
320.81342443035385
332.27877342014744
274.3838632903319
483.07139569683073
401.1144406098946
161.93536659954867
345.3653341743078
256.61389133865043
401.6836384466552
498.08665784527375
118.3751184329422
327.96558139094935
353.92403688755155
330.8976300279154
237.9262935162107
425.8825387189581
293.90445999038013
475.5642545614874
96.13732230334449
439.28873137031457
419.534696294477
424.5462040652871
491.72831478431146
453.37718879908533
113.83568333309847
265.81229798339564
485.0460680863607
471.37106250175816
307.36753661756273
477.625177557275
321.26857730385746
440.20438159930364
155.88169896084037
466.72721328063443
131.32450128428758
431.72751581091063
313.84071981792033
244.14952286398747
417.8316183483681
31.164560961432983
415.77744483762996
436.2753832692377
498.6871284581801
426.6790780339837
86.41737496806934
472.67749094869606
172.69975335069176
77.95933937850924
235.51390862826474
388.8073174796354
128.82823295251922
294.74957048842134
211.24120394478433
348.4368756829478
389.30635125888625
34.62462635155555
234.79534803228307
466.839760588895
310.8081146085184
195.84829841253452
16.37921495063364
283.7933287815267
423.4978086883127
476.01947753858445
27.902815603737054
257.22828252952723
118.26759396604297
237.35731842355852
147.80976773002317
299.8682007269618
345.35159106356537
390.27090691716444
113.65101645107302
321.6808041675957
202.31349469819799
375.79994738023333
331.27277948398927
392.62985908915687
413.7412058608803
284.9149411483041
495.6922994695094
121.17415961996653
123.84067180501017
281.08955571602905
298.79421447935357
476.9814397166182
374.75483087480654
173.80766393905753
213.80109799794178
469.48538234988916
134.7764905048084
433.7812081600764
403.7217304417803
361.42358906070297
495.1676414424716
464.4077584719086
271.2958082657807
316.06019048369933
433.08807399550193
464.0966956142147
131.07251852471148
325.8339631814572
332.0075670877567
360.21501462046456
425.4674378215462
417.13442433680905
493.1112805287461
353.93613621589645
185.54493018079552
281.40222104145823
78.09409012970372
325.31279388798157
484.08572442424077
379.61384138823064
216.5952116706726
444.06953904457544
379.5703329508177
132.6868103039169
471.48272103565034
446.7420004929826
453.95912674086605
174.86842446623996
302.51280948503194
381.6580988301534
418.1556954094813
444.99005136943845
164.12521001360585
456.1313904160321
422.3432660275156
244.40082607938848
400.5787639124251
304.51644218818956
455.1610557297435
347.72048497676064
174.13073348301634
143.51320270027514
248.92947288053156
487.6694130944363
456.2864011112709
401.6387500575782
249.0424096148782
287.2911246491353
49.01533427903689
172.38297099054
368.42332816286523
483.1614812119696
238.2177230832463
404.981593012164
94.25142197410946
406.1031000975977
241.18371680891926
371.7512689519797
406.63266815907457
329.3008226078249
79.27295678069686
308.1598735642085
139.56817295139507
377.60230477141727
378.61394266708515
296.5685114838222
258.8572593350293
154.41512856639326
90.6482178222156
377.46058376043254
221.5586123993503
275.1968564723605
429.38726506023556
79.88340000198264
257.6702729321747
149.83162702768306
265.5684263951284
334.99937816309466
407.37505030652113
128.1797069421405
391.57451877048504
136.22811871169682
270.60866508648746
295.2493706653955
296.728597182822
499.59956011636797
361.53929064537334
221.06545025745612
258.1823604254819
360.23038723775784
297.0799250634094
370.13495151845507
390.8556998220232
208.48945601122261
451.2734958485183
353.9835116277661
434.1803855639245
106.73919506092659
63.43696763655413
481.1073975085153
139.9872070407513
278.6219755701878
276.99449582456145
437.1053470467028
378.45389438084874
383.1610117989005
275.15205718593654
481.75953168909643
253.79386804858265
337.68848335049995
121.91921314708941
418.8998868390863
401.87066471634523
25.930308141695548
24.724840502761083
331.4505173605979
