21.34452848558285
48.037016757170754
33.24392297667457
30.804858053136762
52.621812969358054
27.479285567082044
62.71813391859017
21.213106656412897
24.526442178710248
57.30035076522189
60.92723697938246
51.8195454981709
47.326987078489935
47.9643378388689
61.261012231479945
19.545415296223872
29.739450680862802
39.22252072858248
24.550998890963676
26.990595443905235
60.71803222074746
62.797285868768206
54.44607512467193
45.084485600826795
34.59113140175879
51.29835227338024
49.54382896439349
16.483323968824585
30.348705353958543
48.80009398211102
56.82797042161296
12.856710483687614
56.10339211536321
60.06017315983088
50.039309255953825
57.68076132978278
42.736187741824814
37.821173135162994
30.374171950251835
42.97789954822805
20.79319952211071
13.378577349680114
38.143424946241026
35.49282189957775
1.1960316390719399
25.960631396799016
60.338410310444246
32.63561925234076
53.92169625844182
41.266161431754455
63.57879487690795
26.231925702641476
53.559605262086116
14.288381948604119
62.71513118655721
32.80312517535905
62.712766524702594
47.554298648790734
26.214919943813022
7.214551124585398
62.5421577376557
46.10728687646805
59.908086593468866
22.032548532515847
58.28068127328218
42.212288660097684
56.55869837760359
44.618410007471766
55.43803563242863
52.91720576155146
60.41895491697461
40.94415058508389
24.951145412016523
47.62061860169334
15.77919094998024
37.40697559137437
36.98741484267267
25.24513813812856
39.42483800173913
46.68619291138938
58.28467559796582
12.357196743535653
39.794884306015035
30.943044008871254
32.15931413089169
57.62417856788383
56.50074071158466
39.53390705827419
43.861608404638325
52.161672195470295
46.56595553994756
58.93469814328135
29.3069864170756
34.78176135451831
61.74588434915012
41.58935299513313
56.170530040314596
61.253913027462694
29.626794711260324
51.877990725221295
43.1068608234459
62.09621589336617
30.077455303938798
33.82282497633949
19.652438560248875
23.598570534290204
52.78010068236646
44.5114927910689
52.07450342451631
11.78066642558035
28.0962404991433
12.106682094274824
43.77168614383589
47.26233856257423
20.0179921745842
39.8405649842167
22.92521617478871
13.387854195570526
49.25440820528918
15.878979030430884
27.070956687537624
50.1598109880418
49.010210812008076
11.002660883672682
58.93419670904766
27.636060892719044
53.07582288923642
42.16347971120849
58.5595874090687
60.8869450662374
42.7095611239571
40.61434697492935
42.485738266240574
32.199879018495174
36.54873799403984
62.98773003848109
49.75295710326638
41.53749867147818
42.81587610513561
58.22720677070487
22.711322475358436
49.01853579471377
28.56487036576747
56.69906755457739
32.29282316547062
37.21710261375231
40.68925022436669
55.4852264121304
36.245252399337346
9.39638568552359
7.499183907514073
49.25482627260979
51.54550061453529
60.96646525812494
54.42280489834826
7.2553462228149925
60.06909211684933
48.12297722124019
22.859246324146064
46.075872668976274
57.574373162106106
63.904590447087614
30.697572805603265
21.521626015310467
2.9838591264259477
62.2807035210633
58.25409034934188
56.27610382359455
34.8971397418722
15.278635765089042
29.304732527937276
63.755110280283965
11.481428721087255
37.29675838892207
45.02426910998358
54.80271584721575
3.9073694050522008
37.19072618123931
44.651685691640076
60.87627733438825
58.10062118068129
59.24511998394069
18.546998685644603
56.648277133753005
61.51735027669626
48.879476061650706
44.675589461224035
54.263728848305426
59.18205618363947
8.585847124425456
45.77627272167821
18.947515633762784
55.99387807643616
51.373667977404786
59.50494109257038
15.829316027913187
50.519960607676325
62.44078417416286
7.497806732180457
37.20020036283813
24.071494991544576
34.91080717733825
31.228339989232097
22.659203764148053
26.431054983718653
49.38506021588074
40.86706683991248
41.60653366124323
59.75906964048164
2.9127645223820338
54.926741129976214
57.32845894149754
26.829714444208946
62.59323838108347
51.84193770650467
27.977770518985523
18.320869145735593
15.641389313152295
8.72983804326499
12.969611694118996
18.565899649855204
38.922803999605236
48.840586948317835
13.112487546352959
21.543151977315944
58.80677996911048
32.6779084848326
55.37757051543474
50.23611444656961
35.716500349689774
43.546345551808386
8.835399664444346
58.86766362644062
43.48182460045099
33.05311034701472
25.385755341039797
40.73139519294029
10.613139570542415
23.131992506181398
23.85301509328896
60.90521179167319
55.65663837886771
41.758078898001585
47.756189527476394
27.579426767849824
27.35385145671446
57.366624384968304
28.81362156710732
53.863320789232226
49.09502666344838
60.4513650222626
55.665924173879844
40.09241303358229
55.369876068713744
18.79362710330843
63.52106374798283
41.10044924034921
56.29619359967825
62.52736657814232
32.104782338397044
3.307144865112434
31.47807211949508
35.442684838557994
43.41616279553367
46.210366126388365
36.90392306264337
60.10805431929937
54.50165180673803
1.9417026893847904
1.0651013534630067
34.05667665227009
36.51477457392983
8.630394737613628
23.3668502987981
46.60682425323806
44.873546445301116
3.8157941402818594
51.3251725904829
10.853673404313732
60.4688618341224
60.918458552760576
52.65092339807804
59.266734599798184
62.12340652378629
45.96364299881175
20.58475323120581
55.796606557192796
6.617442373493624
36.070413913307505
48.11164040736405
49.144454488823435
45.82262068101032
53.648165470211765
39.955114872562504
49.30429252604665
63.2168724819024
52.48552793145592
39.573135840906886
16.75771636445328
63.84069247902779
30.150552621538488
47.95351103991038
10.850685170205814
43.08286121369758
44.513107531748176
3.9743147452819017
29.456159458945613
30.81313134506427
58.940031417857654
41.44414451057075
57.8809916225429
21.077010286368612
2.554218529196227
51.09855487876453
47.95817895623468
32.86324024103152
16.370686923845625
51.72074025535593
40.7522533546687
51.00322342415727
51.077520655971696
30.77544753584575
37.15696063757252
49.17767523361832
23.959215800470027
24.60191603901675
60.90515673019898
40.9745035747128
31.39241742433928
29.38552262753673
5.427471250971543
57.647637642416456
31.175944654352598
63.20524381321812
27.05617743700764
25.10942860469074
61.6278066891278
18.70144684134015
37.314425303855344
20.61143408289007
62.53506703149352
26.47644652923868
3.4888193250659896
26.022990889158322
58.91234299557533
44.493623762161164
30.350515739112353
27.79944414861852
21.26100503493405
51.93740106214159
52.29477186090191
51.86251300759899
33.61068523359757
25.072849118013053
2.0668248788146286
11.864159476634718
26.57917616451131
62.58899412320139
38.10436585996854
26.600250540120626
40.50296473674192
19.879826463512714
61.84199933984922
26.701429214764893
40.2270174840919
22.361710283690037
55.091141953021925
50.35589382575138
34.527789312518664
55.339555187842016
56.28266796961347
58.598399287544694
36.126159127558864
17.80006288500571
61.80691001361304
63.900128113886886
53.96429166331982
50.712563880409974
33.95912857652974
58.57249251718971
58.83214687906444
30.840074851692187
58.77971637403242
39.607062209003914
37.93963927172203
7.050911578067279
21.310498921431503
32.74506965983953
31.188381219981977
57.03422572579687
16.2774143071889
23.377996461627568
23.562088597742708
41.959599180942654
54.99697157105334
58.491921283850125
53.384431291195355
30.03190385944145
44.765883204722314
62.05671392714215
33.86269510072959
41.273935084663876
39.944414138498345
24.476650910219078
63.13436318899783
53.481518762836224
9.726856436544345
49.69301470326763
42.95454746341018
41.630453119260565
61.83848296446361
60.484431710998805
43.61180940907258
59.79103125827836
36.54684610772119
29.253969650333957
9.063661156198208
47.58299627953736
1.080345294892851
14.807704013853218
37.52689149569238
30.340726900485357
61.19432925843377
34.537829982126276
40.66337260546611
22.60048848657295
54.83689817292507
42.15316994984687
1.510287328842871
61.967558535868676
35.26519794159617
54.954603697504254
27.628020675200226
46.10703959207633
32.641274820096726
15.01595950725671
45.21245591339877
25.88144429284307
40.78538656101506
27.753198463374737
19.621137991504987
53.46963550123395
40.69481495650384
47.39245532931314
8.66522016963085
57.47925839060316
30.297485267059336
23.16455888922384
33.05249418732335
30.309559131359805
47.87829570704683
44.57951002118383
20.954014363474784
23.05745297108249
40.33817689964975
41.57983792741873
59.655024712672386
36.90548545119861
55.35465141903795
48.43585070206929
9.11868201968624
62.80254898566371
56.80322313768762
43.85900144995783
34.50458189799707
28.282672358438802
53.98375302850285
58.08799806527201
41.87515405147934
58.50050393523325
49.20857269948711
58.86875041261209
44.04839242592328
36.174414870066414
49.87955175693388
24.82516111988904
50.019561019608624
63.35584303600976
20.42128220971076
30.289250223868272
38.01433401512578
41.98364182413253
32.48725708916702
43.698755330794356
36.894052480376516
47.38578015707067
54.85823472055424
52.09209312296354
21.012311340073644
39.46552902134209
16.99299430751865
17.081128209928202
52.36730956987411
32.09720653027601
59.04378626201093
53.53657673226686
60.11726120271614
32.426621018969655
53.60546418063011
55.4388932830891
58.07504572258616
62.57337599798362
34.284341199692946
29.75229896581785
56.20407260851919
55.725305273356064
63.14736300998162
53.60988900927603
38.822342808703866
53.92878194192332
57.003156838443424
20.871662730691668
0.9760341988939913
40.54241364793187
28.89588207344812
18.607127500169078
28.38719298018198
47.43420151553704
51.51287767672908
6.692496067213462
41.547094660360045
56.10196746177578
27.616323942133867
46.69765426047428
21.287927929724873
20.091184245973942
17.89116412468278
17.443820394883055
56.41701281601505
38.51505470856732
52.75400525891157
45.84447028091022
40.492147909757485
38.306844095250796
10.552742462698141
35.535379786071005
45.6243204701444
45.15622793156449
34.66319965075972
9.25833376308254
61.11177892944951
21.312180093535474
0.3136643225087141
33.010497573429234
40.82222979790181
40.826793452438174
11.139959678138553
28.004127376563495
25.6883577643122
18.168921295530133
11.359189681300663
5.533518673224322
58.537672975574
46.94969391368188
48.76711602198169
20.161731024991525
59.584751571262146
25.495314350993965
39.86628411086696
39.71452245061724
20.660557738366435
41.728017659758954
62.381757230638435
21.930088941939644
23.421779189033245
42.97243402616222
57.26444674992207
49.595860780158446
31.572602503629525
51.812779132357875
62.47646313142244
48.119883167840975
50.184870284876695
42.57120737864743
28.853102038043296
23.990507974640444
48.121124803906106
29.7919740078691
58.83865756023921
14.226141273320728
21.973306731305
44.41463138920547
27.119920726234156
21.793629753968716
42.37400455297132
57.0500022105167
30.42038649317074
27.721952510309542
48.94470272136145
62.83401360133688
57.12337483147964
53.36061528386852
52.86500055573633
60.62192839063478
42.16810485685652
27.99214799355382
24.607509102477515
39.40349832859033
47.37837624444302
51.248392435770675
45.17386330408792
51.06953497620788
56.049257496502236
15.017536494821357
30.900207483273533
36.303534485533945
13.409588113330543
20.500648522628097
31.118086845823555
41.55634538247336
12.421110551480744
39.683948878485225
63.42709641357092
30.504725188438805
44.95333408524078
5.048363299954019
57.187348203373304
43.56720973089392
9.805392734858955
24.50771065647647
16.276200916351904
32.325199995714286
61.35268365698841
21.82528655913889
61.96990575866711
35.621598864492746
48.51200687950784
8.804262874325822
42.81168438643117
45.717921314767864
23.90431534210886
53.80631026662052
21.75016152803017
52.727961203004206
50.950840345334484
43.90444373311959
22.083777905003885
57.052124297978594
35.686182811828104
45.34830861988662
37.93862773687688
33.573919342186684
8.655437677705144
44.165335975865304
46.61089077405132
63.921197473269366
25.604484046892132
3.4887795436420035
58.732555780369566
32.93249225187457
54.83018038029336
62.297747477715376
20.674578277104636
50.92513395501749
22.783098700090463
53.66399759216031
26.00530922113775
26.00730032222372
46.284723735955815
58.68784005904784
31.200291324959643
43.1479637984488
37.558404383734825
62.02522171905126
32.343342341623554
59.38083734749053
38.50911601578872
46.12563039413165
46.38629262816769
18.723084038880103
46.47286273662774
55.129867764102585
27.61145729982598
13.135743967645638
9.80104007604696
55.695718371188235
31.77641281942529
26.999928260804708
30.846574715029725
23.522452019083445
41.26122100872671
42.5033026450494
22.659931664616728
45.533017474138724
58.94235693941891
47.896572939340594
54.69475248977014
49.123974600091856
25.003856136105988
14.562114756964036
44.95983666511728
58.444719729763676
40.060504611368486
54.9664747545545
60.65664980800631
62.97169538599023
48.29401923332444
7.913040799835706
40.12249943343292
46.83377936457988
60.715762306994776
47.548800273874264
47.96573799025339
23.44251674177731
46.47683033864955
54.12492826570795
30.744484284377528
57.97693128907844
55.629820413433364
46.644039420704964
0.3118840894909738
12.16158939270725
31.466635561310866
60.06949279802377
33.55204939710764
57.277086454540125
56.96063700404942
22.326727350722997
55.413253566232065
28.53259767968926
54.17311111566965
36.9822660223025
57.43563663348785
60.82103054517131
47.52496779422238
60.044183357476115
51.138340852297944
46.13938999015401
23.500863194864785
58.76588562606372
21.226876491627657
15.976658858879766
40.16232487212365
61.98339852667988
40.702654222253685
55.63767238852281
46.61421316610637
54.44429005724976
18.893795061946946
30.735197615072607
35.01242873312644
28.78465540330412
42.14739860137062
62.86607926682968
44.39587731100468
32.08380386182556
8.253959921925897
19.268602723329472
12.683931121385903
56.41473753661208
45.47726614952461
27.940136595194538
23.566428617306862
59.124426165826506
58.818835425853536
34.36435745239999
51.7923092938234
50.053596617173284
32.41728952671638
34.76397068274221
60.658037802218125
30.08716181364587
16.417793850409133
56.07067017127683
20.239500263828084
23.924484844031305
39.86444533014913
45.7871501642326
62.16693503699584
21.684518880333115
8.396338079172473
36.869552957748795
48.94731933820103
52.63308520588401
15.091393627672346
38.548757008418704
10.923962531708149
54.41222918332538
63.28736645776357
61.725041190086664
42.3650364040951
9.635706734045186
50.15926508601277
52.62438107209645
50.404819421635494
30.887457551805177
21.919157267460534
10.157365730814284
43.175476046134726
6.364043421883068
35.10974998584962
63.43317332446421
45.923089833931456
12.942301732527788
48.25328611109663
10.896879607615176
22.714663833100396
31.736380982335895
47.90258442957038
23.566236219866965
52.94323505834955
63.61311847659858
62.35998787962107
11.276987120408812
38.08384055593506
29.839993305806146
46.30475241528932
44.71604242467892
30.023020024347716
25.748603500032416
19.66456169475984
54.050031374063764
40.624579458797456
43.396058857680046
62.67632772428478
53.827355586888615
22.718935143903607
30.656613145060987
54.5140024602271
4.884151204784828
17.349664924289925
32.163120809983695
37.79243171704022
54.79068376657368
47.49690190750334
50.42638329370203
59.9686847734256
45.78770373033244
57.23371906095281
46.29625989675342
61.66913766680495
31.61916624837663
22.100268136491437
49.23389633139931
22.078969104041143
18.3541815832454
48.891602850584135
23.50159495889732
41.813552504818446
37.89488841758948
27.53001289519635
44.832751909005694
38.40847320140655
45.08374221739017
15.451697894669522
40.24280149979106
50.31173286309725
61.2386306114216
62.4465602465852
0.215652973589485
6.407386506659947
26.136456298472503
58.66670508043772
18.68400885001452
7.2094236857262075
13.203762788158045
51.685570449770886
48.04407776158496
39.98196839937912
8.405759231736724
41.440895760723436
40.05762242822617
0.09245553980765919
27.04323235850417
3.5972461198815537
56.7477507797875
43.310941853110705
35.218273020136245
41.362092525280005
10.889746203752921
0.15279284750263145
45.693747978364875
30.024717076919508
31.36027201717279
56.79059957600245
60.97323811835119
49.42787028845392
51.671879974460595
42.28413606174429
9.638050875610624
63.24788406554662
46.444668860815
25.45297957015213
20.334557786899488
63.05577886290437
54.091009388763645
57.92391601430863
38.84897160937382
11.179534456480518
9.8793653051721
54.37957288851366
21.786378054263444
53.017540144007896
36.21664680567999
52.256509717614456
63.619627539710855
55.24781790753298
20.616281077612506
52.75820186197184
12.675659626166528
45.789501930596536
59.840278926295625
13.927838317894278
24.31481199228535
58.099629321616746
16.379428222108324
21.867995960346526
16.390484595793723
11.801886546382015
40.4227276389765
60.377310502265814
52.52882461385928
56.50532829545898
9.200017130189323
49.01615161434408
26.720651023850067
41.597793837890656
44.20816622289692
38.403703384162824
53.824625337080825
42.5919738734615
48.34041526146555
28.477229378282367
60.80877744642163
11.053045001510796
18.68582657152963
15.299286349453887
24.749211411712224
49.90496600941162
53.668007090753065
61.75585144091656
43.24099195918551
58.48875857588694
19.854222414693673
12.479924026161328
11.140910205466568
14.62668896985479
18.966207559355084
41.90716654785173
61.38935440847874
32.47879022048278
35.10979199090464
3.225863095242431
52.87779166122386
51.06025932925928
13.131724092464687
54.147465209861984
48.2758979170927
51.20814951779309
7.21476734983505
53.16267373506656
28.073512520908075
61.508440041851976
49.0724745605666
54.09873237690448
17.170404358568696
44.203188586669555
36.39768964162474
21.897253327528546
2.361649013976553
30.726881919935543
55.734900862250385
52.57830322222523
60.23201713952829
39.406649217943176
62.405223831366
53.29808676113231
55.52199937637567
27.056393095798832
24.847960802022605
52.036465252136715
57.53083400879396
62.23924603605542
17.901199137436407
13.669739812068364
4.230847330994514
11.326684039422261
57.89882341664447
45.26789820881552
29.498832117405378
56.31000689805764
42.31428716695318
41.21743395763083
24.590032236489066
62.09768796136903
48.864233742539284
20.93394751798374
34.92229694409188
51.367175126966586
58.42312462589554
11.846926262209507
31.123617571800736
40.21395554364233
47.83067899722758
25.25438240021321
7.844165718255049
51.50680476629911
60.41181869845316
41.6912145492278
49.74506301428283
59.4727721061657
26.041403957688267
37.4874577441085
44.45869265965375
36.48441549639442
49.22717126159787
53.54649948592821
14.92030585733032
35.025493675508905
23.757811889273327
56.292735822480545
4.867176641485479
39.748909226555085
37.58772881956435
22.57699279586565
54.36085521969734
51.944916157377534
23.531569397889314
43.429028394139905
35.019316550832684
57.608655553146164
19.106935706494312
60.871159605990115
60.92830473251357
51.37305756654395
14.465305977945107
61.613808942989316
1.9479319223492695
37.22105228529183
61.98159669392423
31.46273787264081
16.498254631515586
14.38273478108929
49.26577953253111
18.372713412313033
24.148259181429765
37.95295366286578
37.19553259277147
62.383138815071725
11.863730379641062
61.45518826643493
19.79788132550918
51.770347931632216
18.22218454447735
53.927901566504225
49.272355835169506
56.773222994639774
44.54437837757459
58.104973473198996
36.225037152079494
16.886204995694136
21.920419141841315
48.55066021305413
45.2558927432125
61.34887783230949
60.205306399525945
59.44611661434729
12.823068048677953
47.99924360648192
44.700688285850745
50.23222436379729
24.96612516267281
55.70135260418026
40.997949784572235
56.65071281813132
56.544945010884064
54.182636664125866
58.448243937909524
38.45417208668091
35.28509974899694
52.96063689328153
31.66150742241389
60.29266681845251
48.70289291619236
21.11881976238628
49.91189651755898
23.072396253967867
59.29766528901456
52.56215014876268
58.01481937859014
36.62057730372539
43.938158945113656
60.31408204068662
55.87207798536453
20.730570892547142
7.505412125265636
60.31526020046836
3.2636417913581255
51.91073202347714
15.871225028358332
48.66609019288887
45.804467682184466
40.968373368831976
57.07519514092504
21.211351384047205
13.59269609629721
27.68961509435662
59.54216360623777
34.97938668995271
28.785513447618257
61.308264788144264
56.35648497232964
52.87372251119361
24.76142734305148
52.62242915157024
22.553421361572525
56.555245266387615
30.496534474408577
18.24773620174949
52.030962918080405
2.3965145210894576
15.44564526673345
43.48069631504018
54.625450320910986
49.16524283359506
36.23099821302158
56.602313101299025
36.90777848822802
61.17553954175089
27.825046261612997
29.338446484209626
51.82303517200239
57.134303120112335
14.286396753805725
50.370390611664995
57.71725212148413
44.546996693718484
34.74564110659276
3.9960316504702433
36.05667403115811
33.61230570263902
51.72437665456494
18.44363198501042
37.191105967760706
58.590554180393866
46.99426393265785
41.14643230658608
34.270708802833
12.144597320398987
48.2288487061206
58.54696826754603
55.6646250787703
25.544920117114557
32.28773054433835
59.77053125377331
60.3070474173001
61.10476282352254
31.265173015168173
50.23240741808521
41.04919543834778
42.97428128459691
50.623777997549105
61.871803538336
51.910518045583395
35.1796633755036
21.296611940204244
30.524161122826705
48.68141570556655
58.45432350339767
18.934629553723212
19.74000055629402
57.40019071606892
17.16112251903241
53.125885737865616
8.541196975501542
50.907976833894374
55.443334245085026
62.312245468530236
56.436554254923216
45.22500430888651
43.45941388119411
30.524800183873488
44.567838749508645
54.54541814682551
35.55628944085312
7.915900404005882
23.43102817198453
45.127587555702696
1.6660288374796792
24.750053480760975
41.64236667500092
7.050676520892374
36.941586070353125
52.74035467630612
39.305806244823
49.354665382876945
59.81778293552985
63.740807737431965
51.2087277110099
35.26578497633791
17.138799585143573
24.444400633222507
51.7849677843857
15.100544931972323
36.00647271110881
33.002656672732755
39.362733503087725
20.22197060609532
59.51366532818167
53.64664832211341
27.858460719776723
63.26115769896382
39.923514349430846
43.8294855624156
42.0570460382939
46.695196792911176
1.5878689461045568
57.59840240065848
4.377863744612199
9.63260710701396
50.84196123266028
59.62644997354307
41.66113376795256
3.1496070270084857
49.94487496695423
50.349759060432774
37.48047122726692
21.83281536365036
4.604284966914257
44.78086806780741
37.58849292844563
3.7110517861706995
43.66988359970112
26.525845939217533
41.34300954861778
15.405020315493402
61.01347098018455
36.40412773741602
40.460829171421764
43.273387698928154
35.18577691336142
55.48487185853985
53.604080777303395
61.11608677205959
29.52194788507753
25.921568363599114
41.44210783869049
60.538381976866
56.69667361951636
58.88892483346748
33.74155783802151
46.684161527093806
54.955850001725345
43.746760906634215
35.783277574927396
36.501991623124695
60.68550642573861
6.8127253690830045
44.78053046518693
40.51755933539171
32.24859893802176
51.848175964975475
51.956144871848
21.878032640122747
54.01503736360766
60.25465174317422
57.50141054569158
36.69695112944656
56.181569625275806
23.907464639906344
51.56595899343523
63.69021851549366
28.416741771587837
40.217740679039835
24.645981926885227
33.93669741161178
34.85041386844928
48.380788328599536
18.491051273832063
56.105818862274624
51.73579503550527
60.66835640419707
61.68406358925422
29.633233229568624
26.987761079678315
4.348701334454098
14.32409175908564
57.314798354381054
55.23897180934206
31.777272957819115
14.29301046525989
3.096167081163834
40.38356765036807
47.352085007698605
40.6899270096138
46.83011687105801
52.488396489273626
55.33427472479078
54.700044626038384
37.284771807184384
52.14860000670699
19.242258086621717
38.02673626552996
44.39625383400781
27.374559854657207
46.70960652853287
13.945239422807923
34.663756033940224
22.672197321975233
61.46576872689275
60.19022329988723
48.53292333676842
42.31437144447348
9.86237900976456
9.579020571941314
15.208277391902904
46.86991371522426
53.160574010374205
38.99827546955235
30.93751707829923
31.550145323480507
62.66290702028133
50.05138521443824
51.37297655404406
53.83234251324854
51.35513434745791
39.781559866454515
24.60705082926067
19.863771946895007
16.85504361544234
49.38839697437385
33.95775989268226
37.46315019293205
28.07069785015448
49.11628691538661
38.44888322652304
26.481147081584822
63.74312583700152
51.070130379461915
31.410379342624594
38.36735241237703
46.827232473902825
47.25811129199694
3.9680799924193266
0.11901922469782988
1.159458893360636
45.71573337829818
39.613516439630175
53.11773081263872
61.51538332584794
50.88887863559698
42.196800741685166
20.681424500083303
11.8943262140534
32.88960305915039
36.72174006580539
28.255369831159854
39.664573144737716
43.48311773494257
60.6085502595298
17.399214668091957
36.07745300806803
63.079879454324555
7.967371932015141
59.85498279303689
28.32136701145457
37.28528601028651
44.93616194865584
48.043664245578164
42.04232811258362
25.742346837285936
15.231914873077194
40.06875236421275
49.153961682228704
45.57633258262902
60.53704818521264
19.510460259540615
51.0202580843305
38.93757009085125
13.898211704757301
0.1658338246748201
31.048187435214082
49.874164280717224
49.6351395748729
25.200884055887023
23.026991732499674
37.27859151545832
52.53588860263573
49.16270111259549
48.258172197738716
43.74981710695609
18.16113871170483
34.37080097001926
35.948565585561965
24.001727770686394
21.9132474493642
45.80899721618592
58.58589342250632
45.95795584712211
17.115958722080954
3.5298471235947844
36.878831004043505
60.80367034196029
9.676959056442314
32.533763105490294
54.08514406469292
26.727330939330407
1.2940935427970999
36.80097525806491
40.34713660312919
47.265593076507876
42.96317577560231
46.97880555313331
56.35607387226868
59.21943206597838
36.39584088594407
15.314034715743965
52.08092182522239
57.71039911142567
45.24503191851481
47.185831785019325
43.30906505904871
19.088839908500532
36.60121492619871
46.5161518830676
44.075052734704826
43.379473868177236
4.149471342397959
50.244484006582525
9.289712134224516
42.39669198678679
62.64537061416824
43.35251410565318
40.96641943478218
46.91794694351127
14.415233672031121
59.83786110580918
59.56157024848815
56.266346566640024
60.03287371680293
59.37547018375273
42.25596693212094
50.96123635423257
54.562099133298034
53.45530610375576
60.075924163799435
49.49115601281823
0.41896638836114164
40.81184978012044
25.040566999729457
49.14785585600874
13.308682699967108
32.201542758861876
39.28086066044466
2.480722196447843
46.82563085186292
11.041008324994976
54.95238376023811
55.784064177435006
1.9457449742873152
22.618835514455803
55.308149429893334
56.41053431986667
35.588644025905424
34.56731453855217
62.761189605617844
56.34998010214776
43.72896488957039
58.007295936389674
50.84178356823158
38.900957730141826
40.141387663019756
20.600177426828125
13.917944921490331
59.50571861134604
50.64410496936108
14.49317702027804
42.6364867202366
63.24574099547525
62.17256733114687
52.19423869433592
59.6260705086599
20.33239196426431
56.87552894002194
10.07729581587774
22.137820110734175
60.81263782636747
50.07702461810361
51.99732325632827
19.632091961500358
31.620732377210516
60.16437647715903
53.83835189701504
37.14270671707777
60.64820896679449
32.59597599942097
38.24395660198747
44.85320897544325
26.3590710379289
41.057387719131114
43.776844793983564
63.33923912276365
25.317585810963443
30.28252111774143
47.79272100244995
33.21955738182268
13.863698213145376
15.717973772919308
10.21811852056939
20.090524067580446
49.69190906023994
60.4070203731357
50.8831607083206
1.1350168354598793
60.08740524558521
14.7365128566965
31.100401655988165
55.82282233707408
62.580378101041234
62.05425317289032
23.10747156953905
41.66557934275707
50.83903185592754
4.04722751662316
13.36534362769298
52.08566253903472
33.49966205552148
26.606419724570898
28.01533228545764
43.145101399126446
15.442727051690731
40.72415111287237
25.279409969942876
36.635792032927895
30.246593018460544
12.61496967003476
23.895951241311536
40.50866966381454
16.77879667702986
47.38171645857926
55.72525572063383
26.097548201634588
62.3686556076964
28.809039922181924
13.220875814713544
60.898430054757284
49.60062141153766
60.60380122252772
58.94472009885369
30.576703254931417
0.5197046071128
59.32650844460845
13.822074371043804
51.40005939280665
61.16063613072686
37.31753438268002
45.947900324821006
37.47795712516541
2.6218742572162483
35.200550909567625
29.939369340944708
51.11388304237486
61.79800314730189
40.931058080279826
49.37649055797886
59.185030045208514
53.67655745548364
55.65344620216893
11.511824665516848
25.799613913339684
8.635796163652799
42.36173941802544
32.38996462125668
29.261856249016773
47.448575196601446
58.50517205410837
2.8438622239768137
52.89644633521856
48.762892798138985
56.6422676714556
21.689439470564018
51.4226226561318
49.04988460336403
31.63361600200591
30.80467287144223
58.658254164655474
33.38541301078649
50.6068261906814
60.940860033524544
38.64688622805838
37.59440456501207
49.29574553225322
25.49272498279023
15.171661215166004
52.21149343538347
63.0350891825813
60.099588090795905
10.838018104812853
15.430262865095791
39.070847556660475
44.635074888433394
38.844134611478964
48.34553322712328
58.93121417676898
34.32676144743438
44.16506566867451
45.600343917999766
9.895479988528052
57.52736450235419
41.96354741511606
23.81135451975532
47.212473279120644
59.40281999848007
29.398302869490266
48.094570891938744
43.351190646948126
53.04818486227631
15.117045809580283
38.98485409307811
55.69844387665572
30.346624089622665
35.03622554860426
49.500099254237796
0.20244286558229163
44.64817223648791
62.06099326353671
58.44727090129922
57.39144838424451
31.341692269478948
35.87962219047867
33.27956720357308
39.03713200450467
40.44613460451163
26.811846526580695
55.2843579694018
17.814148574919848
26.013036008961684
16.251978063465636
16.41384498626465
45.520591633556705
60.18458907008816
33.83535662726892
37.81246889340909
24.946162399933613
61.68575077790374
56.43464964346065
29.815879816557434
29.690378629578824
46.23642867215986
56.41867123156146
58.50270844697859
17.903144300249075
41.91600929054933
44.226268469779754
58.37999563638594
39.600519164335466
52.99298236259356
33.07011131244499
63.292578073900884
38.476262582194494
39.90775056420485
60.00501754872776
35.92084368544813
30.646034319120524
40.466657356049495
63.40877234548476
27.94126911768224
62.52766964722833
23.07121785465999
42.02000006599843
28.647197514708154
43.38559136445225
42.88848465362407
60.014814713201226
40.246750389235096
34.296700418238785
61.07303889695366
21.60554293254495
47.41208240261081
47.6613438764204
41.69807210458798
8.553154554115523
41.593634608984075
60.52114006051791
16.746533830757095
40.526631421195226
46.70630536049707
19.03904907670305
60.505989707721376
30.30417204551985
26.0783276063773
25.18749040116858
7.3810086677031705
63.3553434251017
30.737052404227306
51.37048074537902
50.88328203664148
26.16313404614175
15.051019748891086
61.63512282989592
55.115540747647174
10.854177248846177
63.284444066718514
45.649428247258925
7.259992832064881
24.70853360111284
38.955327213207696
48.02912992358134
22.579245368522002
59.681654651771645
53.22483258193444
10.785715193192438
62.1973271126277
26.695427577245248
45.71831697214019
41.28408692436636
38.673884844301256
58.22800133495383
23.209689645292357
25.344537906633313
55.91016355361051
48.33268105841091
43.901610987101606
36.16457017363376
60.81756977200887
54.231832674187714
9.39914973345666
23.54001517715485
10.537358731961383
33.50562635540001
50.73211032023812
1.061874683848643
48.50118750074271
54.430339252312535
43.58806681557367
16.1930429556788
53.68955402531914
39.95017114902211
39.42011912040151
58.493907479398
43.0614913888771
14.255271728502038
52.57274024163439
26.810351650211828
46.89737516934166
61.49781145052818
55.17246055236598
59.375450895265544
40.88404126661125
40.59859433041393
29.727813518166833
53.391592566550436
40.91073368583437
33.331597962499714
32.2068033091753
0.41758055744251266
34.27057520308932
32.7089332431903
44.870434498517845
6.606161132587744
56.09400279474378
42.18878554987117
62.30049540447477
28.5253556805393
48.86108951809633
48.40095704136192
62.460402479808664
60.53149317195133
58.55023721743355
30.238739206027567
58.60109492494471
40.86072789811608
38.385664722747784
58.43408286482047
52.63554387318006
32.73658478473736
33.646062710623305
51.85473308027243
51.5332985798364
53.0270522573919
31.882008218499656
24.859770474083433
25.782313874397886
25.872669682926293
59.59486974304643
50.76253162508257
53.14645593142778
26.126641741946024
11.251334919497957
19.6300380810697
14.384959887985396
29.41193412159562
38.77698979706942
61.314019648176
59.97540934411186
29.58574718375042
42.42999013944087
63.421553518741305
58.02691828093513
55.09883654749702
59.806837128418536
51.77137478281285
40.26842328364915
63.520638083311155
46.20107176778065
20.016819602285395
31.64398669026761
59.660701469386154
40.661549158269985
29.453021618046492
27.478814736101285
53.41698287398342
36.5068662958288
44.79173416900804
34.01867860901645
10.534022497157459
39.207591828236815
17.468936359353975
51.9383126302184
13.68554004665264
23.12347209295813
38.94528007633263
59.26623424128166
38.15930963713204
39.09477307823205
24.945206665636043
36.24602311571854
5.678167765533594
15.304310654018863
14.999216518229204
18.07529215921172
54.385717818884
53.12200961296382
42.57914871497502
55.95776872632316
53.989287311151394
61.60567989092346
40.896217839554986
8.045751242680453
25.68909339546059
24.723549866686135
45.6633393294949
32.21401443489921
48.543620221372386
41.491227388543365
38.45083326443908
43.17368098564084
63.40160710067693
44.32755066498481
2.9062304335494957
33.27029361012829
37.99171205564494
61.207444748186525
36.399777894101916
43.09139568665538
30.89062342580872
34.334198269873184
38.46260128280241
35.65372229471896
5.6237547692057746
47.708812975192586
42.72496418145079
46.558934031852324
8.332694924279188
54.47104441218908
35.65928471775752
14.26779092106046
47.80085889194695
47.8591679735548
51.35031226856573
22.795838870485618
49.186516435553145
31.569352535667356
31.906527000383917
58.429523970077575
38.15332182942057
63.91950446009394
54.251407018252664
56.24540099265139
55.786819219362975
63.830452093732255
24.154820207163738
63.34056209597291
43.2490587135328
38.75370581243603
45.780411207618016
27.027443336365423
63.31477501350557
38.79938908320006
49.24975960887256
26.127084661389098
49.83331852972102
63.06540673099077
29.17070981020771
54.214988074115794
45.563412973841466
31.13455848516343
50.39233359854562
10.121359662878085
19.65895209618548
31.251579088487034
48.59697773569784
39.14734345367046
37.0237071497346
45.914511535163136
48.79218803349121
51.87909901001085
49.990625469418646
52.22078079541272
51.887161212298906
47.926943678345076
23.44658049828265
6.5961344598765095
5.067450511933103
37.21551446744212
33.1598424076542
49.7840879665015
36.28283010850394
35.579748005027454
53.470839875124625
1.7806509201877176
12.645489445378985
46.9475415223028
22.31772939250267
42.30581165726288
40.24274247636599
34.541983425321824
46.397255653722254
46.36922105652649
49.129834701599584
18.671683576912898
6.183292998630861
33.22961646953848
61.27390672269264
36.18618447001873
16.445830311367303
23.70378640304004
43.067413260502725
55.88898757595339
57.314671448027774
49.72925057482054
23.672871894577256
29.107003892047693
48.45665042158118
35.83355058598168
39.64817238043239
28.092343148569
24.54660068254018
62.11935047719424
51.28637257903464
57.342040540242074
34.90745080440633
49.630587585979825
52.2783505234365
25.051010579116365
49.09753124455372
36.90268232722451
5.7018792171410695
43.51668024095232
27.0717713705766
59.07866820647152
49.03188935289896
47.42584640552738
25.35375613678338
57.19274017994894
56.01328383358874
22.301825172845895
63.26318343521285
53.59802302842738
24.042896754993677
31.70505509685058
32.04355132315234
31.011685376221642
45.52474096906269
61.812715486002034
23.118134603939133
54.845023666306076
41.92255970846216
62.023774065110686
60.44039852071653
16.477924207156022
27.195217567910625
38.952946192813016
33.64781766728986
52.236818502671284
42.79272080030381
47.431701829851946
18.734537522312394
51.9929934408185
32.03130616866996
52.998627343991465
10.140629852435183
56.88244126250261
41.047525617939456
27.671185097847754
19.481750795236024
2.1751079466860475
54.60557754457143
41.12271645506831
57.57327214410624
32.242593853458686
31.225692668189538
38.37039986987178
56.48210725390311
56.15554298321074
35.74389126055961
9.030783161370572
45.56512961574666
19.417237657415058
27.68766067852433
14.438461208029217
31.165958240048433
25.977957873328855
49.518287321214714
42.87098731682667
63.96791142685473
23.797726791787355
6.436988627813143
43.79744012152018
59.28721352320334
49.72550143839662
61.28119988275624
42.6361948120417
40.018261324657615
54.61589774644199
9.023083816895024
31.67672151644991
62.75041386696091
57.13386254888062
63.641438000093295
6.066794897388242
53.011424035546874
49.20071467185714
61.988396520951554
61.43480169804122
59.60851651255894
5.064556639043921
40.40584343535997
0.1948923898883166
59.25565902787206
53.47185109576009
9.129857924944666
52.04693385349769
37.96322876424121
56.70413035057228
63.12918784521624
51.956331774876574
53.87085237935779
24.881728847605586
4.496649580095557
50.84076373881824
16.037129897325016
13.588214945079116
38.37641385858086
59.21460721063722
31.116628306151853
12.852261316241318
30.76979155667364
39.588195616397016
52.65787997397647
39.69691242782855
40.291368167957685
46.50747520667336
8.834135210831462
15.44479381859994
30.737004445502883
56.780932170936104
62.12527828045393
61.79301117549695
53.34020757802523
43.85549479451595
16.109630607401428
37.91108319251474
47.95265932228078
25.410267208785584
60.13017561829574
39.13130955945486
43.448111630958735
63.35545651209731
42.417473596605255
61.563497288132055
30.536058370776054
47.988099180396276
56.44670396262044
34.000498919377804
56.35932998141353
45.35740618009592
41.34774767505015
40.83657987481841
47.21497956303462
48.41989392213751
58.544041712601604
24.076370919906395
63.321652465153946
61.526531923857966
50.168992304170416
32.03818968775356
42.14164546283256
21.36432766672565
22.770872805942254
62.4546437225968
49.14109357283145
25.151860935230708
61.13204462333981
4.794256813449195
57.44985779408159
52.043758114647694
50.68376329564248
55.13523819620685
47.53631272902797
56.68352176999363
57.89632883516258
50.46113450282044
46.9633645391211
25.883517285201407
53.08949130048277
61.27581735944183
52.40954170304853
22.61724356166099
31.821560238496986
16.348490198301732
28.236873532013085
60.34308600863407
53.16941426574851
41.260970145436204
23.186185697005335
11.381450757882305
26.2942064430125
62.661031306221815
5.865645440679863
49.61297023253644
1.2483231518046694
42.29468444092947
38.453026853120924
42.532241046660886
12.12214809785214
19.712937806925304
47.060200117817146
18.256644281048402
48.91501057182432
63.35619121784213
15.049710270413627
53.74327014481529
50.15903404594077
19.683695586978764
16.510521731303946
54.7198876871093
57.249870122268874
1.7946214280316894
28.14141788272086
24.107739689131094
56.74050817064092
29.34563615629363
62.832096259783334
60.080500954109816
44.60301794351307
61.56778463015131
50.64717177879869
23.093384333000763
46.77737554031834
30.956503920631405
9.642069591800592
55.89797556219596
45.52887833802955
30.21722797691377
34.35718084310972
31.48428579995369
37.51651945044293
21.08471402041458
47.947935678176876
