11.943203187284325
36.79439039134249
47.27954939893584
63.26091598846855
61.61372669996686
60.55922402023297
52.58842375822326
32.23541235651754
59.35930087096054
30.05746397260502
55.23368526940976
30.68935949501978
25.548352827150175
49.498489528549214
50.88032051426924
36.04376921613974
29.782456519022546
18.42763042809893
10.39503799660799
59.46126696926456
5.844637193442729
13.432975865147156
60.21729300436805
26.180134835402704
30.380922874209226
40.87791809471551
51.20495518153671
38.829735753027435
34.313321560990346
28.44627144183419
55.46735958795728
21.34109801417072
45.35824154513732
62.106393217911375
21.052570802320652
45.73853510180955
7.81354237783836
56.58047862061949
42.8816430507161
32.352671709682824
51.70783798317057
25.166648049143703
53.78575660886231
45.072759921845034
33.47928180201914
18.56017185360116
50.509344935058365
25.831469040787802
25.30758974808007
29.276887946656068
47.97731572783405
45.0633311894387
52.07350373695318
59.39894648301904
47.755913766246024
36.56897000748931
41.709747307620006
57.81361233605105
1.2691048541787708
63.209737330871654
55.5001454132133
47.712682254102376
33.88845343478561
63.48108204146091
59.91950108942427
37.80027633626213
52.51403776234008
62.764458162456805
15.50816982814407
52.78404091150742
37.91105999670408
21.181162427169816
40.48277066691145
1.3625436586968078
1.2482464068392218
12.687239881862155
26.618461055351617
51.02317827313861
46.697392442981084
41.90280292397486
45.63520610465832
42.95844270108082
32.36817082580944
17.103136402333263
33.10874544945424
48.43997637034132
58.46288203330609
52.38490931576149
38.965916692628845
50.76796948396946
39.06841288091246
26.35901147249671
47.6629689171126
30.33900749308718
39.935639888926275
30.62024421349426
27.791266287869888
14.14020842553618
10.105662020893185
55.53451001861469
57.06382897871412
9.312101583373163
46.400694477054145
35.32089643269478
57.55883319720605
31.755588703109424
42.857067711587774
60.94000610943943
8.176506333890806
15.444132375104488
41.49378336938011
42.27022374781944
16.883523353867005
10.61315672330177
47.69224377132253
16.8549495128887
55.32723636376021
50.570698443844435
16.959111227210165
23.294288785465014
55.32779762646206
51.61872260502103
51.631291938467086
7.705294680065691
19.50164641300246
25.788974492832622
42.35528624770115
52.52165428293102
50.44419874298769
33.5230895381121
56.11129243157175
52.609080706738695
14.312794807076344
62.021644528408636
46.04703383218239
13.681265614783385
17.67276553733982
21.66934770385275
13.825961651645166
46.28671030918585
60.518625685137536
44.53259555196312
46.045044568417566
50.20137205367251
36.20203809263123
60.365888513612305
20.457848732066395
34.54868761396121
42.15456105822717
29.497097132408996
36.53990929571173
32.282457422490396
51.85138336623021
61.649922436614744
50.14416252910951
53.09937605204739
58.47614186881106
37.270762991396936
47.84018863598672
35.30327548599559
51.6342187566898
25.850283723745136
60.58362782927036
47.106034841285805
28.628963366848758
52.86144188093163
51.52100624752901
41.12711857424441
32.696874548878384
44.407943630653556
54.0317368864621
38.030672578616866
25.147685269959325
2.869257504660574
48.08346482356677
36.14029168565388
31.504530961601084
52.92874001451728
29.540197508315735
42.927305979621394
40.66887986924297
32.04762690426193
54.47857354267341
40.04032890914695
7.100730561133844
45.899030343837595
17.39564694079082
52.09082593987671
41.286492277009145
6.439326611732184
48.50707733519709
48.63759113393158
62.42607515569712
16.095796595822407
47.278613480266856
21.57213860685072
10.338919874795735
61.04541164622469
56.889508271753755
42.96533376446246
56.79639328133233
58.132122158751294
43.64659763366433
57.09717371621218
40.44985171974531
50.481119594062356
45.99753066079229
25.945028663327506
42.49454641090971
38.449157995744955
60.66629929061452
49.584495823149425
32.35052890013944
32.694272687969345
2.408744443495223
42.855122332955744
42.7884939996899
19.092169957847176
57.93692146184228
35.93303191074722
36.5526749036921
3.2837607568073324
61.25910512311886
30.800358878307875
57.78042262098363
58.42135230466109
16.54174695219473
45.09352493654586
28.45304006610329
45.04437177729739
31.86254775929865
17.32311061117492
45.648080909560704
24.876641653159126
10.858639618759554
49.31707468635372
53.477089783215824
33.03144305241188
59.999678511018416
16.034841207815134
29.390160828319168
18.307667806160197
25.469386761998265
24.194337693008784
42.48885971907831
46.109513187616294
9.39482721001994
37.46505637847654
4.012482503014844
53.23717272715959
32.097740078590355
48.89997213417192
47.36679239947763
63.063713099182706
50.313057565064454
13.777170603141052
48.030932223935466
52.108278762043625
56.83827704215981
10.758775631983674
11.54736187399046
35.978331247603414
34.161864686391056
40.70377794561537
62.985119333738766
35.0690732171212
29.57081638397264
10.781525216235416
50.14996670736544
10.221947297756905
17.57907389438723
14.992541271524047
19.797248673116755
50.54011629842919
14.27045092639299
41.70998488935706
42.14662947224211
33.866023559132586
48.38528587603123
60.8598434086451
55.185734354354246
49.61876357988349
61.97536168882829
56.65449436519934
26.453675630418125
52.37505994844744
26.739528438072426
6.01996365013094
57.60205681699184
42.793704953442855
58.6630868171215
46.63783565840802
17.1835059104679
24.051646592177924
7.253140523287378
61.23846718566082
53.616433594523684
62.80354994385534
32.8083618105519
63.52644901121537
59.70282632045182
31.45172945548382
51.81238040642198
28.269880182617165
42.0663294166073
34.54384069605749
34.16793351614195
46.401463492018706
59.138280259014905
40.497358847745375
59.864291891395105
27.42136020951221
47.16196539490754
33.85907834004729
46.37694298785112
37.077596015874406
8.01266832292189
20.808778112473277
9.399304928808561
55.90789036197271
51.84011909450025
50.0074336490022
26.552841607174877
56.773359197433464
62.40917642153342
46.90232724790083
37.27806517742849
63.13226268280913
10.668985316720551
37.45548062831881
16.765284526783127
13.829659835049313
60.366578899089625
54.58440232387968
57.42050440913443
51.9942665048119
54.06676621953944
58.50724727314243
28.274006808257646
29.10691651859384
25.18729120602942
36.95933811246975
38.02187289939144
7.445750780783513
58.02413636520284
51.614972764274796
56.168776543594426
41.37372857472471
60.66611532014559
57.274325543288775
50.879571523841975
46.019080138638174
43.27723317845198
35.33981423864493
58.782678213443354
58.44623620573411
39.25024790283176
40.76617429491921
36.86374749819281
52.37299148027424
24.78055704374018
52.57669268692358
35.948522546984265
37.162826838643994
57.98107366787077
40.75783678199126
41.55433566946607
28.83903918614486
58.857156749616976
57.3679395214654
46.2026869353827
36.60278365168715
28.22461088432309
21.7477460665719
59.05648115808066
50.095875894192346
35.677722480663256
58.43044409084807
47.902349340165756
57.87090230973541
33.84958700489799
61.63980099851043
14.90412048707892
34.73833033052681
20.765796814069738
26.06381392363157
36.650834638299756
9.554446000693794
37.272938989940606
25.555869063595203
35.345178999838154
24.293840903884536
54.2325011967599
58.46719902958337
31.91503205572812
5.8900580155563205
56.39758530222442
27.41233397611419
29.155973982052878
53.39977840684952
53.7233159241528
56.5949104959858
20.652303955383104
18.518253490353878
53.01241363285847
10.660098721594977
47.78264462198901
45.8357693259442
47.91290414235841
60.22285444795363
54.992574020616196
44.518743285614455
40.80708514220605
49.57629799424558
10.312949030072225
62.6524116304544
23.544727433273437
12.290681325255136
49.866338849656366
62.58890839023205
51.350774111858705
49.3703650037727
47.941972334535265
22.377250533239533
62.11596852627875
43.6037524836496
6.958527728775707
28.506604177680217
59.48768906705627
42.81594133847443
34.08369570768196
16.04667039546363
56.71434590548962
45.61468915382011
58.407481347423705
27.833874316462143
21.889402944649056
59.048854375443106
30.139991464520648
41.28501013916152
47.25104472663193
2.5606250236603003
63.32436744877905
62.33584957541825
37.951714752178816
62.10899256393
53.6466057545089
60.02019662155322
35.7894755442948
45.61970949196158
16.6889824116776
47.654412927914095
60.876209596572174
63.48691273271365
38.95936328743617
19.786836456510073
47.14169220375015
32.82417372127662
38.579073007540664
45.34414660299237
61.439687508714364
59.81816666459613
55.14503673612394
38.0400297484133
53.754148392738834
28.11242523817785
44.53229985184015
41.90039226815391
51.68244613290637
50.804258016791096
38.07301592058618
7.963189325636314
33.794193966896046
46.08894189428621
23.158386140692556
50.075140891084516
30.09698518478453
54.989583181509595
44.645884359886175
41.41755408095412
33.2329142960606
47.903127231415745
51.80187321588637
34.8959914353094
47.36139487888617
58.034907589504776
37.45933547533146
29.054378628745127
28.47621509663793
42.28937108856643
36.34138672524425
37.588531818697675
50.7885121399415
16.974282275842576
19.31376251872978
57.83855958870277
36.02596444665541
50.52077229446478
42.86328906137269
62.467306641860446
60.689940905283144
44.034325547982554
16.981303440943094
57.60936597344454
60.925992030878774
28.803154414555983
41.875823733123624
23.196548788282094
23.732746035623173
12.973742934893096
53.763186226217705
49.539225698251876
33.268671430194175
59.02856651708223
38.458256923315034
52.34173838451168
4.662155796642438
51.30288505508072
56.32162058463178
29.295795917564604
45.700174086277215
24.841713971851746
21.224055186332656
20.97386865268482
57.874345931835386
43.49560978714503
62.404849176508776
45.17788776987119
30.825860801660042
52.6048653724239
13.002707061077324
49.388908415301685
46.07918592105926
52.2722726665982
30.850691895260752
35.764772167895615
40.241176321007174
62.80369701500168
32.98738858350556
38.94192374003814
34.21479540271728
15.92915668731034
62.73035039758488
61.01818860477958
8.8819387481255
12.435200393759004
43.864331790177104
24.378155408299996
16.159492866128126
55.22704014514603
31.940427533343325
44.432455490000066
46.82937222821056
60.20288361651907
58.75501765215784
47.68388815724911
49.36628863517253
53.52813581312023
14.008846285724978
9.83930832058666
15.334902001895188
61.75831252852765
39.23748791749448
17.4723161473592
50.78168484840853
43.58390227811435
26.025047496969265
13.868713304166434
49.2681541459402
62.48649568378891
55.605696545893096
20.330919216203263
51.93835071993652
52.25856452599646
52.90861925340916
32.48707256557021
23.930994976607025
51.04923745076236
56.43847471165083
6.4567601655167195
50.39797108354745
19.612119704795667
51.51124956300047
58.69321824861598
32.48415679558228
57.24240865384016
28.829023900912844
30.95228128915879
34.53384600275467
43.585524981853695
63.73615494098382
28.67616445706986
51.32393887447553
22.41062142314218
30.892321821383184
48.21388022011976
20.58840109445937
25.815106922208045
51.602798733316504
21.90033790058454
37.6599618033995
58.615753841604125
46.719628460600596
30.895633733399777
48.337893290543775
57.66323715081658
8.07177267315754
45.076136464531324
24.241161187593207
59.34965833167014
50.70453361776319
10.910044282771473
41.89633105802373
13.889914884857198
53.227511776181466
52.73929191772958
55.699720874904116
27.863655075692797
23.003405583028005
26.08755950724882
36.18701355538171
35.978794788005416
15.192599523382071
10.562404544195694
47.46213494795496
62.27705037173985
48.40909615098724
60.84354411166267
58.039702786416186
57.391917221979554
43.86800598077609
40.4357897275421
9.323228503323172
42.477819758267714
63.99810347117442
12.368586041924836
62.40869174647574
38.43981841805322
52.49070759075511
29.706441357446508
56.946258946866934
34.0866507971313
21.987728736502397
32.0469859600791
51.1513738381143
54.16589778812303
30.18155975958595
23.62069010528164
48.87921236563177
59.30062810930803
29.466592056504602
38.08669039143538
54.03279758342523
47.94954226416515
50.22421070322709
48.94529582953509
17.61751469764547
57.264756203919305
43.37962593516116
23.751179941480487
60.137594801241946
49.88262915852115
60.88309183608924
26.973260846655165
40.12069873467543
46.08302861855338
53.00844289634211
47.237360794646676
49.60826243670584
15.539904356097523
49.14564629299369
32.87727512800267
57.201900569886796
42.48109690024101
44.565504695132205
61.052259918070064
50.09884135804229
43.94345116579209
38.139315280463805
53.61641508507476
35.23023629456934
42.46553232085027
17.339273800440758
13.074137435711897
4.074851010399165
42.15858928720644
56.48525631359338
35.52901907777767
33.497396006195544
22.41763053894477
54.47781601573574
45.169965650357796
43.40765983474122
43.27984196910445
32.5722941957915
60.1849274527323
15.415518418950306
21.277232072952643
56.343386117165515
50.19446373882856
49.99451918484361
23.671912489124637
25.362698108753598
57.17921297643575
54.448607957802096
38.37103644034299
10.688801166646343
6.451440309688209
51.8107685630828
60.088546953621005
19.4448143805936
40.6695915606938
46.153639774316744
58.58430718467617
54.234663803150454
52.94802579855492
43.90977996435061
58.99238095678353
62.495272833382806
57.72168460434044
37.533991636216996
39.811451550806936
9.840920841703756
62.65052461358211
31.8927046443051
50.39272718168106
38.31702962803182
62.34311649238766
45.15841669474903
23.15320614770817
5.578826221208445
17.257328970712756
26.094882053228332
18.9717516597593
60.446986038171126
24.328398180188017
53.5684651612008
24.49962568846677
8.285429188322517
21.340345270264272
61.206593439106484
62.25298884040757
40.78486677944101
51.46377703112572
58.487078919306846
52.41910491038978
19.48018317587138
51.31244340912191
62.54982354124
50.55304889959085
62.034872909297746
46.5959068332879
43.860229803230396
47.66676278071224
56.684848268655415
62.9348310607064
44.83190313883654
63.56131406759002
63.8299153305405
49.157604485515996
21.068868501390824
42.642501216669885
24.17874851669017
22.346707320886217
50.8016781136991
29.160532491105613
3.817867336120244
56.589765371036115
50.795956783853335
57.203231428858366
49.43334694242534
35.67415436244819
7.623862417363327
48.65839012614208
40.85225474326401
48.58279456276179
32.7053162424381
55.15237003078029
21.68648314309513
16.21445293319357
34.778565348302635
61.97023113939206
22.631029739034048
19.718383709056738
2.8349153382258763
34.803973167013694
14.513074525774279
56.29738123411161
63.14518053750207
41.483537920875584
29.730239057070634
37.245501562244684
30.524162001784774
36.20220346318419
55.052183711610226
13.07465078520302
37.23189747601451
54.67871857497289
37.179914375103
20.65695896534119
18.58812488885757
9.977688656406357
40.669933028759345
43.407554128933796
57.05485163956005
43.67769998228492
45.800369863230415
24.001158377079207
46.487720866620535
63.06787809899699
38.791753505878084
37.47614716779115
62.340944848216964
26.27789391261114
57.54657404552265
47.94984390223648
9.811277097545798
22.384744749373645
44.3792542027104
11.518344599294409
47.46033318345701
51.632757239754184
31.126429349369616
32.32894328504905
33.09715685540013
23.74933264870151
63.40272374759394
62.75635969215628
50.578633593287584
40.79657850606405
41.27772790795362
41.496685187135554
60.80827934778268
34.058388490449744
51.77727986012792
12.759650804478945
52.40063332817276
61.534025206793075
51.39464772715736
52.75484316747512
25.155732631215933
57.46805513049888
32.68673619445873
45.24301134457125
56.38372956095159
35.26528744448976
57.55042206552088
53.96540834714139
58.189794349031075
28.271773028127207
59.339105582243015
21.318326678430125
60.74385208233519
26.94879415168583
63.13694971888712
23.23555064704516
22.064516003040787
47.33996389401764
22.180294712816078
50.37909447042148
42.13009845757912
26.021394619380544
42.960606827126895
60.20161714037967
52.07114218149475
46.253477847772324
56.895223203206406
33.494494607360664
58.56493536063753
22.435980215057462
58.902880128003915
10.145204989135436
21.3957930481654
61.20279238328137
32.89650816728051
47.77695995763861
55.3173233467641
49.32866071137668
11.714148673289884
45.06357787300695
55.75000648750972
40.66614050935948
22.86470749996485
61.861218171135036
61.67341753014621
40.14177850465657
46.81124583163104
63.93204616085915
37.069204463090884
61.73970906229369
57.31170517566943
24.464440165899163
29.561947050434625
54.23474197603151
12.414573953722588
37.53726853681275
55.852636219111986
59.01776501725365
61.52275841532888
17.134879127975104
19.64494473643302
40.76022778696359
12.091202860672574
53.17942546276893
62.279778103832925
44.751760606468295
56.93280266044334
28.364611200163736
33.80416013800925
24.228066252672605
9.28973703007128
46.42880874540134
22.433666120248702
11.93813417199069
39.33260989257339
9.340595466722718
49.43049339419336
21.18284698286616
55.849750506422914
62.39636745967663
59.285816081155495
51.28163416763525
36.31184194596983
41.69746604370701
63.40059899316731
9.353265235750868
48.68168190510001
28.666625114641327
59.64467359029775
38.943173567371886
18.225414315092493
30.28105591951784
56.40769608915859
33.07351761673311
37.84676314852575
42.105696612702154
25.22255694794667
45.778052151318576
0.7504517032715654
51.54484535033758
59.65453018363334
31.660986748911846
52.899471299666665
34.12944101236479
31.29375996910302
17.569782401907496
48.61684708834209
17.545077110806346
36.66200864576518
47.93880176078876
48.28107433265207
37.93700188478911
47.58758197128214
32.525379180336884
54.16667562353011
7.20825380569034
59.400707714522206
9.17501136955756
49.40402277401579
55.12811663780393
41.67080821389858
46.57271577724623
51.336081292554184
61.83231948270454
30.826893495781782
49.497244801949755
37.43485604352588
38.316645111445695
30.564152041634053
1.5379220332082966
26.25446430524582
61.5137553097542
51.306997650079566
23.003989606553503
7.851921224786722
38.00334600184118
18.104013318528025
26.72992436289603
54.79213071193992
48.00948654733253
21.205717554495358
7.011376467879693
11.322983935232976
17.40914641781678
34.463978324043296
4.956329165578012
30.39639332705086
59.578322418307835
61.869936619027676
62.3949859564326
42.49333208313779
63.640788701488184
62.03594038072141
18.500811628920893
30.681895530614113
32.39027617685093
27.909336324520083
11.008641822640698
29.30950687795916
24.606076444897354
61.150851263601396
46.67531996046322
56.04336205315941
42.753011856009806
7.472430754413196
29.54567872884565
62.06117432764355
61.51907366660845
46.3296429990442
28.85128962506527
7.8413901845978415
26.590557786490344
54.437921865388084
31.332388252602712
14.53433052733265
41.47684558871116
23.605437144399218
53.00780140047444
29.00533653777162
34.04852650539168
54.650241531893805
48.48987412945524
43.968087795287516
27.86202505382893
36.24038920885273
57.99522041937204
5.724142025515157
55.59912620520258
20.12941171180772
15.44049973614797
30.683559813008316
25.57939280629727
60.02494485595305
51.268088371198
48.2423501792544
62.80941715531887
46.03986644282885
40.372290736190934
63.547039631530474
15.359738622864882
54.92448224733472
30.21284914690596
51.85323572931294
33.35596686220274
32.112146073871614
56.94508648591483
54.630762582856235
50.76948604358991
0.4752213721730101
29.543292382269826
16.70660260379895
34.62669523137636
38.81669843770584
55.130914271500785
13.796617306160861
45.9823887886371
40.181928137431385
30.55488639149805
35.70767437210442
59.66841700767844
50.98936330344071
14.952968950534604
60.28083600531856
14.835380675726562
55.38155610443245
61.13027618200323
51.61177976970805
3.0881877426784143
29.17084296034922
38.52484526767677
62.022658627022544
57.33883131123291
37.07527382916845
20.661281768261155
13.590295285490711
60.345215688571784
54.12638491482164
35.666649574371355
37.30439609205529
1.5872445994120312
27.067610417320203
41.562678271950745
52.94815749084142
45.092188788390814
48.60799968957531
52.10613903265123
24.017840337655407
45.11013948185939
17.067330454655277
55.96501482995642
60.334260109959125
51.68645717081608
56.912151536703256
60.95226292316053
53.229429935957995
43.647951772989344
38.72252027947196
42.32618969518131
49.90774625351867
50.56192659007463
60.197300865766785
32.76499005468466
58.65361515926777
46.15406611496236
35.86450075362943
38.051602855546236
27.30320941953996
44.74544311440859
56.49548161248303
7.005939672523759
9.291761214970933
39.324923623424766
40.13868829517274
9.786831875280605
61.47216759072882
20.175524368257285
3.3929053750672082
56.08165644624491
6.300026283286847
59.406875936773325
11.240885750303164
63.830409578506455
53.6557320836486
23.82440413690491
39.00285848996759
14.73240649656578
44.34046118285112
32.391358289590556
52.294138737887806
13.031511450421497
20.473539141356504
47.951393317219484
43.98932797367324
23.13771568530303
37.649163622710404
49.21418758402309
55.109325847929114
21.745436744990414
7.4709420736488
61.59388514264615
57.5657925712599
30.058426409944865
8.231596146298394
48.98744286358078
31.204885050014866
41.03790833315921
45.1169863947115
41.76213968347864
49.09776474780079
62.08575613473685
25.802765573732664
28.824500781161674
25.587590754271872
45.7522472377571
11.127114386775531
16.691714954618035
27.271769736848498
27.44238808408104
31.34232313492464
42.462490742964796
47.957455468780324
57.893646119551484
48.54380535495278
52.547907393224236
39.42915660203382
48.22788276718935
36.202674753645454
60.545401349952265
57.873195675896284
4.517849167814603
32.62352366099677
19.64789871468917
51.61275118320797
17.91947345276698
62.57917636471064
39.77425316355867
55.9637844460923
3.7394154563275706
45.82076620314694
38.8169123885194
62.1109413463363
41.63470798637718
48.36891317862302
39.534067710427195
51.7283291019139
22.62072557590369
5.535420806747069
60.085224651520114
46.36513941332507
8.261731058292675
36.296549114743144
41.26842925497407
7.147869107569306
44.641988641651686
0.46331322617457715
38.52288421021224
62.198029966821444
34.69611355514908
33.16066146550604
59.09412636603678
55.66343623103133
60.93466577070106
30.100117153488753
54.52828051743325
35.959711203089284
14.20771061243478
29.921692562662834
56.04580127711799
61.807346753294055
26.260233102720015
36.71669050591565
49.46096480063974
20.137408839136242
50.91695547681381
23.86264127303535
49.97998998008475
23.71329539617853
50.26528340077398
16.47607301196937
57.99495217654069
50.25658361738435
9.059253270555779
38.82630453654624
63.770009913286636
55.97831674220892
24.026079865164405
59.183615433067594
41.388623812015766
18.40750936805695
25.864318549161588
49.43469386436752
47.826960130451226
63.80877587906323
62.65999228954105
58.6304647594363
49.55292593130247
12.630817209639403
39.12471218073311
49.897677418066195
49.187682889268196
27.315123524557393
36.27048404517792
35.08713600615978
58.261102789568746
1.9723350765566536
22.66297533447765
62.70332592904491
57.33089136240757
28.376432400008675
62.17386130761704
63.293942695444244
14.192062063668097
35.44743699826667
3.498447196042939
56.77214524388358
58.18459785556672
1.8229231270959474
33.85126242476463
55.56561966228916
60.34089249671055
54.755342452944916
59.063022121837506
30.91642663149611
42.011743056893266
45.01093902858807
58.19596726011674
30.042074677795263
46.50483289032843
61.26517104724402
53.978283173935885
15.505654553880063
60.345265397055
42.79517002352042
27.671455914658964
16.810664287600538
6.251760883301159
56.62805066347691
50.96478094035395
7.799556573421334
26.209153579448653
21.34388048451497
42.81840486278249
30.8766054737315
60.175594213649255
25.99985273997509
48.237598394920326
7.076450312401526
46.966785853817456
60.83664190925336
50.83030588455442
49.51992589296203
20.303683046670464
36.640417863117996
18.15412651225264
59.74609702823623
55.82780228127629
24.906800294009543
7.14298821325729
47.86800557950984
63.201791504434134
53.885845928560435
34.8075827346842
33.82676343228016
52.65522505519284
22.5110579151726
25.02906918549636
48.7500197306969
31.480461473253413
31.17588934484605
39.238679173693654
41.974215480293296
3.2170098648084817
57.31767542859004
62.42762603320796
35.61168716564168
29.846774129749754
41.302823917421364
16.241818287628902
59.3884140404894
63.745325293744294
29.652971138474506
45.29656847347333
36.21053337167342
61.30179597562425
50.35797744985497
12.659599194189298
50.86605918700331
4.809665496918598
56.958576928542776
48.01795737600373
45.95784091764308
59.06098625449316
17.574210494891723
0.1797682482834162
57.46390658378387
53.96748992642245
3.0979302757385554
63.72779872194191
50.799885353146415
46.19703442947984
10.191062653054097
63.3045179568513
61.98460438828839
26.419772346910904
34.89365192575847
2.8478677589733365
22.271096503520752
60.56281990987274
40.01108546216318
46.588601734616574
35.772936455370306
10.768649572789933
54.049809233858
44.93191059910149
37.36892247354719
57.08103426449876
24.511915290960843
48.691931196781326
39.5560548254073
61.99598901776662
60.1193671436084
56.16089236092025
9.534626740259874
60.4385230849555
59.15712693141609
63.91986817113147
43.464078478423076
34.3224031034552
58.26819069041309
21.450088192595352
60.11766134598493
33.57019322786165
17.420457934987553
55.2917268982996
48.25600726375114
51.451423134256714
60.32242008176523
62.45615859049809
54.092509930147486
49.79210927889635
53.53953776407188
22.824045097211666
28.54034858217355
48.79924295178365
63.035939801459904
57.47654102622573
54.657295371721865
48.06195067516084
22.633340792963914
49.66075194523992
37.476130073514376
57.60723649200856
44.64428731293705
27.928509388043906
53.625249594908354
15.002752220892255
44.10029830117716
59.67186869870087
52.21025299418181
51.47509947662844
60.211509504845694
33.91732354256456
13.285554994117803
43.38965352267894
48.224372727270904
3.3172537340597543
27.526478890716376
62.1633444686437
11.773667802124187
58.55403674527023
41.58136908970039
54.19885913098491
54.12412169516573
55.40512424739313
52.79173385037561
54.9762354666073
27.855952095810487
26.73063876401084
20.853275813835843
21.83274569820351
1.2109259424241898
0.2694893881767868
36.82423071256335
4.814833588536914
38.4152572394232
43.674624646514445
36.526951201220264
18.147547777743547
4.163294958112218
35.44033585748475
37.127592670474904
44.171335894472946
50.75178193906763
49.6305890266598
15.463392401843578
56.80926198720854
23.432160653727323
61.79325345591408
53.60140511901543
54.130366543072356
50.34481886782561
30.3876797363299
61.69555994797011
55.27442862664428
13.211334134253427
38.25846945245799
42.75950641053845
53.49842443735608
12.818055820076523
53.86725695522752
32.22279606229935
51.88130258316592
52.10867472556638
41.67799853526262
50.025520179063065
40.184015953030716
21.244916588983926
25.16783588954202
59.91699128265608
42.983100827453825
39.50661383136362
63.50265316362877
23.687761829778253
48.795882541550334
44.591462701110345
44.241337175020284
50.65754243453182
54.634320807447565
52.666447293633965
21.19292280634665
47.9982415629177
63.98544110591993
30.570294478496713
25.421398140954807
43.640679605935546
62.009156034900165
15.777982992740895
59.16475446468571
25.443813625021455
0.39308054323780084
47.30071565816835
24.19742494533022
25.787933140617334
59.58852815745857
38.89249646723897
38.55461115986494
61.23784593068683
27.123791646364054
29.0597941160891
55.451837778729
38.62522126119784
50.354376267827185
14.29756390787054
61.55648397104798
48.073782108218374
35.51167383366155
36.582236089319544
5.290170393062368
52.59818987747143
46.94571489892044
28.99160503785116
62.57642415096759
50.67849936348681
55.697943824696715
43.35908347093046
16.357426223174578
27.041359169533976
47.20147584166057
41.85782720040605
36.30563056404215
60.41090988752509
42.77196671712906
46.057554742270405
27.97467720034522
45.21110132788247
33.845428315802735
44.17290065254366
28.773879004179328
57.57795455901971
57.68639204082119
30.57676878718344
50.230282541694834
13.319459524232094
23.630366561430435
40.90062415237007
19.578911526343973
46.29707790773632
46.58562274133372
63.5922540100044
48.96013591049613
24.586791990290834
48.547195212221276
62.38080571031275
34.08300708852961
31.03779853520529
25.044844395762503
54.330528336426354
31.8670170047735
58.75761085424222
59.55946673947787
50.976014129358134
35.3727008587864
7.67191741266501
19.332762055428226
57.695354366832646
58.60946639020858
32.35930782232637
51.487769648932115
57.5844735747062
46.77680941663642
41.04824062590439
53.175790729100136
60.967084497269155
24.077158459568736
30.287653651450427
32.49329632493858
38.12206412475068
26.664396903235485
0.5055145996490751
63.768403546258305
38.24998469081716
49.44177645003851
0.9209264525571257
52.0756917429084
47.96439024329054
44.384346200340964
49.801240410792175
48.664496883827375
48.24851305103361
30.604979704026796
56.87188632773978
22.989434744131962
42.11386086222349
45.972869708007025
31.323537067938368
28.215184402835447
55.47477483645234
35.54745743738333
29.220347167206327
18.68823283181571
45.20805654342935
55.918679222834896
21.116422539748186
21.95172364096529
42.160672320528136
38.68811875242797
61.9437744827754
42.118114608673494
18.34652788303587
61.03152841030969
55.1025187153946
48.062931388564536
61.8907889047138
55.91681707425506
59.894200476433774
8.421375294107143
57.857999048521386
56.79655278853657
22.75135835513362
47.79670702666568
58.69347012059442
51.70129162372554
18.035337945898632
29.908146212838396
44.53782151691956
16.66926779197341
50.20932835127705
49.62529178603266
40.57978781338339
60.46455641159252
53.468280369313774
60.258520294527465
56.574263095452196
43.811102699128995
45.61991449450784
61.11424484994908
18.09925608955089
53.61289540291167
29.343763222866272
52.95368023957512
63.70707625918437
38.343356420953555
55.80547406362754
19.888309321514647
58.71585629839803
61.44661275935965
52.41993230359956
35.98692312149923
50.25897156569135
27.789671229103355
54.791928375689594
63.647629480871935
53.314699215543534
63.433606404660985
15.781992942731826
60.26588754060855
34.67883801091777
26.578103825863963
52.400734110926926
38.13269495179848
42.60129453227644
42.58081759672362
20.636582169668564
27.74441016637583
39.70982368760245
40.0300681212328
61.582133765816785
40.55881190233848
59.31417812442407
55.9304059210221
29.077435895348486
36.10180454241481
13.24033728655602
61.885183246438345
4.098649798444889
4.304000523899177
33.33977321531634
45.60606534396712
54.34822301297195
18.416514724875107
12.647831207164828
46.22647325458274
1.273547816387918
29.444566795410303
54.17741850022907
53.43471129982786
36.58765689106263
3.7745736650240005
47.530312762887704
44.86260033733865
17.27640300357764
62.04988383148922
36.741039991817736
50.02658498681839
26.212509986401592
57.514439847857716
60.548226469297106
6.4748371473638855
39.029307037813055
17.303855742173376
43.36533702733525
41.241048107768236
36.572256480555545
21.82750020491607
43.734954818988484
23.838260571667384
12.794813368966366
33.35632684579621
55.34861909770211
26.648310945356968
60.68700977602001
63.50034185851239
49.42899195943655
0.29306093193678606
43.84777418746894
62.868378518987676
23.70095977026883
5.445972603767217
54.043570364573725
46.189345138126185
8.975265260192714
4.184288869752521
63.18219411754694
52.461107511655996
22.138256503803234
35.70784884798252
46.82732901560976
15.117584188559803
48.65365840119779
38.84238099135451
57.43905560442635
8.822734903387214
41.821182915235205
56.61613523037618
28.876315740333688
38.444537750818405
58.47039653017665
61.822022578210856
54.671922465748345
25.409412879026355
59.723097612620755
15.186201521996551
47.98227505032615
40.58530355278043
60.865299528584664
33.74737555670469
43.88681072961057
33.048111882387765
56.77272377609669
38.81129647142649
49.713072962201316
30.88120802665938
34.20433986824538
14.635174596216295
62.61294275910311
48.960349021648554
60.60703240379136
10.11476807477613
26.09030332843711
25.89184709910478
27.272076232663387
63.863772543593996
48.49067914960673
30.05622568358023
60.286558320126026
22.834117821831832
61.522257691505125
33.72136994361584
47.52686173701966
9.738553805767602
33.75069154409451
22.017823302697828
47.597692208408176
45.44816527874186
42.35221992662964
31.12045503201866
45.1558602236654
33.47116910439767
14.129739707655446
43.93414638285421
61.65116657566926
42.7824457130299
11.175655618313208
50.087292116477286
15.315127045418244
1.8406145789517439
40.90264984116521
54.56332746204968
10.111572915803329
45.82256099374088
42.50801753955572
49.562498709831466
54.203157078070106
56.15027355147677
2.5200756884921702
44.92116308268539
57.54097866728356
61.556949606929486
55.0758445083316
62.24907790591748
52.74688936898788
11.279974995523517
30.454211677310255
55.91655447947437
63.48851000848677
26.478527948585977
62.50729634590746
30.55062197756851
49.65856792568518
56.9639819642194
32.6398914827071
53.51719653521149
25.96102479413596
55.42444313638727
61.81976014577661
50.36583621346476
37.833013724850176
40.358664152502115
61.9407971895367
14.814039484600393
10.967806015026689
55.62510160908933
46.51833986204538
45.32978160786731
46.67879777548552
55.361021381857135
33.89525614586893
28.08171481614125
62.685985921727664
57.33124628725798
46.208307014208806
58.55909551147073
22.50132404333194
57.86418824823049
8.319568650137697
19.43139720969132
29.782929223414023
13.14220527549157
62.790500722741484
7.703638300247107
14.450687840170943
15.39836104601357
49.42139493744246
62.61550654944916
56.56744027819997
50.46095777744768
53.22434324960057
48.923814486677685
30.77485515671998
46.81261366111078
36.86628653668545
53.85166604456979
45.83183756959907
28.919282635449548
46.51140818002703
63.251186257881194
55.36644550635361
49.61517364646012
63.32223939113301
43.79221969468611
63.20441436425201
61.34551964361326
16.306025261184118
11.086974024979646
37.13719447254782
63.96012999498727
54.199496317463456
52.73180470741909
58.9506104155404
59.84736248086727
45.8880808678785
50.20709930209795
25.050519883066883
41.86780758411797
10.842582659668125
58.1620745867325
21.695943872461648
40.54932091709962
11.166211762849464
63.79754537444101
62.67805216842641
35.22356409386799
46.06060519341263
39.180426208986184
33.903391049645975
52.48726751775811
18.613929709994117
59.94801410906655
28.295799757996527
20.800851348731562
49.07893756272346
4.1952628106415375
57.66136310735576
47.17322950732971
27.056545487276424
25.09580711102725
2.2071057559999403
17.07724753543362
2.5089668238548057
39.094964611875255
55.09675746535674
1.337051729989149
54.37815237272666
53.923309538302746
12.284198134109594
5.712051228110859
21.585217395396263
51.74336582733294
55.81904220780196
62.826576317659416
18.040005013101613
31.241186790755336
63.93959881762666
25.87665547672902
53.78323220758918
36.22119309377072
56.186154025331646
55.10950506464559
16.22013234650658
50.77641769723529
62.2468021790183
62.09201526846694
47.90858294756261
37.32040194076632
39.84149195620148
35.72828965344509
56.43276379591375
63.08074682135167
36.597497646397656
41.223590342310075
41.56039824474691
39.77098557178981
20.047957340211724
53.371994155424176
43.4876881593227
16.570440394658952
3.5083896394067793
54.46093300778495
50.005041052865415
2.977120192322154
24.636580694557615
44.00239834882053
33.87014163648715
17.29821662876457
58.811269312267534
41.373045065261785
10.949128434544036
49.647907777041986
20.432420415308535
43.49472247366674
20.602025890725862
63.935864537845674
51.48289214855686
38.63471714186933
40.41300186770733
13.209479271569528
35.539349177120684
12.505970920956258
16.19418273469706
31.47653448732286
46.1421393286863
52.18385999553453
60.57221556298304
41.67223848517497
21.41333880105354
35.249145921075126
45.55390891719158
51.36896995371692
53.05530959858178
0.9631473932507291
13.12208164508445
55.605253082959806
4.553484005148839
20.713828433080863
10.469084805944085
28.081898224868517
57.2164763774234
55.224636954311094
51.538764444412465
27.040702237517927
17.415249542751873
34.436172698129305
38.823229375601585
40.34504881632582
36.130669816032665
54.31698694913368
54.65553086536997
24.913850481968517
34.857210405756206
37.7470323182763
38.46202212162888
57.56401211254771
50.125580769124554
62.47120972487019
44.97195549196043
44.55370111383167
58.5134449579691
37.47254834067343
62.92138373855412
47.26308528841397
56.64554411593112
29.04867250916427
57.84062521568136
53.430934836166905
62.02304861508198
41.276848659077174
42.534642844416965
50.32301976416833
51.67362755869736
59.61259781644258
59.51894075820512
37.610430075573646
43.769714465030304
1.9918311547484677
35.2265855218809
29.38834647148645
16.888509099163286
28.87812902754859
63.90763268616888
6.956634026259067
48.13498765469616
15.957451343279999
57.08003616351141
28.788935715693945
31.809503354118625
6.5854575287795
58.1114983026663
59.827371940168895
16.15079686054961
10.876357184338339
46.97847763484917
54.05547628273104
62.351927112366866
17.871614713785412
20.351205398126936
41.41370404361811
23.623687420379866
40.9799518743298
34.14904408965744
44.01708502027577
57.8628022118443
46.421470106291764
39.54875771675859
11.514633265957805
35.73928605506495
58.83711954414669
55.42996768602757
15.61235004157519
30.26357289844774
56.368472391059676
49.60906520171255
53.583099293447304
62.762392664987566
14.202199883020668
36.53858269170709
38.08234531474741
38.256763536892414
26.368528534383096
45.45560493656349
23.10460097067265
8.208408261660743
10.012138026373641
35.26109513527636
60.88196987164855
45.138466531744136
31.396009776689795
52.38632171710706
38.84166677057907
57.709240093719686
14.716322482964038
58.90409574216369
33.90810101850492
61.591107177066945
26.617070659888185
58.6034128845202
59.9697376740883
20.93873649269411
45.69575979575484
29.623134860840494
30.338335009841742
41.330859468131194
28.790227774699133
21.553977531780795
50.959164653393515
5.098295549819689
14.471688737990632
57.7752948163392
39.73501274083966
59.844096129973344
60.22427883520259
46.60989229624671
34.43424701562944
59.64664604171816
61.49256321592477
27.619600719284676
25.525419609802974
46.95160220336877
63.38849472356925
14.933603266626143
10.015217563260741
48.350242353313
18.01016735315313
48.058337802487074
59.69146487214606
34.450059889554026
43.607329219442704
54.715807011743024
25.245495617721204
58.86126379592863
12.443501993685764
47.92738404195129
47.23515090492416
55.02227881566729
28.384038510946148
41.91633688142211
39.86024548839039
47.619043058977766
54.9277274918019
22.96830846446369
49.35418865987557
38.50138858635823
62.791188956307636
63.759365578548234
23.93608416862653
56.7204885993582
47.15612230080458
36.94327120414529
36.07756960811817
30.588188071496916
43.93367062939931
56.9411516064806
46.7825011392076
22.725236085319118
63.84803296979579
32.04267503963855
49.1585849851473
52.07669038660606
50.079170473814294
62.47615953901877
17.697475353356886
36.313758782344564
33.89852994479172
44.89397431123781
9.172083897308745
28.200951569214006
35.22483393450091
38.932387850845174
39.33981527509645
58.36039881933926
46.36634949549901
45.62567724402696
25.631304383396632
52.13792360057825
30.34973456844181
63.978506368188384
57.352253656335805
32.35041238280671
27.614931265025653
51.32173604949521
63.6390092532754
61.52789368531865
37.26109923071736
56.10940722932453
35.46031202681152
62.52045067146475
48.813376878491276
43.51961277824273
46.54655782369355
60.803983461717564
31.236664691800122
54.211708894610865
57.63270448851059
63.651626235800315
39.85074393092377
3.476535702297703
43.83309610850287
51.11338396809126
35.32216653051117
50.11970295108343
46.282911655102595
