15.8645703252623
25.94657377841144
4.689618010683958
33.09378111562553
19.75367475122725
46.206845918186836
55.509796117538905
44.18273810995531
46.482738859231674
34.30490939810775
35.60813520945054
3.2032029939554576
50.91599632875228
63.759732101652375
9.683261167146853
11.296537039135664
40.27593211325816
58.32971692410661
61.045146847537374
62.53197365547077
10.927287924594808
50.51809286463977
29.536685652656004
55.6249224080736
31.632387118893185
32.5047558897752
44.76492193845604
26.586725681774837
20.758363858630204
52.135285396049056
54.11846434483256
61.484886722981
60.80083301783824
43.104708955349125
55.883091046523276
36.573353962335005
3.255436106013512
40.60430520092354
26.167314436134973
5.833006121678295
43.14831202629867
62.55250504173795
59.90106786586122
41.21676279746947
22.758683448820697
50.97537942225553
7.6777090402312
43.42227631730011
37.92111955165916
9.168863825924142
44.99641252395817
15.319662175852955
44.35084773289401
37.28059403651464
62.187094419889725
30.994644688019882
19.567483977603366
35.059751810126066
51.26936970482345
46.66908428088949
23.597227016343133
5.464000500647543
58.80646414442813
22.354203549280527
53.68627609262737
54.813423051820074
49.41954202221305
26.315759483641884
47.11438120118879
56.6862244655538
4.842634689999684
15.290338587982724
46.15642718276855
63.25774194203722
6.954215434957469
31.092037274614697
14.307513266459125
43.2075846750358
55.86186272377928
54.382210202090874
1.0217396959124088
63.92671187306053
43.89361702768146
44.33785039787493
56.735856311809684
43.7156551178213
39.884467736747155
27.865484741996788
48.683460310463005
28.96159595771185
55.4893942001161
24.213472335397732
23.007940617992837
9.599898830847529
35.63751968235608
41.778831555647244
60.30618601228099
49.93778562264893
28.797297413048533
61.36840255337639
11.240065313885374
51.737195417541066
51.086698130336686
37.19648559926134
30.515981820306017
41.306319963573344
43.470194072094614
30.353171221863448
60.923572374003136
59.331042840597775
32.40719228231526
52.927468500332296
41.71218569342689
17.125641279826553
55.88370467870147
29.895835969065104
61.47968139121109
39.25503997666528
43.38175832545655
5.647106206616918
54.37993326182866
42.778236895532615
53.03161404691605
50.200181662459
47.91089249736493
19.989411068577645
34.45041286500439
33.13560938590629
53.53065248955404
42.31154563852549
49.80697445590043
48.25561413637605
56.70542415136272
33.1768614260965
48.0705570104341
46.26850375144184
44.53286796546212
6.477352216098829
25.725249933617448
58.50169467103999
25.046919903090625
63.70548941085938
49.59631155661236
35.85607217186043
52.888378794502806
8.206611191547402
63.534314244966346
50.551963496072084
44.11920844586273
47.50840020015575
54.60140054806938
63.38619412904142
20.601425597286024
49.59264623762223
54.37223432607878
35.57777152722138
50.73997131018339
31.249242071920705
31.98907636083792
59.3410059925801
18.252332504528518
63.6124978112447
22.264797279085563
25.155400700604716
30.917264469793466
58.284559403963044
51.3700978273657
59.222538247142474
6.208128923301722
15.700526336915978
60.96182667589567
51.69655008765756
24.736002985633597
53.1957666574202
6.265693307719097
35.174761483993294
39.630470880119304
14.439179054246154
41.173465588101784
22.105229426801323
21.88894869760177
57.904155988613276
49.06202686182486
14.073705859255064
54.89708977119241
39.626704380810565
61.1540530732298
27.13529063262468
41.49298066151219
1.9208434416433064
30.62467951339731
25.564117129688356
27.02611929021633
1.500329690692368
33.00858412773063
31.969466732224355
57.702087685302885
40.75003143092698
40.93587943448465
46.99453720910688
63.39414955943036
40.37121532881896
48.56210077041355
56.31756858079854
39.2814468224428
60.12362554130783
53.38620956179082
62.70388732868898
62.73588473128315
4.632992396866513
20.265460622105415
30.063802239675297
55.96559230894019
19.785395444987472
63.90762359536787
34.95379846618978
49.75896299537782
58.81795750315171
34.019297860056206
54.62690309039859
56.41039137634128
51.41054323646239
57.15917501072289
0.7076537150429161
21.960478507597998
16.487485885540238
42.003180205201375
42.34813299341292
59.827993182439435
32.15137884468554
59.19812579323443
33.0049442935819
45.469020308772414
61.56672124697439
60.83878903373019
46.44743664237578
59.6282072312711
29.023913020461244
12.271276519790263
10.142924819979449
50.928156201445695
36.466940165170115
28.67944796036766
40.634686801137704
58.27126926761241
56.590170330318685
20.923702990326063
48.13509389473103
18.869660291378075
56.964014382119274
30.868605803503428
58.36061695291407
60.74783920785161
28.938888621373067
33.409198984740854
61.33660056318253
19.760198920138926
22.82913339545957
34.440915742767174
46.55115700067785
60.79149892628305
3.884758245143175
36.881519254393325
60.91862699179873
12.477988709633607
35.05655128447855
32.29721281421702
16.821123839744864
14.871475767580343
46.95109793744827
27.04169185757121
20.852181443602113
47.93971105193489
29.400967058081704
51.73798389900705
63.74535945881957
39.290475625592265
22.651530861113322
57.909870195618176
27.222471367475784
31.581213389545198
5.957245084818396
60.25235805209355
48.69468289467892
39.696719698750464
41.00451744307006
38.66540924080765
44.44786667976253
12.369151035963746
43.31556251080861
17.109163273193545
57.92489578621144
53.82527107898633
62.59861194257903
62.644079458534605
37.71446720954364
36.43100320679116
46.97053170633948
49.00545379958971
48.700107729677065
35.03845627872917
20.183338767335997
62.32387797566373
43.19239007563026
39.49211807178384
37.90894010000032
19.261934438956658
46.84183267018905
59.71528378587708
47.199740777069835
52.969826664396415
29.216118615668016
62.39488425128872
14.702305245356818
37.703976248545956
10.809013323187543
45.52894903504059
20.122398255337714
45.699123184510164
58.67909770116012
11.037770131018647
18.316163169560873
30.478666446876332
59.112164095018244
60.87827024083096
7.013293916113618
22.07006737556611
54.10407653523596
44.22067423767095
59.830942467884284
58.3102404918392
31.2594469034006
12.800415829755366
63.8139314310047
50.753419524876875
52.82478342785055
28.296353966695754
55.44968792295472
36.793718673545925
47.57015714852807
53.47796937514531
61.61780155514732
57.36143398981281
27.56041434014842
57.07431273311012
53.985490975005646
34.19313780650895
63.550879598672196
35.109325819209545
29.664896543491423
29.70161489082394
44.27465972102434
48.38209628869883
50.3662722883962
60.111576956336386
30.016483930815767
59.95964463044266
45.911526924195186
62.62899246943462
58.216526616383305
30.795431686090588
62.707125015124284
54.30324024502686
58.37043610013192
48.308978290697
58.58788990280481
48.91361364953412
28.767015670267718
41.61886351195755
32.72352147975563
52.524388176760965
50.19508038160815
48.41279319630559
55.621175235208504
33.741680701926285
61.463798737404275
27.575704291565522
22.799465883999112
10.827841270297796
30.060409123183412
14.289346919373344
48.303921878636324
25.961004822190198
58.422696483472706
39.55289285802887
36.239362745615736
13.403605140307299
45.57490801898934
17.483745893293552
47.68017118047318
37.54988480341483
48.44431300031205
43.814273560928555
58.42445341869363
20.947294036141344
41.5849708088531
61.28742531111709
28.211038500334602
44.760717998732034
63.45368931931497
55.79137173881071
2.567339335721634
42.36442453636873
40.59361483489513
23.250331312018957
34.55534136930037
55.97499019225294
40.58560761978894
39.75899008185564
56.5519915604766
29.187002519103352
33.90798956519926
41.46805931291093
61.984431779546185
51.9070752767073
36.205943395082556
30.80988187373074
4.752741019298917
63.900798524450344
24.42729583796804
41.24853091061262
35.875538503374734
45.69662300684514
46.973044126628736
53.137719154318866
46.21061356040697
63.852034230904984
61.885385334418906
56.52040913368033
56.83424605309634
9.904779888626543
30.292375119832165
3.054871311739504
49.418481200439416
60.78456206933094
44.555401407145425
39.29666427371329
35.892007844672904
59.41555845367204
46.75221129429438
52.70969858607745
33.111431058322474
56.83891778458535
37.917373661580065
31.03905563366157
54.3581691950438
60.70999464824683
49.63099676705781
61.68223459875375
57.28835088636007
7.527128040303552
54.38097747358354
39.06431711898058
42.633901308145425
44.199292357805575
45.46606653849399
38.82385388397143
31.56979082729916
51.671294699035855
23.361263068157434
51.224465280124406
53.838427996313314
35.409733782950354
38.75456922865895
43.66308528554772
56.241858524637514
59.889504878001304
29.54738305808212
32.459658009896856
39.435788471953614
22.869468882136424
60.218027268777924
12.060277989494125
50.30387572747
10.227327941407395
26.249549257561682
60.360020128828275
40.670749265478634
4.867583676025994
49.810359348946776
61.87158768775636
48.40623179020359
55.56075874972289
48.3299430897424
46.489339655827635
59.48037410424729
45.21304377974823
38.3370727695401
41.71051718646139
59.80790355278671
52.226843919639876
29.796614889922317
56.389817472275475
4.1537158465343325
62.55235959138638
23.764420167957923
49.97155333787042
61.297390201872254
62.605801118805154
31.864977811556386
12.721585485342857
49.2996506802686
54.07182598789319
38.70927357044424
47.12036640867238
62.82371055817623
23.665781105822198
43.04478847149463
45.09382818403906
9.169998331587117
21.413000278617204
53.18364753668485
61.01978828573773
9.88416384267569
2.010393371568746
49.83253820744216
44.986447357708215
61.63394090334075
60.976303611696274
60.333349635349016
63.63795666765495
59.00371729480723
32.8715271956898
40.39024863145885
41.67950044121175
57.68172441519909
50.84911359808098
58.06462217194586
22.910035015443313
44.950349676227816
51.46307717115003
33.7663919812547
33.569368401516044
31.71070027224367
46.220144376607564
3.702043302753026
48.57508362393101
47.02081262664094
26.62253301393956
28.309169302326445
15.078027090173144
18.407397938221898
37.89487846172109
47.570181768845956
46.704866014007166
56.04692802845258
47.623317801177876
3.3870476347615295
60.06836393304688
59.406777491438035
52.87089142906056
62.8230775802428
42.46057009056548
38.841100134850066
48.979057758910955
48.574234731632785
34.6880288107438
41.790491144023214
57.953377588241864
56.02936561866166
46.078296864671195
6.930780877374886
54.595895708670284
35.16110578559238
28.75934624012993
43.19147577126691
6.334996039950035
46.79600087485697
63.33208291567435
35.22484824612647
52.37680265448862
62.08257047851904
60.10043435828355
32.96330009980118
10.143137663293004
38.618225331876204
62.279563720508236
0.26747961268322484
40.584950882166666
57.30130459983919
32.43617974969767
55.898143072329525
17.377391717789273
18.515248813040337
34.49901346545023
23.365180640333463
7.15374114875997
54.29200525662066
56.67426747482304
53.59686390248138
58.12080435597697
60.027784290733194
59.93366089414441
55.06498911491459
41.118744269324154
47.941017189528786
38.133053477671425
47.38692455899463
17.655491585155126
23.295857343958886
34.324141395251154
44.212797961687656
33.65015439597339
5.795942211876401
25.710381372538116
54.763340036453414
54.03760527217831
59.82574935228013
33.4739587083154
57.274442552915325
37.192441174448476
44.62221920422736
43.59819621552475
18.91978537374883
53.21549069771602
63.532119207759905
61.815712039756946
32.45587727900826
33.30483511046269
30.429312905037406
42.23909285183659
37.72009267806264
15.874354525241102
57.043669863101385
52.15865907503131
14.819156446049263
43.096909422369656
27.154724012608305
34.5808906270113
44.60183081105151
25.235832975791233
63.83618643560252
60.08272836822055
5.084829855699738
31.72256406439321
45.1730859867461
33.64688466255518
12.26529356696986
58.26618228760577
39.62127805527429
36.489566831835845
46.77746250838733
46.778125515784104
47.90375453713548
41.53777468407442
43.45475406472795
34.93011628437009
33.19178186744287
5.584778804022648
48.7092327195406
30.610246883529115
57.32131526278152
62.860723774725166
41.390393647946325
56.3937437802077
39.329009549406294
19.531216572205274
3.0211961279437247
22.521904637369623
19.58123962621965
9.069033462678327
20.272020099716904
63.999734522525046
56.923316382143696
48.630706992310536
16.505721703885946
33.07393161614839
22.03719242949561
5.289412924318924
37.16645162575142
39.56097409826913
55.64313136498133
45.60329471108856
20.8708137234242
42.513196420881215
23.170392197512058
63.27747926582457
54.531220406910975
43.025337586708815
14.771405989670633
43.58569566121499
52.92963775032143
36.10606536820937
30.388834701080185
48.67995784409027
39.59925834816141
59.12621224934032
24.154982950289934
9.249830109936994
61.72884876154776
35.846184824948345
63.81600446333937
55.28402499794535
34.520117125868104
33.91849803467126
61.215598065109425
54.13615294181296
57.50157765702017
24.45549177738843
24.4017675779658
9.562848779263724
19.35611872747478
24.135949310658553
19.637612966084554
53.61809086220015
48.61724616967781
40.16175671286605
63.731638165238856
61.85401983606245
51.56507468758299
27.704494369265902
33.35361844273058
61.21019457797092
33.39698205228816
14.883315121669519
55.67944291940228
45.460726008482794
30.780128839056836
46.29802587922702
37.13087809211056
62.295372485260984
44.245953584477434
59.01306981129568
60.239683539944096
59.66560059504121
53.670500003801365
20.17423824988405
62.3272654220898
51.053772934336166
33.284049134773255
20.804080166018018
31.17284457033778
43.99264227881322
46.84265057564308
39.3817888848059
30.46917561073279
63.632215394076034
47.40725165247356
6.349081845604573
28.157212043233756
38.36263557339302
47.77262841420104
19.07571575424791
53.53499748276167
62.430681372533414
45.51130206880153
13.065791514782347
2.6534483760469456
26.46569590799323
34.9047749709841
23.846576141123393
45.345705619425516
59.71091513363264
13.82589422023593
55.79857638860369
35.025037444415204
18.72056474710604
53.57886379695755
54.671865479966755
41.00994149026705
34.40879986578477
38.120430031777374
25.01397659967875
45.97006623817587
38.9547139584045
43.33664197732813
34.076599680958246
52.52185241866279
27.661363849469844
19.969353019599893
40.50382148976119
32.07935150712808
42.7859460910501
10.546168755628095
48.78574428689413
43.80958961987233
8.243092083332343
28.778653847517397
58.0501624920125
39.1420133306942
50.44080726254542
49.90585341921724
30.529702837219503
57.10444181155845
56.80250823259689
51.47874389742991
19.53502265096097
46.54815118207932
30.794229277275967
25.822061807460706
17.86151268241686
35.7469671544452
56.572323406749845
62.74508064335864
58.85908308177611
26.135851389311796
3.6072533704537832
49.15137947000582
61.19197324709471
20.501232077963103
7.412545807912856
56.980747833951604
56.247145360536756
56.894937574637915
41.478476626690174
16.443530028185265
59.079541625306405
33.17905974628934
4.3118347112102455
53.561709535396886
10.512496413297065
37.38448006458562
30.218809066210333
53.19184270635457
57.38151605255766
51.858908332148296
42.95404109505681
40.205673501869015
28.740631713445985
53.19132123353684
14.654477978359608
13.326774707013442
62.46174584881939
50.75625308636601
48.21680206044143
32.27383534351061
26.198821990123918
62.54770163748684
47.15225678247373
48.74584715673195
32.948934689079955
46.639213919665906
61.653624824049366
28.850577501933167
41.77045775019198
40.506788205793
48.76394983042
55.5588431370564
33.82405305522781
54.608997069821356
34.49018423092755
23.96885516722657
42.21765914575897
17.329114744348523
50.20215055457963
63.249912236792085
7.350612896872356
47.991604206297396
62.752433356456834
58.405373601452
41.164072100861816
50.96903931145164
18.77219637876911
21.823144435385018
48.97166010479532
57.358253208688275
35.41351101205897
31.925275587179407
56.78414542409515
53.31513116235301
62.520596798256584
38.27881110754946
54.76366819189141
29.80233700097986
56.452035849679824
57.81158720042523
55.837645052204294
39.214008671094874
41.576962845402726
28.483863531766715
33.757120768708624
27.474250376090417
17.93290746688421
43.45258376262416
27.38369559108329
11.0769271014167
35.997972449341376
50.61800014092117
54.48147908908452
28.592079970932623
57.965918684303944
62.75299087237782
39.066303375426514
30.18931851753478
42.0313612993468
57.15213682285241
57.3859952178144
53.67083899961494
26.347729427599745
52.7437842887371
3.6424641249348113
23.636865427081062
50.67229262763711
58.1056565122371
53.496438961041314
63.332714861531564
44.600757409125244
32.66803843652836
29.471742920339018
48.14731660183054
54.74201807265417
61.69064446870922
57.2553877799976
7.993116596216446
39.387835424497226
54.76787921754143
56.298115278535725
63.95230006519065
57.96145774568229
1.7364552201038848
11.465126057261884
53.41186531161521
27.671509716677825
12.72586718918258
58.83247610588968
62.690312706590376
22.957578161713677
63.31878203143034
54.61903168555538
1.890088769326887
49.10464913858709
5.307423210746393
20.06992314249011
21.222834298541386
29.55404057122071
53.18925038432438
23.6733246092719
46.59771815564612
11.050449280051417
24.90729019318293
29.35786243414948
60.94941559731186
63.12776309825164
31.7634974217996
20.82498766245881
6.412893069980434
18.184244971614348
15.878287108705223
46.972576068021375
59.92685467551105
48.364358646453624
16.1884716343558
52.751847499048665
47.63450386517057
54.750595015376355
61.69825161955756
26.788333668599094
51.1197888568965
39.218507416283195
36.8998010632923
22.283625744339012
63.650019738238576
29.64486570661905
49.734719003872755
27.661588796796984
29.42495208843021
62.27997773605607
31.815548537708807
55.027441297928036
20.258948663246848
43.3496875272491
48.34531815727222
32.85605324041588
45.692300789706046
32.73195391748864
24.119304860380154
57.73120506015871
35.52708290749272
42.7704781840728
53.79649258065722
49.87211693239251
49.11380650412226
40.85709382890444
46.23570344239014
55.44372174022867
34.649151237614205
14.757318075683223
18.908322767523273
59.64467761071011
30.96519960623337
17.793077185197653
58.21979416736756
14.9510183364918
49.39695149453159
43.2215881461109
62.00772322583301
44.128237119977925
51.09170621440503
9.916154352970992
35.297207040570825
61.00716927712921
43.029686413886466
59.53019369339608
40.16474251847035
61.920985600030455
53.12151245429001
39.07552324230642
45.892246359276704
52.36299999354054
53.15005990615626
5.575365216435301
0.46351114827848505
57.246642596863694
14.193893062531025
14.766952842278847
38.45384633305418
36.31408130586434
21.75295883886953
61.19959665014762
53.3822370101043
61.21258061480989
57.08373872639918
1.1357653820073068
50.437179291685425
58.058363673975485
40.57094789804047
47.24330245256013
3.3361747660854064
25.63713610220659
56.67617708492251
61.292701837202145
59.3613236105493
23.35186756152627
63.37563363338973
16.857496444177954
35.02579908337411
63.13229442249127
21.948662724809978
28.15598390728956
61.5131758907482
59.45617992533673
22.271487655538728
44.35136371567503
37.01239366115084
26.836483970772193
29.64014768476534
45.582791348087085
50.34678232612818
36.88836484168621
21.798081175035698
49.48572677191398
46.14174020013088
54.118729492002
49.72903228404543
38.635224198905426
51.627225742207834
16.886760090134032
24.005293366000302
61.510489040920724
59.48576786268503
59.00972218255282
10.311533282220324
27.789092618444904
50.432441952565796
28.926573761572726
41.27178946278035
22.396531617076022
63.951054210370906
36.681250546117084
42.60177004785869
14.581536602523478
63.98184493679298
22.679600572452877
59.6304932299839
52.85036162315083
26.630042760698032
29.33057072316945
54.54495088254977
24.759083932215027
13.020197269119343
17.098354653712747
28.717944154285682
36.431893966534034
15.29035942343679
47.42406019162247
33.121763469663456
4.472624985958966
9.124924035603357
44.00258579107283
27.067938285021427
11.374538110879122
28.26783938516831
49.17054676612473
14.745282403925074
12.929673305698309
49.06399567984292
44.13296358034246
51.917192067350854
37.670259839663586
9.317389917568065
35.74701041771969
60.609786096226784
52.75653864880085
23.984487392751326
32.8537217283437
10.18966252257659
49.59249851554235
33.25677011543095
53.74364603195143
51.07275529469412
23.58745558944416
5.987376693768425
48.83558209805623
19.536282479009003
63.65928979234481
29.49185493177366
31.565946412331634
39.89027375910789
30.732979281064807
14.267651267087288
59.07443880305093
29.707364044608738
61.41958660197458
28.082699244395045
27.03929051344874
50.03454272264027
29.237871417658106
63.34181411262985
32.5046882201251
15.899109922694699
62.999801419714515
29.638050113863315
22.62115856522709
48.54637066675694
39.30573958388589
43.43101412736921
36.01029714619263
62.969662322959586
7.683767981480692
20.875800195710873
25.665423538143465
61.421079649867366
55.96332883528457
33.75632646907806
42.45813749030574
51.644835305502795
50.68166491532736
52.20332285266139
7.475652620336227
29.346918973969863
51.897405033221695
59.15830078080591
57.477991124385404
47.31907212873575
14.38759441568245
31.811908576551595
41.23511818175737
50.33982895203947
7.1952903069048375
26.815132066605123
48.79648517243894
19.624495909595396
53.140288674561404
10.486026655793253
26.48161640841394
44.73019567205781
36.37347346031449
60.90184938498674
46.345915480009836
16.993646085350612
45.715153555089344
50.62303667981761
46.01379466794327
61.400276192413976
39.07325289640154
44.045494505890254
40.48149858067689
44.04190213114108
44.6051311669997
47.84633958355663
37.32231340347489
56.64921862785845
25.876216720618167
59.17758425241479
44.64159003816738
47.128358801623605
51.57941115304402
12.527974039603016
47.78332207228549
26.45901697422905
60.719182157335965
47.02638843853801
38.50883394360971
61.94105430398734
33.10862826275813
34.77403952733592
40.78919362458985
57.056642450197046
55.15843838885161
25.45431482797256
59.999866166973796
55.51380166780214
55.726533623909354
45.36294041885344
24.27806041668198
5.456697605654789
55.468026727034086
9.133179168128244
46.87372681246447
60.67795320364508
18.163784990603574
35.77945008121267
58.52871344570944
25.817459489022596
33.80039148942884
35.195274865851474
47.611478207755404
46.23901148529334
54.518470316006216
40.170210721537764
4.1576210507192854
24.855381840147594
37.24922828077571
49.76567776675485
60.31098290242194
26.008205350865104
63.498105918997744
11.317720822979098
47.96358617607952
3.514401225317151
3.053941505950675
13.70638110603003
16.361256339863118
12.860166428480575
7.905461887097928
33.57972496444292
58.89722024948302
27.703975362714658
57.20874383324589
58.005151727539555
61.55567742989926
15.30699338060321
63.02806220830186
42.72155377799976
41.43407325449238
48.44930972340609
40.64884654163876
61.61246589196369
48.76952733198761
9.7336574530988
34.34179695905062
48.37912850805515
50.33496352418172
42.38529139823149
62.55292029138003
12.71857634567386
37.04584752839857
36.566644027285435
55.08050295731606
58.45325154132601
32.33877868560951
37.879754339732585
56.00251141397108
45.230602378065846
17.173397554421904
48.76765053773712
32.51884270555818
48.10813922564585
43.95850304528273
50.610278710947874
35.38935001696553
61.6294059942638
60.40061000429138
0.5596407224722739
12.650860044649747
34.128931167982
61.1753367874891
31.142586477707653
62.980059980928665
42.96980068385639
31.985959496046377
3.7317683305304428
21.69147488909391
45.06856747910727
56.615112228743904
42.46781881979092
57.529227158003295
30.45597011391647
30.272978927675922
58.42341324351786
40.68316294352847
61.58483357441652
5.844279049511222
48.226427771704905
59.3905447890654
61.66156584066344
36.89051918672048
61.54469560662664
5.170318995641331
63.798881983898866
28.052209416977092
56.120508125332165
47.703474524515066
42.579001615148194
48.08694032146573
37.483769893255065
12.058234039530234
3.740149057212591
21.862049435605776
53.870469977443236
48.22665971659677
24.846886497719105
27.99652803398505
32.90960698644778
55.80906715618229
49.32031673972985
53.02060482961237
22.920506483371305
49.651684303873495
47.20041993370877
63.39320314006797
54.78795588762496
41.77116991780489
45.86067703975628
40.16105594585068
62.18387567256902
49.025352560070246
31.778931667820544
19.542621546469242
53.45025332053034
6.415555386466458
36.480034081543835
38.64135979728626
54.80998961985312
48.84436179015548
59.140861397706615
55.76389517657641
63.00273347779682
61.05583139600342
31.524439312140302
49.7264669302919
5.353612140599743
63.578849647721
49.811109558112335
43.24184809920802
36.68002773533777
44.66308527381502
60.04508124742511
28.162836091214366
45.2843981029977
61.71845682001459
53.0406765212533
54.07938504359559
24.928889854362062
15.834209303976827
23.141088790202318
9.039204012252455
60.99164129024165
54.45584955437239
46.65383651037793
9.561666176583756
34.00149209760239
62.30018739425691
24.549444362417177
51.311169547670616
45.28262611092385
33.38176966115765
34.20671246576683
9.741690317452743
40.33568059676615
52.82864681297221
43.03961854041534
42.70894922015857
13.13579453317034
25.36429041175611
14.190320844527456
26.91468815227485
1.07705711679818
57.46242179365376
60.483919006327476
24.925215341002477
53.65934078942418
46.27161624030212
63.88177917120265
46.50969368546246
27.084459341248333
43.852518456531364
27.61804387584276
59.519924139325724
47.391647290420295
56.33061388956383
47.31517965610789
40.21347389319345
34.46676762944492
60.77838319879727
57.486426093193664
43.064011565996225
9.25388639285422
60.23520763084622
16.13436919559431
39.440507348468614
34.0709211461765
20.95466787310813
48.78953033453158
63.51699684833069
27.150580704544026
55.48552355658832
34.39971270393202
12.432365237967119
50.68311680740499
56.14406537903589
48.06472639256229
62.68723736302425
32.469222692794574
63.69439377801309
56.85463878946967
60.19049643242593
12.448637645290212
38.072020372775754
38.91035905111649
15.444983927724905
38.96038519429848
21.40277976961537
19.30007208985431
34.094735505416736
43.83992015314373
61.211051276755754
50.5640935253722
4.205488294213495
37.51309797902091
57.64074215244709
48.16427851630427
18.991462014681424
62.403443840719305
5.8873291243442125
62.25873473931169
23.220166937830356
31.794614023048247
38.76457052592002
47.26478265884348
57.21052807244542
61.92274615362056
39.87986192183689
39.7091345059938
58.013371531368165
40.19003529232168
43.088443487501735
7.758204474197619
48.092411852515085
59.128494273636726
60.31448518251461
49.550403262122444
56.20486997201069
42.50181630924119
33.61125938984295
40.57726590837556
55.078970204611906
42.01352817979162
58.537417789933556
21.42645923966306
32.663781039429566
36.371762504972196
31.00291779330925
57.32795722970854
46.18093556204545
27.329944445055865
51.14043620980925
21.15727021918577
35.36509476651814
46.51383092182418
48.28446695837641
7.883065340352566
3.3087588518485163
39.15383445073863
38.92609379178837
48.0943841660886
31.06453835805693
53.68873541512975
36.18894828115755
52.95205206547223
33.451240542346326
11.495542598212502
18.464446250113312
43.88282785582881
51.27761637485437
51.179373868674176
31.861146286414495
35.322605743135966
37.51049305857626
48.96051993781658
52.754583955971185
33.79961809398692
12.645317310021348
32.59438777180881
56.52664755380767
12.301644294183646
54.690920318276085
42.34375478029891
39.382423214126234
31.89949026408729
45.99881059101466
30.014469750063654
39.03185724583527
59.729135970203835
60.68652051528662
24.533114488243257
51.81080995816325
56.70299701306571
38.08840945499526
32.472880773229434
40.82348800392258
40.93137928658655
3.5570806123783782
37.300150893274434
56.6636595856298
60.12051594585081
14.243405478058335
25.589254553869125
28.47193694801861
20.10877669978558
47.16438988030046
42.74695503777346
60.924329885907625
31.27987387490957
59.21722827736624
47.9847995197032
43.054049520393804
33.84559459131833
55.804616860254015
29.159368881226783
50.514189617969286
57.22443136552985
4.4754830671107655
51.26622555551686
42.18788819567014
48.54484185625683
56.62108086909831
29.097053486956938
57.45144579262338
52.86202080081375
7.015039270869536
62.218467935887254
26.725012593828154
52.38527427605599
32.06213442367897
21.559106245450238
18.785682939761415
14.031142517715331
19.206154463744618
41.92913201780691
50.597778364007766
53.2581665166777
35.716829439048944
59.1086682925
50.47921450769482
30.27280023598977
61.302625658826074
46.08367064052641
9.592945395708568
47.522243502563335
40.920374284754686
55.29272454690471
45.813230876777375
43.37708506674987
24.579021747861383
58.852565237135735
41.61833773880832
48.58223751661209
58.68570382895913
63.55576597388355
44.06008098302783
23.73008390026102
38.756333143120784
42.43925462462117
46.68412015421072
10.78654172782094
16.900624606607586
24.439820172123362
33.29019210254526
24.18487091496064
25.16825715711679
57.23619160647435
57.64745550931689
1.271365712043746
1.1773805712024554
27.160859865209552
44.17250568048037
25.255696921148157
9.301306041469822
39.92532331470167
18.63651216793894
3.1226684870297774
27.374801394622324
46.62454312375297
24.197421773659222
7.460153942762936
19.704736729692485
59.11318765498372
44.38841335379079
51.01749858826047
58.758573238049024
53.845447818437115
45.520859911319505
16.267959506115425
19.551247788875564
57.803683518753125
43.5415756987978
33.64891367774501
24.44544853387128
35.817787817937656
46.86448332363436
51.872097128267576
44.26559824447848
28.445745777185834
63.22889615305069
12.34491599725331
19.35802193120488
47.0586544213963
53.71264359626219
42.95530943740137
50.58464937409002
39.5779098953962
24.678287822380128
44.196149164804226
44.23416693247502
17.578774222983995
54.73175217535089
51.76452668860425
53.186400055088455
38.03329951209973
19.903396820377132
7.121574230305413
62.3250453782203
52.7993665733372
60.24926777092124
47.32378301969851
58.2624376276747
59.060459152448736
13.990430248141209
40.65213418912827
45.797888372145366
33.15844868193475
62.47522335719695
23.38404122098315
45.02005710135112
22.435441519359905
63.962878829610055
51.75723420627617
38.89300958932842
12.596537306511905
56.89703862275872
49.51746887683254
35.09899558511262
45.04264077377439
13.417663955168898
56.25375258306636
16.784809913680782
10.561712955194082
56.748145992607014
50.47753576235993
59.95781495095882
19.27580825039641
26.17807926080922
47.028288517724846
21.842917011180027
36.275008194189446
51.299171857633596
15.165303060489435
58.51746287100373
18.568182565308085
59.373914520222066
43.85708136835335
58.85712141753357
13.242398009987006
60.59655303594553
20.95672046208005
55.147704681594924
34.11480354387014
49.31269845059101
35.4049927824918
16.187566215085134
61.04448024951493
52.6180565787953
24.712533215998178
62.32390316680663
55.069131408358544
54.84159146758695
30.457110616110697
38.44143720143539
40.99528400774937
56.796627174627275
19.373541416493353
21.36441642665595
49.699904323872246
58.31996945920869
45.730381087488524
24.669052953725966
16.83566566934897
27.211875540694038
43.577055078710806
45.88451233157386
38.35632844608264
35.15607266133016
53.09873754928114
9.449016367303066
57.55965805684238
56.27644051207051
28.179348669957974
37.778110806907094
0.7668669327928583
13.786763933819294
42.50120870611907
54.77491245235318
54.57738084398248
59.29390906310218
33.84454412993109
11.213260283197862
43.93485102976237
61.37126983428134
60.033478746525056
25.15198464990729
28.070010711224626
7.841118841435481
51.946346774028754
49.37316845578347
34.21160854163209
37.46940429504378
60.34766308289542
44.401514388798525
39.169591506949935
40.51762367060593
56.680452164650085
37.10809343753596
21.44773262758514
28.145362347472215
25.987610710366233
54.56808377917689
22.390187749131996
48.102692844441655
7.642280242275575
46.53841666537731
19.930351313447602
7.251812311382537
56.94780124534929
24.94273747529119
44.9091264387649
23.533901755307575
51.178744399752546
39.56308665220893
18.88024595945795
61.42702672884884
44.233311103483246
26.3111229837534
52.79087671991615
48.49031091803013
59.76303271181959
49.41147772758163
42.21852204963781
44.1357214226564
32.14515512397601
38.29738739245143
53.64602687803965
50.96306060739914
55.669608343738574
35.49010932625665
3.687062090027048
51.9326723624301
26.07908679949248
45.77295932822312
50.72620238063187
57.002219543809176
54.90513298238108
63.43182004750025
54.58979604378759
42.813092003234104
18.498357354872866
21.35618893385262
5.9521168936087605
57.86086080378915
54.887366637695735
59.69413627007846
41.421668765267924
62.98262791171367
32.45836305551039
30.837517002741137
2.2614374120726666
58.024054999328065
63.90235974236808
26.215432567678015
52.92046560567201
49.515428545401264
52.29590709513438
51.04889521874185
39.138193605000694
53.95151172932411
28.170341194287644
30.53643904989069
42.981245895672664
54.45719760673876
55.84786438837587
52.86400053203167
30.033934062486168
63.74599781037511
48.781955841343255
60.63594294495992
12.177925135075753
31.278568834168993
39.80423606966383
33.11149247452764
57.111021028753854
41.37052689956411
2.8447408450123746
45.988545974422436
56.51755440547167
22.913054800761266
41.063544718289066
62.608030458094476
44.70606112484819
52.59549651195229
54.7490084918619
5.495121215020397
46.76296678269265
27.039849482363493
40.081422206500335
42.51446432508516
3.801423550396173
37.3293775994406
59.50328415973194
39.82159403798542
47.00217817730386
38.7689756220842
21.90385768480605
36.354653830454055
32.177154425363256
39.68982405806103
31.07440285470254
34.07674019105542
27.781130457547142
63.879333855828875
24.984362345528197
19.020063532989838
52.268390669431604
53.26020236181628
6.723767645304903
55.7565015407712
23.853355116367
36.54680483034516
32.657755513824995
37.16381880358023
53.719665755607465
34.396276687338
54.249576108666304
43.19684109302948
28.60031773027775
35.86830344295983
34.28431452721286
45.41067570538668
13.678932457623944
61.42344632396615
41.692874415397235
61.63021494047489
60.7665171945503
36.04198949471318
37.176261716445815
42.86973184789433
48.8618743884316
49.38749006969413
1.9817913437790082
9.1266983540594
53.01580870280352
57.77740630129487
35.37571837246989
4.023864280535285
63.49121556800121
32.16984310269483
40.303053394818235
62.13356064464476
26.713893692159658
63.515873555170394
28.392807032008612
52.42667388156782
11.54123343148855
9.645887122773658
25.91589413165766
27.245400437810872
58.642700530440095
52.893509525173066
53.047741994345074
3.34407120966614
34.80111276895668
54.06556920162315
36.51634064576241
19.23475929134407
51.18280376430377
61.43861447275592
38.525902466100035
59.724184189998034
48.183754152829145
17.609635786464835
30.518420024714004
60.68408302217186
34.016054962500995
39.694736526226905
4.835805453406003
60.039904806619994
57.498145200771916
29.22024673981607
39.68785583949907
19.545758938329712
53.340811792377075
59.004310151648184
42.75316809332892
40.7726293467842
57.0854185127274
61.54466345052006
8.140374425886662
62.94540002591395
60.575906414335094
29.264862206457146
51.55744269866187
59.15525678398345
53.27013423959234
45.917327038964366
36.498048449197256
63.406558991883415
37.49838602451417
45.44850549822486
8.851146644911637
61.32574524262375
0.84865042031835
58.155049561643025
55.52267261814545
52.74518901307057
60.213707087413106
53.21224409780156
38.79221114436883
21.797509704402906
29.160374987733377
52.131141379783585
46.7937918732144
46.09452841053851
13.15176268229034
45.889645408360835
24.09129078036728
43.65946119334808
25.910075972954715
31.951311213402498
25.03210483880997
49.16012435602123
45.44428853317808
18.414227614019936
59.367301455199524
63.50027369506868
50.5289442085312
61.381622357082875
48.028405635453204
41.00137627435526
54.36553916283011
60.98408252082629
28.621682222886918
41.3208141093605
53.734474559409186
50.233436815458575
56.18914943575139
61.00244285547585
54.69855796082844
8.681317331992048
10.200909401865239
25.99722070021967
49.57989972910629
51.66614866976992
44.52559344528707
13.76317031842926
15.899237787474895
63.1855518100122
31.69019194366478
62.4154548246711
39.606084813476755
24.186787081043093
58.00414915939113
42.8857291595524
49.64607056012518
41.28823142231532
32.542948224219685
55.561675934914525
11.192564696381986
60.30532703045135
34.99512067870455
41.17004755158573
61.999550555413215
12.77186311845631
50.40228799799502
11.119895860033232
2.385813311470251
29.227443384480296
43.534246242375175
62.16477275831941
24.201695743292717
48.16383921354158
36.99024513600848
25.00844159494546
16.84253999770138
52.11736058903147
59.102989942790174
56.7142721790586
48.72079685018395
61.15270706587522
21.75135795440859
48.44843615221721
58.43630705446375
33.39563968023816
47.21340551796464
59.995957739826714
34.45408801171075
37.304266511762144
37.012195167677476
63.04366157487156
36.75735894852984
58.10511687129003
8.362664971496507
21.84274359372776
31.854143501670002
28.010213844359427
41.36614975084843
18.52061136176787
24.843485544104816
25.213197521089356
1.1514583485042351
28.635075144970884
57.7557685090741
51.92800205881318
32.62764303254054
40.81387580521586
47.3541564586713
62.882525908683974
52.36933802296518
28.963729716937642
43.5713051794304
54.64486316486262
34.12399164082514
51.09158584741917
56.11394377596925
30.55657775075052
55.47781251897874
25.38610442081302
61.87107853243829
38.992282647312024
20.75526764260521
21.582875224152993
51.53512112567769
14.781378326616498
48.407225767086715
41.354926611950276
22.1216849624494
49.28116905534409
24.86338006315588
50.00334855963533
15.237332384771065
54.11295723234014
45.29693677623176
63.23116129261319
38.2285643572609
53.55293004005467
45.49278553559756
61.00214207773601
3.320239928066961
44.41062230422195
39.68736016178648
49.899499131803026
61.766309684320724
11.601751915172215
61.76880295708502
39.20246142502498
32.2664812743689
50.53373451750393
27.849647407579177
55.459395706451396
51.10503413058081
17.04987128330611
63.13126742997854
56.696760737456835
54.88464581567575
42.652156773286066
53.52275787219953
33.931781861551904
59.913855873801786
46.21023617163505
38.75348851744757
56.239227773570526
47.588542059829805
40.13420707501818
1.3962794241401681
4.936793253561554
44.21423908286434
13.464939881158948
44.326653215891916
43.23346876902619
42.663501455032545
57.8017328499509
54.63157795765293
37.65666072775352
24.197603877671746
50.2430207460699
57.55587215168516
29.080955091004014
7.11292015778475
47.35806320142993
34.748402209111866
1.237660931702834
61.26755932952863
25.551512621898908
62.10858197204244
32.07466105584771
50.43035272796634
48.61054569719258
14.992528171442046
59.44917523856786
41.43359851232513
44.536451692267875
46.4486076566689
49.300407718195395
52.40814155794378
56.24441247062135
33.42809129166413
34.11047241159538
58.23612797717629
57.89070295888194
58.472360769201494
20.486395962397566
62.75849548324108
13.81004581253709
57.81374189231657
26.109973662899712
19.68128382156248
21.96550694793777
49.77249708961769
8.991813612858529
32.21514032001397
62.77258799200811
42.907899664584306
52.68331693835265
20.37191774632071
34.90543994767124
43.308662928224
2.962936023395585
54.32521044368005
44.05508194384529
12.673676147789557
41.359240997915215
20.315550097782896
34.71616017606216
49.072417540711285
31.088889399529144
51.35774692199318
27.304777110280327
31.04657301421424
51.22994759878097
21.502802840036033
51.26319576772181
50.069127685421236
34.21077233256985
4.521189139702422
48.046097227076466
11.885940969736666
17.891191163755764
32.71520342072292
57.679485380852945
19.475053782441783
22.290249787718587
57.340498719858076
