51.66185430127773
50.68632457576768
51.82095284915052
46.012462676872
34.310903119489154
26.83016717659992
29.134875389179754
0.5592985734961431
31.24953397338527
23.2678968411168
11.339828287246213
53.66874004011547
62.62881146518138
33.03792316238002
52.315721141602864
50.335170768084744
3.4218071917020723
30.261001906424596
23.552265363482817
26.452384643194762
17.53744906549383
57.995370181358595
47.06723389818241
39.48675232533567
46.959989860193915
44.56662857857064
33.362482103534624
36.307777641352416
47.79056645709121
53.598454984331056
38.44516812006571
43.65851139934797
15.58116685655768
42.29485158747297
53.805678089049906
34.216244363989446
12.327167120247026
16.963335917821155
24.502623087622553
54.31153686694793
47.00898025473047
35.58004746125535
49.50629845073675
25.69398100737167
8.950247922220136
38.55584034336161
48.675240247424625
31.840145193818223
62.629666289572405
48.59910805939866
12.942155455927683
38.05411904162077
52.59862327865804
24.829748835404956
15.926646096272812
19.567518085470567
19.2117695813593
52.023834936034476
49.09788779912247
27.766263117762243
5.524612002175722
18.864291416518427
45.03848607732551
34.36637255914315
16.581452241493153
56.88181032091543
57.97148277319974
11.699996260539443
45.150059252739666
40.15986660136055
42.403004576347186
30.719699879557325
46.76137762461266
34.77962990300243
60.78294104195184
42.080051205427836
57.65396186588378
15.533340377693001
26.55341127063066
59.599506231245456
18.542567114618393
7.303237641506563
6.209432982072407
52.538161212916236
42.765947314283395
47.25959220147298
20.638637039364518
47.71716938561762
11.858224923421481
60.90853421688219
62.164963272154324
27.335488254484297
24.048742008338543
8.614480043485031
7.049586084194587
44.40455762470087
50.67458683903219
34.01647768512871
63.90067910549137
50.83145838568739
40.82668572570957
54.25916081615887
50.748107780212145
61.38339796639569
56.94750004975832
44.03418756432426
3.580016151415137
39.006713167698194
9.245591575304204
48.464784645473095
22.772739890168957
32.180440842643364
18.53299374237627
57.25713313737532
41.140435256917634
34.27489838639437
47.01046526270909
57.44671479859631
48.603603045303714
22.701431170780324
48.62686391949627
44.624235750666564
56.06592658440501
53.12166159266013
28.315490017958652
59.610881463699066
31.283182350171558
41.59804209648238
46.52554216153766
43.0557113166487
45.792637208653986
44.98673592639927
50.04460963051929
50.974226200013746
42.576980134683716
25.790450107451903
46.84633983338394
38.45559710062166
26.290931029254097
13.29340865601128
33.86401311423535
53.57058710914526
24.290763999940012
63.360859292376794
36.13611295652626
41.46970460359542
42.75541960151354
46.637589148966995
61.918317652814046
43.926510261191645
59.33526689640367
63.96680850204175
9.790078815382287
38.96660697269652
59.90105514415142
36.69179486910523
50.74909126401838
13.676370731793178
45.680392995472246
33.0058776484166
19.709515268963465
40.051280987292756
40.962240643472256
28.388665496042464
63.738901589541655
40.33871104722695
51.11585386976483
38.33530490959521
34.48668144502343
21.293006947140285
63.3125373131311
56.70307354652097
34.708896142264194
39.864612988152814
39.611925618045504
60.617066874427216
41.72578414583348
41.90518110539265
36.89279255281717
27.48280097486311
21.07468373606602
51.45300839475763
23.417151411542875
3.090085139152933
50.399759429854825
36.44893746148991
60.5931837420871
61.633516372374835
44.42187974308822
59.60738906713698
52.75579989249731
12.977213617817227
51.86986839216384
33.66584338126076
41.373006541584
45.02894981685456
23.692410476079885
41.56637145358033
35.402751606015784
56.51529027325551
38.2325922397314
41.21670936225975
40.7019717903271
42.439146565501986
60.84238953022134
30.55918970686762
34.40227992552491
19.516286159775582
58.54786531895327
44.381157417364676
20.640007659651836
47.25866892466205
32.230131263963976
5.467298907727233
40.25068721389198
3.60372761412804
40.1578508138867
56.489062697844965
15.670845333164806
39.29082058019901
37.699906198206875
41.91934382443792
22.9038398969508
23.969254615984475
11.148810315606582
32.744136936378325
54.31715597132456
51.245727009176306
36.62457722564341
10.15673982367003
9.251176089868139
27.785472320701587
57.787709167873096
30.931734708389783
26.386923619880662
63.25227340592454
41.18465191454736
39.09708047078424
36.70506521496285
17.865919383828178
43.21516341028233
18.76082727423703
55.44586248640975
55.3387974085668
30.631545541010908
42.553860447558264
47.41498486140142
59.207689034896696
56.96597678291262
26.726377829695878
41.86996148819233
33.36444615762923
57.47854881596274
17.937153539398892
36.44038429203359
62.113494946878355
53.48765724203135
11.420550924234462
33.576924198831406
27.159157723751136
46.90208592227445
44.33076122313664
33.066012206781174
60.44605349650354
32.82537138052917
29.581297813812178
53.761784088982274
56.83024611654612
22.55748037104889
54.61631595049553
52.88275320132039
58.82660045201301
62.91272135230077
54.87657786359166
22.92617721555324
42.82092500495154
20.828925674158597
26.43691548365745
43.84842394785586
46.69888088820336
37.79552414132769
12.77931893822229
49.655042953435284
56.188350298835914
58.12656359839983
38.366553658216766
45.931530585697004
57.99310978751426
26.882958038584142
10.07576601861399
49.461390808191965
42.32419568949594
34.112788393805936
35.388435714161155
36.74918169167893
30.665891313861167
42.52656548132883
31.304768098093078
27.27388596344121
25.480621084744527
52.084514313485386
41.573332191427994
61.33833590368904
54.779504246054344
48.60260975333166
46.78500055459064
29.01008639340489
42.21219301641976
0.7352137543525359
42.6399731845524
53.91084551172176
36.34418442990592
46.76791186666004
49.767938912978096
56.74828514005613
36.397231901202716
42.953702052619875
23.95844785561745
40.57048996548675
17.466674908894255
20.747630688307567
28.18029631743522
26.786994838994275
37.357917099331736
59.29919980814414
44.225840665277296
51.6809492308391
20.80153130891273
37.042127791152055
33.55377745871782
47.91097461128096
42.736377245414005
47.27642890057366
44.66921855818978
0.023573807873233932
55.68247049971356
26.21006660711606
30.58037978099499
27.690017277406007
15.313297649108215
52.64651715716041
31.440691980589108
39.58078360712756
13.994673254125182
27.946010204444867
63.447099458463654
21.187177409802835
60.61241704313952
61.015644898806315
34.87980941828421
60.2510512461803
33.64816115032908
28.165265232198415
47.9924024303336
62.59683357598148
26.769811853828642
23.596609287583327
57.5178191453787
60.48101758831451
37.224650525571036
9.416785573972682
53.02028507434803
26.988080380440067
27.1393332733522
53.53427178545626
43.59025237309345
62.22148824718819
38.7108143700898
55.71857998419726
38.241860922585815
56.96632644872996
37.21017297863578
45.310831667499215
46.16215301997081
45.75656752015409
63.719480789866765
19.853813521742985
52.70316101487714
47.365125147595116
13.439831216362052
14.207892550928278
17.2513212102131
52.560378290135894
17.507233708618138
23.609040005624756
63.529119032810414
54.61638271911607
44.76301418288038
62.53982480669892
22.509650270958964
18.076078256553878
6.279694474775141
37.94055107943
45.20253512786743
24.752099195891503
35.696260107025594
54.334697424104846
44.97158339428215
34.50663528363529
30.20872690833867
54.264169479260794
32.773692561653085
55.21859329873386
14.782882065864612
51.754898803912226
45.9855471283997
18.984048419397325
58.47586583217561
37.75653718125645
48.66810118286705
33.849996992974624
55.293496258686645
18.596401273165952
30.58208872927814
38.612988895890126
61.56801367732924
13.005298337221369
42.768891664455275
28.167106823535647
14.630327850095988
40.29521492053412
5.619952484857443
58.26062936202146
63.864464035318555
17.47895124508399
62.2889884581386
34.36022117460156
53.981402565036305
31.782887629898283
44.87337144770866
22.434626173109258
32.68781406001812
28.75694285711205
38.26323737385793
23.829302988033533
11.839346334595646
35.73205684262767
48.44333097403048
29.1907545521532
39.94045182562738
54.023889109663834
42.42988014735572
30.35517984598596
13.372217794688702
42.473806252629046
53.25316762843142
23.96997221009618
56.27212656248168
22.579275354797836
18.562915067241725
60.61447534575116
40.9132017802669
42.435209034908496
39.199260591242655
52.06466665773837
63.710970217015095
48.53499680906233
60.25754533945027
29.827003029559783
46.75410487890343
58.44533443552308
4.862871354037303
16.731222052955488
50.993604026734715
61.07497591396192
17.581702822447717
21.18606879163763
7.5073053037703446
29.61389549246126
24.323874994327717
57.747362511846724
48.85025169272344
17.453228800171395
0.2279488820124982
40.38318856532924
16.701678287408896
57.54349215878439
42.543837781189296
22.50270888418911
57.59567570980137
60.067196098506905
44.526971524035154
45.34782301691783
6.825023210657044
62.648667601483425
53.54279817252256
58.67644795353495
53.29117498506999
0.9757486096716477
37.78889453709197
7.1981321291001095
29.122796376696783
43.85685212813917
37.591654572697564
10.141350422149785
60.86382000995978
58.23980005795278
59.435867647740835
43.7423599148965
61.47071422064266
45.536166585714554
43.28555171148699
47.16564182624468
41.10574155665478
58.79371811632391
52.17720993107991
55.23885767526182
39.178129730251825
56.08561724942057
13.366699734171945
56.575229821282555
61.43668924760943
32.74255720245647
21.63219580325019
47.33598466170797
46.237371327841984
15.281451572083029
9.901210200414887
58.18877030559227
56.17963764699614
43.25894477872592
45.785557266024796
60.49852462200717
28.250294548855102
12.894576277525154
43.66439558757962
33.5305517385336
41.9765428922268
47.84588337590968
33.15270753024656
35.34539039646975
14.536575785103501
31.18991396059525
39.024446911188186
59.950509199020324
39.068813330040996
47.14257192906022
61.09778891028652
44.2001467699512
54.66646528230207
50.15025163176593
63.97645906929807
37.43270154031627
30.846212936682747
62.019486160302975
60.230939812172274
36.53309267091582
33.70787728457065
48.42184469603575
54.218631594873095
58.437649249655855
56.499582123571905
19.712215792569218
18.42619189876328
37.358697825599805
31.98289016712672
60.10288317482643
2.6428860501749156
52.26194006173429
51.60361223892678
31.176280811343446
29.36750451001643
56.63586402974472
59.20191705181505
48.30493930376071
52.751928127413045
47.89661882313368
13.636243965797007
47.5190493554924
49.80488933248411
44.63888085654367
47.3603771766422
33.76597714180811
0.990827735664169
26.244759604852888
45.09553130373927
60.16255138578343
21.065857834798244
35.85217394304787
40.782634878154084
57.70446625676455
50.64805999221916
34.63649465221898
58.83686012057155
39.300697104182134
26.884578840183863
56.00782169699176
34.782989471901836
53.17223651857933
36.62860577101136
56.216801055799046
18.6489898263304
58.08855238566079
40.714021583294986
52.667992593913425
41.269640461129605
42.38685667374149
33.25030190564384
53.94254534271775
46.962860546770415
46.02636747702296
60.80809124444339
34.83934127014376
63.27504114439574
57.78941865882753
31.735723344655128
44.16204880931912
53.34733113421814
42.38951801711509
43.64531320142399
47.16980600880923
36.03110285766162
32.97244822932887
19.450649666391406
30.33299080691311
36.974842028317
8.797277265562613
30.8565492428381
48.66450169517367
50.18711166896838
17.93565051697427
35.22895294247667
19.98896534895553
51.459017174792706
53.6409937044321
51.53604738437204
61.080376693024256
2.3973101768598184
36.67258337292175
59.02007950842888
29.02516640234434
61.167461831126936
61.86399272401369
49.3860619854418
47.959801640186654
47.9888114768268
31.767010095701124
47.49304958226778
30.17602153203864
30.17090647330432
48.38222695942194
55.03683339049873
55.26353975052173
47.084640691796686
15.552727949283849
31.274873747047202
39.814542255298946
34.08225949686915
31.65154412583761
35.12679815980598
47.745535257112834
30.423006935042416
5.739885296618915
19.46979332822295
40.15921844124304
43.72564370750389
55.91746139013605
30.477585155065803
57.034043376283726
54.53464343976901
51.241825410904625
0.25310593544037374
18.940467530122618
11.401336189419297
54.23224960481629
40.44653230097056
18.034581121068904
60.17597503812436
51.34426835875692
34.78534056286706
37.4821960041268
33.670119268095874
25.42128898678684
31.810037069425512
36.36737017997785
37.45365246841162
30.719385486016037
52.75834356720607
19.20532499674301
14.795368550692416
42.04704316965947
54.73633583286256
48.16702924672911
27.33082448267904
15.91766117021917
25.188327038395506
38.14559469868301
30.407139160461
55.964473998302125
57.68322630078242
25.749848384842707
45.279532417646024
37.65608623694027
51.39220720987432
20.325818123614596
62.24704365227217
21.758715735859525
55.91401016401474
41.898193934539734
31.908841875501842
37.336264249278784
50.032415355636836
40.70113907502841
47.54743485331464
32.91963617984214
41.303553242299685
29.007014060532853
58.57549309167848
38.81996458720344
55.84429862918568
34.58401223723058
36.720200439513846
15.876672879685572
33.426961223612736
53.02790566635354
40.831516608837376
38.07914680325065
19.162578369437554
60.806770080025785
45.149154799631745
28.318629337824568
29.34309059710297
46.70463699102972
38.83566108401422
22.01419316145278
37.42526852913224
30.85003456968697
56.91180192801167
35.00373890539528
63.66202864653522
40.439807466437415
52.556611623681185
14.597265637767912
6.913627190912557
55.04398306929563
57.6185853653172
47.799209170952714
30.33320707947466
7.162842607196936
48.53384646335962
20.367889276867153
50.60864437119588
35.67926202984577
60.29838359130467
62.39585665877322
44.59631817912725
49.913587896956436
60.99438056216738
29.599887664367387
58.80753583044843
63.399947648962474
43.627957659598195
36.742118197951356
43.47901587983513
45.13384691905851
34.67357398879751
20.26652091533734
28.766129019489448
25.51326292086057
37.97418723209792
16.257901835087445
40.641607879997565
55.1095961000825
63.90864167885078
63.495736710269895
49.87138879656542
56.63610858008127
55.28142308909267
58.85502891071044
57.36682096076323
52.24517893116301
10.251623070489167
42.33011290771971
35.17518738030378
55.148604997588215
56.98118180835769
56.07942034182759
48.14417241128239
34.05929978870818
32.7620061152046
47.15060987713301
50.86340192540923
40.73457176145759
54.66517136474476
59.96444798968691
37.110021422956365
61.46892987196352
29.010717722588325
55.426444819331465
59.67204955440127
35.261412706365476
32.490515504189226
23.971786682136006
3.0210830462775675
52.508541597451206
63.79182679497267
47.14160046996422
32.01983338140269
17.580090925068326
55.938589424931784
57.85033629829081
22.886840916900347
49.29989515432828
20.20572980443214
57.960710352738005
11.069552697453368
42.888206991573725
18.42261599299009
60.071252256526726
28.819011205406632
63.52358237788731
44.38383679178824
2.0049482108640575
24.473659118330005
51.379474692301244
63.029635512149824
14.595278093320282
44.067616681143505
26.241474593455536
22.23814274785577
54.566578790280545
62.08713359642992
55.03011456572617
37.12352446503952
21.26149903394002
22.865052218591273
58.65378771950574
30.318599078301318
43.542324242303394
45.73824124054377
17.428832484687142
56.50539829841611
55.10658428592028
46.51140875509215
18.78193899776027
12.522722818147095
33.64652649953416
39.436730604945325
63.484604456066734
44.40707056947336
44.063364565011625
55.87856415614123
42.806804137602725
38.54044229746997
47.25715242995036
16.44695663777668
19.224088238470507
55.77053780607777
28.27226378953604
38.90235028338636
15.54078382278167
44.05498205910974
52.091578947137094
40.28917476288973
63.88892696088809
32.77241394761759
58.5410701824351
43.089677917081644
41.705327268093825
52.14577589923848
34.08155536588285
61.716161730957374
27.69697375362238
46.42010406345539
44.490662243611474
7.037669784410646
49.206318304820876
12.995492944213488
61.10197917483396
41.76998855940978
11.831361648671724
63.48015413333281
33.2347328287583
49.17005233767729
46.516327697890304
45.119808813033984
36.82946625696846
56.81463376172572
28.961868008773394
32.658916971426066
61.43585758848029
44.09332224485033
26.700876799795253
47.756409001753866
59.32696493926901
35.93520275524639
48.92072503903386
43.314299161952405
18.628552791088445
40.59190351097624
15.717283372391535
45.435380726729825
43.26528177082652
18.987646616241626
50.19488029006665
43.59165410622708
33.247593874167805
51.326565981412415
51.15097651357836
11.841176721278138
43.201685821379556
43.91031472785883
62.567737154922106
30.954634985738927
29.18542190649392
35.90929277950704
14.196276437110157
32.33945271645274
15.978850899775168
15.24100407923602
40.39569626257155
41.21593788279593
41.09737672014003
58.99678144862668
58.18813758129406
28.024922495419126
58.930680988361004
13.881651676203688
5.009385395009133
48.46256110596016
56.94123115209279
53.95034131031181
18.412333316828573
45.87222513214868
0.9799407862295837
52.75961897765693
54.741892220202246
58.67955812039449
44.751491854573395
56.55740870427554
1.7371127244417437
30.026383468857254
15.376718315895396
52.42242172022033
53.568869611291326
49.42663495758001
35.42238700749469
44.52252456940289
63.00175013120277
22.420538787661492
23.75366137818596
49.907473367708675
61.00757874934349
54.58306889063598
29.243297334916363
31.848879058012194
51.95499026086055
40.045610593774484
61.013802861957025
44.52723618912167
22.000779953816462
43.708163281592725
32.297351450191385
19.16051501415592
28.000953886657804
37.725514908906916
7.854364590493013
37.266795569715654
45.03539070142014
54.12147079376351
51.14868892535176
27.082862293412056
53.472571799347
53.34007572189692
44.80062663840653
60.53082331921765
51.177864464885594
17.700591507659844
23.6359611163833
51.44667433125474
32.28762970177006
44.01048877776192
53.94481798673214
29.01499784084789
43.913988599202696
54.07196851546495
58.329310291101656
23.46385647723718
38.031908338543914
32.05836699925284
32.34337739762089
43.18313011462425
26.575293615741188
35.695931813019186
48.23835389455567
14.574575396473534
57.927366571869406
31.0395807550654
25.46355532571436
44.57118895052706
56.69486062586587
51.418450985422034
30.126094134305006
63.016760118307246
26.109827556764614
39.60628730004507
57.09967425335351
61.785258854442404
63.26159759629112
9.5235633850629
62.33344930607916
38.568102985444824
33.17489654891678
57.30453806250311
61.24451150084389
50.84390241308465
63.03221019571467
40.452291263488846
52.2434199472177
26.656225106561124
32.40982267586128
12.409628322504602
41.862454039981415
33.848030266584786
19.076985868254354
32.48691457807192
33.92033541698904
18.910859946050913
24.968559016624603
24.802632118297048
46.3359370065786
51.18397452767022
58.11505990052404
11.34600531788682
5.23072177145341
34.749237561236015
36.24874470503631
34.89376398041443
22.699809415143648
30.360497972119518
36.27551279845316
45.73395081017735
38.11423565295517
23.07163235607642
22.464588904676518
63.56092241227997
50.71790391516202
62.120349199125975
51.92630088060575
38.18516352979358
41.3273523241768
43.025595703146784
40.66560510210828
25.911424271289327
23.022098319200808
24.964002446318112
49.30190421642916
21.804108696988813
61.39820566144162
43.49207649752299
10.49023982297642
30.196373328800952
46.69092230360738
50.77875617284228
5.802011140925089
11.167718226769459
59.75903343917081
35.312395798192426
59.305264440148754
30.466650150887553
41.49440597819478
13.204991239622053
17.53021827494448
62.77918716980832
51.40387106736753
10.569325226965937
22.781196968662577
62.079284808153986
50.35854470802642
54.50369861659365
53.639327747760404
35.64553335337487
46.62775005311913
27.027363718923958
61.02248878897912
55.027231648532705
44.01922742543794
40.357984432932355
49.22756458569351
32.71780607595599
37.49320585128127
26.477505431755887
60.52640475713514
54.50149681653944
52.34817661619241
2.9965738330536738
56.194660210945486
26.669087473015168
52.81832342034515
58.99103811922701
60.112661315649895
53.92547043000166
53.91806004067175
42.52893919386854
0.6704293882488983
49.21338606390593
50.99565715395199
18.956453453963746
57.68272338343604
63.400287146095145
44.1997358121083
25.830991810111122
61.897715767336145
59.70664332922606
59.065486918388544
31.508063860765695
43.09064132345854
44.42942318551111
47.120303990098336
19.095800753378107
48.560687827927936
20.85986089046606
59.12001966228861
7.336320193044379
41.535137836499516
51.02785116046906
40.200404145917844
18.669142351422543
51.841346543270035
35.101740882809736
40.017678265814496
33.42025790252032
53.309360002089846
55.729242683153416
31.256481936771237
20.255170809785874
15.824810815393754
33.91361565569271
39.462283384256125
60.72542337146624
46.05038095485737
22.25870627382386
48.59218625564088
3.1325413210043394
53.45484705218857
44.11208303094973
63.66146047324772
42.83478812687427
56.2542274171978
60.24162699317843
55.83190679576089
1.6635909412698808
31.137558213133254
3.7407630270209893
44.594267164097715
61.3267856672557
35.782423104917214
20.329541758097875
56.153859485601366
56.247346133726474
2.7626813136577084
51.940475865346976
61.72952349364867
57.52368482795229
61.03407229840632
62.47612582907087
36.583293369912134
54.554337284123534
17.865931436491174
55.08197620157088
46.17851005198613
40.55951107126757
34.00317212093372
49.84647297770462
32.20637949061831
39.40147590185073
62.73093489012119
63.235224208376074
40.733518997973114
58.08218763258445
53.80647929187284
33.574874519573996
37.366203845011
39.15384446482187
10.38576176196758
46.47325941655819
35.188063828656425
35.358201738726436
49.873582351844156
59.85953015147517
40.24481222288463
24.03354863340806
18.289634528167383
35.16787462969628
4.939758007140817
37.99006136716399
49.054568977747444
53.2910839900052
35.1640158788139
35.21200613723167
29.95723696095152
23.684526040522385
26.172836595636937
43.56993125433142
53.37234249401908
39.74311092958325
33.85890729110674
43.953547908933835
42.17397607275916
22.4525174004564
36.641279229065354
45.422222737576824
47.83202344957896
58.81163274708683
46.703499867017925
40.383493988224686
35.00687405614601
25.81376985353242
42.314980253760766
57.925957623435835
55.9460472099646
46.009764895793154
28.395929670569664
22.332272694748717
53.377155466322236
62.807286823804596
50.31386777296987
39.49002388005994
48.686787073481796
48.08943629769718
34.172306424527946
52.77614730580895
33.395581927713266
63.6309225303
59.900271981674564
24.30867646589182
56.89577803817983
53.865246181249624
34.90812855166063
11.97949352812492
62.108229264413374
58.301407564643256
8.065465804323317
9.877417505744184
6.5653498368381165
44.83296179293804
56.68423268711068
17.142881418638815
49.024275511275725
58.268828272254126
54.401714247346135
46.86689351273597
17.59552147569341
45.75096826349325
48.498231688654776
25.40234758114358
29.38450466865426
10.410290352358402
46.77103249219135
51.81344054737784
37.63403756732974
50.92530030775664
51.78077913650358
28.237593769593154
40.49619229533319
32.81180877319258
45.382885106971834
40.60185111569429
25.027169226711266
50.06347428954932
49.82057391045686
30.778867883240203
63.217768778568384
34.94908132996616
55.20252004104484
39.9296499054072
31.187598888549026
25.38112024379796
29.79317461586575
60.796378726108614
2.432096202347509
38.356766856368765
42.12853371526826
24.497812968411743
53.193132131315956
59.0499198270076
40.46224259935939
24.959523991560793
51.42224745603092
40.94660298209487
51.6000921897045
37.962731090195966
17.277774039466827
8.302297004129642
63.88410039436471
34.28028286691377
51.21392395419893
49.829184833115264
18.206943916890324
57.77874743912492
30.647181673964738
57.82133487968241
56.81800776903533
42.36275018525042
48.53296825918938
58.86867738200141
63.205103535752954
46.03341717974021
58.272669221809444
43.322232387908954
55.317591815366846
54.93836133672173
31.960909241103707
33.5918420009789
23.24785704838945
11.468584507016288
60.732316194823454
51.06222405624253
50.48144269909967
58.87974208063041
42.801245586036
62.72494452128962
59.95377903722245
8.782643494381112
14.859160695903839
58.12390153665854
38.89420249441276
61.52248156726104
50.84061386997769
40.96473020897665
45.85482073002572
35.25606833957742
55.464671885369555
25.247514950472777
41.550316205673525
44.42077161288576
56.24069500308679
32.86531799984752
34.2870068516923
18.654412827591358
29.52166503733546
62.98538205127732
54.87311475435261
44.36353249287118
4.3502282264166965
44.33527235361151
29.958700173888708
26.423758992156685
39.99791706772224
25.57966510493413
63.05846072306175
29.718415412646166
21.650043118020115
20.811057538101245
11.050906777492969
28.072890853282395
23.203668360614998
35.25554104749787
45.18597787407202
39.99013394769142
35.25321834454016
58.01105133814075
54.593448085598936
27.479212049178926
53.605370884790084
61.03336993633268
63.141259626000014
29.080167033533804
47.4755740519472
31.17985810982981
54.331911761547616
63.91245238014859
59.873632836856906
27.80961100011129
39.1263128691884
4.0630499234125
55.96468520893979
19.73653891113998
41.28910532008768
55.181249615215144
58.04152328600369
62.464793351056855
45.36990129545701
54.066532270671104
39.55725486035048
54.80661899970833
45.48046642846619
46.88253034368662
29.363000771327428
36.37578608606542
1.9870429234587732
45.83704504566803
21.519095207590503
46.41807849830962
54.89564155846636
34.45265910059071
61.417575793484566
45.84045337158009
51.36833781987533
60.364600220589274
46.45059894230343
40.682634327649254
55.608819298532275
49.80416057806828
28.363091502513164
51.242695784072566
28.102432102537136
51.68925093546524
35.60592886249334
50.325813283580615
44.90034573375878
21.000251831961442
58.14065164013688
63.341749460760816
18.02147239676887
17.819307110730655
22.319338275415134
37.29522749444108
19.68911968217121
61.56591112611099
8.522308549867233
48.26915294727881
37.17711340397973
50.50159477204379
60.516302469476294
61.5016750115382
27.603939041902102
48.72249360000703
48.96803292795802
57.39706761978401
44.044595301287885
46.48228733559404
44.362720526460805
55.864151364698046
37.56788063467738
2.8080906859973354
57.120546341112345
53.562088442667
1.4316537384592891
59.32363054993581
27.81483383732258
54.33731244676032
57.21613992718149
54.50693058543248
63.22354573979672
19.180922742562004
29.281799253228186
54.02142398885274
57.72562942739933
5.05339585513147
51.06944066190506
9.417891846547583
28.215293616249177
42.47762049381272
2.1897961661999688
62.759677718977585
54.34561882705678
41.4144614686647
33.454452758692725
59.48788241956853
63.01513551290388
53.81812787607643
50.94962929623139
59.11034678694704
26.44172552835162
10.274804377745149
47.9801723614752
57.216090229000336
46.03654570186691
36.86802076762241
62.88558780328956
59.64877909567601
16.883103970105658
26.76781662388622
52.5566363128103
58.526013797434565
59.76573864035707
52.56379727112413
49.89517686041649
55.28063603500094
53.21694869709446
60.44185795063042
61.97833424809943
37.39677761822983
36.51459396090418
58.93201218580598
48.76325316371385
3.5409087746112817
33.403193373936176
54.20377717965966
54.15004871501314
49.92239538889562
63.68480760483363
13.29049181931066
54.327475478810996
34.498620981473856
50.135974883623824
59.78940839546653
45.54375949583901
48.48847474805251
51.94521728527191
28.155032246327934
11.74752133787834
15.37459859636325
29.414480156196284
6.088689798816517
29.64496305029993
29.45519759052472
34.306673249532295
50.091167385191284
24.705186003662206
25.663142910197834
38.910309573692004
56.33144434624476
11.728616369878473
35.863278309775865
51.94374192542535
45.07862693274126
41.42532544198602
39.05999581187855
57.63461198806174
19.337097738846722
63.006342043604604
46.34750458078937
60.46210802619739
57.26646946979353
6.99466645921175
59.62006154248452
27.096721287695885
46.20204314049279
14.059504761145632
48.865135612860826
52.91524135261498
52.292948342616164
41.97561442511081
27.128463702041216
41.349017090252104
50.84194717642052
51.55214378653339
25.904175606525456
57.195487100408464
44.70163623174578
7.290892182128751
62.100575816633174
17.151152689611585
54.721180912957685
48.618503671259205
16.175027738454176
34.004448160860164
48.772788763798786
4.678829533966194
6.105946174221067
55.70339473062424
44.41072010959549
58.26083829023578
45.09956232502223
43.337348101249994
62.1214620671176
29.32356079397433
62.47282541304171
53.025704956491616
10.125738739488412
31.428268115749937
42.61499105760297
3.637461238191321
51.151691894476436
56.382947430058145
47.100216747181506
42.86691904858026
53.46624108138501
1.3458577541027807
23.397066283198214
27.25645483284304
55.93410648577648
13.364500490269549
51.78634164570076
48.63984719023935
58.42568209134927
61.680390823996866
23.087484201487293
22.89886009982304
16.81023673554172
61.130026636978414
34.965651924227636
26.645487698785843
59.30873673236212
17.424831853539317
17.55113103016064
15.952833002270687
29.463973015119322
6.446693926684894
55.528127037892766
59.533143024219164
44.729598684318546
42.71188833709827
42.92208130259452
5.867157046333617
62.85119643888695
13.330227138274061
32.44062834427796
48.58086691830977
48.58168646227354
16.923583275119654
46.86890385712576
38.51945008877257
57.54227326060424
34.468505560063704
57.091338200234915
54.909229136127614
44.425351272859736
60.26464105042271
2.1860168923298318
43.93786217525583
3.13824721883595
26.333339648498864
48.65142278856694
9.71650640607816
6.074313883813446
45.368405242069464
54.32165362532922
42.78199174197018
47.15982120848372
42.09433131690714
13.018579961650936
35.863352264096804
45.293925024045265
41.440969617616155
27.00782635842127
61.01032322023212
57.4564464705769
59.79577940313982
58.338773921279824
36.168651451072776
63.65042571833456
57.234887946695906
41.61479113006468
44.21089090209234
52.26874038114065
55.672722424221874
16.701571202369927
54.86345438091902
57.892889901727244
18.510404757226482
26.894067451083643
21.47231829940153
57.805249478902546
53.08688914172928
29.65993754662675
49.45828350075929
59.29446217509506
36.23556363810651
28.257564297759323
18.824105083077562
53.50441856803185
38.56370897999495
3.0711032284355184
39.66749324188944
21.470524149142115
63.52232840993383
31.63887923346151
21.029802278166393
50.898015611577755
17.422509769900437
58.28162271417398
56.82498602735604
19.22600919531269
39.2018348560117
62.978235245219906
39.75274470606942
55.27148269410232
49.988999129845105
27.56775801298724
50.175162640109114
7.629432552862468
44.17906351680502
17.37245419013849
18.271405207676203
54.64022285960743
1.269531829876101
63.35528864096853
52.671302641795066
39.91072006932272
45.10615117407275
62.45464650339452
47.938013902177445
59.53268355335339
46.24993535426623
2.4947919500732496
40.30338572688821
56.208431695221925
47.68553842057225
45.623586736705576
46.68102371655569
6.190255464515111
51.24083480183686
62.653506316441224
17.99624491311583
20.72977293493733
50.047125494844934
52.969293380085716
51.47581983017401
59.810992573847656
56.961650225241385
49.17327909782077
13.535697007526487
54.55985856169016
59.24664025845118
2.4699914270836985
53.26468802938974
42.60588643128206
13.024541298101077
39.61486218945787
39.022933848314466
16.95230253276692
52.93261575329969
46.33959201511909
11.19565720800562
2.2225578303302953
56.00505957923845
52.878909065284475
55.8749660161871
39.54773694610414
55.43095702466602
9.278865266684633
38.03763640122646
50.96279221010053
58.889861213981646
61.303632252627054
1.0327913869425132
52.16075806453499
47.64637894700676
51.944592960575996
49.51461463511578
30.062300781919106
61.76403388379321
48.46578449807668
37.39694856022517
18.28442128639073
34.50790117035989
33.72346254696907
59.60090438678634
26.19440210829329
24.243198115980675
15.063561888015322
51.02990380720142
60.92007929729467
31.130663929178866
43.67381094652957
36.09860534496137
52.26873990208825
26.376896439461966
63.18683327534673
54.35284248083022
48.240105357782774
56.180220585535515
33.88600366002166
44.014770261401964
54.50421086972585
1.4804776929017933
58.69422397113411
48.612574103886345
39.298208858678585
58.775389591081954
29.355943584739286
3.7352797680499634
38.82035316701075
62.55791143862592
28.079470790990243
37.095227169698056
51.52079210453864
52.076494953961905
38.36233240182378
35.00347515814208
51.50127274051231
33.235638176425056
23.38165885983296
52.926725132070025
33.377795643722976
55.50962344244011
39.75723562304932
39.62697899555609
45.52792973056106
45.35800784855102
39.91688514783648
62.50765336046362
51.10270731605451
51.32104999283942
41.852746007457995
20.954402184927936
41.97549168146434
27.758774016045002
63.85318077809579
35.41181020692199
38.47847258722018
50.72729498065529
48.602221710992794
32.1061657970879
61.37566291755749
26.380701389936903
63.59229646777629
63.52001208301309
51.74616350346503
45.68829516750367
33.95457794208167
21.023779893045877
39.48802011005839
0.17242705092219524
26.379560074046466
19.939329772627204
63.820232371464535
41.34136600958915
61.79736007993651
46.959631329664305
18.539673091696436
32.94168028605251
43.65783344915218
3.538356290631775
42.21035735948443
11.841636640280903
57.27553958342669
47.97588363618352
28.568638819179284
53.90816093679399
56.6057266634569
26.986565919877442
60.795438262876836
58.83356557538032
5.59502514281624
48.27063789290614
21.813419570908657
63.50710168079236
61.128506714201585
6.228373126518569
12.675638796172485
54.04989033696423
58.93186709380727
11.172134688598526
25.052086274970506
22.98631001513816
17.653323987373625
53.03942654271159
57.32951423123501
39.15089387976752
0.9699731793685373
41.863085498806164
51.18996562205832
53.70462775978139
61.39672970450287
33.38793006097916
51.445423541179224
45.46804299086627
21.560200987690706
49.85740159903223
30.65952860848352
32.74929387523737
57.720437836623034
16.419994627976408
30.54038594999296
40.97809787516174
34.50771905191766
41.83641112252577
51.150124787000415
30.4760935607786
55.28775769921852
23.978910778405698
2.3937001694912183
61.79842022810499
50.696029196835156
37.67479140675562
7.251798138482968
37.25009652380993
58.425743489322514
47.436573372957646
37.052893218622245
35.43254331089135
31.482976888888103
32.86457801653712
54.010313453715185
57.38807119492617
59.45098149343652
60.10905246253889
60.109202021540185
17.59692849102727
58.408142760095664
55.60350394405326
49.184275135135564
53.92269242588563
52.71967866237086
37.43474490336081
49.12104453528112
20.492588455565944
51.379343080598694
24.429110049784676
16.524532437678694
39.52424882709343
49.645428411520925
29.647408634073116
47.063685752380565
41.260276381586124
47.70236206436432
45.77549880940764
20.63072979590401
54.23175662773954
17.310225273260393
55.29849266215575
20.616373032749905
30.22617531650811
58.661283112127634
41.71944730998155
36.996746775560744
37.73121525417992
27.912766509847593
3.5557589247945813
26.37024833134266
50.029940033543475
50.535592091957554
60.803263802551356
33.026816786665506
63.52884111020766
44.595107166723835
32.51408000257315
19.8643032935233
47.33462887107209
53.56453888515648
37.4872483669689
11.583985313267007
10.342579354939197
38.69534548432646
42.237693993660145
63.86671780748838
54.79288975245747
34.950881504461464
23.2967830851209
52.810712443630045
48.15580392193486
20.286821482318594
1.8718366907214872
30.87663341820157
30.11563929749714
53.463933829183
33.155883553189
60.397383064264474
61.32361287570271
60.975405723127764
63.11509653780037
45.2556477263753
49.04853831712171
61.75389334446267
40.73390767237973
61.89834192862572
4.488366383465284
44.50540745437087
51.618321179278716
45.368357192609295
32.535475682243984
41.640626953624384
53.57920158107273
35.74154101724281
10.057920955999045
32.27004512049464
41.35487356246577
25.690650906502583
31.592242371122865
22.988672753942453
34.820663875768396
30.12007120754371
52.84054965734088
24.833094961900265
32.017993771737025
56.44264159142649
52.30429496903588
12.47282824616181
63.90100145566839
32.424871296698406
20.41997083791373
58.21838087096111
54.56562100368109
43.257237440310874
31.491075059378034
36.66793686424984
5.175146675324875
36.6315699127655
45.831344142852494
46.193810189017526
29.916940222889515
12.493993402326957
48.08095624200005
44.83243130273699
34.42283604347361
27.797586931015623
18.70375995982596
27.281093676948664
16.671362056874628
5.965518316584664
52.88244698596077
39.35624528700529
60.429754237428895
38.21364609388603
60.712337924729965
33.45082490334063
46.394128742483346
49.118438741084304
23.222704371589963
49.84839888978498
39.13209649813798
55.66929459058867
27.619115235783283
61.38449940572426
61.2436942285122
54.22590945215131
62.98700958633982
28.737395752730706
54.84828826439139
61.62685278553992
38.15261051969145
10.444849627012431
36.457896778199654
32.61557431026951
63.94611731635433
32.4174189530529
51.51626307555418
56.009380247187416
22.442308652857008
58.768048718305415
28.652458215998074
43.02532984183236
6.129957560902696
62.75447710003363
23.92198007073425
10.293914113172619
37.32475561964925
45.2890557852815
50.404422024280585
44.85214601163776
45.23266492976007
51.18452482380056
30.52191196685621
36.463471964852346
23.402647241092318
23.004715599180734
38.050588486933606
37.348795366398804
50.62638060094913
58.93569344468706
59.749766021319004
56.33541904913134
63.463405771773814
39.67118595654658
7.912985544965849
34.37886972810969
36.24344439707932
40.14846946960421
36.61123929961479
55.613789714804845
8.29045774231713
60.5450795430621
57.35662837870575
27.39974129053325
8.367940614638364
63.92221383042099
58.39033298042709
57.0362580839485
60.158335645530116
32.33386750211026
53.97526077562908
35.23315247494182
4.480706780794669
39.68937904738773
18.667561869505327
19.134896521920496
31.99434229122707
59.05877932643744
55.27717622304434
32.64888264829784
17.21549646688276
51.747947654154046
55.604645106689
5.231337477171884
48.252614547564974
63.23628759177343
32.878669409685145
47.522509915574176
14.497088503370428
38.6974060387306
7.76746435128576
43.93046874003466
23.543021863880412
50.76369891130354
44.26611257351885
55.23709238154878
55.38770241060908
62.435989261628194
50.274876763714644
50.09242716843682
42.715492915941766
13.249233884743475
49.456486094496796
51.051208650456026
38.81838786999262
47.149089299390575
34.73394373639918
17.734135220194062
60.62880477552075
10.486737646246269
32.736340766399145
46.72613938990586
14.268011440593774
30.173268764741408
48.93058359458911
9.712683653272755
49.6207012071289
62.21190243791554
30.347636778621656
53.6319423260173
32.32563353280345
16.935722870687165
34.84983326228995
58.26019383865049
28.145311193903368
12.707209560370842
30.216415961529435
38.59276129452489
53.841830308762155
7.821780631586506
13.066671025821869
27.216892560117003
35.736428512793935
14.268178855151774
21.136908326347367
37.115673847755204
31.262239441207072
51.35298972235053
59.43220488506406
13.452549960451869
29.989682248165195
3.3935426662687576
62.159683774520495
14.670858016313396
30.29840297849333
63.01518803666515
53.59520939887641
28.074515817642492
55.72550596865967
28.028614702248696
4.755963023216729
12.713340174068023
55.43178227445859
50.55580968675495
32.65359584523341
13.003435643344055
41.895445423265684
36.99336256169875
34.03515856100974
62.65809005246194
33.626210551786
13.374136171383583
30.6028406714466
27.13554089801645
57.843426473150636
7.994105492712237
18.403322460243388
55.824799909858484
49.323368925285706
24.845830046345412
58.77027525208989
56.60678862181392
63.80156092513576
60.46297912375035
62.871031468430765
33.629813049372174
