56.20920166896876
59.762622030104986
14.039674267503393
51.71741747554381
28.70588482409483
28.291180230020274
40.17675309494487
42.71947409283575
42.74335148116997
63.17151381021867
22.421109198873694
25.67199665977671
21.30578688185396
58.316741350244044
32.42129446505852
29.371938907822702
55.22126831321687
19.77354121740494
10.481119672619542
50.55279991442382
17.519811839650217
55.60738852089816
9.41153112208476
17.672673065373665
58.39014950822059
54.35664354661945
47.54435433545655
56.805994830755466
45.351577179137394
49.61810892206553
1.1583781299070992
3.9350043114840716
4.946552535400613
14.872112975085969
54.198294010915106
32.31316751430265
41.416046028042345
20.58567471902044
9.323578970424848
59.81334981896615
55.50401999032148
62.21811901221187
42.73050716673547
60.16374759870125
41.53871740429683
18.283485250187063
48.06811794178356
46.034003165760794
55.57261296494914
61.83493739981441
63.860338696633534
41.03775511775988
45.140667337980645
47.53545296779805
24.487515826479097
33.02094830612706
42.152493688319595
22.20280654890498
36.26076999987876
33.485106781017414
11.84320157516462
27.409048048810753
24.767531703218303
51.50625992300723
62.34639694431569
14.453298013989219
26.729798744502837
34.34674391819554
52.32207921559947
39.38207179737924
56.89847492005668
37.45097072382478
6.426921085896389
49.292737202631145
28.015611745396384
54.635801800435864
33.54918844930003
42.244660929983155
62.870830449008025
46.87407453249783
42.703409491508
47.27951895076393
31.310990923227344
56.888690947899875
46.149475823723606
5.5163457755622645
13.864786120681721
27.078073725494136
13.176385815956372
51.96307590495236
45.98187202835437
63.9028675759269
37.05469429001407
11.955041292197784
58.129239377593485
50.213170978667286
61.9639174270772
21.909294004620435
7.397709575046193
48.641326008918305
61.61909508368671
49.00037959485307
51.26718235283887
37.988487028999316
20.07003757125593
10.401661572562489
34.90730832523809
50.887033061111104
53.27685589180346
45.73574749358514
63.499225638581464
20.187246263157476
63.65787360121561
43.96688393639373
13.11669426842952
43.79314105922762
38.81444071391661
47.03103631066293
50.88476223517328
22.585602005136238
63.745450336965554
19.177425762116826
47.86365350459897
53.14846278324066
48.418276929105424
23.847900610515985
33.464872216791974
22.49002066384662
42.86080957006386
63.99893666011136
15.636726575814578
22.116303474380658
25.714088704651473
60.97115979335035
52.99241130202261
29.955717947530083
60.08871533902487
28.81585305999058
35.78629468854018
41.3305395122636
11.764490896017158
45.32691447091428
57.97436255060035
42.961114465168336
0.4154863645958713
29.911632430432192
59.487817010485166
27.108589245726705
56.18558528362992
16.7185586134476
32.57336315617197
58.25026247563541
60.99487946352974
54.23807232589002
0.9815694319416863
7.639834316272122
5.728459722654584
53.651495068514045
23.24598662353015
36.426574984506374
13.95200832780096
41.89651560886567
34.5944002900922
61.251421701519256
56.75601378833999
63.785922806675735
28.343829471830873
7.9164532759540265
42.15714319310102
21.907012878594763
53.49168266605629
2.3269747390643687
53.084815893676065
50.58229889469318
14.295555737527238
1.7715558441209893
13.181401732720687
50.484614798155064
56.58090805961193
55.96813066941254
39.15931972767639
60.635099844361854
38.80303507910203
48.3248214401393
21.972193929557072
47.86287993541596
60.82831938187391
48.96794210262729
2.4118216191695154
48.053589933223485
63.30916287037733
29.042151947358803
50.13890941425389
42.91393930713224
18.48909884447584
45.760304751162366
60.5965986378893
30.848732138576075
33.8560804819644
41.52202759006159
39.62689746401039
37.5898013029711
61.53479882800384
31.500429904024266
62.27025877937797
25.21424040900237
53.41018726248135
27.509899323900292
58.07147380932639
43.37487137304838
40.635610246187056
18.532400391318767
63.5165057775911
62.410164209334724
20.21211319675529
51.87807179637663
60.11676838304228
37.46337992466115
20.80716285589547
58.49078037682545
50.06579192595541
53.09069088898938
28.261422721916396
38.848980421074415
31.776052891586218
12.596841038225193
49.210876493489295
24.017819945515335
10.959873012388726
58.51933246029114
26.53054270471663
59.13981718656564
48.742808633609584
60.019791576710595
37.985877202731764
19.9611043907287
53.723561389435915
58.46300054255237
34.50012453174334
12.236620556754765
0.547914436007396
59.82233044714967
63.25185686263802
48.00258575565529
41.6865005033029
57.679769060571644
33.5298994460725
59.64574609948159
33.58122827431929
58.7923135829846
22.01014345952803
18.40092356154171
41.59525488715174
37.224659889649296
41.919408859954466
32.42769163861898
42.64413594332208
55.514967499977175
45.23085989444844
61.817356337114916
36.681174273525656
57.722300652032516
55.32162991538452
12.470376990638357
37.09494905100789
56.53135171375658
10.427361868171822
13.000792663538498
57.30063187719331
56.2281604423392
61.16513216728604
19.549055806424654
48.49036291035051
18.257734800303616
52.982335842437315
25.584351587496812
18.232812662743804
14.64784736290914
12.228653567111131
53.34587254415499
29.39633250941587
55.4463864679485
32.10285218621341
58.378579762347805
54.019581948344495
19.285673501681167
55.71558502487828
37.061247327639826
50.07736986691567
15.000117524122729
52.43868028906337
62.74051300474335
43.32667497608681
56.42954142247821
38.497720873508484
60.32571802440786
36.349550821113695
41.88080816427459
7.827064766244433
34.61573110657696
31.585311136443515
32.526368899233304
45.79730516791099
1.8700029613636246
13.618849355092088
34.209652361718184
44.48804457692587
46.057611225677725
5.274573474143089
48.07392045767715
57.61097827613819
25.91864633132709
35.86886799184734
60.46314404742202
33.669609938646005
6.986864335996458
32.598808351478255
52.30060215160812
33.65184804193006
23.90719927601495
37.74246466290797
30.866114501041856
39.00972409503606
15.827613789669513
36.04358396358178
36.5542594604986
41.78472114132269
7.3357856370841645
44.42599376784816
14.783599482655333
45.87951895871951
53.98357510854771
50.44303934691719
4.767160204568086
47.51527636971492
24.438357280243793
52.89047525237547
51.03478153560858
44.70736509337865
29.245885670691266
37.37829652342187
18.668420745065404
28.101826892506452
41.18166710162322
19.922590344785895
29.42389942059829
51.01907719600534
58.1360762461202
58.70388061543335
32.256377368079725
61.27599397046629
57.96109385592717
25.592264369574977
12.36040194149139
53.03007783306352
20.602847303386113
37.90824814240882
41.060706822466955
44.31446638647596
52.76618302206218
63.159496279632506
52.110068808520964
12.768171978932521
53.887765696869145
28.882007727592253
47.98029723233774
49.867909012519505
21.33853106241923
9.051085560521223
52.63573262247785
37.74540598009553
17.53752677598382
59.655462374047545
7.026410836728523
63.932705385300224
12.308236184181204
41.87703248071364
61.120451248212824
31.107265175066182
42.27111953222517
18.34725884857275
5.0308695770700425
39.808568929297266
49.64121995198475
36.832647790121456
47.918090564697465
27.482854933452558
51.08878600079258
62.02233695533601
59.262578421833055
61.935318467717856
56.236299372422934
38.819353605252665
23.941241311559494
17.42421002727199
38.99886131335303
49.33215127327389
43.171165736864495
33.0372061561404
25.959751614807246
42.21433678229485
1.0013755475561013
58.826688973198706
58.10069381691426
50.62697223209041
46.97761990721746
49.29131127385588
39.59429788324834
7.8703217150832785
58.27156654947242
47.22829586573394
11.715647366965015
13.185848501379517
47.01196468973518
26.569786546433498
41.75924975114852
54.86007083232291
37.516526060584034
61.25283344200206
43.431068111510044
57.55972415632857
35.962298423803475
14.721938984493242
60.91378212259135
37.27999971284429
17.992854585826713
48.53860069705008
35.067626545247094
58.95745675801622
43.248068024979766
63.898748437318375
39.786749714112155
36.834515972771726
48.328051556930156
61.69801409458539
34.49528256594422
41.937309120964386
32.68022805581872
28.29218108066042
56.254220888722195
55.95495105983118
28.92803934062018
22.62028024623301
60.64491913104864
24.861097054407516
43.789793054785804
32.27502027211335
51.67863655100547
40.51910527410408
21.307749992044947
32.490056151557354
49.654488267878
12.21677528425451
48.07709109866571
58.82414117515914
26.374346758673525
61.90585086540892
42.239676740854804
48.435695095754404
48.049682451573304
53.96083641451291
61.07015825828885
39.63085763893216
14.447836372637653
25.198480396854848
58.63708658580799
9.450575303137498
33.49187325374215
19.267407291587567
25.519714895390692
47.63890554155033
13.133646764525459
58.94737975593745
40.93120409021419
30.733582514195064
44.9315884520296
24.835384247883937
31.400043352908057
46.6593425259648
62.58149614381108
44.675868044369835
49.34135195734374
31.620292606837168
19.275227630190294
56.52828960471402
55.54643878782441
61.40276962294087
20.669499539870202
38.67181745497401
39.21422052285493
47.218587052871264
62.71524775697794
44.452729805076814
3.378172176136168
43.34339818325575
36.7267122542727
49.4367924965782
36.29440491283452
51.81520235945704
19.879675552343464
60.997163695378
62.57297333398972
22.186357051878268
54.41831150553307
52.12617131059944
54.279266707380906
63.35167884684836
59.61311648409678
41.593781665145
17.49398412432644
2.031690709423728
30.441373850303457
48.93480513744032
55.42067075314661
25.09653251527307
36.78481523299116
56.793218505595945
21.077753047201853
47.89917472982438
39.58982140873057
39.51010244203703
32.93983228324869
55.292403363223976
50.292845641623
45.3531899984279
58.86541344118544
32.973598718644794
48.909716717798005
26.122908514767687
15.296317901027855
37.70751467099322
43.45687075999497
57.03528103836311
50.50022284928713
46.441056094451014
24.666132232434734
15.099696948305926
62.26508711723085
57.00367420525525
48.100519396774494
61.70448644081802
59.29057335650988
39.225991729227445
6.393329699510915
48.39074921941502
44.82826217531364
23.54567981247306
36.16130277278937
47.372077651739275
55.89051214561201
30.87106794747679
5.21445904554529
52.867628427597275
40.08579823842347
30.950917017034556
30.50671398741894
41.5458254113171
59.233891602272045
41.60808540293159
63.801443517251506
35.67536951636197
45.761371014055115
6.450838214707808
23.90547595852511
60.601208512859
40.15956040023626
37.28607003493992
10.159045065772425
5.744826518779966
6.53716723416408
19.844172750184086
60.48666159660487
43.16232171713352
43.741086931923135
63.04345083982005
19.496449711172637
54.14149963287231
44.43729687722315
46.92318295749412
44.62186243908994
27.084055516594354
37.50475869098497
62.56425992312087
36.47593754164009
52.53864312822564
32.281486323417
15.23282895621471
35.92952084864004
29.755756751067487
52.282089633598524
57.90887814733101
41.98614950484257
50.46249510481824
30.40836437968985
16.48486933699325
35.42761686752868
22.677571285518432
24.29165019883991
22.091009032802525
20.970071768583722
26.96580505879274
48.09278684609791
12.614508594809294
51.32550081338594
28.955846457849198
46.69707308190516
53.39853380537833
40.42470570600469
45.228181175886135
39.40635063817287
8.198074836217259
50.42882742902589
59.591303086128136
33.220365289932204
4.509445018744913
32.85531562307483
23.65179573402844
25.122991978056042
42.747013906705604
51.958688022205486
38.604542058582325
60.27563233261591
36.719343357017415
45.34320178323472
57.964871575847305
46.05332649441207
19.072680042747386
0.6346791077794904
52.48075837028361
1.6362390509865392
4.320673378164386
33.65159556809802
54.346886081489345
5.6124577168041085
62.290523382860044
19.192323125772276
54.34531709863433
47.8066537222226
43.11334280050464
22.214688779157697
47.20719738298478
36.19261126515785
5.101951149752445
44.18923127282645
38.14812940649141
55.0516240796018
52.73952382644837
26.2657119363419
43.871234270035245
52.53814094842798
12.885243314897338
21.273467810922412
22.790804303473976
46.522504721914416
37.73200392855177
62.2974410727756
58.701583663103065
61.12353035965001
40.3987926308463
46.73083447956333
38.938601417932034
41.98560800831059
28.430931340427975
51.22078189899614
24.553543080336986
52.250161439491436
46.838399859130305
19.66582646170935
34.56403810731962
33.77135399770795
45.827597300928275
58.25234582770145
35.73899673650397
53.680161807130915
62.41174424750361
62.32482601466496
10.580974109512596
30.329743350004144
42.158453147045336
55.39707779630449
45.789253902569016
59.82493266294535
15.590305386625097
63.10549520749919
59.47523340355705
37.90256869348209
59.84731922671151
58.16779379487995
16.56092385503755
42.82810700567087
37.52706680021543
16.092433124017013
35.67189307170865
31.733278972375693
53.90640041503416
40.65819228725222
60.42765321359204
41.6255070743221
19.86152693736978
53.83951630522719
19.500736649530943
16.27160434390838
50.56240488561476
63.799110789801084
28.323087775666778
41.33111964305478
42.6124677528301
5.524872776742924
2.3891581900619556
58.06245667094849
24.027480676475726
14.350091270893813
50.88427864159624
50.19423059982438
50.13777781522238
25.041240626740844
15.168871741914266
29.853233018137942
47.50301981100459
0.3696374168869667
44.30336123144993
42.3448666953406
33.61890983818626
36.1546976309435
32.39914257070839
51.203693086492734
57.13688337896022
22.123600146445803
53.550341061186685
54.18815008364656
39.29875670781889
32.907182213802685
35.15677379066996
35.25058844027102
60.01291743459271
32.071384940006816
17.648683264688692
52.56300311368351
5.872331812539365
41.8293130766035
17.45044934767578
53.237842313500884
51.29973206869738
16.2587405130556
41.25988400524886
31.202913168842464
63.958437121506655
41.90808682781187
36.207400610308234
52.099754274303564
17.26868409113397
31.111284755094616
35.31879984745652
17.059113069115128
55.04034956579516
13.776169383331592
30.977948872988257
29.27998744359003
49.59998344976864
24.33101414610808
51.261052535705105
32.94678736900773
22.909046859023015
44.446572605267605
37.75520202066575
32.88815804324806
29.436183962289483
12.705925486081853
54.75927351475704
47.81820608509645
55.82172497180318
43.719884181809626
45.16992709264444
45.30164191255972
37.17634723767122
36.957660583251034
58.27783396371154
27.933923055186526
26.81298480476437
44.14416805359508
63.942857024582764
15.787617090260952
32.36839308089053
17.379758831035396
12.737939856027197
26.027921027401938
11.797982122009877
61.18825138022186
34.334256141248
15.438662912788935
40.853222220435576
23.576888161565577
52.43582159456296
56.52680503702965
60.815705595177285
12.46862825821735
29.892560020838474
56.69861768862704
52.608942025126495
57.79896795821214
13.684046730707372
44.44152327025593
56.96243470840687
5.271238123753967
62.33587340883785
38.42686943573839
6.893299571911825
63.551578432606945
60.25287737877549
34.385137611731864
50.051333320423275
43.47255114093899
52.864766549074545
27.781313972197225
55.36856727556324
53.15261462227959
38.97809474174635
60.681571243810396
30.96711368271972
21.38842116845258
36.39701053231606
60.33796941240367
54.59973531443285
36.980930749008614
54.94207186692389
42.4812252867071
49.61136217526155
28.024710468400485
0.21533649478333672
20.530640154422812
54.6057420903922
29.979513337242366
21.231330681727023
48.07517179301884
58.95570569370159
19.84311769089979
9.991566814524653
35.383487903719285
47.813726731396336
11.22501525212418
21.591017301142372
42.353536442380054
54.497483508230495
56.54243372072389
39.736431186168055
12.910632965706334
11.928870216405194
23.652463298089593
50.30933326190173
38.006527245699914
39.60645623349848
55.83894240147926
63.560458834443594
54.211117605895616
59.242512936625765
48.67804336507337
28.311627172414397
52.05745975385135
59.22546662074199
21.492895016917757
57.05848163838603
49.47192943665102
57.75599569956837
29.870875851037027
47.5211434915352
46.32962546283567
51.82665699412614
36.331034868002604
7.67811806339914
32.9304657134965
39.67371384344679
44.55344488344894
57.27131464058654
23.53248225496486
39.385288367423755
6.2817677779449
20.927637121401737
10.473198005126015
21.965460935568096
53.31521012424203
21.306379289312915
63.90569715259857
21.23196239458047
9.56606221082665
8.4061010480645
52.94214887210812
29.683653659398317
50.958199058470605
63.14390505720861
53.20893038990946
54.83170027129874
62.93139888284206
47.87143286312382
59.14636491198834
33.47705265778775
34.61363999638712
27.892099694512957
42.7256044115036
22.617740980963397
60.43752572580046
62.75067316321549
46.464830231664266
36.86335278388485
59.18609203850134
59.918596073928434
44.573776513446305
40.93558010023008
31.311420962937397
42.36067525500385
56.37149356771054
33.19051280145311
48.89362372114263
32.085602886832305
5.224310377971385
50.672645595171616
10.219056025535018
40.979994350062434
43.88585514114489
51.281359616712635
33.65191507793202
61.0771969771174
30.511174161341707
55.174469884992455
3.4573782132690667
17.035556864576783
35.79124527571277
15.371855561413184
60.177859036748444
58.14026927399226
39.21706106211138
63.107163302085496
42.66987084084407
61.36192190758608
7.643194770304866
51.796198409318166
42.00532288090008
55.14055501445486
37.39829037099517
29.468329205864343
25.95707739396773
40.356435366791786
52.31152667040761
39.91160506881847
41.86088956186734
31.53287924521731
44.58480257527532
49.16211876576418
38.791052186876094
39.892244578408906
41.636022325981074
57.119309094452944
63.36593059913959
44.64606827443974
50.610318374059474
0.9752984205961894
61.883646371676896
55.70063714393922
10.180028697429407
22.490959728334467
63.454876950704765
42.19460639457833
56.09903813020923
57.99215047617321
47.99246796627562
57.763715422177945
58.13335979184092
56.324817327756236
33.20211942217304
19.140269459268758
25.09140608216181
10.310451813905736
25.201723401976402
32.74098144200373
21.67939152226146
33.39739256060762
26.064255480178403
31.35225049799738
24.47412973538558
31.271333381925423
55.83945653790306
60.72123284453963
32.81924454648987
59.850454019834174
50.58207499810651
29.446871149518664
10.090832811888419
61.41284647741262
28.69504613352275
60.74018986627841
59.97877934072925
56.367913579835495
29.955913091414423
9.742228288779323
57.18438659052011
26.26242182618754
28.302326486639572
29.139823230915532
46.53814584869661
48.281532459672164
50.98563292819431
29.165851714701603
58.11694429374071
60.46942967469503
61.656970887184414
8.28125694463315
58.2101597770628
9.277483471618154
36.44966607268806
2.33224404921058
47.58239949901573
58.42182496323305
59.44980836525386
25.802045843533087
52.86813492039193
50.38693134947687
58.01966525402777
31.837412365908996
22.908722680008204
58.753191974201094
52.16670809542877
40.78919297423414
61.99877561156286
17.28335418966917
10.723000193680527
15.725552153461997
8.796168186616768
29.00437759256578
54.818991515952256
46.31837945664386
58.58105063898777
50.114251468723765
50.14427952079929
46.4562224416875
38.69230955597297
55.038939699094875
45.275268971046614
58.34524738619381
35.625116809785226
26.847808884601044
6.956462840578162
57.048953966767094
50.27043368755657
6.579606848031894
9.790711122996179
54.484736711326335
62.781008094535515
52.88899796342295
18.40136096759465
57.12525230638276
59.272965550323946
28.55325639967726
44.189811804967206
38.69216914022662
25.841230986290228
29.946934582303832
17.343113656650544
23.045502870943707
24.812097643380454
0.9102916792135787
50.516065164341335
59.06101410696989
58.270277681333496
49.03159287453778
25.288307673290582
35.02251511427943
43.2231740400083
58.8342719900265
41.15413749030829
18.552905853504022
50.10571006038793
4.624019271485487
55.89070662636742
37.25633908796456
62.68562706454599
24.582042819195202
58.48470160193182
22.477336006113127
54.19381732153784
47.89181855627258
58.633050650683856
61.176702914813134
27.81783058515083
52.64288865581947
33.44075375121584
63.76676111599945
35.613414560228705
28.421380573578823
59.773345779946254
11.87712061440726
57.87424644735236
42.275401284960004
51.852072979081605
9.997862406255862
42.94162497371242
56.52720125260198
20.395959391981137
62.84585375361656
40.19138637525895
25.88367610269465
20.453874534376297
10.216202653878675
30.513760122723944
47.33673578190894
41.58602901649377
57.10673890119684
49.06561742887399
57.80189987463049
57.16832102810496
59.209571216400526
61.022123303018695
38.97569806398469
33.211357170196436
56.95590696670899
13.252210562309102
31.439697665280725
61.788913779270985
61.92479893636451
22.31850788986125
27.375727576567087
6.3496576469031965
28.21935036111544
52.62731552483895
33.58748227659811
62.62222142259632
17.912249939537205
45.62269106860775
48.95898203011617
58.58790983517222
33.15458396594602
9.964823943934924
50.3401708409149
21.326388601459463
28.87309785135259
60.458064373232276
49.073749325458486
52.37995908835475
58.14042375836559
38.921199548132904
59.35741337681852
62.90527304116064
46.09445232532093
30.739615579636194
49.579657660161985
0.422752571765848
56.29959797136251
43.357230233592595
53.08811481038782
38.8579102616566
5.8274722453174235
36.03964776865057
59.21425455736439
26.929349315702197
54.23990951209147
34.78966246322476
39.39822663385972
11.950544639856702
39.5862475530777
26.220786617632676
23.766667590983644
33.668970628710326
33.98134532871625
60.89095535421495
34.90012901169791
44.46911840646291
42.142885298379696
46.54406616619559
12.887395841449354
36.781142254803754
52.3472618004246
63.044312262078904
50.99805921512504
47.729141168184356
57.56111490670955
56.43577509035514
46.65346837347214
53.401385726747534
60.13364913753326
43.83344783954681
43.93525092362898
61.42199810213677
32.88399043215534
45.37948783996106
4.475552331857408
39.134471354268044
59.329142322556486
52.91900007787275
51.66463801661219
57.378268389005505
49.82258828140977
53.77908323056622
40.001337616841724
55.55806036412785
55.545131605133705
36.975958766589095
61.23584905486478
60.99862997747869
27.910087217743502
40.895709660335356
57.307437464849905
32.971983015093166
47.22291442733342
24.368533744306276
1.6672174486620577
6.14121985195559
53.959613688512654
16.571339212311926
31.616110626291444
62.08208776221149
1.6236864538622626
38.44297703890334
52.161686091297994
49.86067820380096
4.402691084056073
62.585669747599596
38.259855369465754
58.219726673005304
29.167150324214695
38.021509903064796
35.30221576935496
60.83532041882271
38.300504159799424
51.87506045925903
34.6756829390623
7.609821285731051
45.184822839631074
24.96352153081599
27.133107086059958
63.86402700423609
28.340306798256044
13.297945040749887
44.003636449065276
51.46298195108021
35.45728719844898
30.801891355508197
51.7280456083434
36.196821370287196
29.757605446705675
33.02346943159003
6.938684367597325
51.81389348276959
35.32872970290394
27.240151600233368
62.972393611341126
57.416139705818175
36.4819710796224
29.83741256794012
54.855098950167935
51.963931779321825
54.3510757015338
17.327739179746636
25.563284006251237
53.270233489045935
43.433119956109124
46.28683647363253
40.248704949828465
23.380806892335585
30.064036744872936
50.53555986016924
37.44966407594325
52.40572903532562
43.89030282578782
11.224767225807803
54.758128082439065
53.58919984570767
47.947368859177956
61.327748170182346
32.40448827344047
50.52153346679371
8.119957549532032
26.091570308978817
24.30177310589817
9.253894992844785
31.86770773509643
39.47699942516232
54.585986925993325
45.382262341190156
62.3793943950903
20.640009519185263
44.6540762254932
52.67312721039105
59.705103055625
40.872241274319194
43.06035459911442
22.42369491122595
40.55577994924688
54.711080888250585
55.6573575953186
62.82530784546768
56.85506828305506
49.08110053652311
14.820108234587813
43.838667536592595
57.1213696758023
28.486195439438916
46.480337424992534
42.27746235853748
28.397626707982283
39.98550911736407
47.67949326417231
31.57341662828916
62.756437759766825
47.08136113731558
60.85953005198719
26.83356263813252
61.68369870535873
42.65411330391253
59.266881977251
34.04775753617762
47.84119682381646
42.12288949581075
50.52290811881259
44.65563442728464
40.52957787358082
34.569172789760074
42.83154086944843
50.32517106485158
39.40038947499895
20.741954145054635
62.830940814965174
24.814905221559066
43.74004087290241
33.78111547929437
33.82556744921611
63.767986247636756
57.570621995012125
32.97856452157354
60.859773461038984
30.063067349160733
52.47065942358627
26.003102767844986
44.06027082686387
35.538066041448246
35.50190471119815
53.573118349109656
63.60923717593385
55.18216425811438
62.01295000754662
18.18670917356532
51.49783789765333
53.8143357665632
49.585471183114166
33.73163601210838
17.487186866238318
14.218751732894788
48.81991166769125
47.59803372619889
44.847971541944815
53.22129059391054
51.388891813535196
39.180496951327285
4.24390254169824
36.54225420394961
8.104420865838591
18.663479026486414
48.78649267181586
57.70913296887942
0.48430002280661455
40.92464311632537
30.833752386949577
34.64129994591336
6.030850603966421
29.402557859508036
41.63820760731009
5.5904170271168
62.826234418844514
0.6835659010613213
54.35714358065157
32.866455628748014
60.18322042809713
62.04969187304563
39.09851486361433
2.0563845434650077
60.9128450667908
22.454253046881917
31.442618042423945
30.484254990385075
58.42421187677812
45.541871266402
53.769055009795714
43.485315697177285
51.621757747489724
56.366902486987115
55.62132391628998
14.989091611457425
29.232755709475853
48.81685293688294
53.52655170465282
46.77811043956496
40.01042975351203
25.45885483957519
18.576140733984303
21.812831327929025
30.796296626156924
26.576328693502738
44.23752100112838
35.948555876659825
57.725988890238895
28.29771576791532
57.33224571658104
17.531897710128675
52.360751010461385
6.0436176411906715
33.21445247491758
57.09873157709269
3.41882075826166
49.77453981973899
51.33601171347294
14.067650054001433
47.08282503894851
58.515904999575575
44.78226305901397
58.93302600583654
32.26276859027787
4.68925678831485
48.24839745080553
13.379907901824566
27.073555555170557
40.33402438309254
51.569183947895255
53.44747863354578
44.157371401234904
56.29513053503693
54.115018805715096
53.44725836584293
29.13053263909527
49.08004485036948
21.681994861436102
30.319783935699583
24.716122470960265
22.737913867604924
62.782052569941854
5.586830729323623
47.238260958748754
4.459550109262963
24.551013110651148
58.80191640254891
48.51198593746898
37.61641325935763
49.5850624931866
59.5334094320652
43.34745235601622
63.78818580021664
27.64012026169705
52.381504776675406
61.25315605869758
14.458892155579427
48.662063438015736
59.85286446629602
31.272834516880664
63.57436130293503
60.86190528655028
33.29195417967442
49.868163933813676
43.64347714442306
37.69388168438728
35.42047002103341
8.461401677345187
60.55579587648561
28.026628628147883
45.315235370846594
25.01959465492979
38.969999748792816
62.30568977492967
26.826686928669496
40.82705415662325
24.675399855499883
23.08850552687702
31.637183132854936
50.706697533647066
52.4447239275498
6.274334490095718
43.34509409728461
38.944249381026665
53.395780829104154
59.77295044700452
54.60916936219649
36.64487154149677
31.602326578763247
62.31144501564623
37.20868779355283
52.52868292561814
36.1572878441404
47.874627204766895
47.340088161351154
2.698684356374315
44.92440112975852
21.280816775814195
60.6648650304312
37.90008783968305
57.790914464746876
42.06406396380092
53.2824979181246
61.6983328881025
61.88569134855898
44.90595629571069
51.287550995046956
49.446038521034616
29.983057174310105
31.140857894866173
52.285032968081396
58.40406071058911
49.996838167422716
10.171162845697815
15.82024876483181
57.16691979247949
7.263866734074519
32.60204561617019
43.26564754102452
36.38622251939306
10.161465000801705
37.63457688545032
44.49663407992142
49.13767670531987
48.25773379752979
62.94079048141957
19.551609866201666
48.98405318568503
27.692541956959396
59.846984780292956
50.64693269194956
45.78667341907665
17.872207406398836
35.7609697770057
57.19497223253062
28.399789618306137
31.992917448636852
8.367804861503856
49.24457078084624
60.097668666551634
32.81272913198268
18.64026738508249
27.276858594438032
60.858532558183185
23.213153773028615
26.59752143610182
57.945377040144024
39.76200533925645
52.65309130301318
51.38369075326806
39.20005070503769
0.2505596439178248
31.486109892704867
52.729875564813874
50.5903139871645
60.88258731436378
13.909197562317736
52.20937598088478
51.56661702168625
62.954131993010165
62.491876147542605
61.36853636019457
17.105634800415203
43.70395488616751
17.881904974011306
18.887554077065374
44.388856473007834
51.34387745422294
62.28326252446746
57.56819438726498
9.959496369553477
42.69577350575962
62.2862651018808
43.78268184276979
42.09326885638248
43.90070943183466
41.66081053043265
30.651232938438767
50.24129426535395
61.952360700126434
34.61011477619802
48.880829862535506
11.709839126016256
26.80223549046635
35.13453254567783
38.342564168769435
55.666632081344524
51.584376901937254
54.98149607738426
47.54835298383011
54.40536671166329
55.81514307916057
31.577418144354873
35.65921613345315
43.10157478904773
41.740994545000646
58.31885743504896
57.223552629990174
53.03992679483221
61.18120268598376
44.55792162821495
11.295963243757186
36.1393447866466
44.36212334334007
20.80843942000368
24.792169883429303
48.5749923585696
23.35805020452696
46.69236504853218
44.448184180225034
46.84931682986018
43.35750377048565
49.468955097353096
57.697872881987855
62.06901561575468
34.93782394480945
60.657087806267064
63.298509055779775
32.749381719004006
52.34021843385499
36.20653337043632
28.54879863021199
45.18774669328529
54.233005838920896
19.663200266309012
45.85990301623045
47.73427696893233
39.94753935523322
23.41453355453372
19.95960988602792
56.09355780150417
31.45176648179247
0.4571550458630256
42.35870251940253
31.98128759406351
6.074391858385091
24.64474716031993
29.064945543030227
23.46235221605044
15.451031052864863
33.46713493376159
34.86486915310166
41.01964366475873
46.120169767306045
58.43208937322436
45.37533890419802
61.951395584475975
48.98614840822671
36.91494058492394
20.979239048811422
37.03255457955026
42.83757512560055
42.00989201497654
49.527720787563354
50.122269033934444
58.63150405828497
15.110181014024569
2.807179692020668
63.430825427871724
59.39619373745193
11.74970455876391
55.92013759532156
5.534790033827839
31.092331232169656
56.11693078196123
61.57246943709118
35.01751289634875
35.787572441547965
33.2336533881128
13.063981401323218
47.94562705320217
59.29606123515321
0.22815162432153357
48.60988947172572
15.747541177695396
26.157112689432147
53.81310443620604
57.48986989373683
36.83159329241829
21.588956696776904
58.91766481418481
41.236167081854106
48.659772403489995
32.96874755366015
27.189870871561375
40.78140245022537
51.00352762738166
10.375960923686186
42.44521604802421
5.822048591446105
40.42248535092135
62.15061235982049
53.4584276369954
48.27540124100193
21.954575451272696
44.85351539462167
35.751102325620295
27.708347589685495
47.33219445682478
50.674396382191915
42.003819028212675
41.20316805706322
43.65269131336147
55.960782071349364
6.399193185403725
48.001601631135834
44.259585690094625
55.78825055616214
11.85679045757361
49.76001802215999
34.472111453372904
32.518368417856856
15.650274625110775
63.68863926802264
27.19557117496332
0.002059184800799585
56.62666665122962
59.55447563561248
41.5646424814001
34.80081566390558
56.03551996601527
21.29311963173565
26.39678888924807
17.378679392364916
57.129612266698004
31.020168953623767
39.14983439420496
17.658867726257796
33.51526386423397
57.0235910363176
59.04067968794613
60.71948747276793
61.48235971616058
22.033147047036735
47.54865675413029
58.258925891106344
14.109933178125978
31.55673620893193
51.709120288099726
49.64891969222296
39.70694397009912
53.27488569154763
6.8679892064260954
47.16424739820076
52.44115673235231
9.227010348592742
62.190735969166795
21.51643829249472
57.2368062562279
57.02478875180588
46.79592587115559
35.18321123626795
44.97377806422081
39.72432360721889
9.396792444059805
45.1391443537307
52.18252860095829
52.28531742834639
63.30908376133625
42.95911462545097
44.425277598044005
22.086511270341497
50.90699189527149
63.37717502243927
61.177208961734124
26.7510303416042
42.78734252760124
24.09806116888872
36.89732541171415
55.114036207764315
48.30559519011709
44.255198310754594
24.213923989558467
58.47396778943663
33.59092769526552
43.84768009963532
18.623450356480838
47.310616369271074
25.161667201916607
41.88057520164779
26.6212587801444
57.69329478312481
52.228411859098685
56.352875454381376
61.54359041801812
54.36534607713551
55.5091382118892
8.340014310899512
50.922146230349654
54.42483585537784
31.39905997823827
61.45003951005995
26.463991816760675
28.34195129597724
61.68227712058757
55.97989094825162
31.434071354241006
34.921770366946774
20.692044918589133
59.95660443728006
42.90635682578839
59.23849384051788
51.9723144469415
43.963482623483586
58.97767638185383
40.72009002491397
52.474531764417534
53.15842375168767
49.974116175533396
47.413759969603156
44.16182145223672
9.943515931369554
40.194779128991684
37.549147512352526
18.016406463662264
49.47123868850338
32.85606778812382
58.092226537898185
39.002815013807535
56.74049448499903
33.64984092067415
28.306620080382608
20.02602365344832
50.92469136520224
30.059438557610378
63.59537627330908
59.760238995950814
47.48968557152148
43.1726219432504
60.46489316650758
53.190513182277215
58.706681819267025
38.60905718463481
16.519486089333718
63.110835123862884
12.647802835731838
49.30585251232428
28.365704110974214
40.918071791682195
39.959000822256456
50.649212968864646
47.377435270468055
16.649834234777252
29.776604238124463
46.45511252024471
48.284994325423845
53.772496841088255
60.220713218179206
55.70646567533435
30.11155480077221
47.26005713319944
35.2483602425398
22.60319817308357
2.438866361761356
61.40663637612276
31.908707875891245
16.458904750157686
56.97853971317551
35.92735532180342
28.84352600955763
60.0766094575755
54.3529210046424
60.469978083218706
27.42539293761414
44.18750950234353
25.7623727403939
12.932519337461535
34.002474744514316
15.83160491171796
45.638915265970454
18.6035548587732
59.35439516543984
62.209504423747475
46.57266006660335
61.68061872501392
1.1171319703229088
33.94545162822443
20.95112258471569
56.09588616347047
33.52173828508325
48.99522693237312
15.550979170479607
54.505564447689025
35.642852241818424
46.99145798834962
26.98114517469176
62.52942838412769
55.34814232806205
59.08907941483421
32.82723985856836
47.24596890243254
9.071223196234556
40.656833111136756
30.371080077964194
37.67503836766936
37.94400034106816
50.80790951975201
33.18547850915292
60.233885014804954
52.32535714922983
39.09088686257218
13.673881370648445
47.22950963614186
24.054067866252808
7.3652898208284725
26.91364672827889
31.401232207656967
31.743215665377157
39.44883592793633
25.663221280367942
40.06174744495404
54.7975714513589
52.294329993205444
44.71988436502147
25.123755701709072
29.760929965973133
10.22203807478953
38.19908313287479
49.879822248179266
13.788956862923321
57.49732910815995
8.24950706343543
10.762534671014002
10.220976384056655
62.034331767495836
12.377341133789088
60.75786718777606
24.303038889002607
1.1725150191060507
58.2079130431094
58.28918185650615
43.40231645292458
20.682124947919576
42.56327858645301
20.542113519532215
24.554276357151593
63.79486492295134
53.047889681784326
23.24748293239344
17.117620574140822
35.94729531886529
57.16978072682609
53.846692714999264
50.41085325512049
38.9292385496321
20.684121349429184
16.29568156866813
58.44611004185684
19.67436389460675
22.693918888939614
23.207853940546812
47.226322586328735
30.260198283728393
7.468635207671994
60.76829875258927
1.8886514951817404
20.870052391331797
48.28366606575456
54.263312698609326
29.21997582539064
17.918157824345833
52.06925779526421
50.96983693152595
55.47718486664616
34.81871643857676
63.33908738591166
44.73722366919188
33.920440562802284
18.584887620277037
55.62778452562319
52.19244844513946
11.487562068366692
18.882618431369302
9.513474980195603
35.5133941524369
16.39241318691272
49.591115197548206
53.10804076872811
52.54638342942336
14.089715378857981
23.181549851078287
40.96647689856687
60.24020073593772
34.55623289036754
63.36793260118702
55.07529532402105
3.6523681802257926
39.59833829138263
5.213288684799807
34.12405043378584
42.15168316916679
49.91142893366055
51.12971651414426
52.54531199912518
8.777009857308279
15.79248830037767
56.40627984427345
14.305397134987132
59.93955632807243
29.574198177320717
59.419210824565056
47.38926109352373
24.621348063414317
30.02787618752906
51.36783340663578
12.947852117628806
29.086613733137867
51.590684709029766
49.84382418478884
35.810841052819995
45.739429401191046
29.35543315749387
40.98097855415443
55.72628995435381
56.31598266992881
52.63625873904167
60.36702517529458
38.28754319320479
43.566290226318294
26.286995063114084
31.10016503569546
51.41971947254123
43.20833802473531
3.9277178336033813
43.91333944544398
54.72666622553231
37.95810489534723
57.58354008531129
25.262027535587215
22.843850423349657
55.72315409569719
57.272292675361236
60.17603899635643
48.23682450702012
5.756899823412574
12.760258851565737
6.634816003624714
62.36397194184322
63.06766995135488
16.71998976359219
33.383886505290796
13.357656501572912
56.87869189071712
34.187770797899134
60.31090937795229
53.569623412514254
63.880498310137284
38.76886505859734
55.343926045601954
25.606565713174753
41.47098403247817
44.86961507463149
7.387970323962321
37.2583067020922
50.816225159152836
29.363723031139713
8.135624942275236
48.40451854013064
59.002926057129336
4.068358300468795
19.03540106459417
21.023751495375876
58.71005779598293
47.89517091252927
46.41769692918938
54.31547487306612
59.17341337763169
57.47052552794367
18.265908138423484
16.35756919513524
14.634696238462901
63.19302589854951
34.150756159072245
46.204028967174935
38.18095953002084
57.7898409290938
54.64793524849367
24.925151862848296
41.94023570331834
53.85303755194923
62.44854099211812
54.93936448900702
62.64904847184577
49.135735904637286
50.83502942893887
27.877433616595468
45.149380259536926
4.8977370371259425
35.37408836559822
48.09888816053687
34.12571737456379
28.56330720373657
48.937335543630155
41.84862606417116
53.79318681427243
50.464203986401856
47.32805120809066
49.51596155254826
26.149383693293267
63.0535167367749
7.444460544385748
58.909691481463696
61.69883216659132
40.485126610480286
45.07794841875077
9.47249242209545
59.17312909942687
50.90158942645295
20.32830068336468
6.770303991438979
43.0010015749352
51.54861494835843
5.498233011998423
33.20857322522412
39.563719290574596
58.802174038673925
26.727237969338184
57.277379955752465
43.169008824825376
41.376213664635856
4.512551065742031
32.129951382654255
62.951774603377025
57.37471993183874
52.687434369992864
18.832378355570093
36.48104036540197
4.969795552935807
43.537918865603984
10.799554798477473
52.25091946875554
1.6793985087209364
26.245598671759332
59.53589493774604
56.273125251607524
62.89256708177928
56.392592300793865
36.13010267747866
60.27017463477718
45.210214543987504
42.69188010217786
62.96084801624049
54.7986841319845
60.665908387518535
48.13793673497963
51.08581249297068
35.76957458310957
34.64288892270998
62.07336189328721
53.10154362751189
50.978109576181836
51.572076608604945
44.829034519405596
50.57512504634727
53.20585687837962
36.29424362231773
63.77472952755589
26.27834578642821
26.245173507384024
52.49787982299533
61.00873850964416
39.66499420805644
43.95447333850224
55.56881825165386
1.313939244161432
54.447928098235295
51.25170379855675
9.516627130013745
19.820202830894345
56.1044957531613
45.189061976105364
