884.8293287304406
737.2121946065494
920.6303045977857
818.4791529008018
933.8344994283474
875.2368266834588
259.014081193171
891.0738162799349
827.862356283468
499.20156447811905
516.5570790367267
40.34159321972527
633.3915091445184
501.57170742324706
507.57558761526695
319.81291335207436
499.2208801007457
427.8622090504615
883.6040047641101
505.78620936106813
498.6393049071223
238.13422510992837
705.8815569894068
770.0382320006886
353.94488265954044
884.411657788722
489.3375312344534
993.0960205685761
933.9809455752256
734.5156200596127
918.711146507657
680.3641844766275
846.2414941278792
907.4408216966289
355.78857889495646
713.0161724759976
923.1744542131254
522.0698873545778
621.7783673214262
306.99879196891425
700.7268461428628
831.2391985657719
682.5027504563736
274.49499917551884
531.9867822447292
505.44629064261403
518.2220379786738
641.2975996948514
626.3377252964909
871.1277962148995
990.270201099643
430.72081954039913
521.6101724648402
859.8148529956279
522.2782194142173
534.1708765638698
6.932159377924904
907.9735290957329
888.1382043723897
423.0892034378371
893.7785803076455
405.53288849946455
125.71712024815031
738.7139450141253
212.90211515235274
978.7850361287582
957.241263130985
546.6540220562825
992.8758473425469
897.1405142134264
734.9185730133493
927.8516438849059
293.16503859729187
301.6062254610672
948.0629925994665
197.69295764997162
234.70780217756555
633.072949575619
988.7744648651009
657.4517721340943
823.2350762148121
701.8677243387237
46.60177416422971
865.7251531486069
607.9997682600713
292.31534124763766
928.370159546666
946.2962116973204
899.2474464031227
743.8157045881384
1013.1715864389419
285.4340756993754
778.4582473165215
140.52985113053228
240.5542993570217
108.27421239045884
974.2256835330138
167.46038437114748
905.7678436483415
5.746251192946147
660.4290478350734
387.1174703157926
961.6655470340627
916.9545738368936
633.7664957687439
928.4065429294933
685.6439857188723
402.85743189351126
783.2930044775295
45.2566769440981
681.173860685297
1019.4974701796995
935.6849916238348
807.3437083559426
928.3793497407052
686.0130893451976
537.3529497408015
703.1415584314395
746.0988215813561
348.1769340661764
500.65999403429987
389.86645276208924
571.3175223806882
821.1265540989119
177.66544133603543
942.0706043080203
897.0892580143066
867.8164501903617
813.8309548635907
385.3025241591911
832.3163005178545
502.1688231290457
409.7505455669623
752.1213294233357
732.780779323331
403.0462878591286
735.2461729415975
448.3985809449746
834.7795984681593
877.8933362496532
923.4904856993352
185.52229579049833
666.9283515323604
999.6152783305945
418.5152788113302
740.419616107687
311.6784767195751
803.5412125647888
848.0167722056459
845.2349042657034
348.46707439493014
854.5570869213708
472.98123105636137
807.141689732338
878.4813306562146
366.8969296871045
227.40939799334922
821.8454620736716
800.6855022976623
588.573524220692
740.3181200968008
948.4751408860468
622.5349981603763
903.9726207828755
457.0521629088473
713.14781421111
471.12220709050973
262.50676373939814
624.9284385855972
556.6483529998993
837.6900905202898
620.8344866902785
1002.8074965985313
892.7486070374941
322.8001336087923
780.0162592456614
334.82454688011273
824.2653733535033
500.64008935618597
699.6153936225023
516.0009388518115
508.0304735153841
777.2889229143886
948.3817100827923
135.78630755302072
596.932155249823
977.629647652332
747.1272552796372
969.8748450389412
647.2252412558803
650.1301098167098
36.65222364988904
954.0590117310616
766.6526227675142
775.340766917852
703.618723225004
987.4742572855912
781.8104564701716
814.2370390583716
421.50805038652163
438.62006157006044
979.9766037904938
707.2432769004255
828.203392632264
662.7748219074963
566.10261729926
634.6229145549808
526.3545063254548
1001.6554029851101
808.2446789254687
684.7309076916774
806.8903352707048
659.7119377077911
730.8690656672586
409.86583133685554
698.0393118227367
999.9907375933309
756.2981140934535
534.2306935129918
400.7985081280983
798.7564380715057
518.4951397876767
797.2925274764192
791.8099961901235
450.56653070390473
685.6404866149558
625.8844790358422
405.89807173791473
671.4003370872689
824.2705833856805
469.1548225498515
984.9334928756547
994.4683723206224
489.553009565043
444.98414622513303
660.9509728681927
727.1020753966147
540.794432788206
702.9586541000638
597.2021378708862
528.4592888048874
653.8396773413401
511.7337556102834
888.7740781616429
975.2412157307258
478.51665706121685
44.84984276371449
433.6202662570694
617.4241168726804
536.1892395048126
821.048179030885
971.2239549279708
345.31467028582847
296.69427674979
42.764050039156245
961.6906812082915
911.052945657705
561.9302560670667
954.0678722856393
827.6918011863976
317.5023388708124
596.1388380935564
939.2756951839413
760.5528053552581
921.094417299437
213.0834669566499
733.5450551236414
30.75531415425519
386.54170954526023
1005.3659435167534
874.001264976614
708.145044101044
535.4377634432683
586.6840730095848
448.6033537893975
694.1688514385163
800.4596547740974
629.8211946654462
973.7321854249226
993.8543727393768
594.8967658209817
818.6699113620473
924.1314751565988
754.4268113537887
382.7823426148375
912.4044403271436
539.8572124158795
716.940777255465
442.4161742061236
1023.0563977307283
155.56860388995108
420.44069907902485
557.7492719998752
786.7015050362926
667.6154400435078
844.7767378246397
156.30365025310596
505.7510163889091
466.723968604892
723.3696061765995
1016.2544166693648
929.2680675690708
1022.8075021749236
245.59553020684666
566.4407413729466
417.89118189846886
646.7387375913129
669.9515868503897
867.5079308746417
746.2790927950678
705.7832843036517
823.5856701530231
734.052374663877
664.1913047497281
872.9380464251061
315.68613329608434
614.3104054001194
816.0422366488958
546.1260398201332
531.4053337803501
319.45083210357325
604.4150939603392
798.7289321665721
861.7367880264978
566.1195225144381
289.24415678276205
783.681030631669
988.3543011324108
507.455395581272
570.1753937442313
640.9661784354485
623.5860501555975
987.4109765297486
684.9131278202744
728.579614060971
801.9452406591769
830.5501673067176
957.9882533640509
275.2621122421922
438.56943837199196
483.3876201702303
713.5032041037788
895.2074672031713
877.1777894728859
717.9388870810678
183.68948877836203
546.8873480659882
101.80364401629788
60.549039293948
641.586226964582
403.91999152424626
752.2173690502761
681.4015122274903
905.2989651180686
684.3044370538512
727.3112192054341
988.1897679283978
396.5848909610198
504.3668422545271
666.4287408031554
