880.7050194067018
239.66170994455683
1011.7911182083817
956.3644218115845
826.3442188948059
792.2488013060282
461.8910575776265
963.9840207406006
738.0797004646428
340.42780087577603
408.2216965000017
823.3210794220815
747.1064962951306
672.9406207376406
737.129526448706
948.0244043126104
707.6575124218099
709.1618647186845
978.0172097412428
972.7517490255261
480.58022565817134
971.4719126679763
855.5878237133415
162.9872322296402
992.6583030883252
895.2765257647754
722.7200829317027
454.92325628150945
479.8285856575417
944.5252555987312
590.4367807532999
749.0505293124556
837.6018714137642
224.69004617133317
990.9964366299946
522.1232796962938
836.0192056940185
638.3574883343299
67.11390389922758
753.8660952553691
654.5127070897565
904.6564271140455
942.2235531123926
999.3150572113883
589.6082129906649
991.6079110471559
622.6607549366045
927.5604096606583
689.2015595704199
751.2103914975248
1002.6085572000577
645.6891622547264
571.2598499437294
291.08942717389004
603.2379931616048
184.9277508494523
662.9395538239633
282.4256690794497
869.4642833157773
716.2139436346447
894.3405030770294
802.7946184497807
738.1660800136067
957.0977571950989
770.7188954686748
718.3694960332862
901.4023971006806
454.87419084881356
663.3368379064782
619.7839526577882
818.3793865923421
742.5974907802204
105.45448844203361
584.9651841461987
976.4031929102773
724.0207637170035
425.23075785015294
333.0134065153302
688.1970838010099
552.882414785466
516.2005797859322
675.0809701503838
636.7251094387414
839.2073358475559
164.16819814976623
999.7219872269485
320.87245102161717
542.0497104259653
478.0015415927527
175.410815597205
6.640155699370894
840.297729180153
1000.4347711077068
577.8338625389379
933.4535170158383
2.277715433996377
36.13275169062797
567.4378754117622
105.27345007588451
630.5456880844417
613.0344258821173
441.27333435340415
788.9484802431434
752.1604376352016
631.5413038118866
920.370724447655
950.2584853216949
550.3345874096449
613.1609086385614
266.52809934891707
424.10775057646504
381.99899446161953
925.0123738401043
343.0470803072876
992.0846850843691
568.604299887543
423.5882674339822
733.5261561779812
122.56746084600763
645.8803185616308
250.29902120596012
711.6837702612868
270.22531624318003
632.1546953031456
692.8983429511544
898.7846198608714
392.17433887940103
769.1971991267878
601.4915668209733
420.56394219343474
627.9448384105889
478.7571458868649
654.5473526431771
968.2546187876569
832.8630104774657
568.5762669354738
591.68056108418
611.8389612711749
263.8255422855134
770.8562729444614
859.50816757556
978.3545205474072
651.7785853343756
421.0441423446821
818.2678973038076
707.5738257538744
799.2431069462269
651.0111211539482
1002.4989641980766
25.48101156274231
526.3045156993428
902.9471290689819
904.7818033104339
972.8686843982978
402.2174000718379
241.34285324331483
1022.6840869426117
982.4318291644488
194.9404662664291
433.702783468952
886.2872332953116
593.3496021023952
329.7909352907577
1004.9048198312876
632.7433405209866
837.8847921161477
871.0273762241085
479.6569250742539
693.6230142376917
703.1064356419356
424.0863839605389
1012.7842974145973
584.9989960236417
514.0462176067072
776.3298523033574
574.2126811429862
118.6548072623026
346.442800816273
886.8363103477019
824.2622863850515
627.7268471318966
996.420650217781
504.70330392039557
547.9829215160453
644.1872691586727
830.9823701635532
680.245909084884
860.0073925130168
397.4359933186822
578.0306906746757
588.2531503105618
694.814195332622
822.2297046847954
335.27752535611944
704.1193855408791
463.0985665530384
665.1000534940936
1023.2047449367391
724.3854946100693
390.21226451999246
498.6634756273577
659.0304608245242
711.2895501005803
655.8243197211061
600.5825683100104
293.01005950842523
1008.9286520589386
581.2275851295366
300.56010462690847
683.5696473763271
699.1123988211601
750.2529763399086
665.4780993674327
285.43073129333493
83.29560270572392
902.9606413153477
354.84955991375205
260.8602848596162
554.382680940039
797.4433861967888
288.47706389018947
542.4872024584508
195.39583988626077
714.5556101737072
730.0519041892965
924.480263402088
309.08865495437806
782.5823419892577
666.4077042388259
436.8285273322987
680.0162234845832
437.0820006758763
443.59990827049864
916.9671689331313
823.425058538849
903.1350547154526
511.8478350016966
759.0212465516623
918.3628939988457
475.5726314098879
534.8437211637971
193.1883673128175
791.7541131535975
340.9789330507273
884.3661511438846
995.4672307405008
811.6593976627635
509.2781671337797
977.7180160601425
892.8175616335407
504.7626210621619
925.3587268200337
322.50416471877793
724.3164740798169
88.66100877457563
252.03118536590068
202.27815534453055
467.5450442016537
1005.2275510505235
81.89579798569378
799.5118648815684
433.95010203477227
716.7780787617512
568.744886526556
229.55157828185384
993.3916993679022
705.5398782459647
678.9946386748182
453.12337619666164
970.2732207824049
657.3478013548242
892.4615654676404
850.8775300436491
753.1805680313341
602.7277196717762
151.94982363863016
909.9019843865499
970.4835571392107
315.7999972540505
716.9528756042558
858.2103242121618
1005.6592900048253
30.190865459148768
503.1990376942231
629.8257855106924
382.14252340308724
337.0538377183391
885.5999817986938
434.35408061625344
845.0246761686042
758.661100552871
527.1482760045377
1005.3619680090771
550.3482804032842
906.6339718160109
249.7468022322979
274.4259226906594
645.1292559560255
993.4426798828824
638.9823422575587
901.661913873115
897.5206453899376
602.2782776185434
828.6105153858841
673.416130519445
716.5226405033691
359.52120525043813
846.1087448086074
672.6447004669166
839.4536679661878
737.881132076223
192.11083288302336
220.2024863125814
511.77547896393935
622.5626036389576
758.2709759363106
805.497243246303
609.3335596127225
933.5793692144657
810.7426194478721
194.16589305524383
950.2067639236382
704.1507221298326
323.7407381359649
47.88427879273331
750.1622160754748
994.0410046586447
875.0306068639857
705.3644046946342
604.9282401042168
203.49338441509235
804.3802660069351
934.3673797886133
616.8495073785709
262.6558769768824
597.6712686394865
893.195873650265
770.7809902153888
763.448549203797
428.19732244975773
158.1046522543794
306.4173396330408
450.5221555865638
204.48419232852166
1015.5709721590354
730.2326755043172
222.47994928309538
870.4866531117893
929.9897018995101
830.24252477143
661.543103725136
786.9749907497899
474.1106009306865
678.9596680904936
697.3190275597035
860.6962800115912
955.9818399105893
312.4761566522169
777.7638499515276
987.8733531785591
