266.65742202572176
647.875037720182
568.4742949207225
992.2602527287731
836.153929900063
631.0867400419033
958.317210487464
970.1746187678127
949.1747394112771
423.78091019899887
749.4436095185958
698.5689071830288
817.8793385691663
900.4770912284669
297.8846149098923
499.3905703538188
862.1247686142082
772.5250522759088
623.0325337802041
600.7249289273216
1004.2106238594813
962.4229434439071
973.9797498184714
298.4016469487415
960.6890836693993
227.22696144981148
343.5902949612704
967.6673825006097
1015.1516658225167
738.7608413188061
1002.0552629947366
891.8604196903487
779.9019544001587
776.1717102583818
453.28046398104993
745.0991180518364
506.1693810675372
777.8135650905602
301.6409064366171
757.2878146737362
705.7565449694409
777.710667205967
323.2542968649566
392.71980766022386
954.4706015949242
714.7594222305705
890.2024170566955
616.6575874622259
942.6998884686683
872.9882348760506
450.9774863552168
325.4307880716584
496.13741788784444
139.47587862979697
954.7752913540187
701.4985239317089
822.2035368524812
996.540051514681
127.7862344515654
741.2200838044107
817.9563012132514
988.0147840190884
676.4839084520505
902.4038319889781
519.607862456221
881.8389398596302
804.4557689338114
327.85136245370495
821.342638498807
966.8282547949586
473.4870490689826
903.9748057709749
772.3642461675241
828.9278868459513
780.3570227187764
87.76092546952339
608.0516648533985
656.1732071862286
600.4127179506646
250.11574411352683
736.0487713490234
450.14977091930325
652.4282912168167
586.4285352944219
692.0267715713376
900.5092289753528
772.3530817655172
371.64053673008436
933.8991088412102
776.0801518775554
192.56167373318044
919.9646525632918
508.54658441150195
145.73694357781108
912.2308439288861
432.39105170798985
929.7327990561972
533.6139016572452
369.9646599907444
993.5104380987733
444.3273305912502
561.1357341885898
646.8706580273874
935.3827786669199
833.7498844694651
279.9113446440274
497.48564663541583
965.4198015620336
200.58998872135862
709.1149934157324
438.16831113105604
520.7184117862884
757.5586629778414
334.1910616990217
719.0047385764894
566.575826938704
451.33563857402453
654.4415774591337
920.8710800981869
246.13294861968689
142.47289393817096
818.6031370183184
673.9595462244945
802.6804741213238
691.2607937029159
127.71755937239357
966.8550301572014
889.3970411040845
647.2455916488548
894.133970192975
214.77236730233744
968.38833539746
540.1235807640758
972.3186572250892
298.8747409205803
654.245314329614
623.3812286676464
954.114520972821
919.4676411723319
850.6753635341573
839.7226634737915
953.4934261689622
329.0121585845054
790.1076066259429
884.7132347812593
981.1253762259167
158.29171702802466
498.3368599286998
86.97237413571702
276.6623189858842
912.1013480114889
819.8180504534753
556.8450483143515
857.597868366141
220.93126024861476
807.9766545351245
985.9252977306517
757.4811169215529
734.2377238362121
915.4353422454982
632.5081309675738
671.5538626625618
739.9525769070822
707.9341283400413
461.1444945448087
612.5997366405595
711.446703342566
317.1464047986648
784.9002478743386
484.474947411318
921.9578285020435
681.3222734027847
882.6295585469201
167.48830470939038
441.9256844365174
376.6233428327554
1005.6196236914063
900.2042367535066
542.9251537394375
986.5187506691811
807.1872351136973
338.2633355339226
205.88944026349589
977.3071747880101
568.567571843899
950.8498173084681
901.0569419117687
347.5708966512816
648.6910650059169
589.2523267220147
248.3700916146803
821.3721570480466
69.86744605123454
604.670379173914
382.9424565117332
755.2379787658374
358.385690487935
541.0978614769078
501.29314038467794
508.57312754484235
824.1832402688347
334.3170030842281
493.84432396593115
655.6554047059494
771.5147483778151
688.0599412092897
1001.9003009176088
617.6836322425288
497.6731041704153
256.37662041301485
815.1892326463847
515.0947518920791
697.2564270749315
188.47517489964866
523.5801156437435
939.1910548899563
426.16930514544174
1006.5055309763268
927.7671885335494
947.485107962118
708.9261023402804
783.3026446350544
706.6152849680998
644.8667911968937
381.65885214061507
980.2768712496255
545.3539662131711
371.85530835940426
545.7359829578149
980.4365108613817
381.9159481332747
822.7716561656528
634.5645883207997
657.0276555932035
470.6247818303408
568.5293767299692
537.8889643544987
948.2360939948891
371.4570028558386
673.9679552493362
999.7538251101894
1005.4102982619955
780.31889366151
418.95311406056476
852.4844864036082
895.9169300034393
694.8657376207789
882.1275315962415
855.9243246375192
911.9299386817163
362.8068492010243
632.8909103477167
841.9824897164219
705.0508648802179
941.5959686054427
914.2027006191345
538.5019032847435
862.0224748864196
418.03628925871317
597.0078340785553
941.3082110149153
319.5937537016232
913.654695603893
91.28046527599474
591.5766116298101
429.97849138639083
582.6983762610507
880.5604310561931
674.5034760864312
797.7451216490729
813.9478945554965
888.9471513709235
776.8848153203202
786.8633879909239
46.00248893873675
930.2223838704398
930.607531203095
564.7964077775257
801.7859463026839
587.6946243861403
274.2529910831514
931.8219994036601
557.5139414653555
613.7572650418919
546.7095504756157
457.56433151281885
1011.5546539276515
937.4663884653278
950.1734034685313
525.6277825924235
646.4354323271912
546.1286656614179
513.1816916972806
838.202720727333
733.7569407144456
1000.5462478166215
646.5881937861195
579.4972976522099
988.8488486449745
168.1641845142375
816.7206143688138
994.5134862518742
280.5519945873019
873.5457626751689
974.7236135196836
476.53001881765715
550.453955300533
883.5192033740642
541.4322065296292
516.9996429526245
717.4664850945587
762.5188919748401
983.5830840225663
891.9703900360947
501.004609881177
481.91662289685405
610.4980733857087
636.938775691325
889.9585724458416
830.1623896938339
756.9479446746941
319.39459994353683
758.2261366451631
103.38229307421682
922.7804226924728
1012.7263551711263
312.94185639159696
811.3893272705503
976.2848040616992
768.571092453297
983.5263661551407
311.79468300080237
990.8602638597287
281.78749781634485
715.3845168504957
904.3120522005061
725.5917879037859
995.0707597207988
394.0436896123027
187.34846457885772
432.46296563406486
775.2502809172313
543.5378820535279
826.4578404077174
687.4308025807518
806.4453619065293
947.936452983763
79.7594886489461
209.82282450852858
780.4854390673974
832.484097200973
943.413213933313
981.7871637911505
134.09036699513274
680.0977637547744
807.0205869630657
528.2744763020794
886.3781465521292
731.4554665052766
350.54473187944336
