979.6191007246679
1015.699902304244
429.0765750783678
692.9040551238331
557.5050975115735
386.69204914013744
179.93595667459067
700.992043599693
147.61136725191636
900.6809491196444
428.1388574890219
674.0399939574756
141.20225889423682
299.5107653383212
671.7255603577967
866.2730144610987
793.2952702728306
731.5914765290651
995.2180085278451
577.0127058587225
839.3153700760489
311.99479183567814
317.136622612313
475.4296196843437
157.88650766806916
893.8451940937689
735.9576000399784
573.0190612632726
537.0229443703672
498.49146542525693
1014.1569259438033
415.9208120432187
878.7375025645514
667.4397247460275
836.8263078380792
400.2124195319078
970.2418910777092
927.3444156629993
736.4201131090788
920.4295208268261
594.1040696599591
488.73571790435915
712.1712975617438
979.9683625319631
578.2323691019726
1001.5050927673652
889.811335120088
267.6515963657263
255.63325393136404
869.4908328028797
388.34770403884147
690.2591867426715
619.0664283148576
471.0763388168916
705.0325972526707
391.02536967551794
893.9260834246529
365.0729574400963
719.4901645433367
995.7526034318239
990.0013477596507
919.0475635856592
290.86267073605813
903.455420897866
901.1871877383015
996.4352233089752
872.7787690044349
763.0404028712164
166.84850587764652
467.09784702726677
954.3068896010298
312.7357902185653
998.4806387966433
861.5580006069374
976.342673744345
837.971089535208
939.2812954897325
596.9081108963796
770.2055446847485
528.3743945624394
957.2112964375513
630.4778728941428
676.7954495319447
241.39485675790957
795.1370201995185
437.4805736792739
727.5453262213
704.3122235507835
874.5415884930294
974.4922915616205
716.7865187157038
894.6935576838961
531.0580499844593
1012.5446503254852
295.84041180349857
375.12311965067283
299.09562637336444
824.7182803578929
516.7451858163904
421.33483991045284
964.9568022961208
567.3213176623669
819.5059149427017
878.6014442916231
874.1581180812337
452.7263635291729
723.5575641449468
639.3396887574329
792.2915654946163
588.9383294096933
765.5873075478715
539.6052708075531
942.6213802002477
443.9807645638946
789.0169332419202
361.6873164370037
303.26962758793434
997.5787231893306
443.66423606666706
888.7146137374925
755.3933985689383
568.2030876367112
374.1924261470656
615.0021504139497
837.0096432467658
646.0977703398916
556.7807754395446
446.20466279009327
732.2337410462542
707.4127707314144
586.4115446119131
773.9898742688488
603.1868931552897
190.62397808223716
820.6199864972925
208.1211390330675
300.2055296769863
826.7925052460122
399.73939476678254
642.2510947147878
623.9548733374438
762.3668174596584
485.4447936515264
797.187117080506
437.9449327549004
739.6828248718502
322.02711808147023
201.5624864497006
473.585311689705
201.6203617769835
577.7977364465547
112.4437016624828
775.4535980150528
949.361012430089
268.19615733678665
962.5689925086109
282.37554043105297
871.189973510891
257.3653028251175
235.62162634133347
359.4226776404596
664.2518574384399
554.6208081342891
554.9364418154503
582.7556714615253
481.35577910130473
561.4546290981215
696.4919770141541
600.1200230169885
526.315644140281
1000.9390640723452
867.6346420717894
45.34856249481902
785.7726120185806
208.3886859567964
1003.54822659264
841.2218019230528
535.065931642559
778.4028918402856
886.2297183572001
440.5984896557387
625.1169015825717
747.4990462452865
344.24079289418205
708.8542860061257
701.6869717122676
805.1191998486921
431.9174054527974
921.6747580108783
240.662025792328
536.0351943234814
540.6073517856457
941.8218157467281
753.5013922833816
484.4445776982343
527.7325956352381
934.5124581662606
435.4630263757415
966.9189226078449
342.9385776851358
404.0567847068918
208.1844582850025
785.6658647363768
917.8546514636357
211.45443553515065
123.09171859862477
929.1893517013536
996.3721806363864
232.64690121126034
591.9698270705634
857.6559749658421
152.9116711971767
922.4473091824857
847.9548026375259
990.5314955806903
198.17555710474562
121.21332281841762
997.9568415779223
223.6972587128687
837.1806567631892
870.834423147121
846.0836977401012
284.22969277007496
198.1911343859191
901.8914467501962
456.16700306346127
631.7613337640684
650.9216132743976
518.7634730233708
591.3650479789449
337.4843698167218
458.4273379874477
205.01504615969782
606.3003181903534
1011.8677955697236
266.03125277371635
418.9588063323994
940.4096368300579
536.3155043297693
633.8111987061527
644.4675866141421
515.3707427659028
953.6665591411574
707.4649197253553
571.6428961309257
825.5815930312112
747.7424928499609
952.6760365042377
853.426012914549
687.8513348609453
303.14152924692144
857.699578775272
723.04220092572
857.7146287749662
931.6105283379808
436.0940196587544
738.6864289714031
506.64946169672555
347.28514533349073
716.9177599947816
924.2954942900645
2.5434057002818236
103.52948494564487
809.8885440848103
530.3615678327619
318.76316807628905
934.9164059686858
603.8154227152904
750.207855500985
558.739570077277
649.0845780238506
486.36354204360293
854.7560437924467
584.1080517423243
461.14831043261506
114.6623798319149
419.0869188567916
958.5492769741044
475.02365222175024
373.9331901556965
245.07728679124477
459.107822658544
976.5024445485252
164.22070760860151
633.1222505231495
379.30755326314613
724.0367062954156
138.17268855002828
640.5860568666885
431.65978988377685
296.09141997414974
476.2343261505939
443.0616461779706
280.6266946582216
303.8115987707573
767.1285298519764
813.2685403235085
159.4900416251145
580.2457447914114
790.5253056961235
573.9531651070538
342.3778552250225
1007.4722297325472
119.25203259802424
606.6047671352699
750.8675099961655
178.0666243937443
714.026857020782
922.3458198124033
579.5452635136044
942.5443190966913
588.5802145669928
804.780917126827
410.0422762775546
687.3120786281593
762.2095123900131
457.36659477914054
946.3251640830724
531.0491871296852
39.91890585458145
93.90571401783689
1013.5346810153865
439.7324503271698
689.3817492957813
966.361090253174
950.708673806076
388.8838115808977
288.39874744522865
882.0551871692469
466.6943976348558
975.304410828244
99.60131849896015
666.5257351207233
459.3974246185777
976.5954901090596
921.8830082547005
873.3690288439559
399.890036251211
173.81758675904405
295.45689991942834
488.15785938165357
438.59898014446344
1018.9406871856885
770.5055733427962
399.667751972896
985.674586867821
438.0109758694076
851.8065504869592
858.6107661221348
534.7469245633516
607.9925910497388
819.3645680107712
1010.7999726580235
336.22673779541424
438.24536257862565
401.07468555824016
960.2349961531787
364.13312692048237
825.727841748454
964.8570172457825
