423.28313770268744
345.4339442662669
59.68736609748686
214.63319469202116
495.10995152405303
147.25289957959376
481.011682834754
439.2209789527679
472.0881118576529
462.9687755419009
365.5347916009305
114.27947606184824
325.6310817079923
36.27839352578104
141.97756809066823
399.2027691670264
372.0473036169568
454.52686971017414
221.26428293138804
259.37113809781283
404.49522616801903
287.8869942540573
233.49983065518086
302.3151015038609
358.39993858624644
141.4497241009596
250.57104193124533
260.83645998883236
197.61879352728425
475.04979300250193
363.6488407107205
495.1623514682345
363.61473270469327
290.79655560151025
163.9664830091303
149.69505829491646
35.220486204939675
23.495074725454288
431.98953342769187
362.55327317291756
423.6638273639029
101.84700753056944
431.3519456234491
335.2527387518662
350.9496800059417
30.50484443931731
200.938939856871
131.47029277667036
356.7999942093512
417.6238752014683
354.4245741103961
273.1073911058651
253.8475057287681
357.81363157854
488.6315967588646
206.95582963889888
359.4967274033704
6.591556987655224
89.57910513596846
350.5291446319351
207.5023625677345
344.13446398574627
397.4298881473843
253.1360127413624
495.58504643409344
375.72630020229195
447.23965101671206
412.0393634088875
360.214064226388
392.0016641743225
291.33031741062524
354.1157331053672
232.29565507571965
459.5880807194154
495.8177392075368
171.5976607267176
467.07658133297025
463.85037352062983
261.12987927544646
145.07777090349134
425.70423808594666
446.6483588081778
127.86633811739677
389.0156971291191
179.1211682820342
363.85716454528995
161.35421041263373
444.93544940107233
441.6443238829161
454.5827721451363
316.03473468414995
426.9445847282227
306.1445080375049
291.4053320076523
342.9679833890074
221.19670037332673
476.6295876077355
352.5267461853979
479.09843268958866
456.96251192497857
333.4290204800186
296.53301811377776
445.6968887091018
132.96460075073986
489.4465270339206
188.6141172650572
142.57917543002623
480.70101864597234
490.0548625639145
489.8818537469119
268.4654245321068
48.93671379529627
433.301817356705
194.54976962344944
240.40166333646727
423.16667299725475
402.9556785607214
143.6982174650155
227.82961283389074
48.14752415879502
427.8351264196631
428.07714156069505
297.979162588061
240.63862818675938
163.93429256053474
338.6372929783393
349.27268536072745
383.2747786026113
194.2582286435525
323.80873990099633
438.3385729846922
366.1983675032557
103.84071397692531
286.5075598869496
452.9271713381875
449.6605615843034
455.91753074845644
326.697459341984
459.8967016075874
365.9191193658839
454.2379986593845
481.5482471391724
411.30840655367126
1.4331127163966357
248.81416792625285
59.50922772241972
397.849275967703
389.9729096015043
458.9249020599569
287.86357779046074
327.89445032705476
247.72130334193054
465.1880772892099
431.7804381597102
485.59910724432933
367.62622383804796
326.16597325754833
403.8486686394183
315.9241784545105
492.85216704436414
245.81631684007309
463.83656813084343
418.53713794323744
430.1118101803446
6.518353245170033
498.6327109853246
494.95165125600096
273.79363227823256
106.04268358997325
243.1783695746351
135.28224452408585
433.2532281038416
257.918839032818
256.06790732000127
381.20604198106474
147.13638209013425
42.11371580320076
375.54473116142515
403.83367061589814
189.03683756262524
383.3288754112746
295.23404581328583
303.1479358739233
68.9167091836315
101.32935306157009
172.6662834909535
138.113941625385
466.16230876263535
54.39077621145316
68.66397866148685
344.2180742849901
49.194100063966175
276.1276993247576
230.57362703465867
132.93600993480197
495.4398621847911
376.228449891608
290.6674080497197
452.63901351044865
284.3749011747667
192.7050513080316
380.6748024271392
379.50363369860406
204.93241706500152
43.815406856169545
479.1851362359478
95.78006568534357
287.8307898532871
48.717028981312694
59.68844785973681
427.07418334958965
416.3762123023465
399.9999732883012
120.11611299534383
262.9272953537426
488.9757642473661
443.6982654709946
154.1003297812763
336.5551724182652
59.46708837433539
458.5305133746075
330.644725452865
475.57501372793416
245.50650906736794
315.6686431298654
112.62679119616962
312.3660183110359
195.81326163424012
415.1537458922309
497.5365189158553
382.77250005219787
465.628200754245
403.9295131482285
360.4728300999128
290.30228400558315
305.2795182585363
467.24373539381486
415.0952985879005
471.02879599412375
19.236924921821867
409.33396908301506
309.7230954243943
400.0239793258198
399.56684426191106
301.8101810325635
292.9900094620137
251.14466686043883
224.8818953962067
336.5188970967032
131.8856851307146
486.60132499087086
378.2694555309912
86.34953920667465
347.9378937886678
15.351289127377413
167.25792632668117
192.67280217889953
356.50380743175776
369.7973426459588
353.3451620939829
80.12393380889876
248.62148800013247
488.8766190476705
426.66678522900514
236.13452817577615
395.0423202185359
468.2992025812933
82.29588609826044
353.8536936533386
260.50423770298625
287.349338960295
315.8294468640474
220.9352958941024
379.4540649925601
245.00651789091754
281.05766642002004
472.1692969659253
411.88931347026215
390.61622717688863
67.53891867779407
355.8294662327763
432.8583469991
85.5337859641134
189.88895586142127
339.99589975689076
425.62278817038947
333.6616798247734
313.4960280928942
168.0201385087803
349.84148672788973
326.5731134429792
386.8336140249916
326.82311760568075
392.47725706342266
433.7020020237477
33.3046099115482
272.9313979435764
256.2570965579929
497.4035943379309
319.34385259596274
491.5622227133649
182.5581285801137
17.440147761322294
74.66114997350309
468.52419765524104
235.03168296708134
364.40618927605703
331.5168062446219
204.95111398030014
176.42951661328806
157.4680821611426
267.89388042212187
145.79089889251526
463.2685081084212
297.5246711549137
290.76759159175344
108.17391389053643
145.53304090865527
26.626606891697236
282.51670719376875
34.76339311533525
209.2826387766425
334.4673384978813
168.44411115100138
140.11359769670463
447.1474631140228
467.78271570192555
376.8796170192296
359.13726504396385
432.29893505930545
301.0771550397476
315.1005827093029
231.59856774608005
335.37447899099647
55.81576087598319
499.71866280918704
253.18912592164446
75.11988633386613
468.88237854392105
295.8466480914825
238.57236572787133
315.2935693717333
229.5112215896446
79.39229647627059
382.6394161463132
310.5641652829347
171.93874201770217
279.83894803319737
382.52853336872516
312.6171146240476
460.18801418683563
355.88617573004706
115.06156320867467
190.52551455055152
154.99745353228042
477.5197755809911
290.7882521460697
303.6053078634827
466.9914356933484
154.18098650709288
