401.8683907363235
374.10590493182826
350.86004873882166
295.00667985453026
28.48460967446283
435.0162322384863
427.6757330515586
463.7805055501417
343.0050384093545
267.7813057727203
443.2469872950455
440.62743561865307
444.22088862959936
402.5684679685519
252.62368449845522
201.63755552291587
417.98245063382865
346.37214346995506
175.3353660514402
370.60926277646206
390.9850219214961
90.42646914207029
218.89082907820864
50.29583646707698
203.28219361430223
403.19080325010447
463.61407877389524
232.54436429438857
385.8008383783564
297.4397475944376
212.65994372230216
121.26408547293164
366.31770756180595
331.92185087662364
265.8729894889526
347.06700295110926
421.86387054595866
429.63056952848183
355.43185072616683
168.56756205206983
180.71971774865045
350.35906352699624
486.0377829335561
471.0883372367772
358.6489471243643
115.54443848065478
368.70069974024085
349.85551177400043
377.0779699878354
409.1480082803154
425.860584856391
274.1266275257964
214.5553121718512
402.955033603434
400.42778344773376
440.62313630142484
488.5464940892033
195.17097599787098
171.98482328163254
419.7650209730548
326.82918941943075
210.9903426799866
254.02851135675522
252.81526513964013
338.93532866126804
459.6828392913647
327.3818676275745
363.85365079738665
232.56049128962326
411.13179131997566
168.6406686795517
130.85855118326714
208.69564174235967
174.52948403241209
182.18152267683382
257.07247563711945
129.396671486064
404.7066099437572
243.70203555400417
255.32697038656002
374.28003651842926
426.83308101547345
106.79150468634373
478.114533243117
172.54937562691453
176.6627778528191
484.44719318000136
444.7370455986796
455.7193778809288
457.29802419488647
22.00088539119031
325.8151037310468
406.13750379555574
378.99943706623793
242.0575651697389
86.94417697020424
162.91841897102813
420.7420475662553
466.2147694387516
281.53828691511234
147.37535099804586
477.5125029308125
395.3513761216426
321.1181809931308
244.79023364810715
337.8809027526286
145.11701557739912
292.21759632287154
191.7659529111516
494.3529232378757
485.7688749408218
286.79402863323975
111.90183365117286
417.5914100347666
139.96119953470208
31.622629266419153
403.1672212909475
166.91672223547226
393.11264818612733
472.0198130365485
109.039917903446
470.6867083428831
118.25536466726248
352.28900561919016
455.3861430752915
484.60819289919215
379.2649316598262
445.7251885422593
358.14835451163816
272.79242691491027
275.43222240674214
244.34391877406696
339.3756055923096
420.6506440570661
443.1913858556664
101.37392872818543
218.3471463019083
147.56693903808844
128.0532545626312
103.95814440967803
271.106077580705
473.2482173223726
287.91595688637017
389.9619556485476
400.92954376928054
358.4755614360324
331.96655816837045
97.41330756863204
235.81630469841565
382.27239179130663
319.7771775756265
321.1694234939155
475.6209302586959
447.05945393820383
405.2691481137644
273.88232003293956
376.77020905434944
222.2674469796758
485.40523190945515
397.3588111641679
463.18013928267976
226.88812686710776
392.538819931477
398.4604770625651
119.79017317776112
80.03401076780881
336.1615419644562
200.23405744806934
374.57368121159107
429.2305011482699
297.4900141334798
373.1073493259032
296.3320640934919
334.57821702706053
302.12386461129466
209.30649039001116
2.3856934790075
201.0363800679129
302.9351624164607
429.04079878817083
150.3976211474918
204.2255223721333
324.5789020536037
362.9997793964444
240.2146581421257
375.2649043071312
435.38062401243957
113.2303343305905
438.56892215980776
179.62660230356545
458.160972575752
326.19325910204265
414.56202691140004
423.62096988802796
191.3586815786564
424.0621705454912
470.16088973875355
320.07935241316085
293.07588259126635
162.14151765445985
219.1709879101865
332.78065692633174
214.98397195494067
52.71062027326286
230.77012778617524
173.3462143678779
32.35401341944197
308.91328161851106
392.2091174699497
191.5951923486718
235.68942747630734
274.5924534050208
405.07472568018136
432.48707331162655
36.909247838284784
309.54716074339603
144.54190662437549
481.57192812659605
101.348766308971
39.75186635545475
181.70569246129514
485.40826196852043
297.6233357163951
327.760593395452
422.6369006503404
241.79147994472288
391.0834363160072
343.6915055377276
292.84298885473686
265.270421915161
221.10306433041433
366.30579125049223
306.7081752865597
299.17488913352804
379.2377601267119
72.40101596273911
480.8923632272782
335.08610698246054
213.53188792080573
369.0303133227959
98.13915274659644
111.42954154514115
374.21844643318985
230.29327931857836
167.80589993948576
436.5671938543724
399.45588514394194
362.26363171545285
467.57055560012464
367.61517783780175
358.64807977837944
461.5017408151501
313.02085567964167
474.49857384616047
290.1659907651623
324.28845436786935
65.30837696367234
258.59754777570424
215.2147004386544
293.3733477474328
474.08531610589245
223.69692948024993
183.6688025612599
437.10247136095046
285.2823260320329
458.16300683894355
497.9868085885235
389.8954859117809
448.37517274030876
187.1029011415796
101.00497285335933
426.83978935750304
453.82874086851984
7.370089504014288
425.3243941140786
46.308165010493894
435.5543730979167
172.52801148061292
401.35041798583313
114.36213668356106
354.81812697930553
256.5354241233639
428.80423003298927
50.35195923713803
304.55542008770715
495.54576261686765
352.7873325799891
383.4083220843786
84.05226838316759
304.9218471693053
363.43532683791057
436.19976827110713
212.03118686851224
342.5607592562673
301.6916213503304
298.0887371258342
93.0584472611946
448.30986901503263
215.79104672749588
257.4834716977656
407.3844294467301
416.38542569629254
76.94397795307844
488.6187986698237
395.8884052212108
232.53931999619232
426.1655235935692
377.26503099036694
273.40317602182586
309.1456145996989
365.4292687930815
399.6593742911915
290.14820449663665
291.6898236001176
84.86631326721704
455.70353771049184
332.49566120785823
406.94028175251196
494.93680247407076
294.6814955533989
155.20218378083825
168.24397469418125
473.1041957203961
397.0601834924836
70.54316001921012
460.06931545711217
219.1280486071778
419.17143289543657
360.38812429852305
392.953103088958
369.63461736491513
383.72154625295366
159.2889839494153
461.08682644773825
450.88451871985563
375.9471226844179
390.3940123935905
319.61063038727013
430.48170551486936
278.7939919811058
478.1327844557816
185.1966962881565
447.58681409449605
354.7589592337399
291.29255642195335
471.988609356028
264.1888068877203
477.7817552074268
445.52101674667165
336.4125601845584
419.5650348978369
127.2644235195591
415.2042167726036
260.9351695320414
393.88176330783057
269.45430898185487
330.3470192947344
294.28012924471045
339.9518881049513
126.19196299278349
