102.22486149166144
23.886631880047275
369.3843331095886
410.13760351981216
427.39714061976065
407.3024298415731
245.46029189689696
198.2756518221712
318.9757592201873
13.714943009085971
375.984465605027
41.50806850438454
457.28206720900147
316.6745905290686
288.7030050966786
152.95676220681423
360.62602619464934
397.6361079946936
276.82968934026167
375.33786704614056
233.51865703143403
338.0207995443458
323.9808438324809
473.688806897344
232.75749713710832
173.42421840637917
341.7897477309094
299.43291298196925
432.3296992914163
365.133884783269
219.58801425764176
144.98087155136017
453.50657314114414
411.0203651919211
280.05907656577097
355.3487223494142
28.49405883343138
218.58950829586854
470.6846607376979
91.35853848692068
315.4061929084676
397.1369997140919
154.84910750348087
253.3962815053549
220.10072344206088
452.59009175055706
454.5603218570492
417.7919343826804
497.8855338957625
342.08756772633274
353.2499972572652
357.8336333465397
487.8517523043099
468.3811892709713
414.1782925381841
183.07528131860641
211.69993651420435
102.48383990464697
56.08838907807933
311.9252636686507
378.5879300214882
486.4841105705996
267.53522332142927
368.4107570243844
101.62321922827954
241.5501200255643
219.9691112999355
175.51402908615398
422.77181587233736
172.37229733465807
44.489293666614515
181.0553935629257
95.37731756439928
394.2503550419788
350.3718468959568
424.20230445749485
451.458036091481
493.9240268542404
202.5160599298041
370.9470192222436
345.25965088024896
143.6074270222478
253.57716022787685
258.6147076379907
298.38789677617
256.72100757646194
101.56269682927638
424.9797330566354
469.1561205570486
476.748578241638
31.740329935788225
343.0344669386118
392.4212799163143
299.94008514150187
399.15845712779367
470.5260981003414
263.183012688376
411.14670393874763
428.12619197032825
277.98077381049575
496.84227690660305
244.77352685011388
306.55282749232947
311.91179287344744
38.7400621512827
205.67161955904265
426.23468739801933
385.5853986548318
227.13547110384025
445.19008434101136
296.8477311799857
460.86512703067905
337.2899743666689
428.435917729289
333.6662214357084
308.14237617882065
354.428175546399
325.2370355055658
477.59188723400985
346.7822693264801
359.90284911900676
104.87409736856347
209.14808712327476
159.3908886274533
63.27492409680002
439.51740151810196
359.99702432783465
93.69876257656574
204.40592460840884
424.1351527715602
397.5489830881245
366.2357235193548
481.49115028334865
383.89502265117164
410.7835363460192
426.2313328833186
172.67396256938048
490.5799073117757
332.08808142022593
319.5637796967123
448.36904935784474
495.8581278172412
337.35673301561076
225.19942680397355
411.71604736944397
375.0184105519728
212.0611876869367
288.81370426796104
261.7330730228217
427.12576965827304
499.4129099317275
101.623228180794
171.34871482368015
295.27862209430486
263.21349743412037
173.25563523196752
154.47539280592213
434.0532935550286
254.24561369464135
406.4631457173248
17.502742106585913
352.53375928751177
93.85809719757663
212.25587921435613
146.49006593487672
398.9571352597083
385.37505393116214
58.338056120555734
390.1124846003967
236.3022736771747
230.2124915373294
351.7110934109495
473.5929793813554
320.4588885933043
326.4120288783952
461.29856328912354
487.1496367675819
295.00781299359056
282.2589250504187
473.2707512284801
406.0734455405901
125.4871551370187
432.05802336738304
391.39979855459177
394.38577498853385
487.396314408134
474.64128434966904
426.885066094535
220.1695594911526
468.2429263811125
287.3354048151698
317.1955991399675
146.65781111722606
216.2751664153398
192.50926385524485
144.53886435912784
371.28458155736655
383.0107055106845
429.8809601695252
445.5563647835797
468.64873003257213
358.0158562668621
464.5893598355901
426.86331576554073
419.06215720582185
471.58634989200465
403.8183233669107
204.17717698198175
273.0920332783566
430.79024961022645
497.19680535461833
390.73575061656555
419.5726289020958
244.46264579199328
496.12823490938104
254.94638157397603
382.69879657024774
384.09798058192143
429.8783050972571
392.6492577851362
495.29746368697596
494.1630590704306
464.6932139317875
294.96116879475
233.03060603890174
372.0654056818179
439.6278317898361
54.49367701502416
308.8684326002641
178.40098046290177
451.1373452420974
264.85886552026375
366.1320646045998
474.61334659472476
448.6841831408957
314.56278054305255
113.7014220557777
388.67346419187936
118.41381769951073
442.8253649825101
157.9582970596536
289.674346662565
442.1800979570499
438.51781525819496
341.1026469555902
228.75179230665879
216.47912465971132
350.9292770836245
415.9460584741388
390.72460962869263
468.4475643313044
486.3901641903398
483.8041887384721
415.62416868650666
164.5699287240364
473.269899046078
459.4358731970989
392.90503264698145
215.0341438653266
326.45426911592847
355.0104076741481
384.90824930783424
365.61832700393836
404.1766132494716
396.91034734054085
88.18679560522185
413.97711985352817
421.2260254465846
455.06506668565027
479.30785321774647
451.7357931253671
405.86340369402126
217.5881982422673
497.3939906859832
299.02542740765375
298.0578249420375
296.6788822450569
496.55977401007226
199.0330249119569
225.66802593018082
487.08323944372853
259.1157875599599
89.55465486217008
371.37639743971545
353.67714877439687
106.88029503802125
81.39764465971592
193.46603787654982
70.38639918356427
497.0502430125013
203.74865425575842
107.63223812860048
458.42823125057726
285.12645207239507
356.7730398319102
363.1365419183046
430.93859721108004
373.0398203752496
489.5881031401801
449.00167161841256
440.95257658838597
432.7874096322458
286.2129445133444
289.0237986174046
352.7749664918433
255.5045380897072
491.7348586238438
376.53113949890735
424.9213303511296
372.76018814068146
168.35951010199324
261.7745839268078
293.4740860932942
22.63531779538056
266.6971312450758
288.86298163330554
420.14608020453926
417.6148319172034
201.47014885533514
331.85790480612764
276.55775071677556
198.4775492450184
428.2883467381231
471.59502679498934
382.14705524562453
464.33369871949174
417.4730692086646
382.6812762951455
482.9642394460624
306.92364435297
270.54951177152657
357.19803652970216
238.47489242781882
369.7447518328157
398.82073098334274
462.3263889783636
240.1125404576424
404.597142870537
253.7970776458491
292.7261959237158
339.77307620220677
481.1613500841316
161.4606013510343
276.0007575783364
439.2779980030622
473.1371605544593
448.7953510389406
65.82283937369107
362.67149117278365
396.2429080024012
377.8743788557508
495.125810592449
244.6655651400429
219.97997697594099
460.17196597308333
355.27379599837036
315.4305230943496
431.84358939174615
297.33748270473825
211.47146211696935
