251.84862697873493
456.54062985894063
457.9842923034088
242.28993962194875
480.25652602651223
491.24315647771016
229.33195423803653
355.1562240881308
246.6397245199993
445.04617531371264
31.570829088957396
366.57904329894285
319.6745711404276
192.84381135399758
20.476530129147704
489.1566843544257
375.578782556109
338.2570108247173
493.2027877586905
488.23146317651197
128.82202017230486
362.5452263041949
298.70952503760924
208.73442309625858
74.22823459883085
117.57470547851761
40.11329190896356
333.5031482457792
171.62794526418986
15.931291695838695
134.17213453284938
167.82932453909842
84.3695466169425
399.0626683083657
447.2189281883681
213.50677001035513
421.9602382832991
358.81260755021805
402.5446260638054
213.56429528597334
278.92661153430413
155.20271211804248
440.9913761514857
349.4478905755758
122.10435422832234
297.7255509878596
489.5602183199945
345.46997196327834
17.316643920841273
386.9769964605664
181.16892766605656
475.438772433851
399.5859136014518
375.45040064955566
467.43836781393827
209.2038512385252
157.24076937988093
334.69528214536604
253.2999723348596
374.1665348815614
171.5959230151061
465.5360521401284
328.8833858961668
213.4593613939013
470.84777274380565
41.87836389387019
366.49038609628803
421.48712111079055
366.9695078545973
496.37303505031525
220.5907508859127
243.42387909877993
249.69233793448134
429.0765046736899
255.77034711432668
445.54482525434486
472.90552390813514
445.9053228201141
324.3976241764143
122.09187747192794
361.8289597690916
375.946981957644
261.74182550301606
19.65390053097292
496.83542396603366
295.0720327397376
362.1294267570353
318.736391237551
235.70426818682108
427.5394881376729
468.699107578666
120.5467952065141
262.57828517244633
155.5364828806637
481.45391024918655
408.9994801612009
283.2676907692967
400.83710978678505
280.3461880557759
414.36662663667005
310.5563798274286
237.44286218971865
436.7856305012117
310.81136107978705
267.8965121908269
464.7049176732621
372.88898897067713
363.37498147841836
356.308918268523
439.514221644551
324.46798422284064
427.56520866774446
440.6552429952775
331.84792410508317
189.70482283663296
377.8920278635351
303.4603722246228
431.08150710543083
357.55253618830216
390.25080701538735
376.8126196522445
421.8842081670376
144.70790596066644
397.9695161431722
385.65907729583887
350.9249214520397
234.32694385464748
304.85357599647233
303.17900326495084
285.7190615037006
25.307718626643577
381.39532369914673
401.83656241812986
419.0949667702457
142.89854097042206
370.369701083496
497.1677530164843
135.59818378552325
295.9449668902773
423.2217303150436
384.6025981500163
320.5600435419691
357.4801151687999
281.59220998046465
38.350731001637484
343.22193304213914
210.1112838034913
407.9116285597818
224.20900001695514
146.01386629112085
255.22670995775567
297.02921198028685
383.82461868912185
91.51553177325366
229.65895279371972
460.579906394819
81.81384547400677
317.63371250443504
276.76709203382006
329.4203850237073
256.371038690827
260.07147811232494
354.9312827014686
227.35663972179708
354.37762753156466
439.87586169798476
136.7517086950548
320.830547200144
110.82362313142005
370.68304361828007
461.0703422468057
255.64478051647748
135.0417704434414
58.12478764344462
262.7972414866877
378.1276845125506
430.6565299545941
206.45287827813956
131.7996123370408
153.26986346026314
316.1149560476994
90.69165862792266
276.32028807068264
180.23837937967994
143.45311138205295
469.94245517556897
162.88984078963676
292.0037585969226
423.5903609393187
458.7154613894526
472.0176982916275
411.1408856851927
340.4336197762758
439.34904725314
449.81942689071184
394.4159154934426
308.1369269411258
483.5131390355258
26.974523179845846
475.67136710766874
386.7555864644387
286.5886184820734
430.84528723308506
269.0016870450778
469.830499089971
367.2717525110364
161.45310543614568
208.1197624958623
301.8581199409094
392.0364215793129
278.2059773705363
447.12970501944443
245.7164352316711
336.57049806540635
386.4991252633531
427.16868838231403
411.1866047102695
222.3898400581159
296.8900290855147
361.4016283350555
277.71859255103686
313.9935342313039
491.07240536997875
335.32146376175695
29.91537932375553
462.9598659257666
279.8953837697501
151.58292790978567
462.1020675111541
309.49170994134886
438.35857386041175
385.0045130112369
151.3239448907173
337.1851058211912
385.2078251412101
427.7782583919994
321.4402563422914
245.06725027069464
38.60506294553221
494.2803283337904
303.7098506620057
280.21875657482246
281.4569487962914
239.0537456329165
487.25303381799154
302.4010145588006
364.1356685453033
468.19812238103873
484.13150182572053
227.27809755781908
166.95861491872813
384.82394767015177
360.38853891633505
260.02165503106266
260.06956353793544
345.50563328006376
369.4665495758661
437.6913469519119
327.30039065629387
363.15499308172605
372.79517758686734
327.5328718692192
231.2288034512021
436.13379583840015
135.10125814197642
295.2813275496509
379.80150623922174
193.28055008647783
358.4878266097929
318.1939758664027
405.3035327261692
199.11797692997817
469.2325352914787
260.48868225058584
385.8617203516602
439.3659586585126
322.4645755358737
480.8443855271786
318.0551314104749
418.3432160636216
257.3039504478711
432.5506368499011
131.80285896530955
425.3454045895665
235.50837617055606
376.605656311953
172.09911083949441
293.7551112973006
203.04278942227074
107.50334027257702
487.7196163620692
465.7401788002429
429.1716759308697
256.3477962650019
398.5750498192634
181.19095518622112
314.94614768823055
385.36842176349063
125.98732339049945
390.75482286937086
423.08555843796466
467.52008348730493
485.1529077440607
307.95693788763856
435.6302397406224
151.81032813878733
442.96671742247827
467.3156539413888
324.3316542814523
346.0810976193766
142.027135397952
153.29632111553576
431.30228389230643
215.80438814434905
117.58204563441882
482.9731404886743
451.39711501560515
233.41493560350818
496.75455943702116
175.9990114881013
485.07448979588264
174.6310684826439
248.40042419769335
442.7810395273933
469.65122343998434
496.3490583975453
448.1751885186527
177.1116797472452
477.17800154132715
367.70810809050363
82.9391985504032
135.99986647245993
480.74275866718307
449.55266743753555
283.31581146729434
313.1832956080995
400.781027564361
291.4241404532571
60.48679845640606
454.0435927213139
334.45779166023857
144.52883859402982
324.93814515467136
372.14659285169
354.88966871361356
486.1678327987153
290.35889118344613
276.3154213943379
271.7957393051552
74.38481632829343
236.06483480515135
444.2293276144537
403.9856379418778
414.15184516926564
203.3913676268587
280.60418310684895
408.3715319915286
248.86807566053304
272.6686028509167
477.61773720039486
