62.56732389894714
36.982098399085984
59.528707673561584
31.714955275289434
61.271496298070396
53.66156592290528
11.144426116095858
17.482393183786293
15.646433481008458
19.693837904638052
36.14435911846973
19.39700292911371
53.40845473916586
40.33160203260697
53.82937680258136
61.96488018065623
63.85880304783296
56.08393116681145
60.980351654184666
26.99214603478893
47.01148194562003
13.740759404125747
57.773470352072756
29.51659269728782
50.85039173823512
46.00071425451234
61.89235853066664
59.30731423468606
45.42261917275301
63.76555391246405
44.56293839578417
42.79191207818411
19.63621026299053
26.60342220818451
53.18435095781514
21.806878333309704
62.277205951897194
9.596017983174413
62.19928851932722
60.18169824700224
53.19674999233906
56.22533929609595
50.62920963773426
0.11503610698870403
10.857053490398677
52.27327309817194
63.2533385946935
58.6759475595418
61.782493868088295
31.704310253402816
21.79720669001562
37.97373623534938
41.79189605697766
40.847749457670474
41.05106580110445
55.435342272458435
63.14575819686726
57.74566802453763
28.182077751641174
26.310395233261488
34.254211086031034
60.51214591062035
53.06259723464038
6.209667834958438
57.14581306276368
26.01365598748945
15.444257807240476
4.334696742855428
43.0202879095737
27.487558352794203
25.29251781330354
57.98541632763885
44.48595288823344
34.4811411837767
27.915941014486286
0.910669384391376
33.15628253788025
33.751525938058116
9.710281585790547
54.277770878424406
63.101079246543144
60.83162032537811
41.32520722611092
51.06731660332583
43.04649893616306
6.663580514266712
59.10692939604303
38.119742335374475
62.0325856827013
27.521690177351722
59.25497181337086
52.598451946928385
40.4102640340303
59.09450131517391
61.01622156308962
54.214152232350884
52.48552573775811
47.81180616336072
24.90210287098786
23.441490578204686
45.78920862311115
52.58737963457488
51.66371149306426
28.280402318741146
30.812253607383305
40.864750868093154
54.373988446097556
11.87797266185904
25.0092918083258
33.889668687690026
33.9079334496084
40.68691755317147
1.732816422337656
58.242180685905076
43.581334496367546
60.21036001573676
30.161128397999313
43.244905488045305
12.696523826137515
36.456789060845665
43.473867697064165
39.9162028359422
62.127568967954396
43.65463846798204
58.16358104634115
31.35918202870407
44.69245945597693
53.3006637369746
27.25989380270385
51.74314827764943
53.147925395954346
32.27949600626985
7.557023415726135
57.902432215630455
29.992783680808024
53.72439512694018
61.41611449521417
63.36410967330978
24.351487286866174
59.07912117913376
46.32339379854085
38.38119377786768
58.671011268986966
58.249445976959095
28.5808453999675
60.934354174729044
60.489465494847366
61.46421953207134
9.008721842018424
57.26889886976974
60.39990785626942
21.837048961584813
48.877422884710974
50.084550422633086
13.81915785392458
39.3725480280536
61.63217776563166
35.216546909436865
55.57894034278997
58.50979096809785
44.79580080123036
38.285788487167736
28.975055116155254
35.25468447910498
39.91945381102564
56.49502080386722
22.49485060697406
28.04761928286399
27.668508268468862
50.85439665768371
48.02158687940984
49.472135442527524
7.263558536533203
52.930610684161024
53.55600240618736
41.80040666256386
27.240286832748147
25.91565758947724
63.48194655295988
5.98243283439011
48.45112859648439
29.464736590277134
60.8728992857285
45.98407079568436
62.79779681709057
23.19825702368712
42.611757988792945
54.16669850399077
33.00034515986796
57.15288286130458
49.75857678205425
10.78333658178672
54.87608227318428
4.168520650838438
42.43031780541634
48.70433561292682
54.437332613693286
52.32604187599628
54.98055453680308
44.39928534318409
23.246104767648433
63.60648671538748
30.540043940967294
38.747906965890046
25.122703656810586
27.247001097858515
60.49409369374439
33.571071400502376
8.227425584054913
26.7755017112327
35.46717993912577
53.630130045682336
38.987594374436
13.892304102445983
17.68769717654365
63.51255099871019
20.68832746304502
44.83900340586617
43.565701375511125
51.18165795139316
24.679623189552572
25.329269337956582
59.284530350306454
31.508349996264755
32.552674335604884
61.0932578597133
55.29648402303884
25.921381329153455
2.6083825436495687
29.302489886900467
63.819529656991485
48.4007833516317
46.69018694824312
42.50402326932941
52.10850925174749
36.44340119424393
25.019351147679217
3.5843792151984246
42.022347512154866
22.185167343958348
45.27020778655515
29.787163896748552
28.23832380832428
20.479258295805224
57.97471378086226
18.94059736164988
50.77370279313321
31.231405801948235
49.16606988456895
48.47479151280922
38.011047856061325
16.511859397648962
8.845658726180147
59.17205816875753
41.917358383465015
25.005997151039708
58.528093428879615
47.18147283958494
14.675924354199907
61.82223443345726
38.24258073644815
57.96994300999248
63.3201751643695
55.506498832742615
60.8565376274617
39.66129165607582
61.180822531825804
56.374459389438286
44.31719019496194
44.41301412647228
33.90137634880104
13.550190317444304
39.47962354467977
54.06319023091086
19.56346205369085
34.68899815665154
44.102382819959224
61.36451207455529
12.197028371871163
30.906828050718396
55.419032823319995
20.158884301810865
32.69290986209448
20.54706801928271
31.260511016672147
26.657413203939782
34.971572814234506
58.10485075446662
41.32379680877005
38.22897222963808
28.73107636495299
45.19817667816609
43.10694001924263
52.6905831606716
4.0170073755447575
47.67335852819054
53.44170700343733
54.45858137746981
48.01438450293179
35.433598233783925
40.741456852035974
45.655061478307246
44.159186449768754
23.467696109263812
63.16897515962555
27.18803073442661
58.62814620539036
58.547426905337815
41.390125504470774
54.932833605708325
33.29928138583858
19.87613876359027
45.80301059547169
40.235299110949526
24.844544438222
35.92153973677692
56.08457258598957
48.59845857517086
57.46187571158349
42.73497054870427
36.903816656633964
12.923795932999468
42.96103743066679
1.917237032467142
43.13711884820185
43.88135968657309
38.398126203948664
21.071000855748387
14.373478858911412
15.101875401144518
42.10849642465847
38.229507037874775
63.178769826275435
59.22146197246453
60.20673525041532
35.26844726360909
60.610415962215114
38.08591872234077
27.730955222595476
54.16506713904986
51.543710784660476
41.46418233771715
1.9728241482535012
37.73813881738526
58.83845183854594
43.81967678598552
36.10988751022066
27.941752388449935
52.969911907159535
60.187510105981325
28.126389216367585
19.3239131617293
55.500823776252474
1.1029635859014633
27.068083178721473
47.95400975900152
61.155356419941576
24.44830732931316
45.164918627286355
57.33971060060599
