228
292
212
200
248
248
196
288
228
176
220
184
304
216
216
204
252
220
256
280
200
200
264
292
172
260
284
296
220
244
160
212
272
228
196
264
232
184
196
252
192
236
208
224
260
236
208
236
204
244
244
272
300
208
208
192
196
228
228
236
244
268
212
228
260
236
264
268
216
216
248
236
232
200
240
240
276
216
236
224
232
160
300
256
220
236
220
248
232
216
276
320
272
300
292
244
212
268
224
228
264
240
232
236
200
220
252
236
216
240
236
268
264
188
244
236
216
212
304
232
304
256
256
220
208
268
244
264
244
284
236
228
244
248
256
208
248
220
272
248
240
220
224
248
260
236
260
224
272
248
260
276
188
320
276
200
168
196
256
244
288
196
292
304
288
240
248
248
216
232
244
268
184
212
252
252
224
224
240
208
188
256
216
280
244
208
252
208
240
216
220
252
208
276
224
272
204
256
260
188
280
232
212
248
196
164
272
240
252
268
220
196
228
272
212
220
252
276
224
276
212
248
232
296
264
140
244
208
244
240
196
248
216
204
288
248
264
204
264
256
260
236
272
248
256
272
268
228
192
244
240
220
280
244
240
260
268
228
204
216
172
264
228
200
200
256
252
232
224
316
180
236
200
260
244
240
248
296
232
260
276
284
208
232
188
188
196
268
268
268
212
212
204
232
292
220
224
212
200
280
232
196
248
212
224
228
248
256
260
296
220
200
240
236
248
244
236
256
284
236
196
244
244
264
204
232
268
208
240
252
248
344
236
236
300
244
212
240
272
220
264
232
272
236
204
240
216
228
220
208
256
252
208
256
272
216
228
272
256
216
232
236
296
240
228
244
180
228
252
252
232
212
204
288
256
236
212
284
256
232
268
232
216
240
224
232
260
212
232
180
264
232
256
212
260
252
192
248
260
308
260
192
240
276
212
220
248
204
248
204
256
236
244
192
184
228
220
228
288
240
212
284
248
220
248
228
240
268
264
236
248
280
180
240
236
280
212
264
252
248
220
240
244
224
284
212
220
284
228
232
276
256
248
216
204
240
196
224
228
216
268
288
232
228
232
248
244
296
260
300
276
284
252
212
244
236
216
260
236
172
236
292
288
208
212
248
248
188
236
236
220
256
288
268
236
228
204
252
260
236
256
276
224
280
228
260
236
260
216
272
252
224
176
272
240
264
240
268
256
304
244
196
236
216
276
196
320
296
244
256
288
268
236
280
216
260
260
276
220
208
224
248
272
252
204
232
272
256
240
228
264
236
228
264
276
216
284
264
260
228
200
244
236
232
212
268
244
224
180
260
216
308
276
236
204
232
220
276
300
164
244
228
208
268
260
260
196
284
228
260
172
252
236
248
216
240
268
248
204
264
256
296
216
244
280
216
228
224
188
204
280
240
232
216
296
212
228
212
252
248
224
244
216
248
212
264
256
196
224
248
200
228
208
240
216
260
268
236
224
236
248
260
216
248
272
256
168
260
220
200
216
276
248
252
228
264
268
244
200
248
248
188
240
292
216
288
224
216
260
204
208
220
212
292
228
280
264
224
240
264
204
244
260
220
224
188
220
196
220
220
260
168
240
200
208
228
304
240
200
264
248
196
272
304
256
184
248
252
252
244
240
248
208
208
284
256
256
240
220
268
232
272
208
172
188
200
228
228
208
264
232
224
248
256
240
276
260
224
208
204
236
300
264
284
184
204
272
220
256
232
244
244
212
224
240
216
228
220
220
256
280
232
268
212
208
240
312
220
260
216
212
228
236
200
260
212
216
168
208
240
244
272
300
204
296
276
212
284
176
224
236
256
248
248
248
192
220
276
244
232
248
340
256
236
224
196
252
232
224
224
228
248
236
292
220
240
268
288
252
272
212
252
220
236
260
232
232
232
236
264
244
292
224
276
244
276
216
236
268
232
204
236
200
228
240
236
208
224
248
256
200
236
228
264
224
296
224
216
196
208
216
212
304
244
152
228
196
248
228
240
220
252
260
264
224
228
252
236
188
220
200
256
240
252
232
208
300
248
204
212
268
244
216
240
216
244
256
284
220
272
264
228
268
224
248
192
220
228
240
256
272
268
224
192
272
252
248
220
232
264
260
248
240
248
244
232
252
256
180
276
292
300
260
244
240
240
284
224
260
220
240
228
232
228
256
248
284
236
236
240
228
204
256
220
276
248
244
244
260
268
220
264
272
280
216
224
280
248
268
220
236
216
248
284
284
240
248
232
240
272
260
220
268
216
280
192
232
224
268
280
220
300
244
248
260
268
252
188
172
240
236
292
236
208
204
224
268
276
228
240
248
244
236
244
256
168
180
236
240
188
268
212
280
228
268
252
248
232
252
232
276
192
252
208
268
244
288
216
212
264
244
216
220
200
180
224
236
304
252
240
232
220
192
252
240
248
240
224
224
260
272
248
272
224
276
284
248
208
224
232
276
244
260
248
200
220
260
264
220
244
312
280
260
204
232
220
300
216
240
292
224
276
272
296
240
220
180
236
204
264
272
216
220
228
292
256
220
256
244
196
216
208
244
280
292
212
204
224
220
276
280
224
252
244
300
232
212
204
256
264
244
228
220
260
220
212
248
256
232
276
212
236
176
208
220
212
220
200
232
236
196
268
232
208
248
260
268
256
228
312
280
248
240
260
244
208
212
224
220
216
256
256
228
200
224
224
160
268
228
256
240
200
228
268
204
252
240
268
284
216
192
304
204
236
240
208
264
180
292
264
224
