328
248
316
288
292
284
300
280
260
276
320
252
272
268
296
280
276
248
296
272
256
288
272
236
276
292
236
280
248
272
292
272
276
232
328
284
332
256
344
316
328
332
296
256
248
228
236
300
232
304
276
236
308
240
232
280
308
272
308
256
284
240
264
240
268
284
312
276
312
356
220
300
280
328
344
332
260
276
236
244
236
304
332
308
284
292
308
260
252
244
316
300
264
296
212
260
304
260
344
276
332
320
252
296
292
280
332
320
320
300
300
312
320
272
272
292
252
248
288
260
244
352
288
308
264
296
280
352
240
272
268
300
308
308
300
320
244
268
284
348
280
296
316
240
296
312
264
228
324
280
244
300
232
292
260
284
304
276
304
320
328
324
296
300
312
312
248
264
280
292
336
224
288
276
280
236
272
320
324
328
288
276
240
232
304
276
324
292
320
332
292
252
288
304
316
260
332
272
312
272
204
256
216
312
288
292
240
272
284
276
292
296
236
252
324
292
220
340
324
344
316
288
312
304
256
292
240
272
264
264
332
340
304
300
260
272
280
292
260
260
316
228
304
296
252
256
332
308
244
336
348
244
292
280
272
268
268
240
284
288
364
224
280
292
312
336
308
280
256
292
260
260
332
296
292
300
360
224
308
280
288
348
272
256
284
348
268
300
288
236
328
276
240
300
300
312
268
328
304
284
304
248
256
248
272
312
268
336
300
268
240
252
276
272
300
364
292
264
288
312
288
296
272
236
272
320
316
320
372
220
328
324
256
268
316
308
256
248
284
244
236
248
304
260
240
316
252
264
332
264
276
344
308
260
316
240
264
336
340
304
268
328
312
288
268
288
264
292
284
300
320
244
312
304
212
332
328
284
280
260
232
268
252
280
292
252
296
308
264
280
316
308
272
292
284
276
320
224
240
304
300
324
260
280
264
332
248
264
308
264
320
288
284
296
288
244
236
332
240
248
328
240
260
312
296
356
312
340
284
328
296
308
320
268
312
280
280
292
276
276
336
280
284
288
292
272
284
244
224
212
240
284
316
308
288
292
252
280
340
300
288
340
256
300
312
268
240
268
280
264
284
248
296
312
268
240
316
248
296
252
276
272
312
284
264
296
264
320
328
324
328
276
248
252
308
260
356
312
356
288
296
212
288
276
220
264
272
284
316
284
272
232
276
292
228
264
232
248
256
304
296
256
336
240
340
316
276
304
272
260
292
332
264
252
236
260
220
320
296
324
392
332
308
224
212
312
296
308
256
276
276
264
236
344
280
272
296
248
324
252
316
316
240
196
232
328
252
332
328
256
300
256
248
316
352
272
280
284
284
352
248
236
292
248
268
320
268
208
332
284
256
296
308
320
252
316
308
312
280
284
328
332
312
332
272
252
280
276
292
240
268
232
292
324
232
340
312
260
252
300
312
268
296
296
248
248
328
292
280
280
280
284
288
300
244
296
292
276
220
272
292
280
296
280
308
272
284
312
316
280
296
308
280
240
312
328
232
292
272
276
296
276
288
308
284
340
288
308
268
252
324
344
244
296
296
244
276
296
256
204
240
296
260
344
220
304
308
288
340
304
236
252
256
272
300
276
260
252
264
292
316
348
320
312
308
236
240
296
204
256
324
288
280
284
292
328
276
272
296
296
320
272
264
276
280
264
208
260
284
264
284
320
352
276
268
316
328
260
216
276
296
292
312
316
304
296
272
264
260
296
284
248
260
288
248
320
316
344
320
260
276
316
312
312
328
300
328
264
244
272
292
292
284
256
268
260
324
316
308
304
272
272
288
240
232
316
292
256
240
284
280
268
272
252
292
296
268
344
268
324
252
296
228
288
276
280
280
332
264
304
304
348
240
348
332
276
240
244
312
284
304
244
216
264
288
268
316
260
240
348
276
272
296
308
292
316
296
268
260
252
292
252
300
284
292
260
228
312
240
256
236
300
224
256
280
296
308
264
300
244
280
280
300
288
320
268
276
272
288
320
300
316
292
332
348
276
276
308
252
268
308
292
284
248
348
268
308
300
264
252
264
316
276
244
268
284
268
360
224
292
256
280
304
312
244
288
276
300
300
272
308
276
228
288
260
252
336
284
272
292
260
260
296
272
300
336
260
308
348
236
352
284
256
324
232
300
232
316
312
252
332
316
248
280
336
292
304
284
228
300
272
300
304
228
264
332
236
312
260
284
256
268
268
280
308
280
272
272
332
300
296
272
300
244
212
356
284
352
284
268
276
220
304
268
280
308
328
280
320
308
260
300
312
232
276
264
380
288
300
268
320
308
252
324
276
280
224
264
292
260
288
268
276
300
224
328
316
268
320
244
228
304
224
272
312
256
276
272
288
316
276
280
304
256
268
280
264
252
312
260
264
304
288
300
252
288
304
320
260
260
292
276
296
288
256
264
316
252
328
256
276
344
320
304
292
312
352
264
224
312
256
228
240
264
304
360
288
252
284
292
240
260
292
248
280
228
288
316
312
248
244
296
236
272
288
220
196
268
296
268
260
288
216
320
300
264
300
240
272
272
260
364
308
312
224
212
224
248
248
300
272
276
324
360
272
328
292
280
288
364
368
324
324
272
288
276
292
284
244
308
284
272
280
280
240
292
328
272
276
300
304
312
264
328
324
260
220
244
304
344
200
260
308
276
240
256
308
228
328
304
276
228
268
316
256
244
248
316
288
320
236
260
260
320
284
276
268
288
268
288
268
344
288
204
356
320
264
252
264
256
260
