61.790952611803455
59.75709049152414
60.803347697701895
61.143060191042096
59.189524613624684
60.198279457997
60.05903773536129
58.583208880522015
60.5643054772005
59.90542233359324
60.04291569951478
59.9588825032547
61.99042977313185
61.15291460674302
60.569036751318954
61.773974900720546
60.38716430464712
61.04058216681016
59.389713018116346
61.73851505818151
60.169321893971514
59.92078617019924
62.86625814314175
61.81417036637822
59.84902135128008
60.83790123845223
60.376507641938964
59.22704351301415
61.46503709527491
58.25375802546455
58.582873461088134
59.7948706751828
61.692241529446136
59.98461787577183
61.43259721275455
59.010081729006956
59.96171741326009
60.082052008080076
60.813862331920014
60.84429872664274
60.729352338008326
59.43363838415026
59.84197651651615
60.64812746541586
62.39402235735978
60.75226603443402
60.53893057016006
61.368561333274386
60.224244713874356
59.99866382003791
60.87064454477137
59.835893632217214
60.587454770846016
61.81933845710898
60.0675876538075
58.346761561288645
61.27074871677133
60.53584483638073
59.675760060423734
60.37371838570141
61.5832261793861
59.925786702508795
60.48790420507222
61.11378856799364
62.373755533621875
60.78659293996391
59.43783837259781
60.02538922911095
61.915769828256266
59.43833747458546
60.05828166496173
60.15747208503419
61.89526555261246
61.34996039181022
60.92091306765787
60.20170896102007
60.63176451299751
60.75998954245372
58.7667030900323
60.5859981387914
60.96669593255718
62.86264305146928
60.6230304562448
61.03150499012689
60.77090762639046
59.687816089435366
60.092932823800496
60.408684953966116
60.75579859609155
58.81712016734554
59.9044703905702
61.13438588045261
59.79068403559568
60.075388191390886
60.76887860126507
60.442181344730564
60.11608450297603
59.92515228239556
61.57632605234371
61.83587984701222
58.0935958699971
60.2318883818019
58.680396603654174
60.61947702453347
59.5627922647719
58.35136685736242
63.09746963655249
62.95350528604711
60.13040154370811
61.06150346356861
61.86700331879326
61.550599767160975
60.99038386691053
61.69641103242123
60.13814671603267
59.403942662099965
60.386731241174964
61.01198690205713
61.28819929913222
61.322070016491956
59.60210988708278
62.31301561482532
63.379733108849464
61.05314534884652
60.23139945093323
62.4963990714114
61.47320310672979
60.67136466662739
59.86367342003353
62.02327479663519
61.76525566817902
59.31202704748777
61.062697176387076
60.11853938798091
60.544169589209645
60.555087585730256
61.473290281363134
60.37694902113663
60.70033644807849
60.875958408380505
58.995538838126706
60.34448996350079
59.664849516032945
58.1723563215143
60.6262246282903
61.82046681096618
58.71387088120587
60.009046273201236
61.09081070185412
59.57884227969004
61.617301125454105
62.05635009979901
61.19864193937139
60.29365817606773
59.4102857943451
59.486631441256634
60.87043897439813
60.99660390659709
61.11379839277306
58.885233436596565
60.98312475484483
59.591477607561444
60.48280690153193
61.00592706999574
57.68920027949364
60.25100212742369
61.04655721654142
59.50419257627353
62.969614466613066
61.74815280453313
58.931915297011024
60.077093267943134
61.084398917076555
59.80365722900849
60.932259118965476
61.262882651015516
60.47920220600854
60.47515446470689
60.465954857582155
61.048159135610575
59.11218995073294
59.979325219061245
59.32692217273452
60.3286809869053
60.533489882991255
60.36439501594655
61.4317219924199
61.484100886237805
58.33028430637535
59.73949621990445
61.0491272454534
59.415041298643914
61.91041362219784
61.087091167818684
61.428366961618764
59.49250166080739
60.31104328733763
61.13680865839695
61.031641430844104
61.43237709253326
60.39637020957098
59.206876918349835
60.090275452968854
59.62957858200899
61.88430999600731
60.0147049350326
60.81328796385327
61.37482841016771
60.949833318822535
60.333267626630295
60.45280383063868
61.50985738704499
62.961291237430444
60.697684129064136
61.03152250625315
60.207760434787986
60.299365473479035
59.212733412533815
60.60664689919852
60.73572678739827
60.52520404941068
61.34813687989263
62.3931620438639
60.17667252939805
60.880876509344056
59.84150562412473
61.28042176065279
60.87775122604802
60.63648976639944
61.27934644994151
60.240678150806076
60.50458077497962
61.66452984878705
60.061344599794914
60.41869949987854
61.0065780868698
59.94825309119237
60.815326654317225
58.80500239066753
61.327861729609296
60.10671343943532
59.433910767835314
60.65522953540048
59.633746914473136
59.77915856996437
59.34139512814859
60.65746338342544
60.99757165109103
60.26145205114757
59.32523819498001
60.044754265169665
59.249119166734815
58.926904608248364
61.11993654224813
61.36001801471136
59.50905156253178
60.864252489929115
60.618883235109216
58.432972635155934
59.61585064423292
60.386654106883576
59.193495232065004
61.116177891886046
57.65699988483241
61.72692249486725
59.981746732217864
60.43518506182255
60.426523436645795
60.3398813550079
59.98336270355249
59.624696851961076
61.620962124680894
61.15171817532533
60.946367383984786
60.68791594512437
60.77893790478411
61.20985989494683
59.344782335436925
60.495704276882286
59.50267232187945
60.69673879081335
62.2740860550701
59.836490094172476
60.92619022221906
60.66340158670511
60.092699736381334
60.06436299044294
61.246887688695374
61.02885455789847
60.57722152106702
61.664510045197204
62.676048906270005
59.28139703853941
60.174669217562354
59.75866573659064
59.04565933162448
59.49401312077605
61.13484295854165
60.37046071332158
59.505877974347335
61.9578909531372
60.85557963523185
60.27039871137008
60.97608199920887
60.76695594489089
61.13526580870889
60.592912973088985
61.348051975298
62.118688354886196
61.200593497327745
58.65144062083373
59.406361119242355
60.62218844465724
59.24349946842628
60.412023729655594
61.523251520196816
59.98580881062281
62.42517112409615
60.09088515415249
60.46396590326952
61.63305390989038
58.72207228215626
60.980206829468074
61.18014933628281
60.12682581104118
60.01177591521199
59.119776114843134
60.41719701902867
61.36487930360359
58.694834349973945
60.28346971986789
59.46958336722107
59.465341069337626
60.664177369528645
61.05676146485849
59.93022400798841
58.3062029187882
61.12197770470079
58.0819945450814
59.55910671731317
60.36535064407181
59.084807150788784
60.88868825128449
60.34643964333233
59.64559916404173
61.764572607891196
60.02012234959697
60.037889511743096
62.130773340809306
60.574465077281744
60.71806263815718
58.81376236819871
60.590123846815196
61.000459851165054
60.71833243638651
61.18098007934768
61.09112548369726
60.211536460908384
59.9077181863015
59.13430488743896
