60.65326520439646
62.3377184768637
60.041416126532404
61.25375832398221
60.52900427360645
60.33056490901317
61.21014985277095
60.874490368024695
61.70898568057861
60.88643890156698
62.301790615057534
60.89247873621587
62.162852698294486
59.45788286517372
60.32402196707297
60.52007067934905
60.30981900792897
58.51751116245539
62.02326431124446
61.47425980882701
61.111619928853536
58.93779497991137
61.720905782103145
61.12153390508246
59.76384306208784
60.766236907261366
59.73460296189515
60.98932572949335
60.04932586759998
60.15096820016157
61.397570617222605
60.879492536690876
61.16123163070355
58.674237761664486
60.89027042483603
58.88729787686311
58.98007986422187
61.15536280697067
61.494248777229956
61.75756107630849
60.11139307227477
62.08217375770639
60.377376190990894
61.758669695751365
59.97696056886579
61.367691467993886
60.89929646353173
58.97739714393174
60.09789713371452
61.66713708109518
60.977983866886376
62.212761439254244
59.653327578328486
61.50765202597746
59.76089419378554
59.60015065388282
59.76227798831102
59.92540111085633
58.502325405783814
61.10038727532084
60.748691410627266
60.43537577679938
60.106929642463825
59.42200111028266
59.86744588746253
60.04552355227258
60.88031384297027
59.52912697825118
59.92560831212211
60.336984816399294
60.46278378386053
59.613133364553256
58.96718192439112
62.51984711884495
59.73022698308633
60.38863053337809
61.294634079815616
60.72946710723093
58.64420751050813
61.47381239914033
58.0110202598117
58.50024045570996
60.50618551276456
59.02105853483615
60.396439369015155
60.62976530422665
62.41043637761972
57.99969262343421
59.01104231107271
60.807277219608345
59.448803156415224
60.60809363833295
58.92191850046195
62.963843668335876
59.2957706156512
62.72404525954946
60.31471125557895
59.724607460862345
59.05258860900024
59.12796274613507
61.6657570139581
59.73296673268779
61.67412147187851
62.244666643759345
60.058268827404376
60.998991785208695
60.458062963107146
60.591406100320064
59.737016039810094
61.756425965141574
59.96389677133257
60.0919748090857
59.351216401251655
60.327873570616525
59.87002885441513
59.44189363750412
60.77070993918251
61.23380897893133
60.8143825331788
59.80766154913454
60.29450603364614
60.296078699320155
60.95907410257239
60.38394620050011
60.65245753266338
60.9602768289876
60.55026611286673
59.26540264186105
60.573999834032854
59.84045738808211
59.39723155595203
60.646382579933096
61.03176175769758
62.97203644455745
59.623865864529826
60.09146489773081
58.95251258492314
60.03258046880258
60.399207458243225
61.04704884441788
61.76793947009228
60.746199447691644
59.23357805165979
59.74949550576235
62.041265313805525
61.4363872903352
60.24614320652111
59.062876650494076
59.899328107945344
61.0796005413947
60.926985769986985
60.57922531018493
60.487175282234226
60.11354112273076
60.30511391528857
60.784359756402445
62.124103895353876
61.253260522928954
59.46079727523648
61.753940007028106
61.234509611745196
61.172872958296004
60.57242227600131
61.72466581655683
60.9098314448281
60.13875555357349
60.90709543585241
59.76850286563211
61.66860477014707
60.7868353698847
59.4674599891001
59.32696432519971
59.323164082342046
59.321592941307934
59.53979228999312
58.629210694631
60.658812425489124
60.22483230294894
58.91118521893595
60.58877137760819
60.51615364808687
60.22719927929837
60.575974212380764
63.39067176709531
60.047897899734046
62.12530629770748
60.67697978358841
60.74814313815751
59.955653304342334
60.806929100661996
59.46616797221977
60.48959242797561
60.34923134229819
60.95304871321162
60.62832814696746
62.17604865063174
59.89781867483152
60.084699850906
61.33993530398269
58.38390613342359
61.915858599682984
61.94973754820206
59.5910146045064
61.3375403727149
61.58823587336058
61.36534708786297
61.30805962011992
60.65636405175401
60.956123575075225
58.66250984462013
60.21709276087692
60.32615854020508
60.05043089413882
60.22023119439327
61.08484432552515
60.07161965395442
60.632161387327585
60.50797521150335
60.08146497060987
59.796354931866105
59.05201806906256
60.80923621639352
60.6058353635581
61.122606138881586
61.20038253396204
63.15770025788271
59.950865936908365
59.91741493023194
59.92590588929682
58.75340249774072
60.22398037844839
58.58220761154756
59.783477731034715
61.95677415058114
59.50001235585233
61.30807011677861
60.217583387891125
60.5404366039165
59.43461959406422
60.148900361991025
59.2170926419677
59.505510900011856
59.724623251605856
59.738680031348395
60.35073154841091
59.76543278321561
60.9846339379326
61.48787030024229
59.16261062236162
61.730744575974576
60.64768433893459
60.67470030277755
58.590872340518914
61.27353625538748
59.92683118385418
58.14237414218497
60.79344003632365
58.9377260072602
60.86345331627389
60.928156399922116
59.40272537302951
62.82378583479768
60.212278881100396
61.08860147697237
58.94145340763692
60.45200052504482
60.4138964755954
60.76157195050836
60.641592340526714
60.86515101475681
60.04998583626998
60.92647189155682
60.59082597428941
60.81243601162606
59.886615282356715
59.958602667457
60.33502906785863
60.1694991421216
59.299914142275284
60.79734996741603
61.86221148411722
60.497614153333956
61.087687074108025
59.723364003432685
61.28456128520244
60.68010051885617
60.607396233345945
60.11899421503298
60.90333004561099
60.86135140378938
62.83350715968718
60.876633353854764
59.85376471140738
59.90854201992922
60.35915007036209
62.34784678542779
59.16781540740968
59.96007465685996
61.35288947766036
60.73088503882122
60.00860150781745
61.12433905355481
58.923404039367064
59.90211922919665
60.36176555629506
60.01226805058676
59.962220048163516
59.46221259416189
59.90535612025829
59.582108134043786
58.63219205524188
59.16232838953289
60.337783442912894
59.81558478506828
60.47801464813355
60.43583780154413
59.16876954645294
58.608169549531624
60.068162462824944
61.269155069882856
59.82450537019316
59.49514182994018
58.61065185794899
59.75216478293675
61.64900670389276
61.360450580622775
61.4196514539821
60.88889002601867
59.52831956517964
59.926905322294466
60.7616398037141
59.32534203297369
60.774966583702195
62.53047119350548
58.72851927279553
59.83871229160465
60.36407919375992
60.60768207877892
59.21329962639326
59.881987695968064
61.830484386733616
58.88088430558605
61.82248789971859
59.62731091936465
61.95297080531569
59.761201813723744
60.52751917809248
61.16460050626759
60.52503804902667
62.07903890601567
61.46577456256829
60.48426461059635
61.96894198198549
60.790142196171594
60.096682831555476
59.564805296623184
61.19452855638813
60.96596090480218
61.18210358799396
60.563983717801804
