61.827659109235206
59.398998466292944
61.65062489231899
61.39745711507862
60.9478725071244
59.35766955942087
61.85074618756134
61.00385173887851
60.545973202477605
59.626499652990034
61.372091815130695
60.44917654048433
58.84049482140532
61.81056529641749
60.03617816759587
61.05437649143256
61.553854583830855
60.275196821536895
59.31906015599426
59.738082790176676
61.4713175203321
60.65390022174421
61.97048828640509
59.400971908398084
58.797977895400614
60.6646173512549
61.75538146582769
60.13294563893512
60.070225339887344
59.72919669736281
58.89136526485778
60.94364376036931
60.337830241082486
61.508614747748545
60.75835419080859
58.91660257414804
59.54516718580039
58.80480449618827
59.16620123489148
59.44262621402839
59.94393132090351
62.2220034778619
60.54594522278108
60.007464273647024
59.87869682882779
61.719102891655695
62.301769607578166
59.82230812138769
61.09176059647195
58.32653011525701
60.04158973636992
59.96717167099688
59.57928794362971
59.59748432441926
59.59519952059984
61.33873796406052
61.9645090425531
59.77270750981079
60.55224084234057
61.21767146357129
58.0717166423532
61.39024596171232
60.694543363879426
59.797069244149604
60.09375282715935
60.10257093734585
59.94006991798007
60.38582468847347
59.60911569225236
62.04655700019125
58.87565811183403
61.251322789153726
58.978770681358164
57.46645344481016
60.51424334689575
61.345404715605426
61.29212735575127
59.7044091336073
58.71390501563616
60.83917167513776
61.48935440831641
59.72235027183805
61.88028941471856
61.820296341869565
61.284601136557335
61.375835319318455
60.377873920349415
59.98738961391731
60.325492847224375
58.02399073373164
60.8932060178216
59.600012598179305
61.13589537320517
57.97631330406995
60.012150012339376
60.12670986230987
58.777678259409214
60.72970022174693
60.739053422345215
60.20063725455271
59.43565614275975
60.51364149755427
59.427188659651705
59.26015336650371
59.56450499607528
59.12880028914097
60.968060904403764
60.68567652607693
61.63789721982905
58.68048292639337
59.53761228677049
62.29557676623707
59.943584974143626
60.74642852987892
61.264164289284636
59.129345713393754
61.198833824567714
61.20891562911296
61.71401156821909
60.2225140136236
59.57875113419134
59.5097584076353
60.95785418364612
61.07807322892283
59.79241026681492
61.048492245361466
60.3599810721227
62.1886816671506
62.23175583790516
61.23439203434148
58.978384481439335
62.258382693437724
61.81243987759011
60.41681994317667
60.24236856733989
59.63977163524522
60.39496605701986
60.92152977659672
60.5004542656762
59.65648148034839
61.996465400899275
60.86009745140941
59.79958539212845
59.10985416436025
59.75297218557143
62.29594102228318
58.8286784980211
61.840483064749534
59.99627163923035
61.217680454792
61.59470840876336
58.60246553431123
58.353656752898125
62.57049627819246
60.423239385837626
61.19279924726474
61.112785224890004
60.024155172570985
59.92318592650011
59.66330937250411
60.24033035549695
62.266012406093644
59.75993630770764
61.57144035016029
61.0710303777029
62.752737834625734
60.643187167611025
60.83772156654162
61.611022363887244
60.27699526307494
63.133348495509104
58.67767086843763
59.50628864989329
61.22408620414281
60.082923515303044
60.207305444306684
61.670353689265056
60.07628424437448
58.979544259349545
60.846224069780334
62.40135324761663
62.50423983191554
61.27029186492725
58.41455014934439
62.63405749317964
61.10776090924125
59.99713579959253
60.179569900571636
60.489962963213245
60.37552476131757
62.605078377320254
60.36842005750259
59.55554009992207
61.67603380705946
60.52886797141227
60.686480201897076
59.77901203324934
61.36298778841647
60.787985705787456
61.8654698012111
58.713511266320594
59.37581488843373
59.921372882255085
59.663757991906294
59.72669582104426
60.00226082319061
60.08161142325821
59.4221188399712
60.12146229133805
60.00042738622629
59.64189746408099
59.89587040669672
59.39247286711711
61.55916671163317
58.03092591461815
60.33590145325782
59.27369850322431
60.147508297665574
60.4814971456833
59.954057185280256
61.55209722032787
60.81899491139082
60.158989645998766
61.04803672368785
60.529054486503846
59.34920708092854
61.4207992827115
61.286445986004885
59.54973704821088
60.649967429245606
61.142414377580344
62.320487904979096
61.864847770765984
61.699646922762184
58.681569286331964
59.94163250439863
58.35174729272871
61.790531606314296
59.908479379687755
61.69977374849666
60.88383350738532
60.371612859578164
58.375667657982824
59.962060189027774
61.490980373179184
58.32888656343802
60.978974797238735
60.386397116932564
61.20694484564491
61.28332573242002
61.29845701068308
61.49923738099229
61.97743664937549
60.225106772149154
59.23899010125186
59.772038244676885
60.43998151574966
58.577743639617985
61.780487337873666
61.12340633291806
59.79386132313475
61.2839913369008
60.37819106650603
60.62320285454596
61.7633325569694
61.16969320190016
62.325041133893755
60.52565073711663
58.599945459998295
60.853567510978806
59.997667726138175
61.61035596451802
59.05595242373156
60.81329077693675
59.13519342660242
61.39014616588125
60.24457711286914
59.856481959209994
60.84384269438027
60.69332096464714
60.87228616055347
59.64729721975832
60.39235013922644
57.675823834852245
60.54219598839786
61.27829621582992
60.22790267253781
58.381122318949366
60.45843789089742
58.7770882689964
60.596663740177235
62.32874642645283
59.521142085581836
61.11265611620544
59.89720226946588
61.22416446881138
59.89400479705585
61.46747004828241
60.75139237218078
60.48577839196881
60.32476726896619
61.93051468367587
59.97357749747471
60.670271121221056
61.576021713434464
61.29507327639405
61.35589969307842
61.89618309441809
58.78643654686476
60.84877925964654
60.77892506589308
61.7945472250119
59.439496490184084
60.98653528612259
62.10031949605007
60.53891210514368
60.963174670331476
60.18187197918962
59.6559294242521
59.839214601798275
59.869323047855076
60.38850760782535
60.97441214956296
61.01409904306664
61.14903698683507
59.346035638017355
60.67804790448314
60.34885985481447
60.836920343059475
60.77911760561737
60.717982323283564
60.708279612891154
59.501003939769284
60.830172228319114
59.84769131755182
60.60113330142807
60.89258726584369
60.520003641992574
58.82090079788477
58.60208519179228
61.324203794333094
60.91051645457749
61.151612098466956
60.37500592542534
60.24809453034769
60.742855941131545
60.75796565456603
59.00817530431832
60.136548200243986
61.66071105795656
59.68318381394497
60.10662216758749
60.304480281010434
62.4505224902938
61.284518229954
59.638196973607705
59.88415161357458
60.80517203572726
58.43509367520197
60.83384218865781
