60.347409798825744
61.02607548401851
61.26082542165277
61.28367761058359
58.460362564640704
59.36764154341278
60.04836634578928
62.67637116325526
60.28057019536262
59.45570501478619
60.27755809171062
62.42523294706302
61.099862715851984
59.91187389465788
59.0742448945651
59.165276824662314
59.93507695015404
61.3386688248123
59.80244036757962
60.43033225300774
59.94032420162959
62.36356173528338
61.15719805541129
59.74907716667823
59.71431299603832
58.131932316815785
59.64983761818578
59.8553905290727
60.6340566568094
60.47157568418588
61.61177831914319
60.04697872397969
60.53903284629856
61.33943552110537
60.327159807741616
60.999497460301285
61.07888795516033
62.83937318804641
59.685767275715506
61.583298438521794
62.28674801093386
58.791070327236994
61.00063646673912
61.58648432778049
60.73156999598455
57.87413155747438
61.183671415475644
58.64929882930951
59.959885643850775
61.56478358544037
61.47966230387597
60.60713899698488
59.75397029908199
61.90980060749692
60.24504427697793
59.049197439667076
58.8076804888865
60.251656780640836
59.353159360330864
58.409550960852336
58.95725190398973
58.65028508750406
58.89052397275933
60.25512360711813
62.0358325744819
59.00361620876352
59.499288933110876
61.71002734408044
61.15595048922671
61.32878307481353
61.54635101783143
59.77431043079149
58.87897656525481
59.18824920708826
61.39204219775778
61.76037032813517
60.3735705015894
60.801634128097255
60.773887459996345
60.47530239801372
61.270146156290316
59.824303017196804
61.587378812124044
60.14539354860985
60.07924518813393
60.37297732707902
60.447645681949
60.67109272867091
60.70387344269892
60.64610398707567
60.97023444240464
59.003727854373395
60.567642285555806
61.078027498916825
61.092751658535214
60.49934253841013
60.49439984727749
61.220755926508794
60.604234558221194
60.158188429081356
59.34290486486872
60.62386439937473
60.3111254495057
60.301241068585675
60.751248313371825
61.045948755567096
59.72846556414414
61.28323815036702
60.51645517805213
59.995794959858074
59.77893083562803
59.91750642654381
59.94642690164823
58.99767073240735
59.60623130064926
61.2408624594106
60.96817646547945
60.12458189423103
61.97091326650024
59.985577478300755
61.644772515629974
61.33654762178835
60.113190159191475
58.071414432775924
60.0371585506351
58.63218306869683
59.20050083107936
59.911798819481156
61.55148095289745
61.03964014861697
61.389968072293364
59.93848179248278
60.90361264059429
61.17702294821076
59.26910379787943
60.80201431673884
61.36778373589193
60.70225334815366
60.210125471246826
59.27600885859021
60.51688789217943
60.38803456247315
59.75632954493487
59.49437215184065
59.336510474152206
59.73135536385194
62.291970858850185
59.89164028148744
59.94156474393368
61.824474461144064
59.536735639675385
58.893411432044644
60.93484213072757
60.695233240364956
61.000823955175846
59.73779378049719
58.874003293561614
60.73161003045415
61.00208396457095
59.40596505350046
61.50467184933654
59.3114833770384
62.3213245508133
61.187813201611945
58.94779611606108
61.919287656796996
60.4329019616844
60.14112707166184
60.88425831286184
58.92868648047749
59.76207091963301
59.81022047633893
60.47210763865249
59.38306100313708
59.358745844857566
61.728403880105034
59.91257188497384
58.7140922997806
60.74030517075946
60.72780610345866
58.976414155772105
59.451080512555265
59.108078855457705
59.35792611849862
61.59740371285255
61.51633789718058
59.987189251307726
59.87009744842856
61.50836219671003
62.07444495312056
59.99660558977086
61.430283716119085
60.15901692028295
59.44493268681878
59.77010580555958
59.13322534974898
59.195920273510055
60.25383260927515
57.32817245093619
62.977996506879876
60.931404481493935
59.54693130507272
60.251319341395934
61.984248439578984
58.24550620638541
59.74804186901089
59.53647942569112
60.43043215051644
60.19323468473633
61.647544853280046
58.94907597093269
60.5056183872514
60.20712128750427
60.55122084555405
61.38907627718677
61.39075705891072
60.94470167215289
59.486514529465246
60.373741233934474
59.18552013705168
60.00100432278814
58.97917115778453
59.883770661411795
59.5891850102063
61.41634604582647
61.429789913213746
59.52502116720916
62.076928619969955
61.11641282473282
60.75028567474987
60.173308848977626
60.13756060228012
61.47109990545554
61.845660954991196
60.28382608011942
59.54448830029894
62.43434353404532
60.36074572539633
60.03645542385539
59.01371009229025
61.88735653249793
60.603991614314694
59.58093109320567
60.17228766466831
61.78865424244233
61.132905143645175
60.74809191523998
57.72255796017147
59.7640615686858
60.142180205794126
59.44262941834532
60.75112642840706
59.13135042966731
61.007398851485924
59.02149241345155
60.68041312706335
58.52677838966237
59.69340528135665
61.14050697533742
62.0660665818925
58.79173483195924
61.71617526538538
60.27694135689943
60.08455021790053
60.90705627873052
62.220123954935076
59.18288309612566
60.221868882630226
61.387884325211694
60.65083360896881
58.273270917658095
59.47083057351222
60.34826292720961
61.85294287097814
61.18615657584985
60.66412120576226
59.36030592303448
59.79947281660272
60.397359975733735
59.82240808366572
61.380994385837376
59.72517324897555
60.3960963114857
59.48397235602324
60.904136840826276
60.27285743712324
59.29991768513829
61.13724001247178
60.531862361021865
59.054694867917796
60.2812868173305
60.509821476867145
60.24226483360276
61.08287351309643
62.10820794425847
60.97502487289737
62.060441671609574
60.43491152328359
60.47164751509903
59.79220631844275
59.72894826255928
60.62256445260595
60.00836241502664
60.85972685171617
60.55280869090597
61.44102354356202
61.26731058726704
60.058977971851796
60.86082614531446
62.055068037702
59.78078887319828
61.928142074734616
61.29949350223513
59.98392487017371
60.39296185877419
60.59688934326908
60.82018714914853
60.45340838317721
60.37396245678193
60.86321386735622
59.2129530512697
61.6370959475792
60.302107166574764
59.8290286038651
59.916932146853306
59.68527943284905
60.44655275905445
60.17340447227942
63.44675788821287
61.21959173925767
59.63890140373062
59.903219328664164
59.78098858269773
60.436498687719265
60.541367777469326
60.91844946958439
60.65278696685059
60.74648150899477
60.05958934876624
60.89997699623104
62.368361949374545
61.426730208833725
60.51178572889742
60.4211153138372
59.453595221919834
59.641320127736655
60.08581306388878
60.637871897319144
60.63655719863114
59.118473499189385
60.30304366271277
60.133919558124276
62.17797829482237
63.49645853848813
62.51894966154957
60.06343795605502
59.7951850116975
57.82289022593094
60.62395513302918
60.80189262950479
