61.77986326325085
61.70126854476205
58.836975429935556
60.73398155224402
60.52979676732611
62.16698155430863
61.137966626751755
60.15620759426298
60.25473048315843
59.48575067046771
60.26750678152392
59.862043261081254
60.33519500418606
61.917104740918305
60.88631489352772
59.5155188752132
60.81545038919682
60.691715807046535
58.551153928083295
60.851679003461925
61.354256761918585
60.62059031166593
59.87651588239984
59.648456619574
62.01514962025516
60.24660533830465
61.72521738290478
61.96399314322943
61.34566251451808
59.474641906429255
58.968264227328
61.99372490132048
59.072333430034924
58.79470339348242
60.48986965300108
61.28626281710966
60.237676396052095
61.243325644944704
59.95071914103419
61.597284336410596
59.661389807914425
59.98523849608126
61.59740073989511
60.87836891664875
58.876107082684634
62.435139585799625
59.50550097495277
59.763414543542545
61.21119656831678
61.16117022473934
62.84583209463639
59.727990374479006
60.62387730808524
60.26965016638878
61.040720371818466
60.101586669183156
62.84705798858046
60.789453692860484
59.95597960034579
61.911111268428634
61.41704645476116
59.313146378933155
60.94559310947069
59.43183084645535
59.69338776264754
61.31153372618295
60.1055636903463
60.68924227985416
60.699898312428196
60.73554677418369
61.17240119614143
61.818992569053314
60.744733957167554
62.7356679145589
59.39025541845001
61.08440132967466
59.381119877624194
59.4495585187583
59.46522974651509
60.65818532895817
59.138630583522904
58.59490163697059
59.64422670769865
58.423830258583216
59.71820219529961
61.22916784488019
59.682002225725086
59.31930325268825
60.8675458520145
59.456669086070015
60.97615661727189
60.06023103043442
60.03666802064665
59.3377918359707
60.89610579652271
58.320424266885716
59.85709855863951
60.73408902228639
59.69526740501132
61.57063986309157
59.402852710873475
59.877874271839254
59.660592826499844
60.67948826533805
60.31461018934953
61.59131550941064
58.71883217377537
59.92402954670167
61.28945534954606
59.29071893110437
58.25256004884328
58.992393958977495
58.82790963203365
61.67599803945029
58.80115202723627
59.82058500471606
60.02435318818331
60.96500899306465
59.18191008633414
60.7962768177727
60.84495116502951
61.428094181552254
60.88229357406392
61.61849668032968
60.18268519050836
59.888506326698575
60.95054739119621
58.86446579576324
61.71029132012365
59.016283798194664
60.87479192429308
60.738417106439414
57.83397890207067
59.387635540776294
60.11286202650212
59.99169863433338
61.92495774573034
60.99639661389298
59.90502170011855
61.957734743434045
58.98647898021458
62.739148433914565
59.57336883973341
59.76939148543495
60.792448406452806
61.55133187363737
60.488154959084035
62.20877356485518
59.89743111995918
61.42976733381532
60.50424614589129
58.51950124270255
61.58823637444656
60.72573730981724
59.14113385390646
58.77315195932755
59.615382744537506
60.58375777211584
60.16765872173541
62.55450768506324
59.416053371527966
59.397958577718036
61.489572443927436
61.52628311474431
62.225323935499375
61.144611383573626
61.25846299074056
58.03324617176154
59.976100088673824
60.94296268084464
60.01556216445239
61.38186360907521
58.402905254330506
62.02280272665571
61.35877371967086
59.8047213138645
60.79028355877736
60.36845538873018
60.12163654725127
59.94577876977432
59.687980787686456
58.13252567031912
61.38452296619846
61.27133925100379
61.2717403555655
60.52167406433422
61.03879760538677
57.9944195183086
59.624828286786894
60.14799169454656
61.38812245026306
60.74686156994313
59.8902246587281
63.2439275833998
60.2830099277822
62.49712001146609
59.7731990861564
61.275576208781416
60.07964818632221
61.53244450361806
61.4311338204876
60.73607166640353
60.44604057489326
61.462254805529525
59.686623196339525
60.06075728422472
60.00466681917366
61.25684867190351
60.159492771262215
61.771250652813166
61.08034563086784
59.498603886589464
60.36351623772129
60.4046435470392
59.8813922021549
61.03207795092857
59.67278777797503
59.9529542851018
57.95907486778622
60.780894450603284
60.27267813379307
59.20779969577241
60.19287698994919
60.36409287863767
61.929353234971124
56.33893526710485
61.16110482885507
60.045172772994626
60.3365408899224
60.7588454359098
59.657837549231914
59.558808895808085
60.62234374143804
61.06273144715993
58.70826095456882
60.609153557124664
60.21519132660322
59.769046693312376
59.991197080199896
60.99764330621043
60.240099175029954
58.3195690573053
60.33836089946896
58.114151433063306
60.916863194416806
60.15816214286622
59.62950047890997
59.460820173063205
59.84856135105206
61.606527226711734
57.82261433464441
60.59848705779265
60.58238608953022
60.75061570111666
60.72825832707866
60.36381478623193
60.851782960971406
60.72254651297041
60.67700116860971
59.570923069297436
59.73729298687777
61.672214922768255
60.92550807536472
58.478576391329376
60.496960132045565
60.01001518358392
61.13280783733052
60.05298495104656
59.76141758957408
59.696132309090466
60.964882830873655
60.528963852147434
59.941582279531254
59.838109248362656
59.43034220723589
61.313003353040635
60.93134774379134
59.53140408174644
59.008152821091414
61.887434812311675
61.73893541633602
58.73621511022672
60.031515309162586
62.17497445926275
59.84812086157503
57.818694136311485
60.72136603873917
58.899399515899766
58.84569735384248
59.15379637243363
58.481590577135975
61.725861913776676
60.48049260989417
60.52689753707481
60.75721979769559
59.6222401698882
60.745480117809166
59.371422830953826
59.38496840207907
60.105277547387644
60.51767580239363
60.30381621610849
59.738283077787656
59.071877428071296
62.370995324603484
59.558799821513
58.27350842958734
60.19746842373377
63.24400584347365
61.83565279646255
59.89806956490538
61.160206317828866
57.880175376881354
61.19030062712029
60.35438543727576
59.321330071426466
59.91023762527325
59.36292040706764
60.991562700121094
58.6144077613431
58.80122040810032
59.288917844407834
59.14173594734599
60.974760843074904
58.53716468510202
60.560435722819456
60.43450586781589
59.91034349285233
59.401510106552365
60.07540574013144
60.150935953226394
59.65982250290245
60.70870219512114
60.207851908167946
60.191284908465086
60.90310613689742
62.927775728001315
60.59265192059083
57.98328589703837
60.082047030409285
59.450738152629796
60.85552452186581
61.39814700313367
60.029400562982474
60.730821511386225
59.40575935431033
61.58014142742678
59.61707630026052
60.0550518274079
60.570982034378886
59.799540866720875
59.720161533280475
61.622462200334404
59.106036265493636
60.381776406600466
60.34716701892615
61.03099020760973
60.18865310196485
60.120208947414746
59.341184034690635
