61.86784367795669
58.70486211318621
61.3841199952872
60.43071725926843
61.982622017229275
60.81208320287457
60.26524013232868
59.94609891096271
60.401827693040346
60.13491102170372
61.39505925923573
60.40487931129135
61.06108745871142
58.41444363586912
61.19605535663426
59.73607113589144
61.06796693286219
60.86696537153474
62.430626622405946
60.80858121079519
61.307807220385975
61.10822678720288
60.174481964684716
60.49980195612857
59.79988727682176
59.68474801207401
60.485776071311086
61.31454211206771
61.894296803238575
58.58464578759388
61.81578217530426
60.7781020402868
59.25716558376431
60.94522783937438
60.97955915319891
61.72926010781948
58.623253097544634
61.67519773160845
60.81090592367453
60.380783906960986
61.536170729872126
59.68224349388345
60.092016508279755
60.23043545312809
60.401628758276686
61.07924765823486
60.958412267539046
61.105873202518175
59.161683819892254
61.951889275777795
59.01798648278364
60.565902583523176
59.988335215940765
60.5080010058832
59.46845670650815
59.6047938456478
59.974613053191284
60.93281357885492
58.50554858210279
59.288876473132845
59.46746914742646
58.625974469907156
59.968324002497056
61.03854036028579
61.29609306162003
59.63983221141823
60.81487567736054
60.986640455486956
60.81415739345819
62.22085580813496
62.01340834768645
61.13427221498574
59.890111162020965
59.707090655773435
59.90094696138455
59.79151459343939
61.679889680893
60.33419865368083
60.16710800590891
58.61258472446103
61.24562524452616
59.97877505665511
59.66207450766009
62.15036744639773
60.48954408588515
62.45472207432474
59.296195193773805
58.73392920532172
61.27627434640153
60.39337179389029
60.48805414461761
59.62541014442854
60.72948664027783
59.298811325778736
60.47733234145492
61.000678347270615
60.2993821549979
59.45137477508494
61.29941568081985
60.597586341267764
58.68676402042558
60.871827693869676
60.24042532888752
59.02205976047059
59.76318111498211
58.04110321057554
60.67421743645431
59.433785242701056
59.47996716880508
57.755276419877106
61.893771255083834
61.033251832045686
60.49914958338707
61.335985601043014
60.08900036147179
60.486984152992626
60.744494750365526
59.72709809056434
58.484719919017294
59.100615023824254
59.92965286946943
58.420619772320975
58.525456719935576
60.7816827842902
60.256547947720975
60.93352152655744
60.12557813301766
59.686125995724325
60.969437765642105
60.27379839842579
58.48598316521548
59.836178972681765
59.788193157297
60.105035967746915
61.207301198530324
61.187610234657036
60.49182966065328
60.530056342033134
61.51521294388985
61.50806432653673
61.00243206318965
60.82807569905257
59.96903938556621
61.18597551512688
60.78779087740746
60.57153398761739
60.2601636497641
60.20061604339688
59.37132331677382
61.34818858959584
60.09480377198851
59.934370074701604
60.21015976216619
61.74366720858715
60.96723549565187
59.88239818199083
62.19773204846273
60.97673040218641
61.694614603453694
60.79601065214086
59.85014647098823
60.76753032051708
59.81092259528613
59.804043156309284
60.558342097927564
59.77075387793988
59.66691558882384
60.55878150811917
58.13345404588724
59.81277707912903
60.869362992870336
58.823299289183055
60.48990544508248
59.40687163988225
59.86059755994127
58.51425558438615
61.24739663040586
58.05771109381132
59.349089139293355
59.79784898698759
60.11523830408119
60.75288654219333
60.68816767727792
59.783166626626965
62.1260716941992
57.50567995439473
61.40079757245862
61.84544094542975
59.76859651258728
59.82115339105405
60.28637540967287
60.90385468588496
60.870041578492504
60.529816748113234
59.37687345604952
59.81987093088637
61.23225345220848
61.317782613410145
59.3943197290827
62.22244512562254
60.22542814972489
59.69821981098052
60.17243212035408
60.32082738832429
60.680899891033775
61.67607372511014
60.77460678398777
59.72961997971316
62.10893055298798
60.75249646721423
60.225556636107264
59.66389673081765
60.21570775202421
59.23151607044474
60.70559033378705
60.15389700904776
60.878002764256294
60.51503385061891
60.033638863415035
60.773654678351576
59.34831303635271
62.10512112177359
59.483609806693124
60.60583076497222
59.88735340056175
61.969756272454624
61.12722597474439
58.52275510015121
60.890201825271475
62.137679117143136
60.576178367441024
59.3900185127337
60.95472154822388
60.20057227686314
60.103736448169805
60.561083177499356
59.62793658647545
60.57465345513316
59.77133462136777
59.9513299466837
60.66115963543733
60.6491501655415
62.09614080749765
59.54560810568406
61.07877825885472
58.69754002167531
61.27435117982775
61.23796154618137
60.55215920255299
61.31026439535977
61.48057476666341
61.50519993944762
59.41559984618813
59.22798890647978
59.26279102828032
59.673013421362796
60.66429402818282
59.94358516706662
62.26518882473279
61.64828417947632
62.055136016900526
59.84496588051707
59.281565261923454
58.10820477370127
60.592145769942874
61.01168574165004
60.29249284701873
60.1145335977765
60.78434455207757
60.23375511255179
60.63258609570381
61.24595580780188
62.63039544891198
61.5155777679784
60.83712196661033
61.106147253872784
60.837254889576165
60.95961941209294
61.43812271132816
60.16606646113096
58.77769972800067
59.71631681410986
61.86616098563007
60.985597677250176
60.760073418212635
60.69688206794794
60.44272779378932
60.07304094253573
59.00258638787896
60.75431845350455
60.1715949668273
61.45622986401137
61.44191772525648
59.36456078214982
61.57297317255935
58.951925231764136
58.420137019411605
61.63430428500438
59.86237448666398
59.55807651585014
59.47755910300413
59.45822175827821
59.72847611759618
60.195914852856646
60.72288097220579
62.8932876942022
57.446086344455736
60.750161841963376
60.15790509951402
61.371687017850306
62.07360172046241
61.505728934751126
60.822425258616285
59.84809241211279
61.2803817435533
60.32172266788494
60.019831953679365
60.58298683418477
59.588320527658944
59.48326533511123
60.6733844093117
59.40884044616746
59.70893398140843
62.109803869590955
60.805210850451026
60.733873368050915
60.45916298842694
59.80421189635935
59.171010517280585
60.23440701826477
60.187702895947886
60.588875640782376
59.91460869179063
60.08419485555003
59.90610990321812
60.01217856669392
59.63469328509399
60.84169638753887
59.86017509881603
61.1640429084389
59.3000824655465
60.30849903573505
59.685190249163334
61.03168648947834
60.78613931609046
60.26903242405565
60.88836870463577
59.102170027165016
60.246597430528226
61.271060115729384
61.215881859522305
59.058385249127426
59.380662008259954
60.40646468257656
60.87617679167905
60.04172429701473
58.74189008755193
60.72270845230205
59.788855371181704
58.31516644653703
