58.43625110418639
61.69011059799863
58.353127526558175
60.98116874132902
60.91042748371955
58.84931075529074
61.74997554467774
60.03805263655595
60.1020486099101
62.35084132063061
59.44526193656557
60.231705687232356
59.690829301292474
61.53794314377684
59.76936639273303
59.332946732896005
60.585914823890164
59.385842433660166
59.046997100837146
60.922266149759835
60.949808291368946
60.857831471728964
60.49174602699461
61.549873433944825
60.50821692441967
60.623642239060466
59.04910957925781
60.08269969553924
59.825404601260374
62.90020936370093
59.48604177505111
58.93792340812345
59.966013011048936
60.54899481774934
61.41466487554763
61.10895572253754
59.75347509213584
60.87443122027091
61.23699902000141
59.81709511566565
59.96497357996809
60.95704472525156
59.76196318799805
61.73025847230118
61.05154817809344
60.22990295767756
60.022361680450494
60.82566196425594
60.62279632441265
61.13779955923135
59.28572586511227
59.30386101936214
59.32643812408587
60.88695315786136
62.14920564768959
61.36236235837926
60.87720853664554
61.92390829497671
58.766770514917745
60.89027019053583
62.184187665828645
59.998842407094244
61.119413596177615
60.51705124761881
59.75756608258031
61.22362370753397
59.44953980904162
61.08463979219879
60.36258907719116
59.08471897389175
60.502217569149224
59.20491872545464
60.889955606901076
59.4628392103259
58.175208738933996
61.114442694623236
59.95290358923871
62.22580424567831
59.11744598304908
59.85283076613293
58.96599659419376
59.496495849272094
60.60758458590378
58.70561156368827
60.11175563275805
62.01691830880949
59.701494554182574
58.77311994539235
61.5757306659789
60.39043526315545
60.30047851132842
58.84060075293129
60.874142939265106
61.22580101019964
60.427605027183446
62.31220919667117
60.84296890264122
59.14962292599927
61.13315154784561
58.969542748063745
59.51559819600543
61.02365598255235
59.76513937532821
59.72713483107629
60.980386899531254
61.280449547446764
61.95224988594893
60.375026751222116
60.152994570738464
60.46256141037163
61.18613716616752
60.01743349133951
60.16942204137087
61.83008047671855
58.71610040564929
59.78882946035846
58.42502969892135
60.335520766865
57.822083650149345
58.613551573394616
61.24018970153021
58.58804374021332
59.14217111811139
60.86823179214038
59.71816885042326
62.000890486974875
61.322812904764824
60.586792578962786
60.72612518967482
60.29316172185842
60.730101589189644
58.964181288471565
61.461226116343255
60.49199811679502
61.73698314420772
59.92012135002004
61.59411854202289
58.06792616564688
60.8598122114056
59.10923137084265
60.4248162105297
61.249310076708205
60.65203786071491
59.72543231806395
61.73718442096209
61.33100437487592
61.90900871002333
57.90339770952371
61.35024811396824
62.718555790925954
60.603799829626645
60.682445244284196
60.360431700698
59.79671669819283
57.61149466038322
60.796223503856055
58.88589439456156
58.652860263437866
61.18842687040664
60.70484096939328
61.14606786272463
61.56838891522258
60.06058722324643
59.94699579545264
60.679195628064434
59.91716810013384
62.3144537988387
59.787389700285836
60.72870498775522
59.90647157534819
59.69490584511983
59.64842838413945
60.701768102066715
60.72123420294984
60.665567720506616
60.634303831461516
59.807410106834716
60.571696784137494
61.15192455769664
61.083570612502264
59.93224898920914
59.73328753114218
60.32185895629494
58.76467449742996
60.12073112663727
59.2462044764063
60.702227620186605
59.77108429237945
60.41085305189387
60.427345708512654
61.64437185085681
61.35716892597936
59.96400405256741
59.88708179788456
60.499722062646484
58.39240538459185
60.27205557297546
60.08788963067759
59.68565625265724
59.139096210391536
60.262203274437404
60.38274550717099
59.54599436296637
61.095397940821464
62.05783985926854
59.65028649544154
60.09154230116313
61.435318545761646
61.20790225179974
62.89104991969708
57.37658205006816
59.83497429784947
59.07544936021685
59.158200387264664
60.855557547966605
59.745345057779424
60.13959984929706
59.654999358735104
59.94929731823955
61.513513756323015
61.402768258895264
60.143571787784246
61.682015059114406
61.040857452412716
58.92043923573974
60.77255323033046
59.81865942875569
60.87410798486919
61.183450038719656
60.4557274978487
60.50548990745729
61.06690738901489
60.00618973083149
60.73285595932485
59.03123702949411
61.088776873203244
59.52732458907257
58.593016945768255
59.975213613034526
59.56118797625376
60.352102106197776
59.73020577562639
61.3508212016968
60.54932908406384
60.991662162898926
61.53736849352882
61.127382471889305
60.850901881158926
60.01413921495859
60.226237908433085
60.126920612022964
60.82036944247804
61.767743145923546
60.667539100505266
59.464343198142295
60.57250818648844
60.33819007054622
59.694007007548095
60.99486258882649
60.80368219627691
62.11995297998898
60.05071779253381
61.269513012892766
61.28453572623206
59.243095194554826
60.06132785982466
61.811745343543116
61.944641437500444
60.349758953851676
60.20496182135422
61.210476913303786
60.0729234896961
60.632084049896285
61.26773266183124
59.75659530451311
59.745783540656056
61.05555634371971
59.7311441918302
62.10002975944543
60.561130782802074
60.02694009811131
61.888696921011345
61.23488945240892
59.06472820275354
61.37658661536521
61.05693375761312
61.463585982917365
60.938701362603865
62.2517195811625
60.68512743802961
60.18628903826669
61.424901139447044
60.34250707436511
60.287624091595724
60.721285351000624
60.29798042022765
59.55413481706857
61.37140609249025
60.7514833405724
60.36631250277292
59.31387479132569
61.74209137758597
61.05446960541201
59.057265203004484
61.81528538642094
58.88069347138576
60.99005293623519
61.24268322581803
61.44919823646987
60.45342934572442
60.30849015339981
60.96960495721796
60.08581598460003
61.58838925197239
59.01907630322672
59.86623814311607
59.01411320365805
61.74798107663444
60.21441434571547
61.090088097856295
60.629188759234054
60.3064085725994
59.91104680677376
60.05905111280436
60.48026695032987
62.028481007819515
60.00070558846799
60.38192442399382
60.679686357857726
61.46816478500723
59.493112272504256
61.22127812117368
60.05426445676247
61.861783096331905
60.59736647404781
61.660447803706916
58.797368662032326
59.94153362117614
60.03677407106398
61.82845610059651
57.835601776710924
60.058779106038294
60.25883911856532
61.41702195210457
60.62557077889479
58.424152545808184
59.14509214595685
60.989752018993784
60.93285129603341
60.08379450788928
60.51705070494482
60.246394756788995
60.85047240519626
61.12465974879922
57.441119579145536
61.82331469279571
60.99178199121597
60.017855754969595
60.23502453265423
60.67797558505654
