59.91155071714702
60.0475308131677
61.3969748296954
61.513251170904894
60.879359153369606
61.03198910053578
61.46787676320024
59.23134869022422
60.073355129158415
61.103166747607865
60.40661684009416
59.208325246228995
60.258008449535275
60.55862944020845
61.50076843730221
60.77407944445165
60.87472826740763
60.46640628402548
59.98083498271268
61.3640691994508
59.024194248670234
60.1524106602876
60.014197924057754
58.22745861672783
57.76443437952762
61.61295566861424
60.21283376901896
61.277474093129435
60.22114561718563
58.35772281542542
59.668541079050925
60.385062782628005
61.27071136683051
61.74114514724472
60.47481994259311
61.48802479987087
61.07746286816426
60.43167445082289
62.346056420883976
58.82570246728543
61.70810580117523
59.46982418377022
58.68244236683954
60.50901212502805
60.1233450956707
60.24592204516701
58.81558248768748
59.390766225781825
58.65201066042629
59.587213736320805
61.49333097268897
61.2373416301877
59.17766560825013
59.52903119274917
60.10884799681116
60.26831224219181
59.864222421592515
60.37931581693173
59.31056624203023
61.07303746444194
60.94601295735522
59.530595584328644
60.38679404624756
63.964644253446885
60.15772864110565
61.45559821973729
59.67145513431192
59.31622553821095
59.463266108532316
60.65996238509334
60.87766081534101
61.64777493581863
60.99199877491742
60.95995782727828
60.774498799164256
58.98366329030001
60.547046258853456
60.34891880939434
60.35835323817466
58.73479940585165
60.73030737283798
58.23977410005336
60.640601861571724
59.57309954381297
60.95015111233585
60.331354324599786
61.985010690852484
59.21429949412674
62.09458347153561
60.08929083921101
60.26467188030609
59.910371992623624
61.93196236162076
61.795306954887465
58.96473680784825
61.04192066216358
60.96503753350312
59.919837005490905
60.94534621746717
60.081589714481126
61.061657243727865
59.729841605424824
60.92902327066723
61.08175787261582
61.257331167185086
59.991842053411425
60.387299279514544
61.815449924569
59.84154899711819
59.127851865957425
58.56745696989879
59.57242780024153
60.46933295548095
61.14629787214347
60.80386411225244
59.52172832597851
60.74278428544795
61.01443045582947
60.43631288451034
59.65119406311466
60.26816611193338
61.54651372145799
61.05037469487728
60.19553459010224
60.7563496340266
59.39520502408988
60.74355100938578
61.339452441426914
59.7953923633699
62.827712345763835
60.6946163892806
59.20964245099576
59.83733001005268
61.44939580998886
60.71862161458814
61.41024641384272
58.94085841667048
62.075057915758734
59.60008827197156
61.121806827268244
61.08890706741623
59.933298353481796
59.7913908753858
61.14546188615377
60.93749238927778
59.974081369141395
61.30551975322883
58.08831092041095
58.55991474812438
60.92860477202418
61.68487498170392
59.86696620284587
58.162957760815296
61.42748261559779
62.14789743538416
61.08643723906693
60.719434276286925
60.23701768966694
59.855962828673654
58.20099048839245
60.62229245570681
59.292496948735106
61.14365884563743
61.080615683602524
60.24762547096694
60.622608141884236
59.43493096607435
60.22040086442801
59.567248721223145
59.62816632545152
61.30828502003753
60.24736563854261
60.70032832483911
59.77493733017935
60.5129002361064
60.66309397414379
60.70464091476394
59.387394652725206
59.153809614184894
60.042304498551665
59.1886369006754
58.82590355780676
61.60742218367247
60.97780632301003
61.84266740406392
59.01124192532526
59.49894252692218
60.24029916267084
59.32232506097952
60.635349266593174
60.41934669944764
59.71898292287898
61.75283319472983
60.67091256298349
61.04469694435323
60.98403642796947
61.26371847951547
61.93523630641872
62.03254552948902
61.572149910424955
59.54592012929587
59.58277390406988
62.00171557837806
59.579729570318136
59.59448713800803
60.961100225879854
60.160116765853175
60.56273072215372
59.68463593088436
59.36856726490076
61.10274224848709
59.110773886281194
59.618485314712565
60.8455203158729
60.16109339127177
59.46261424739103
60.12924215629454
60.03616079986697
60.505579910143894
61.19927208855648
60.01975183372892
61.459036423655036
60.720168927823686
60.78095283653553
60.29736877106697
61.51915713527422
59.79962860959813
61.81726399379424
60.83320621775411
60.46317376385762
60.541474268763466
60.447871984903685
59.072320657830986
59.74238769484783
60.5560751409497
61.54280928092394
59.71825523406906
60.42671338280756
60.28494169408999
61.68767210325635
57.402501281811844
61.61140850891529
60.08428487460069
58.830823647222985
60.52971968012579
60.67318385292411
60.49112816286946
61.74526441730153
60.81460893151652
60.322095350049636
61.90924358953062
60.41645086668168
61.15895764636008
60.53998941512709
60.54558205709586
60.23547344453088
62.92748177758127
60.85967193532517
59.58302693223027
60.29132889398449
60.49800455474991
60.20035919075556
60.83600122269851
59.8673181880476
60.6690043909576
61.1628441692497
59.58011898725246
60.49409340350861
59.4789265823059
60.36409547280201
60.16001141086332
60.17418952247316
61.29773241533305
61.07889983178408
61.068474616323144
60.89244755712287
59.744056051282186
60.5827137898627
58.465193821497095
60.550855555870186
59.035598607261775
60.521446945923365
61.311725854059816
62.75080305939857
61.58696390421082
61.549574296783284
60.191399698932166
59.159890948929046
59.24573062848144
59.31854370303215
60.31424566266198
61.78902478547907
59.20327789976704
62.211797443258966
59.99431639037088
60.02083340383622
61.81816982569755
58.52384784042183
58.12939605165788
59.65169722414784
59.554342868645435
60.999884154020805
60.75599155877464
61.09786707747074
59.76512814253629
60.186698336174324
60.091951630124555
59.65769695892934
60.64517203866844
62.04492797229244
59.46835307020057
61.18643045907961
60.8172041240546
59.92851761647777
60.08722635221383
62.06021601824633
60.606735891661025
60.128784211992446
60.604324348857936
58.96092029699625
60.78036209883353
60.23356058184615
59.10925982406484
60.889873884049976
60.60532190080245
58.53430137567711
59.48705934478757
58.20409821814375
61.52732160228251
58.55736099939528
61.53507742332183
58.990808281415234
60.765344164098956
61.21459675630696
60.236725032523466
61.46669805678903
60.13646322067475
61.182373337189205
59.045163950749384
59.633610149633725
59.84481961962638
60.29230051330404
59.901468114269065
60.08915438656475
58.910802825068814
62.67635962741514
60.29690921296089
59.41289951897981
60.41747765215098
60.78995942597305
61.54414591940238
61.26405544731089
62.27159076670916
58.65059647775103
59.156094901074475
59.47092235838141
58.93742733294511
60.233240663477986
61.85130148449641
62.54975334460197
