60.48745021713638
61.1407357264506
61.49933812159341
60.41156213374493
58.597148418730434
61.506771487307354
61.52529531615284
61.29406489168279
60.36906940438213
61.77972306867112
61.16219663855247
60.89723224322592
62.167018837771295
62.3354623664127
61.41011525411591
59.366888078588936
59.41138743913118
60.5190118872525
59.756960922578955
60.45171124407721
60.961849196788044
58.84941477209581
61.41421665483101
61.33128752632028
57.322245388689986
60.62584676055411
61.5306719607276
59.95539820246902
59.31827969614612
62.11076796034465
58.834157552829744
60.8164692419742
60.297869365371696
59.2409523319144
60.171781507496796
60.37611803976213
61.02146182264659
60.93073287475481
61.2764805056433
59.6678847594737
60.35331214096897
59.756926775378446
59.06669791048709
58.52070968122722
59.42078204153882
61.00932649572429
60.436760855372825
58.917349283516906
59.83661560675588
59.594008009752564
62.069547607931035
59.56415615966837
61.230570825297086
60.860057017888266
59.66027681494591
60.67937262542426
59.36726465358005
60.889601388128305
61.567243797562334
58.7240725927731
58.4074234217431
61.55229359804547
62.09494482993463
61.105793599938515
61.86331185594695
62.30680845242227
60.39945835033604
58.521591981553556
59.30593460194765
62.258777875277886
59.18995259714127
60.38211776140675
60.341269619348964
60.88796206618868
61.47032638286222
59.603262512690044
60.125033285270504
60.1094604206596
60.4662757360543
60.810629540388945
59.72719611074258
59.63884027023949
59.0254056710848
59.72182315173094
59.036615858180696
61.28878533348666
61.52770963118554
60.922831693532494
60.54525986956958
61.13746824336662
61.30298465513467
59.701721961543406
62.29020407871692
59.83096186213385
57.65715725156564
58.55067390537789
59.91251517875468
59.923600482887515
60.07481033911908
60.49495749554723
59.98484621406819
60.68668997599493
62.3056258378159
59.635642563977626
58.97996525499196
60.64409011008725
61.1930064888832
60.37172037269621
60.226069075217694
60.38293755970414
61.14256771182633
60.53447528015873
61.77368695323586
60.67534538900864
60.62933972262629
60.47787744122737
59.50627823382184
60.63306752815186
61.294130614967365
60.07022786333028
61.631648935037205
60.28860899602586
60.32046923003743
59.49821843968009
61.71734916414308
60.54080763047998
62.00662414221815
60.86800276526181
61.45829095661318
60.13246899968512
59.672157340362645
59.887958744862296
60.92471114580185
60.785102409043205
59.19044074237826
62.49853343248888
57.83467122511743
59.383159876572996
60.69496726493836
59.29450293988996
59.240400902202495
61.21883668373865
59.75927420246764
59.958763229994794
60.487401003848525
59.242286813789946
60.4816069187886
58.30741015595653
60.621103887709936
60.45919168713478
59.252700381035986
60.22161293398779
60.892033105349626
61.1631614555013
60.40833829211237
59.19905017837884
60.472931973823265
59.985704954628716
60.5480333597228
60.2966575702341
60.14839183133916
61.44274936234319
59.87180140422194
61.11605289760229
60.29437901268081
60.42417234064014
61.67523361020618
58.270641003147986
59.272184978001206
59.31902752607307
59.75198323363955
60.64774600820648
60.67070749331372
58.9859827368175
60.82970043304001
61.57388338744377
60.51551108458288
59.43795340154126
60.027490470052626
60.76711304615829
59.75942391116174
59.254904461369165
59.0550905723862
60.406857204500376
59.95322692420753
62.16238371272081
60.26045723561185
59.87096582327349
60.296663691616864
60.488982522883546
61.69670121167327
60.69422459274531
60.18387685409262
59.74791628808503
58.60110602112389
60.489201922223515
63.007012715800954
61.67757732261603
60.35478979964005
60.39738110973599
60.357321553731005
59.76575753724929
60.519547220053106
60.37391010722366
61.91410627113129
59.828516786878424
60.13088778536088
60.46845837525736
62.249889414580956
60.092803796778185
59.31614357992932
60.225769749359486
58.66241087240941
60.985802405974084
59.851040211199724
60.54197397028298
60.1549121042415
60.5779079173164
59.99751581601815
61.153861604309604
59.81086096969001
61.093110945157896
60.526896387677574
60.500244770437924
60.37923647890608
63.57353599144413
58.693305092934565
61.840570532911926
59.32504087868525
59.92246416223513
61.652556599309804
61.642142846913195
60.89890994689746
61.585935946084625
60.445709963528586
59.457036129807975
60.48620348760754
60.24187990888967
58.97586033113143
61.12123274119596
60.079343429587475
59.417227965248
60.277942462101656
62.01192138469495
62.03432796177599
61.400604338518455
61.55259526682706
59.41609724104061
58.896432057802855
59.2568894773775
59.387240650759985
59.57385741052589
59.00855941388276
60.70641170338384
61.65799067174276
61.98652859988569
60.73009574090916
61.68234619822921
60.31352164393565
58.37975571613964
60.083870661594496
59.11208425897839
61.41309589375146
60.252387885401326
59.972160751857004
60.18767046621523
59.69784136527344
60.49988593517621
59.0066375471795
60.68678901703992
61.02524143566991
60.23043565826196
58.70830088213978
60.90919004575571
59.50255723265993
60.345340546246405
59.76615693790865
60.25797775160249
58.717934182856695
61.033909185657436
59.18444654321043
60.633348817189614
59.29101736626524
61.986589934385385
61.36992517710691
60.469727649082245
60.02050745287998
59.8264603261633
60.8541540614876
58.343688280159675
60.62082145911101
60.424449317462404
61.06864136864687
58.63064826035519
58.5103837581932
60.770049171985775
58.55834102114293
60.676057396579495
60.58441772286325
62.355100620697726
60.78509589253105
59.350614860487724
60.71123517271314
60.45529318923968
61.98241903435258
59.61827773655742
60.62802576466176
58.0183303850513
61.97782412625918
59.40507238183823
62.23047883803603
60.582990577842146
59.81629250561541
60.4863903967142
59.692780988636564
62.39234638183531
57.73468349542936
62.069380138607194
62.05546812172108
59.9616594809323
59.798024162540806
59.36776975528223
60.88047133190067
58.9618755741152
60.476133984799475
59.38329901703812
61.374735126103836
60.679685543545126
61.14815482855901
60.66871198311482
61.96242579183379
59.711770026197335
60.30700652854846
61.41078252584669
60.23235252516723
60.91555885410253
62.31355714120523
60.64153772860788
59.16525648185878
59.56014026945442
58.64258988145824
60.41332394475026
60.70471167442017
58.58639614291452
58.63068182250121
62.06193946867432
59.04562865533347
57.92909797869854
59.1929921420279
60.335144051579064
61.3049691987701
60.328123511352445
58.89592517219537
59.003641417138184
59.785858061775265
59.76045354168565
61.65190588225903
59.56627957955345
59.2543271056202
60.186350348034345
