61.372042858261885
59.34945422465815
58.61386344368135
60.48070613700297
59.99153299785849
60.06365290104655
58.9031099265481
59.609633268049535
60.48067542281496
61.849412891820556
59.67161030202889
60.925036861528014
59.89624466328689
60.73063104091771
61.194185829838084
60.62517902175874
60.61956963332443
58.88025199359934
59.48475447009557
61.91778771669706
60.892349257619294
60.34106639406007
58.78572955339744
59.572858635368135
60.25910138269678
59.599656625808706
59.919110588223454
59.11585258118069
59.496739684579616
59.577361410308804
61.95411717024468
61.08382792609504
60.35289565877097
62.10826423754507
59.75921311193149
59.81451248727761
61.56840702876992
61.41328456541989
61.359074294165296
58.28654375249022
60.936525495052024
60.65194951020214
57.84115053912017
61.476816842189876
59.153189222697335
59.48070411612843
60.17473720573817
59.967580285618354
59.15912356251591
58.96997892634205
60.079923352276
59.85538289510057
59.99958968265208
58.751454221655344
62.33190010837329
60.917730071930805
59.44199356003505
61.54687481208513
58.30737733836535
60.6638874486148
59.23590938769557
61.5291276301967
60.148301340807116
58.81764432673012
59.61305332903623
60.09355814847219
61.37673124432669
59.072411747995645
60.11759786388435
62.008026343493476
61.783674016689496
59.223421641300995
61.62418248807402
62.05345534535413
61.12517966048279
59.556775740797335
61.31028324255502
62.503629814704055
60.798810903797914
60.17699044569357
58.671417244697516
59.294769400969216
60.42501463506405
61.180919163373716
62.43583647042246
60.87420009847643
59.1906680000245
58.761154515377015
60.756525074730774
61.19218502144265
59.91732312059979
58.68582739961457
60.29279180592593
60.281301498323
59.158058705024835
60.545611762851124
59.999971980162485
60.14592848150295
59.528393780596495
61.36526791023281
59.97541462626795
58.98828961693063
61.50488741978009
60.418807825965956
58.971881870008424
62.58988958426394
61.23787988655018
59.645677609838515
59.68543406928782
62.480799059990225
61.27748101535275
60.33901673057608
60.441663744832795
58.953124163986914
60.79394421278326
62.15345545850992
61.55131123071115
60.463583713086145
61.76001274431897
58.77269251328393
61.03277659599047
60.26268998632658
61.29860997431596
58.21712258525599
59.828396527503834
60.172880215502424
60.67777909223315
60.223140423072394
61.48838134101869
61.493509808732654
60.14426785657049
60.144380055695386
63.262278405749
62.39638276601471
61.7962304965708
60.58685001190388
60.716137895782886
61.47222726148554
60.57140310819253
60.25443797709026
60.53632974035279
60.097601331539686
59.64654699363842
61.8896988566091
60.69132363815233
61.68492398861927
58.84772397496242
59.725599233261
59.9441682215698
60.14046768867874
60.46650700720625
62.340966774162524
59.81486133697456
60.77976236967957
60.496145098753395
60.84978885033655
58.405727311042554
59.71438701784577
61.93678456373585
61.54470139828161
59.65313786245423
59.44521876734129
59.494194997799156
59.853316765345696
62.09358887958536
60.67600237649206
60.04535553550332
58.733312752656616
61.67602444242381
60.67487897769188
61.290162638373864
60.940600518807
60.13852138730844
60.64181499496442
59.88504572633177
59.256945790832184
60.81147824945306
58.47366279453877
59.756245198051246
61.54383017918523
60.111496172893744
58.81220643292015
61.084993969780115
60.12070209603259
58.776311697806186
60.6020294909741
60.77137975058462
60.62762275793773
59.61871623256486
60.943260747865274
59.59172303580563
62.42704018305972
59.155368171854704
60.926191073485526
62.95947275704863
61.21501287449808
59.68919739528604
59.93524564931825
59.04035145493591
61.260656112964526
61.74428639212383
59.79217576581931
59.5761209231223
60.21631246120469
59.91467931418009
60.565350914220296
61.88456176147522
59.102134044771226
59.23690239627544
61.31430864671018
61.45362107006657
60.243782800231926
60.37573543901761
60.69381140718439
61.910666794800875
60.38084339369074
60.22952712862506
60.554745628793306
59.837351677996985
60.43846384198064
59.42716715937778
60.019017786581365
59.32499676213975
61.421088846142105
61.01130758089494
60.132377108602746
60.83394806819064
60.43828265309812
59.07407796006548
58.904491565269076
59.70050498487593
57.86842675813698
59.12400537573871
58.6166908686485
59.26764881448986
60.37226178066493
58.81254659307037
61.83332447804617
58.597500285276865
59.44285256985255
61.506623372906624
61.86179687421312
59.03601231455996
60.158275458802834
59.332929372777215
60.36927947364782
61.28612086391758
60.579315258496976
61.70230086427807
60.40855798230989
61.49385799114843
60.50640826502518
60.312711439459825
59.944068626919105
60.87704589553609
61.48416748239404
62.010027607746736
60.32528328822589
61.18140605239076
60.7233663327115
60.088898114567584
58.52461321225978
61.77541308245289
60.55878398964122
60.084423237121264
60.591761097898406
59.09945923415213
61.508004954253295
59.38729414583369
58.21220380337931
60.681763591618775
60.6856646616191
61.01438913547587
59.497168727481125
61.284460266908646
61.109204470105965
59.529601410887494
59.03924032802741
59.42516573853178
60.931439970966665
58.650484266671846
60.373441071260146
61.69067748780714
59.17996948363145
62.18970177894014
62.4275128749976
61.00975507274971
59.914850606277945
59.2029867385547
58.9883073323298
60.0366783038876
59.47285591021826
60.311165736449155
61.1946188437404
60.20304536696035
59.99396423378213
60.08402201884203
61.766157461886145
62.170447153489064
58.481242803073194
59.44545897344188
60.152135828298455
58.66532667029725
60.769437575857054
59.68283151498477
60.958725027698335
60.278468660981396
60.22475411138049
61.690778893172464
60.19768431948655
57.72210606873634
61.61479281913978
59.67228940637192
59.72177465901494
61.49921066455568
58.996914711685825
60.928745598632375
59.74545702809725
59.01006560544496
59.1918514635473
60.89776428327119
60.452172128584856
60.866503509742024
61.86608879215236
61.721332398160314
61.12759928288264
60.052114599153526
60.571712121207874
58.5540377103483
59.712094795928465
60.09574281469753
60.35681042564204
61.75430697358803
61.32974522919762
59.84300253956068
61.402695748652185
61.38636760757004
60.30633286642377
59.85897155272832
60.634737434185
59.58543101959198
60.221463919395056
59.888805798947594
60.13694171269586
58.41435307365245
60.453673948541336
61.58997660398095
59.69288761629548
59.181506362055885
59.99928650810447
60.32407031666562
60.38042488423951
59.89478858986522
61.375254349223454
60.26216972467685
60.41326329599431
59.13306813214796
62.60996640212207
60.46091286703528
58.87203652423748
