62.26333714109814
60.59428672330757
60.159203841471246
60.10355093259393
60.299620494627504
60.63244318640447
60.324667177616654
62.03847642893165
61.53508728762523
62.152160335733384
61.060635603230246
59.7008391985778
59.841774875495
62.31148017044269
59.954979680071624
61.64464206600606
60.84384497959114
61.095105658522165
61.373471608980026
60.29273496123282
60.342244615301034
60.64935639284879
60.445649591082514
57.22581726725201
59.1270869011095
60.19952201321653
59.380983025884085
61.17695734695345
60.48144189591503
60.20764136014159
61.033760450873146
60.80211532854177
59.044290012928165
61.64828552354386
59.44683541737773
59.913643428675925
60.38882054617445
61.31254922379929
61.66314079201159
60.571174144680135
60.10869569671266
59.98049826443661
59.823038929833686
60.445422626321076
59.70820724238533
60.369365422951326
59.49265312958273
59.46704259383744
60.04926190676118
58.28496732915941
61.125348072412706
60.83557521430359
59.81491191070964
59.84332943051299
59.65637402071029
60.48747122140252
60.55187340802555
58.98732344860066
61.07397116289082
59.88813690551531
59.355388144681214
59.69505815402169
60.85494827874933
59.731746036534865
61.83888869808426
60.38433447560947
60.80245613010545
60.775516016436114
58.950070855918206
58.74355307262846
59.72693845853345
60.03386787404182
58.90580021282657
61.53995020071162
62.15746777203156
61.68848556914914
60.9054409595726
60.937550954750556
59.339121034890674
61.515810363617845
61.3238172360529
60.372124461015495
61.73155375149669
59.078790364245975
57.64296296980126
61.3752005528477
62.74140488699802
61.28480957691873
60.78915175581495
59.062239126434676
62.02433480594807
60.54155543483601
60.95328359824619
60.36872958662217
60.15605932346986
59.986368628295196
60.05693414853939
60.119234145845354
61.21700348317745
59.98648327581258
59.30143440407917
59.818511580105856
59.88196353615479
59.41162299275131
60.7396701361681
58.69691410537808
61.54070926742216
59.84845066668552
59.89346262388845
60.56268909730739
61.376841394027174
58.188269809687995
59.20489007017394
59.611503220094036
58.368759223014614
60.67021210623318
60.07470420805928
58.26175080415678
60.71794627048452
59.46622559699902
60.01181080086251
60.48732456500075
60.38012454784537
60.57924893258283
61.72495524362113
59.2285631339878
61.2492918123954
61.36390778897103
62.68562743516243
60.454780506085356
61.201404832613406
60.10945660034018
59.99491864761913
60.43820028056354
60.627220432517184
61.18680513177084
61.58676681067285
60.933219743965196
60.44428433221445
61.62294040134847
59.667269287960714
61.780739651613565
60.58486304863247
61.48770230879748
60.571211949531005
61.08240897367479
58.77701192802335
60.87771193551353
61.65244462474242
61.44781739674922
59.10285362219843
59.5776712139339
59.00806349915633
59.69914026350067
60.22304403187038
60.08952743735481
58.759581524670125
61.37431355484007
62.27719745252563
60.619833247731584
60.988000435856
61.0779922247077
61.32856292063917
61.61073811311066
61.34127567888221
61.77296741732229
59.55642161773816
58.470931167039005
61.634526552689266
62.12435895239639
61.230533235624975
59.4470350910712
57.94478819379139
61.08779013348535
59.80964233076413
62.04822443800086
60.25613562334104
60.8244358905828
59.819262353395764
60.68129822824765
61.37720896373375
61.175110443500216
61.44378237246667
59.773550385886665
59.03863230185662
61.36751248061646
60.14660819791984
61.54470315589294
60.481445874674115
58.605339560838516
62.026734043205444
60.89164404151951
60.76034176249759
59.42071411002656
61.09557991751891
60.410754895171934
60.95652699222259
60.72154977938756
59.49245914610327
59.591235170212535
62.15976135748924
60.19871567132972
59.41481803618003
58.7636685459214
59.092340715129254
62.06491483826765
59.210641165139094
60.54340098294213
60.12987990447805
59.813623150968766
60.62711605503066
59.65858643938671
61.544159618711134
60.52550633721389
60.31108857791468
59.57088824860491
59.65584632271868
60.32816037144432
59.79110949525886
60.016169171670974
58.67040156828369
60.924678778631176
59.94142037537813
61.663108094227994
60.150191798662966
61.8802287544716
59.313956057281395
59.422519646365004
61.10724013097443
61.293207662862194
58.521539163954046
60.07900762837711
60.048316586709575
61.95568487515453
60.825089305362376
61.09490436568249
60.25661073443199
61.980253641069105
58.067352147509865
60.26246033061824
60.69734238557381
60.53632926320237
62.71901111399489
60.764002851793066
60.170934905698445
61.15494730221255
60.402200878868854
61.65906157105182
59.88321666381469
61.35661425744935
60.94878263450991
60.16729269468226
61.737445193280045
61.70217438621605
60.61808156700806
61.99458728349451
61.10543768655071
60.517315656498106
59.73582913274167
60.742884561009994
58.46896731223297
60.32683345655011
62.15256926796841
61.11942993954372
60.55792556317973
60.32463332034155
61.17089838590448
60.1527899535598
61.691628985281284
59.80016135346121
59.0980714877413
61.592709649930335
60.08705435993747
60.9567159114314
61.71850872815445
61.356628190467454
60.77751440774279
60.702835733321216
59.993493583398845
60.207616169207455
59.63839939120561
59.427072073258465
61.20422325692078
59.58861857722477
59.33200608424262
61.177456072191475
60.32971336817241
61.6381741455078
60.909202222156196
59.03005486569262
60.09739358790799
60.472514346312565
60.847453964605265
58.9000983814321
59.51087184312002
60.51034140000806
60.81824119141617
58.64056655228564
60.06129111666985
58.98028148796027
61.47630307625032
60.68421694317041
60.560591689183745
59.94807774757608
59.608521977692014
59.766145336424536
61.437047880577545
61.261906904489955
58.613829015884825
62.107591750265335
60.15009570330693
61.32905044369464
58.02455222541075
59.6290281259568
61.44056950278088
60.478237437994935
59.64796758670339
60.79843007527014
60.84634295964369
60.02266478289933
62.360546442803276
59.38330577286253
59.21857933948727
59.895056301078654
60.62558572613268
59.88339397323552
60.566395348687834
60.27592201728955
58.329367257048666
59.39045417687683
59.26410908756387
61.968484908996246
61.209325973835156
59.01324205586772
60.44537264047467
62.767452639782476
61.677624063357946
60.868066862882884
60.07871907888708
60.74169662830105
59.73317024584458
61.72643889708638
62.18007147444398
61.80055462414778
60.78184714044489
61.59652055562433
59.302675632113626
59.84124266344613
59.2463630760909
60.75053563456401
59.42184860105622
59.56561342040505
61.39086716305493
61.56115376501602
59.640916484440716
59.489099386843435
60.914816462276136
59.84869305334327
60.574215729069536
58.568987380969006
60.72175683350098
59.7459274991194
60.918433621585024
59.424189807533516
58.669464546058244
62.09797456332925
62.30551563763292
60.68988351096258
60.3309118605707
60.01963503253508
61.2633784658737
59.89581269143499
61.42614637277743
61.53309909547567
58.720249670384874
61.633881375328066
59.47788452729101
60.629607851059504
59.369944845050725
61.442010886483494
60.64777522528189
60.39313819638964
60.28205612943685
59.52149314520624
59.840324758150416
60.833861988691524
60.0614811299811
59.782776481222974
59.145335230666575
60.342266071558434
61.245918853037196
58.517802315365365
58.75432370289282
62.19720552918129
60.739395903203814
61.74210617573682
60.67835716760897
60.22829878111515
60.94697382601792
59.63998131710731
60.21580751449785
59.97725991951171
59.91336156108661
61.00505447286257
60.765428859029214
60.54169181253968
59.82995814166875
59.61642338886602
59.816301935226335
59.63642663237629
60.571329563026794
59.198558642674136
60.08030463958469
59.52840381302169
59.63279466402934
61.04818993723537
60.311419949817484
59.17892730591835
61.44201390975794
59.84620920905523
60.21904714381778
61.552261251048655
60.23087132127743
58.946985905173754
60.077059229700716
59.17955167082728
60.775965232885845
61.607565463325415
60.41964591597721
61.60776583131736
60.85073208212905
60.47401326986852
60.96581054603161
60.44077891606125
60.98137804777312
61.13839333759617
59.03193929639455
59.9856717334403
62.156023481429344
61.237898901472846
60.055694974799266
61.348776135262106
59.87107026916145
61.22105317350045
60.75492526228545
60.1972899107697
61.300134900043794
60.58228635199591
61.2331689011773
59.897503112067646
59.8425313907597
60.72279050969455
60.61282734128921
60.29131244558416
60.67500151908838
61.6632356488311
60.408222858401864
58.71784558282419
61.39513273530999
60.73516781545749
59.41657591977304
59.09097208029105
58.75025262821131
62.16325203359091
58.823200091294424
61.146131368924834
61.514844990763706
59.127223114079456
57.90419410304931
61.632553699727495
59.81048620735884
59.95438447057896
59.918813569733956
60.75006314160343
60.38478931322859
60.57990088729062
59.376032977975825
60.2388742471603
60.31011744116507
60.63432921156929
58.10545434191231
61.35086497402432
60.296530361716634
59.60045863078139
60.93053141354674
58.14239384527102
59.558371562187865
60.76342910031319
58.5773087573385
61.20446524570949
60.38777061234908
61.17699298094854
59.83892287598361
59.25359709058732
62.07091659082983
60.82600513876161
60.23335340901282
59.54360433513742
59.21576643541677
60.664928536414145
61.341619923398
61.066596004226234
59.69457325088955
61.16628109917053
62.45389370047604
59.45682952290552
58.61063394279027
61.22981972583728
60.018630259028235
62.649455005158046
59.77755587168069
59.64761161100045
60.68578779648804
60.90849818566999
62.101928491528334
60.35126287587122
60.44188669965581
59.82099321156472
60.90628398065934
59.07123233398695
60.060487579686026
59.84977392489709
61.756843093829055
59.27020840598628
59.33004418046461
58.47162681790569
58.01393373181085
60.506786494722654
60.7457565685634
58.79866799295185
60.67779657968474
60.95007603972089
60.07360251626797
60.50242959041486
60.73651740002149
60.55443241743614
60.686678260189105
59.650179020080955
61.339698196222194
62.79887737902126
59.15952195236355
61.4949175857784
59.618203985091895
59.65632833513887
59.7446539739893
60.61652479580319
60.82057493838677
61.24116364512928
60.33988112383175
58.24717376499409
60.24989219291589
60.02102478005739
61.28005975239931
61.256542702214986
60.66180457301867
61.66741445411004
60.852305246960654
59.785351155858066
61.15256661721477
59.56154597246735
62.3677144763004
60.46678262357118
59.31178392270335
60.78147703427794
59.763213372999054
60.61609981419504
59.74121106973411
60.766266246981715
59.86763260139761
60.40680064584321
58.84218947445943
58.77631157783001
60.74150262145149
59.95780115753481
61.53188947362272
60.15304190716285
60.00488758065481
59.40755078937437
61.56939624965698
59.2884493535463
58.716897080611744
61.64203342265522
60.27065395523676
58.73868163330773
59.85225217959265
60.50645941787166
62.02453347403614
60.679080327442534
60.99867528784199
58.98127745541461
60.337972425421505
61.281309247349164
61.52773982610813
60.301886404493935
57.74020519467378
61.53610183708211
58.177610421731856
59.46874679072767
60.506075742354106
60.70926008310349
59.20637673599539
59.221480454128546
60.47298340958499
61.73285952953135
60.028154144198034
60.558558074465275
59.82730623720757
61.56858381532861
61.166318458039434
60.431910286232124
60.46919239300005
60.139380085008256
62.60079850327657
58.70971353423559
61.93125858848331
57.67582135244696
59.17574846259776
60.08870759219405
59.371531310516936
60.464565108666186
59.866883311292
60.149325023487556
61.27343460095711
60.21994381417133
61.01483082794781
58.91100854147135
61.040227047631866
60.86427382782927
60.741219750752016
60.83350044683597
61.689432314098276
60.12631360844441
59.72280674092574
60.31486189181474
61.046136607169885
59.98906128733438
61.136254555462024
58.738041408972244
60.948651396300484
57.78284457268671
61.237607314830356
61.218004289305995
61.11986598634512
58.727241769072734
62.5802457053543
60.74253554656651
59.69350877077983
60.825049869232544
60.145754575334564
59.83861213937159
62.099200150268764
58.15956994625894
62.117707927063016
61.74850504966173
62.187623250766826
60.60576264580352
61.00480919633602
60.6176074293956
60.75913060059415
61.749979824816826
61.120848084216846
60.77982041810511
60.483542213666304
63.14552788908527
59.63432266116122
62.51111790694491
60.235705483482214
61.01930408447948
58.93875565433456
60.957639821992274
60.55788327809289
59.803038926904065
60.16898033629441
58.45869524507021
59.72642511331415
59.29673535332831
60.538075578527625
59.902302587476015
59.456070897799385
61.36291975441642
61.641974680767525
58.4717672390563
58.80590469677774
58.40816516161881
60.19448983542872
62.56779892421972
60.018685614511725
60.10570035986379
62.51324960629695
58.48201225371841
60.642143360371314
58.56446664258843
61.06787474403912
59.35306156422956
60.57238933679498
57.476900562521344
59.21792148846721
58.83798503693954
61.71110679243464
59.7476691119256
59.953567886244954
58.63919320893041
60.36149189404492
60.46068842990462
61.32297438738053
59.66000837659477
59.97383818508325
60.38880188888435
58.09418698910269
60.94379551585357
60.181053624906184
61.137715218564956
60.761368242696925
59.702662352439006
60.694385622219855
60.820941992771345
59.685653369285035
61.27893581372842
58.6557907659557
60.05335210891704
59.24241457394004
61.52626695168675
60.73759788335597
60.88394386519078
61.12369785782454
60.50374960700361
59.81473936664513
60.11098589091959
62.1702620328878
60.350380711783984
60.161578766576525
60.63515386464342
59.657630651520236
61.86829652583518
61.63202075957892
59.48799652565347
59.27595148468185
61.28434074858591
59.752130506232824
60.5761618601579
59.110456447157894
59.159361804790905
58.37451629851576
60.62729407627625
59.549179120904256
60.18830615196636
59.73948447303481
60.959572629009664
59.322627319772565
60.38394156492557
60.335431129958145
58.85584584319379
60.105017504008266
59.49399920422998
61.592640020811345
58.51903100278664
60.28460909550894
61.66947017413511
59.87897788818661
60.7357537768684
59.8996518212653
59.46596101755991
60.118841764787184
60.93737103416919
61.10047625392605
59.00040366013773
59.79558595709437
62.63636072105861
59.92429881646125
59.31356651605971
60.63103238968573
59.843501801006546
61.596616945448105
59.908074917063246
59.862979360629524
60.95088989027919
61.817929384769066
62.119944321450475
60.01100475570144
58.314010028695556
59.54874864775946
61.8842411207181
60.01049809603179
60.39410279387243
60.30955553278115
58.94595470444076
60.721411294706776
59.02632413304151
60.94224414473004
60.062634861753615
59.59774935999261
60.52431497911613
60.708414071143864
59.42103207323947
61.76529169241986
59.81755084611761
59.560372368570484
61.12182727727554
60.03051043197435
61.30273375439954
59.20786330348439
59.62837254128417
59.808973400779735
58.66755328460606
59.812490166503835
60.23792213672061
60.33155401898978
60.39133001700764
61.06638640976986
61.413348684614036
58.93294190048835
59.22909318757941
60.26370336079937
59.22576388659059
61.24499491089891
58.95242309933207
58.416420504136596
61.35399071383288
60.07316041918788
61.7827390983487
59.31047038098132
61.87127052859651
60.12195503526628
59.978538011432214
61.45701723961464
62.261872706464004
60.62319285357451
60.60265163296776
59.810361263781694
60.80772921017341
61.19753716777278
60.30398148162343
59.987224357653474
61.8449280998869
60.37322575142081
59.47285297850331
61.73661580223731
61.05500971220132
60.21539449113053
61.660230587138635
60.5598825520244
61.282984148690964
59.91455244370312
60.597337513889066
61.441042914505296
62.07661991708288
60.20021733197568
60.209075234683695
60.96713004507191
62.29850958589927
61.81057107994066
59.87064669933219
60.936225910059726
60.09641991997783
59.96271047431072
60.40385337726121
59.81047497721798
60.55988874488578
58.18319170476602
58.77026659884322
58.3631874086041
59.305739437167276
58.434912081681794
59.42650466300357
59.625559392190915
60.816256352560764
60.20801687677038
59.96954026843786
59.34783115968238
60.967854242579456
58.47583235548497
62.63107454773985
60.25714275482917
60.450835531530764
60.5889299556691
61.82138304443483
60.22395604555896
60.80412623050005
60.01764724799819
59.194565191146694
61.85212777698321
59.84846238719626
60.216633193431406
61.472757754674205
60.09593018712452
59.988126907737886
58.29095525069764
60.480815938543145
62.45299911945149
59.98230370205693
60.40119512162715
60.73090603780044
59.5322218887858
60.50652686344822
60.10663482819228
59.452200946196726
60.791499306763036
59.17696171357191
60.724518482741416
62.463533139590886
60.1189582897803
60.71789643554757
60.50066714124341
59.40565091897701
59.55834559924253
59.97214960861192
59.72061298501234
61.646986998992254
60.71856503255473
60.22464732417453
60.525657471683544
58.90182725025674
59.707032788179376
61.257673735323536
58.786442413648736
60.582763740771284
59.99567289280775
59.825029429968296
61.33035227502936
59.21294488111821
59.943520479827576
59.91083382495669
59.979711963224815
61.24996783418962
61.6121972354324
61.08318365712615
60.07801363640605
60.62540434480783
59.938306896374364
60.17903413783063
59.70322476656895
60.851681292104274
62.41153034739098
60.33137399030529
60.58193187406575
63.359518484041566
59.567047175736434
60.79124848078726
61.65084064364372
62.005718318015944
60.88403752205512
60.244356089327155
59.65591367076884
60.56825915775402
62.200644141447796
59.40176207445789
59.74687407914911
61.765698660788445
60.43971649883086
60.44146838227265
59.3301061447011
62.183102973712856
62.0686745256134
60.35956048721959
61.57405071199805
59.608264909499276
62.54035806989209
59.563971734041104
58.30051349823819
62.17777864610939
59.57054182348575
61.72871488209119
60.52754000001778
62.32615551857587
60.05250150965889
60.95149375244825
60.32531021516212
59.066192800637594
59.64757612436482
60.876863951857345
61.13155964263488
61.81694237947494
60.34440286397413
59.63535244267175
59.90022006027482
60.09784273575775
59.58943190422123
61.71649031064519
60.765966746512774
60.78407812641612
60.83045255403006
60.47235841169813
61.61512743763948
60.56280348073196
60.95635813262883
60.971051088502456
60.37150907891305
60.68313482628682
60.13919856053145
62.98922533014873
58.433308619139495
61.712979586224876
59.24853427952442
61.266284464627304
59.849493305171386
63.288858386332336
62.88565888954361
62.547136207364964
61.32206786670158
61.167314596200995
59.90775485470082
60.1398067721559
60.60584779875142
60.18984661363505
60.346873106551925
60.39751117672606
61.45974471338576
59.991838770333175
59.62707149024163
62.30024180753949
60.45778563915797
61.68032243493297
61.5330364929465
59.74161834748781
58.39686217126962
59.879077548108754
62.79003787305628
62.045974513040164
62.551865318946696
59.351241718230426
59.76963527040508
59.259749135418055
61.034298202915444
58.28300889220155
59.810116005295505
59.99665799578113
59.60909306631696
59.64037844160957
61.203865878804145
59.860262699445066
58.96975200985306
59.71625747719432
61.151209924296985
61.839568166957314
61.81936549819423
59.72834571448022
60.576916507184336
58.51153163029053
61.36143070801274
59.57370054524083
60.476060481063165
58.328445367342795
63.16575756983348
60.79314283654543
59.68043788829058
60.71629357474257
60.40164482851948
59.67368881752441
59.65854447278903
61.0993842094545
61.94610588614712
60.72525867266348
60.289577107474
60.03451223531682
59.73188714773422
60.830614443692355
60.3764802754142
59.38734510260534
58.022668356111886
59.74657191704871
59.863864926953525
60.08698879610874
59.57784521396104
59.235302354134284
62.84756256944304
60.39386775847775
60.09965138182695
60.97173781614787
59.153258826825784
60.85350663371024
61.39589843103579
61.48024570296546
60.319769184009104
59.01043970288966
60.75087118457028
58.20996527055067
60.96548423810821
60.604764317786305
60.55829736020264
60.33209298223417
60.98620540570798
60.47088710059779
60.285520021726214
61.26437762311254
61.819838347474374
62.17573173519874
59.38078020515523
60.299547575585414
60.54725808276769
58.91597365543795
60.54819259976874
59.77921394730976
60.322598406846744
62.60149468874208
60.36935910118028
60.00329089787529
59.60345718876733
61.95445478843171
60.981829944405
59.97501258817782
60.275052377828786
59.95010561131602
59.642537487622405
60.25635245928386
60.493550865069786
60.12980067172083
61.79255498942938
59.7089065772319
59.83532301125082
61.580268441615765
60.31658328649717
60.123541368157056
60.888641311893394
58.57310763589375
58.941195007180106
60.46810548236918
59.58424504435779
59.99962479024852
60.896775970989566
61.07409280394739
60.631774382315314
58.213518007745115
62.41040169727636
61.171504165964755
61.41469112872601
59.145181229564564
60.93928450734668
59.69871607071237
59.90684707338105
59.032610044171605
59.85239410877838
60.55250915127652
61.33627379785024
62.193533257468864
60.830210624037186
60.738414869541344
59.877988919053585
59.70495422368449
60.421181980492165
59.92399033727329
59.63567275209366
60.537098794473636
61.310171383735025
62.12413659466856
59.10193085797812
59.42682281341952
58.8711511129151
59.302964548410586
61.01839448212428
60.96676992666698
60.8518185023175
59.900260809816466
60.295479589594116
60.04766997338645
58.77335594749051
59.76057124903386
60.89484604432648
59.875365659978016
61.791327888781254
60.01692863641735
61.42104545208147
59.97606313382553
63.18469773246649
60.92613266518689
60.73075574937272
59.80970893951816
60.38133277906109
61.58082582324662
61.000287436274746
60.35694053533397
60.8245411834978
62.50156548514709
61.634322805155136
62.10496509958267
59.92565635851935
62.45345448112187
59.9286246798423
59.31594965781737
60.18785463217147
59.66826892088478
61.26481809699784
59.48022196832504
60.044748576858936
60.40680805888643
60.318712213371995
61.83890268847454
60.811094691767764
62.29690630406658
60.685974635102724
58.34896077220692
59.85281437942515
61.10766378775501
60.832594523166
59.063791262482084
59.693832503768895
60.205367189311865
59.8090254459665
58.63168471306438
60.20498489975779
60.8713673083315
60.80477192795811
58.856534602414456
60.68703757037301
61.56435978227062
60.14120439704199
61.40121611380393
59.30681539222922
61.09030839763631
60.64228762537614
59.19413304644889
59.946487472637074
59.411701369005286
59.296929865408956
61.23474094202229
59.19319382082244
60.840996565073596
57.47116602700957
59.9810082456624
59.67434872492371
61.22008722039718
61.41546091151284
60.138801524544725
58.75763382731549
59.926081673730884
60.644742517291235
59.41127811629191
60.78873864275267
59.842644673411414
59.20224355586246
60.37356401202749
61.52136240681133
61.069540479948195
60.3528036623653
61.37273712091002
59.06289776920483
60.79160833534005
60.41764692417201
60.10455002690184
61.713704672020654
60.48338408613265
63.42897215944697
60.83066815959774
59.85649272497289
60.2205380992944
60.910827940982614
59.199701596557354
60.031968966050286
60.90244206753016
59.52819252290743
59.79404785140781
61.09174528548186
60.10385244741193
61.9076284317364
62.189746054684974
61.58651715403718
60.63865951000952
61.65501482934632
60.80778886751075
59.393058790912804
57.74649379081117
59.359495546544025
59.40525206485909
59.76527773572021
61.924886420276614
60.84148934784402
59.816643241921646
59.695512062171886
59.64265470820302
58.96924053823483
59.29535230382063
59.87493349885583
60.99770802467066
59.0837416944594
58.68149316839444
60.20359776039947
59.77126645857732
61.02811730932091
61.37516371790242
60.260818565715745
59.99092411042317
60.16519371684296
60.61684902841254
60.922842688012835
58.203635945667706
60.860904483409
60.57421204765231
60.3999749444983
63.01193432485294
59.03060859572808
61.41595094202135
59.28632042685435
61.241196276115495
61.428885721142535
60.73810804280977
59.34976066113709
61.38294293738529
59.917136180269836
60.47065395503988
61.092880290224116
60.143298452852136
61.0282282237245
59.442974744008545
60.36321299721262
61.080417398809914
60.473394077526684
59.314503443215344
59.69480053834829
60.1095537511745
61.068769222661246
59.96012571847208
61.205768305799296
60.81875090178295
60.50468758176554
60.0172209491222
59.901135195480414
61.714564996522775
60.9828875676235
60.379846606079205
61.20013544942569
60.443973055450016
59.97425393350974
61.028117824916976
58.98113063942331
62.45346729051295
60.836450139035996
59.390704655535
59.98902522712764
61.13928549641467
59.467460410647625
61.34710897180196
59.93526089164932
61.48294688283994
62.005700251695785
61.18447015992049
60.27720044378637
62.01800915004905
60.24885320782693
60.461364402070835
60.86797754623347
61.79034166610043
61.82031200866655
61.52050617622166
60.36031057962508
60.95061350827002
60.167339346180306
59.67487423988254
60.60792061906676
60.020656702020304
60.18171268540011
60.4128152790436
60.628905004587494
59.91525269758135
60.69915622785424
60.82364264886454
61.042735866357056
58.99373019943827
59.860961732866805
59.41638528232961
61.59224035783031
59.452951771944065
59.69039595472964
61.60527626312581
60.16070043086657
62.42416116776508
58.883702116030264
61.62797104426452
60.25330806481926
59.89013583134237
60.152834184427256
60.30066921900823
60.181921898909515
61.15711796726748
61.64315910862395
61.18741211784731
62.480697528446086
60.20633485398141
60.709363860097106
59.445565668717634
59.94981117369151
61.6612727636526
60.804787987389396
60.29129289027081
60.55461564602928
58.6406945807679
59.754265337729805
62.05220954191131
59.130862700253275
62.33614115539662
61.17374666888122
59.22719325982629
61.48820111245803
59.88424233041751
59.77924634641368
61.30933717199586
60.41034607406298
59.01171157606737
59.334792576015744
60.10223440693556
58.86050364885855
59.8220144476713
59.90273231185521
61.313640953911765
62.45275518574071
61.26284253154712
61.836834980947955
57.90943904793619
60.24706826694924
59.829810361148134
62.63508860173731
60.81891953704031
61.24675492630636
61.40756569489058
59.803593395484924
60.74853203854378
60.09191250965234
59.685302363393866
59.015064743695966
61.035145452876506
61.74512559618455
59.01746215317052
59.649096526740216
59.853257020590476
60.55168304594755
59.73985520828547
58.68117438324659
60.03105483967538
60.775892322477304
60.65396628541582
59.97394736324356
60.17490577049396
60.98637798240647
60.463915150566336
60.47485636980619
63.062477049895946
60.693593185970755
59.98163146771626
60.8880390532132
58.602627166500845
60.263572302547615
61.430174629830404
60.21017778643966
57.984213106959075
58.681408326245574
61.04361423787267
59.17085552139055
61.34418714956497
62.15735280824901
61.34091004106047
61.146858952817155
61.701444203338895
59.35590859376471
61.439788253114486
59.6864436610675
62.25992707860896
60.15212220959505
59.47746500238605
60.70302101717094
59.90268288349695
60.79027445959523
62.4838910404691
60.25162498709436
59.05076128061403
62.02039128730811
60.58839953177916
59.64936350661492
60.793955406138224
59.18965650841541
59.96666837942285
61.14936247792015
58.61017633797496
58.249494020718224
59.415606562452105
62.59139216294008
60.92045039342963
60.85096489008128
62.949253469530426
61.324971767941065
62.977359175506194
59.26214500863856
61.07480855099034
59.2613513952499
61.366039965828854
59.883513367173514
59.7971865509692
60.41609267030404
59.71477884921521
59.95712911168811
59.4479988487257
60.64624991273125
59.93110692966926
60.920826576076294
62.57643799022794
58.644906628998946
61.019336945689766
59.846956568440376
60.6070164314442
59.48067514555976
61.15558793844237
60.2385575926237
61.89785370069488
60.59371840711927
61.34515307779582
61.30333309363074
59.948348121024175
59.86168979542339
58.9060841521982
60.70043825884099
63.735584662678846
59.40765716221904
59.870102176578136
60.706043937285386
58.83767609912989
61.397297582095646
59.89590551819583
60.19507043684258
60.41043947457778
61.27807769559051
57.61371496283836
61.04276887762259
60.338673355611675
61.07246716310739
61.26771010701113
60.154722067937676
60.866535196266696
59.50456139090562
58.96762926223479
61.369216168125554
60.84039333477778
60.65648118462431
58.1700824874937
59.60211121506027
59.88212982958047
61.755013583380936
60.136574599238315
60.10470993171334
60.62255369259588
59.64732623705833
59.59310834330522
62.59413395133115
60.61438340250752
60.12833685440977
61.186890190622776
59.82474492926695
60.94318066739323
61.90306154754839
59.444612734335806
58.899334711864256
58.67322394516268
59.904261996411115
61.98961502524484
58.684006206027995
61.40605202896182
60.59777277824948
58.49817244695124
60.201149689692684
60.030602407365734
59.05415156761518
60.373856976320546
60.49804324285442
61.339378423882536
60.157561213120665
60.732018434544656
61.42568806535067
59.74435778687882
60.808635480833935
60.323542821496005
58.72476795210514
60.170165275300945
59.723408829481265
60.688713286704434
60.96033488489459
61.317644432579634
59.175102577078725
59.553444825177934
61.23485082176375
60.03770792839055
60.7237787943142
60.95952107767623
58.511184728138794
60.63766631020099
61.76130726703137
59.4719833289576
58.29423541114087
61.66777736444868
60.16658491982647
60.92243722890179
60.276193248924315
59.775324897520775
61.18938214554866
60.059512685604496
60.35950170973029
61.86821302273571
59.8492173603355
59.695733860938766
60.265432655684165
61.67001702581921
59.52555419460965
60.051694893163024
58.267417848183584
61.168490796222805
58.879959714338995
59.3733413622673
61.30096896210474
59.14917264941671
57.67669830583736
59.777235437241494
60.473991625087386
62.04720786301874
59.285048886888944
60.58349117420362
60.150413910861
61.020264130057804
60.06750948763407
59.336083664841695
60.58131189729916
59.92815339036246
62.09806601734433
58.47460451336644
58.20726960816588
61.60837018863363
61.95205732883966
60.49722333016804
62.548984564798815
61.3938419175779
61.02387774357901
60.28614093126566
60.94538648958724
61.23083438157913
60.86311626527863
59.861564988237795
58.681628564074416
60.311210614220805
58.865369096678755
60.25581971163137
61.18586596226206
60.40722201354375
61.47927332383591
59.29262076221334
61.06183765628125
60.118441874443995
60.44957438679714
60.77442862201192
59.56706189233796
61.226293290178425
60.92041791196162
59.85892706722498
60.23017311754679
58.86690659914393
59.12211538489112
60.62637528885052
60.353150221970765
59.456760220983654
61.30695752213949
62.01779622568879
59.99510231841465
59.53010668548785
59.5894148607565
61.29851126364048
59.45887728794356
61.640057028088535
58.49111873838914
60.759337612558426
59.667088262941945
61.06162378542676
60.53908172953185
58.76164684396497
61.57289940989878
59.54675232966809
60.28577581713338
61.091259347756036
60.64125589569566
61.60457155679922
59.8651719869319
59.52591895357457
61.55077778564513
61.1072992147274
62.084277744186444
59.43911412348306
60.167319280119045
60.92449700503143
60.8978132745593
60.01064073155405
59.37575678771074
61.51403285847752
60.947366965962736
59.824388617889326
61.41188658388376
59.81857723441186
59.23884010146679
59.86189900348647
59.10441824002201
60.98422206966982
60.820645125404226
60.94699720495397
60.168930072232854
59.65525843599958
60.99983213253544
60.72223624624616
61.483462140034106
59.9033425268255
59.376133986987135
62.22300987461795
59.0865550685239
60.15143968657694
61.13703387817495
60.91825632299685
60.311978888457496
60.88917350787996
60.589232499247416
58.99487914490367
59.905461145347644
59.597992456307665
61.16687390994379
58.00295866248681
60.23059384164847
60.012525690245965
60.53740744598274
60.476711404654885
60.25841044882372
60.17473472444955
60.72535708576693
61.188520123342876
60.20309407305526
61.400201028868814
60.26533148170175
60.3364775661704
60.13711821990157
62.237348382503825
60.82339501591925
58.0303090905435
61.38788007178796
60.68593757288674
60.32041015207992
60.320448763028196
60.72584924484102
61.62570382702702
59.461813620513745
62.50906751778676
60.02258828549728
58.93852770626833
61.21476168297972
61.79526236325941
61.440099057343026
59.45494674164151
60.38106315766253
58.01368138966338
59.17444706496194
61.33820665473309
62.01364947776622
59.26682362578975
61.843874351889106
61.145803574580164
60.94125859902608
59.065984969684315
59.9141015481499
60.633995491692524
61.33639232171429
60.76982854386385
62.118752160529105
60.86359737517213
60.48930604656026
60.588133020831954
58.448457606526325
60.167904736662166
60.3554201053644
59.700564085616165
60.70828509338796
59.80616072977816
60.93345451305947
60.522088103010596
62.34394850490628
60.121905460846705
61.43153304450324
59.606757007900306
62.63979507518854
61.18784009199379
61.34672296540163
60.191673514390956
60.5069740409661
60.452814500361725
60.68352891183911
59.87329753161558
62.31328423983161
61.478863406759075
61.80047675338621
61.07198438909393
62.34003240374299
60.93623594834739
59.95563824286078
59.77201874578939
61.43506627241742
61.44634311486849
62.093526654303695
61.038524332788334
61.621824731779796
61.346459940816715
62.34068767926187
58.80942998959568
59.44853166802101
62.190860394211164
58.537587318169315
58.24289380895177
60.4860185224627
62.98404586172485
58.93554388560522
61.38898934700697
61.21694808992082
60.39569725753721
60.23787235423195
58.76197000378023
61.47943039177908
59.28260109248513
61.13638838866023
60.817822594172995
58.885497616735584
61.59286884260166
60.421332415920176
59.5965895518583
60.77843689856618
60.56775369029829
59.3185132176565
61.27847132214208
60.94202183843473
62.29775363940921
59.445502051733165
60.149937736251154
60.13562637226435
60.295155986717994
60.53694195963265
62.802326176076214
58.79360585428933
60.29086887797703
58.77933535755278
60.030916724960896
58.96996462242949
61.376527761285935
60.59199796828125
58.8854071168127
58.33784410694227
61.15347489428721
60.68414172989006
59.74352462651696
59.40968294804971
59.586401066676444
61.10342588294616
59.38496015722203
60.79146162609378
62.385993942729556
60.00645265346777
62.10260736230986
59.88350903667471
62.13926429349973
62.11345263521849
62.06089532358589
61.00778713039085
60.58792845106907
60.39817070336699
60.59964147053366
60.20462027637462
58.606807685662396
59.33532716027905
59.01232772316439
61.10420328038462
61.40501164202644
60.77453457520525
62.0473265381352
59.55555541493996
62.225672652385924
60.96003846619641
59.13190678900544
61.25633742810233
61.169399020000185
59.737613458004496
58.65378017925978
60.67368974193266
57.83050061328897
60.92700604771953
60.28430672490627
60.5326300442979
60.10133769207398
60.22598906025512
59.74728344723032
61.073654593920196
60.32256922675659
59.718362645218676
58.79024519162015
59.53821848618289
62.318716377612034
61.12870401525907
60.12068915050881
59.038374914778274
60.06240826793321
58.97119656617856
61.37865113019565
60.79310133531031
61.41611573927135
61.30683716543818
59.81088355279859
59.872338748647294
61.368365546366036
60.279950065802296
61.71777332495926
62.46491029830447
60.384736648930534
61.07403110333712
60.601912463300195
60.40349315194669
59.92466862742475
59.61543023668651
60.922589002847765
62.35115890999195
59.470393567439075
61.32955090888298
59.99423261939116
60.488847613715265
63.58018972427471
59.92140932088551
60.88668254706233
59.72457187542983
59.81290647782901
61.00631961561986
59.93243343340882
60.74464183698006
60.55839816528995
61.75438558274714
60.13318733822519
59.835449628866016
59.40667948565508
58.392853494737196
61.66471623300242
60.164200154540445
59.64618332318422
60.68834521233269
60.62572885512323
61.00311872498245
61.908246447654314
61.19298035201552
61.84273238377258
59.48504757908072
59.29787306369779
60.79255597578353
61.96166502090635
60.60321332771082
60.90047916369796
61.5489002763991
58.926892098508446
60.06041142950289
60.255740214408405
60.185330942282754
61.817869833912916
63.00479009003871
60.08610016577892
61.470741544100875
61.27448556169631
59.56856272743516
59.463046014604124
61.397165288029505
62.194466531576715
58.67317732610344
59.93674912951871
60.86146425738412
63.50399568579749
60.790568198928845
59.10235494819925
60.344332431720275
59.5204073192072
61.26239796642566
59.205901288215635
60.52178759010007
61.33403085833318
60.01560885449692
60.81602074089082
59.30368852745758
60.67273663267724
60.27423080836951
59.82038779636099
60.93153058963903
59.36829455082505
60.212599659449396
60.7620163878552
62.12252823465816
59.104837300406565
58.3055263328075
60.30178532772599
59.81172181444531
59.90525971688286
60.61900295217259
60.298596495491594
60.25121820785438
61.90113030810464
61.22279527663135
60.75685102018965
61.56324680504344
61.11514137450593
59.2373794945995
60.73570085286524
61.32768033908077
59.179212745526364
59.855485987842236
60.48532305933313
59.955774027090484
59.84101067057777
59.4614650743063
60.98966843020066
59.65486109138692
60.982323243315626
61.08027535174454
58.136354169638714
60.0700211698795
60.61260473632358
60.2415959479754
60.96578994189168
60.52433431901802
61.79213957514163
60.59526200413333
60.47728875823209
60.27545909334645
60.46231482092816
60.86261576512081
57.6288148193156
60.65883946850191
60.48486590680498
60.31149501171501
59.89305834794518
58.71749712691331
58.87506924688773
60.888721477639585
59.962681549856896
60.78594436528423
61.3257383371545
60.96086951727845
59.486748839323724
59.80637857080628
61.20501743723062
61.064897766262625
60.71170805819245
59.76583941838381
60.641420574319255
60.101558635344695
59.68058835451498
61.989843841878766
60.3756411853856
62.97579782037836
62.57270561203305
61.597401699804564
58.798934907940605
62.52381698901843
61.32655232978393
60.154680189359745
58.327881740329246
60.93634275357904
60.89939804923351
59.49990876328596
61.94360029834243
62.576018217232104
60.93599886917174
60.83321499982808
59.40703257009181
60.973550886955636
60.51303503905458
62.356600518630636
60.38175878827839
60.81743578270351
60.47538334293113
60.60875743543521
59.93064922208962
61.381339219067904
60.31358180321003
58.722419743129414
61.63525219773558
59.904022147063394
60.58375196630582
62.42139406040577
60.139720030137646
59.90842700719739
60.55514064344363
61.234305307071395
60.74808513782917
61.69502232684626
61.04463271218567
59.855569071983936
61.37913136961963
60.01919337375219
59.26497393012106
60.795399582655605
61.30734071071311
57.978989519739756
61.23609443210557
62.63959489786694
60.70509854844946
61.31886386833789
59.63145242213528
60.78963954703312
61.56412710818537
61.87879789864828
62.530978966876376
61.64128197154544
59.96466993272921
61.470938625244116
59.92911123203094
61.70694168174507
59.72508640497084
58.09239267704501
60.12706804479191
60.627280486626084
62.00360661566981
59.67816947340561
60.093565296546345
60.03816849628694
60.837371029190415
62.516238926394664
61.01798290635164
61.073163843318284
59.24466604663328
61.19807257566978
61.31484606993373
60.16101148220521
59.7957970082334
58.34730528295841
61.287552113804956
59.77950998532359
60.29288864406121
61.48820162329326
60.35320469452793
59.623212252760034
60.73508684917899
58.943180983979644
59.63257856642533
61.91905012621591
62.097282316515745
58.96832847933832
59.65263812710945
61.38808286745077
60.193896583798846
61.578502508817536
59.73632907185516
60.81554522648462
60.7152409167705
61.03908097030719
60.102083095006556
59.822797687077035
60.04412083418364
60.83858497916793
59.67293821319044
61.03357618891433
60.012752868057596
58.78011565970248
58.57006570226606
62.602830411100996
61.06416646431356
62.14463242862232
59.6648075639976
59.877961678517565
61.769699289166844
60.48728029993655
60.814448397629356
59.56921352575164
62.27065008437499
61.12913134013489
60.62903763593701
61.241633709763036
58.91927138446536
60.24328032462658
60.320152254660485
59.644752752906435
59.64175379328765
60.18958620068306
60.999645627168384
58.828590408072984
61.74496091019932
62.89594630818957
60.45530418256618
59.68868182334602
61.93228722703517
60.30047054096476
59.46480321013408
60.60885170684293
60.48434988469167
60.37487002286126
60.46827435685181
60.6093812104404
61.909057815194494
58.295503249408675
58.9057514085368
60.71538582857645
59.57955841014889
61.00293397868941
59.24051447176002
59.399647961797605
60.073000838275945
61.63911171422987
59.25333857054787
61.49675369559429
59.76399815459365
61.30665889316478
60.22035773220609
61.298733673442456
60.925647067926846
58.91018729337024
60.0013832900322
58.83029786655739
61.37448845167469
60.048224969612946
61.27489248006931
60.97581941796233
59.72892753388958
60.96115520016057
60.17260708654395
60.29480890090766
60.16097853022776
61.05649967771268
59.97899870959713
62.0268884904315
59.861067677383815
61.212393292565835
62.362415350027035
59.806896895633955
61.24220638624299
60.07764391562811
61.57544319738416
60.38450704339638
60.30088641609559
59.67254759564618
61.117189796011864
59.68047400241633
62.50626368325798
62.24687793765051
59.9991083178824
62.504058588158266
61.461787915975954
59.44921140034737
60.419835606813116
59.555988816773876
61.777664205373135
58.85417506044076
60.821968792172854
60.32499101713201
60.18266101077117
61.266272859861125
61.461660972358814
59.10900615747294
58.985629378649136
59.51767365628486
60.29889129394691
59.950311513833675
61.031158153434205
61.656971314462105
61.294904183487894
61.01559031669304
59.91130074918566
61.33244604229362
59.86327181451947
60.980477179001205
59.76560944641642
60.75376985691544
59.93987747204815
59.811365574872525
61.50698042733976
59.418585541519896
62.89342418243252
60.95820205662687
61.76283883634978
61.03520681616945
60.85872535578386
60.08716271258468
59.67068823815034
60.56657312217789
61.55200791773239
58.92774006290007
62.048561601157054
60.896913020275896
60.12470419437742
61.5155537544571
60.39104910261417
61.44178303419295
62.35912045547132
58.47308719733031
59.62565452319881
59.49878484313495
60.50481655505773
57.68104907181167
60.11212371357114
61.429503016098835
59.90535400195764
60.32473767348505
60.1131793289514
62.05905679596842
60.781228111609366
61.141218891652066
61.04866283842682
60.45100486702502
59.29458797519981
62.03530834524188
59.58573051225319
60.646485997620076
60.74458317600496
59.29792591617291
60.37363118703123
59.095270523170896
60.63829079780079
61.1471658226002
60.40656739010906
60.59020853501564
59.54324405186859
60.36014859942097
58.58066508572168
60.53243293042523
58.80865111238586
59.82051641507729
60.37533328726516
60.50589566951749
61.29693114664189
59.978606692349594
61.72306021459875
58.87377011668008
60.84462682076598
61.4873449570523
59.46835296297028
61.397930011773546
60.79257856605864
60.58084931410969
59.150932567400595
61.66382512718492
60.73295999533013
61.26157252824749
60.22652675213481
61.252067528550825
61.718628932048645
62.03148416205477
59.75944655329316
61.63803712854962
60.86671986972936
58.77120764589733
59.77046914223235
60.5924107691838
58.86883911985979
61.39272053775664
59.33472323779155
59.7318234505942
60.154037988782754
61.38014380262614
60.692975559504156
63.272557905176576
58.96760573038593
60.26474153368786
59.1593049114521
60.175006215775944
61.59727332759843
58.872669144721286
59.789527445131
61.300138130340045
60.515912890581845
58.89574753246113
60.36179388003109
59.879093017075974
60.61888600178006
59.44751595355213
61.65216664936417
60.72911370542079
60.65487357756951
59.30858745430408
58.43302125929575
60.30117129965297
61.30662383986215
61.854580898269
61.337416684060244
61.38352927303299
60.91348452358126
58.74433283265864
60.703320988071006
62.18569028304035
58.891315649358376
60.70409772715605
62.21392178615551
59.79835991999872
59.03723892087881
60.153300797407574
59.80738138794167
59.495209006895315
60.62725764191558
60.555117158266604
59.05891036964304
60.9383993106347
59.47783553214522
59.95685424377112
60.20242948917388
60.68102556675355
60.85913336613451
60.780440956881954
59.05972848306743
60.416132186152055
60.705986957181
60.54553797595314
61.08412004151162
59.28206133781224
59.03380502096474
61.90513467748229
59.36738448516072
59.4090228900911
59.654384991788895
59.40484876122907
61.8335236775132
60.90988033846786
60.03151572979032
60.56151390768987
61.0034314794066
60.53527885979024
60.672436352412134
59.45897885220604
59.863189577258446
61.383656713803816
59.95200512178529
60.60496351822956
59.98666906155498
61.262308240951754
61.16647984526494
59.5403430624729
60.36127651525802
61.66108543797168
61.19686832032889
60.59455495680983
62.49366086327134
61.42212019499304
58.66347852092336
60.83329063592527
61.094423500531946
60.269804986125514
60.32141697907479
60.901915262718184
62.46592263435359
60.000199277346844
59.13412543192187
61.13551247420117
59.4165977825722
59.57436048260686
60.90601240186116
60.98714189184598
59.36761408931372
60.69417722966006
59.614835231327014
61.60372272945563
58.52295126803335
61.90509823107723
61.61478787381061
60.97690533975702
61.66915044466849
60.513317701774085
62.55849851397857
60.04491477293738
61.64442424760344
59.156182927223725
59.306472299109274
59.825289881256076
60.25769538367292
59.887174156110675
59.63204093510159
61.240050404729296
59.96387809889416
60.14707021679185
61.94169939675549
59.64286773732541
61.34481692994416
59.18879613158754
60.69390093432518
61.89644705348597
59.6920899559665
59.48255156784205
59.26279620715719
61.310964963490775
60.637460543380676
59.670584617768256
59.95175376034307
60.23653238807942
59.89264799958617
59.41083299462795
62.153079228559676
60.645466413067155
59.95400335501556
62.34499503401729
60.864151689635506
60.877114955297856
59.53615430921643
60.21880401311926
60.934742090597155
61.29036851265101
60.078858436488346
58.720907711630886
59.82057392016539
60.402239165734954
58.65260739043986
60.2979393025543
60.732572223319266
60.103485603237225
61.12990403473086
59.23432837194764
59.98477206939427
62.20102028791835
58.25449097823767
60.62882925830593
60.11527591675141
60.91049026420946
58.45171976865269
60.21592100671702
61.32370414392307
59.045354598700285
58.71602214007107
60.904391868161255
63.671933649230986
60.58720822438417
60.44609798074386
59.35884690704784
60.00133547865162
60.06923605345394
60.244988579450805
60.40349238108014
61.47859810577068
59.176540375703325
62.26312373061483
60.72466233410484
57.757508270961736
59.73269485134374
60.915277226295565
61.27731121234158
62.18265191199302
59.26213705567206
59.15083368509961
61.523398427948294
59.941086969232344
60.63858473975556
61.65739459498033
59.6171103761664
60.410018050911205
59.74486339206646
59.31311543471392
59.79858601608066
58.76626522223231
60.92195543810518
60.12742536506306
61.272395816500975
61.11349115239914
60.74626861514652
59.59887274551085
60.48064826402644
60.02699979608054
60.37245519559779
60.90845766640443
62.393332464345946
58.60213263001235
63.18264877117221
59.65671105907177
59.08649606159601
60.13433396507567
60.867608849493344
60.16251849208016
61.29543968552544
59.80132592895008
60.47945108484313
58.80537055761104
59.92598411577455
60.942698538048546
61.38441742632257
59.231511194229924
59.78811759300403
61.700696690419896
58.377891654972665
61.47318875638431
59.43697201482727
60.233513531490374
60.50730191989469
60.74852925855537
61.51628128117105
59.35882398615394
60.9766428890809
59.178822984212864
59.82590203645614
60.556131208235094
60.28283971660946
61.040539860275885
60.50588203333
61.93538466065677
59.9574753023118
59.59352001070314
60.5634293758224
62.40140505449627
59.70602221342608
61.06473585377226
61.0869219152825
61.63547926838042
61.10231215151416
62.85239568989257
60.87962820414158
61.757964583765
60.08600956050659
60.32119120176076
61.491604066132076
59.9944947541226
60.20260650645821
60.63912368996904
60.31337432931628
60.53778101826488
60.14802643868117
60.18303189277694
60.85331720347673
58.01597826699932
59.73733464446607
58.04539888903615
61.21596400175982
60.30064250192189
60.5835494059318
58.59199200531301
61.93541076853478
57.81558475759128
60.57091665669733
61.15258005398089
61.3387234634283
59.4714514753872
60.24068390235006
59.67039039904007
60.84574082741868
62.08820586148
60.15642335546735
61.431326074577015
58.62051615449166
61.256230903264786
60.73672096991079
58.64232090015088
61.82275352525373
61.32459241298285
61.93505384110213
60.3432813058251
60.67346040948142
61.00137949080119
57.63568973838702
61.15905450721013
60.868622706137515
62.239977924178945
59.385104173415826
59.759805072537326
59.53046733150403
60.575688075332295
59.292624040405826
61.205084529210176
61.258466306500615
61.37735696038281
61.02883554736974
60.334982388818084
59.516023436353855
59.52274235661987
60.18944496267985
61.63410248826005
60.840305969245186
59.57053942275155
60.44892250534572
60.711893378965776
60.405730526176775
59.83951289034424
60.079425070893606
60.287914902806754
60.323636071025
59.347800383424
60.60406511791075
58.98415558720089
60.5552533806218
59.68445753122432
59.17307141751413
59.77583565775781
60.329603967809696
60.739565706520374
59.90592897479601
58.86870810094642
59.41910590467455
59.06615454316471
59.76595429111592
61.520739931677646
58.81628872784734
60.659212675122134
59.287880468596505
60.82847682967551
61.62651549841852
60.25854112796411
59.593662726567096
59.647332450408335
58.838200360077366
60.27049234217128
59.62406588566759
60.28102584139543
59.622990152606086
61.67443233883713
59.01404265757721
60.83947486859163
60.78271506091393
61.435099957475906
61.674998455126875
61.69682768818201
60.54828811817007
59.10502626508289
59.32768921258122
61.17678767000514
60.73880714695564
60.08773427116718
60.739298166709624
61.4751028702204
60.63670488439454
61.01759677369519
59.77193045043955
61.57770338874868
60.707276531768564
59.23759781502557
58.5632195717268
60.751429809796676
59.63548288922233
60.12291573363383
60.5716003959393
59.05058051942085
60.11812722427071
60.7080130752736
61.15795724243118
58.97744657358213
60.6899757671916
59.852258205636055
58.96511672248056
61.24763595735462
59.28307353154722
60.38688622782277
61.10326606569772
60.160473784898535
59.58081527206718
60.068757998730305
60.41505019148935
60.52494675960257
59.10243612567001
60.25799828661225
59.98984730525024
59.989547669256865
61.431968223800055
61.3546175144058
58.590995065372105
61.61783770088963
59.530165921158655
59.03273729654485
61.730489946503795
60.32491769539759
62.07375789871221
59.31670761874602
59.984689144117965
61.866074237754674
59.37805911853335
61.489171333733786
62.50682791166091
60.00591573010517
61.3798361800621
59.533507224314434
60.94105369042623
60.82250656404798
60.61885626630013
60.444325633343404
59.436009365727735
63.02992728149137
59.78597505518974
59.101531881350475
59.5111589269438
60.31629936842408
60.78528136267411
62.49443380025414
60.43908453624581
62.053097665345724
60.59216278472809
60.54226769872926
59.939964898077314
61.971914568293066
61.003707601892685
60.76509724296057
61.067067048062235
59.54788575322213
58.68204865646158
62.78380896179031
59.71593786514035
61.39532454099333
61.00212357492523
61.678314939505924
59.244511533614535
61.298079971691536
59.89741168811868
61.087566520236784
58.62260925858625
60.95720140412024
60.45689411492162
60.830637943576036
60.70828032311404
61.177019505456954
60.09228465126088
57.762499550079575
61.67187440745581
60.48374137327789
60.17565523535038
60.34065448139431
59.79526014572164
60.3835982276089
60.12071086066999
60.52322565701914
58.69493598779347
60.88989394605809
60.287341619740864
61.026299696262186
61.23129567388236
62.59620408482951
58.8764214893776
60.94697175159866
60.98014606371918
61.173785541534116
59.41290556110014
59.820800495974915
60.724202952944374
60.46870875582659
60.47518719393493
61.622198001667115
60.287499245511896
61.26062129415514
60.483644003660096
60.04351422612932
61.586856012615414
58.780423277327024
62.09250484122217
60.05421749932833
60.04407924869315
61.54007154299602
61.046746366278505
62.155293217318615
62.59325890577408
60.73662568631116
59.55185598106039
58.96351685659101
61.13830785317007
58.60816526331025
61.68450033816948
60.211731589359566
60.839380778103916
61.72700199205111
59.548202207305955
60.52912497327949
61.725437478313296
62.04257508851219
60.46105415985012
59.11099572520921
59.73698163085749
59.35099686644807
60.37949668192633
62.18461003403695
62.067582553209206
59.71486869174958
60.85352074811014
61.587967828712955
60.467007741087144
60.192366291118354
61.447553603377294
61.54504570786653
60.877223048307066
60.66283928628246
60.229280933278396
62.5969877963206
62.14596753452952
61.595023856379505
59.601595844452916
59.50286615112457
60.50630746191468
62.68845306781862
59.20617469268137
62.827592460224714
60.816059561335564
59.83275948627969
59.631647263171146
59.908984501756976
61.70830024653019
61.69904110413999
60.90099391769187
60.55008331419876
60.711585785313055
60.3282966259451
60.59793119950007
60.825037749669626
61.52014398373369
60.81394707300982
58.73819105905414
59.73259820565157
58.6356222610774
61.040468134500124
60.56084885702738
61.235933458074086
61.37211624356915
61.87372305890735
60.98329056474306
61.189570633549984
61.150481044565176
60.94709659452288
60.428859068791006
58.95637084209306
59.51977942091095
59.70869623835984
59.79935702467265
60.667058213172474
61.171018857955715
59.96029507556104
59.49591314361342
60.199352173784206
59.170131589378585
61.7332844474554
62.04753664531168
61.091072230813396
61.062225187092146
61.000472658326345
59.55893629568312
60.707915553316035
59.92226958250135
60.10671213513617
58.90278084701353
59.88470305091818
60.46378326150989
59.34496007092571
60.06262055592171
60.64372327177449
60.43777003294898
61.10189042540747
59.32209497192147
62.359654737037424
60.312444376132404
59.420337504909135
61.153100443572235
60.05653021351676
59.321460482397484
58.68397922108545
60.451609910673945
59.50873374242272
59.185557120135364
61.9409950441365
61.520030260797434
61.01533762133548
59.78999846854759
61.89099219418414
61.95737801323234
59.99957839693298
59.800308001695626
58.38302615591144
60.40919153783867
58.890212203771156
59.16323821630153
58.68562878356737
61.523887046720894
61.296009018532985
59.27504636552824
60.40830155245131
59.89812204722219
61.54266004166195
58.560800779473176
59.718679040361685
60.21363690814309
60.40794728506546
61.24530692339917
59.78948985570526
62.576226618435214
59.440404077120434
59.15581578750741
61.30303462063858
60.19897583267544
59.6086415490671
59.99803189245908
62.133288535380615
58.841345603973515
61.218593518162756
59.707802760470535
60.64187835629235
59.84282991214244
60.62108622869233
59.96767543603556
59.07205769639303
59.305420582978066
62.21346646768317
62.05259871436918
61.03956467032914
60.89576499515214
59.977780497630036
61.23023564459787
60.47230442742523
60.784309814799975
58.500308610009974
61.01856051743924
60.69564427928855
61.73681788588516
59.51104646459215
60.398118969540526
58.71536926687807
60.31829750030598
59.739970889147195
59.552524428011985
61.27479205827809
59.754365934503525
61.09571285459209
59.23928822568844
62.406534244860644
62.243641714528614
60.25764615996655
59.593126114315425
59.463166930292765
59.0495703583878
59.89010116002154
60.07200777324137
62.39524784201381
59.842602862689894
60.49496088218502
61.51081442017539
62.18114321826109
61.568083076082914
59.905518866659364
59.3843290483557
59.6190689649684
59.14351862003993
60.74792310638758
60.36881843484492
59.401842350912574
59.22126366363434
60.31920554150772
59.93186251924513
59.26807997901756
61.18430212583692
59.72897225281217
60.111409597267205
61.43516111314148
58.893270099982054
59.72837952772221
60.644578857069796
60.653235249780174
61.03979792283843
61.836313183582774
60.134947471948294
61.30485011212749
59.527242697592776
60.22205895565476
60.459519931108844
59.23561645032037
61.583494791709015
59.77932785146754
59.16960727202051
59.95241187226483
61.091540632094606
59.65917796427276
60.119263992932765
60.22012518487621
61.324446912755434
60.581438442939955
60.389409764941334
62.041950726230084
63.19645294502021
58.26625828860471
59.07462141423177
60.658339476957885
59.47939587768764
60.61876353389517
59.92475072156608
60.40160427189772
58.60786285063848
60.165906565528154
59.058929710398814
57.409709344680635
58.893953589977244
59.77443882808742
59.31645497709322
61.23853688455798
58.65513782198029
61.15730088789556
60.46895151731539
60.045368653131376
60.3880846942861
62.271478219917576
60.51103382241237
60.19598124440863
62.2599296533168
59.640122021571976
59.33752612197172
61.8220729139123
59.825061219530355
60.6025575225436
58.93959431144472
59.5710043064237
60.58013666551818
59.978657711819274
59.987312185594135
61.47133360227298
61.10947918090014
60.01726664143339
61.336302996210854
60.90619507254027
60.664402570405024
60.83104957230411
59.94877766717621
57.34088107244516
60.94143166182151
61.299235909697195
60.01057402194886
61.32036167814826
62.098926411884065
60.92397024442342
60.58502265932901
59.673283303861425
58.6344727744647
59.795014014281584
60.2842839402204
59.861753118038166
61.06976479004322
60.15789160445066
59.33651974608556
60.233048949220354
61.0620008908923
58.97382274255656
59.91004537058324
59.08129151929903
60.01920292089548
59.708930007462946
60.23309098804615
61.60330721501235
60.72736249093755
59.96763458020713
61.05790741026754
61.168658709496775
62.092685557525726
59.81061096347984
59.52738105452936
60.98487815202382
59.97520866906382
59.049054976770854
61.12341702130382
59.91890999757942
59.56772086051587
60.14020048112296
58.464938748001515
60.69533466049886
60.8284746575568
61.981230520378425
59.45148741863472
60.482298761921776
60.194379294627076
60.61029927506076
59.710954283234145
61.53839849769341
59.10963179333469
59.98490402858644
60.2365151392948
59.78883239702536
61.13376560385735
60.70761335973874
58.28978801767063
60.59695378116761
62.088953957225336
60.70354263190253
60.067501211724384
60.52701372593367
59.98914861611582
61.14440713267482
60.0852768790397
61.865943605603526
60.92731273841527
62.03342971001771
61.83525795158354
58.88556770024037
60.74278573801769
62.013664573245165
60.14470505558114
60.224654775993265
60.13598249941733
61.507965627270536
59.370111402479885
60.59306768560417
60.78503225159806
58.85615032724533
59.123263923857095
62.164499292737375
58.0766013235048
62.96151569753901
61.127787294316924
58.66974375472944
58.79101215580279
61.0930559616897
60.17831642823764
60.42472773637342
59.8166751815924
61.32017091718464
60.348363713694326
61.44410835612934
59.74748287108209
58.98221349590208
61.23971122227669
59.72953163467806
61.125980853845604
60.78158960534587
61.279071038135825
60.008021906304684
58.437664023238206
60.46756606879146
60.86118882503301
61.80739183630523
61.16566967015748
59.38552698074176
58.82861308855491
60.835639369798486
61.82308937242958
58.751202565929674
61.375687997886814
59.51335950773327
61.482906133185004
60.67900518358046
58.928416039279064
60.69468631643675
60.46902020712157
61.60153647303539
59.996020931132605
59.56846783969317
60.08787881555762
59.786076226444386
60.369088244159904
59.45991515519354
60.373396202279174
59.14571597562973
59.45223770009744
61.25983362289477
59.63668122520075
61.23228638711601
61.23741652393628
61.177999045952404
59.94836201695227
59.894621803758994
58.916257476207136
58.91191900537168
60.575494996378154
58.640991518505786
59.921199571146275
60.113492926519726
59.41133977370456
60.46817797123272
60.801074659962204
61.813073128089236
61.10190344903109
59.645240586454115
60.64723935272891
60.17337350377493
60.90731096107025
60.531365178068995
62.62601237055383
59.929372493655976
60.18885089968148
60.143409242163045
59.6454223671956
59.764808362686054
60.76462394900768
59.344021609605754
59.27956862678525
59.84739957568452
61.148982258522985
59.078366995931496
60.28340244583027
60.62660527858327
58.56361853729627
59.726509731544134
59.517739672115475
60.23642949974925
60.03793763879514
59.69152098714981
60.099971539663635
60.171023771499705
59.433073682326906
61.52902489373245
61.84809845825821
60.893152696502575
60.12409023854655
61.05830648210849
60.58540674983393
61.69626862512567
60.27787753571219
61.6075687854694
61.66565965117612
61.46329685786035
60.309139651475576
59.41161093208611
60.25113402615002
60.27740710392977
59.37461340494145
59.8621524753206
60.20835509633824
60.55872891731139
61.368323226918086
62.03553085814178
60.77319427911662
59.20191891558175
60.20971369634647
61.14112473128212
60.317442047239645
59.64861386777229
58.54815087015558
61.24092427657928
59.587208611130926
59.629777533251925
60.76870758594918
59.20297147604344
57.60191430669191
59.586578545014845
61.171305394563994
59.50695311121571
60.6416979869991
62.18399940001846
61.535011170886925
60.135644252757636
60.65777592407101
58.667704547551935
60.97078276433124
61.00592614293939
59.616406935741516
60.7162349722669
60.54518781711805
60.549153456774675
60.06173489625787
59.25528841987879
58.11029593101185
58.433901866928196
59.29722483427514
58.87516252199262
61.17549762018473
61.31081775953132
60.76883142316583
59.92714835284155
59.58057124159495
59.99031840224251
60.74141235052672
60.96365497114361
60.349732021773555
61.96325200920176
59.709936138436206
60.11759172975272
59.63192808432278
59.8626864822184
62.26975865130213
62.049437786947834
59.00181656069513
61.73873702693257
59.77089445447159
59.7755286033316
58.26039615492631
59.28742957403018
60.00959434274381
61.53568329835631
61.931343969549545
61.07517191658444
61.21979688263135
59.09584797840295
60.323381482129825
59.980440378278566
62.79571785886446
62.02633549737321
60.29071893037325
58.760878980045646
60.49265698079073
59.74578151463702
60.3988797874613
60.09143776460243
59.33384175760357
60.27335846023332
60.32088323172171
59.26314529195849
60.23919212646921
59.3196722894254
60.84969514942494
60.50625598861672
61.432666087522534
59.79193677231143
60.48249975490592
59.708911017567644
59.35906177587137
60.64242543236237
59.721621157742895
61.29489226489186
58.0760402244786
60.21919599848906
61.432695663249426
59.81716094493911
62.26043780152619
60.28288917039873
59.514070993265626
59.25771478483466
58.44988945647287
59.29629728201278
60.26015960355573
61.84862292669445
59.43314518096218
59.221013510110794
59.904522226204165
59.39879217232155
59.068343098709505
60.28005379096435
60.905290836292146
60.268885509309584
59.87630493305448
61.548486339943445
61.70193136808331
60.58264375226571
61.42912358444218
60.53601256773658
61.44790250689087
60.82648568428654
60.61013199454985
59.76062289431244
60.3930338492426
61.26021841625093
59.58514943071921
60.23958937842904
60.42075905245821
61.116467792127416
60.772796813303515
61.016760038741886
60.58992560265617
58.95340847853944
59.15070253828904
60.04592742958312
59.27909987863734
61.132552197721694
60.41045857092305
60.82615515589106
59.66603524095719
61.15656292645651
58.00626174273938
60.05420276166819
59.600783328865646
59.765942782955264
59.25581852317192
61.56154281757891
61.39935834246299
58.71083271334984
60.587538901846656
60.1212562863273
61.04585102730087
61.03006306910536
61.33070586895955
58.357420177875156
61.517198483079426
60.561974637679164
59.8258856561685
60.98988117868684
57.90599844770734
61.51339668167038
59.21357763641714
59.02209518975675
60.06556069035762
60.64071053096914
60.831261654740565
60.01182092298111
60.12584566602206
60.261224888650524
62.990000289480484
59.8949721450018
59.81824127896292
61.95046617680152
58.358768491108066
60.42814400195027
60.44606339284496
61.166346598512135
59.798314936842445
61.49095828715701
60.753965035279485
61.14833894814564
59.47696375441121
61.49138174939815
60.525738652188444
58.123617988441495
60.080000174482805
61.03616736617312
62.866509447247275
61.163747919559256
61.38576456646423
60.35402966086332
60.07595703603926
60.19486834666594
61.257615613650856
59.70692287406811
61.72823314739879
60.62436307079387
61.201766500022224
60.273942867172494
60.21239705041137
59.49358594636008
59.82427769276039
59.55893368272502
60.38453182975718
59.11289498273352
60.68941553963029
62.19731251444012
60.718238979715885
60.742046408931074
59.0145691035672
60.547704089749274
59.84088050803444
60.026787928081085
59.89615128926322
60.93967177045718
59.38539882873752
60.19188162326058
59.51638080927874
60.217971459913
60.83369832727259
59.89785315346151
59.94326836202975
60.6800070161499
59.57130139818102
59.14681396048524
60.316821637087486
59.5436172106879
62.42754540482963
59.633430124895156
60.59603020147649
60.887613121316924
59.611155468555694
60.040829883973295
61.09561244345943
60.00284503287371
61.86709756905736
60.337078942381225
62.370442855861064
62.13234013808106
59.031329507838876
61.0353819256481
61.22979561326017
62.321772647267856
59.83936639357903
59.95909294139135
60.27019690452356
58.749519298065294
61.43010560425685
61.95290061202872
60.990591429273074
58.03046758756136
61.10676490965912
62.25229312724616
62.72391634496851
59.00850423600785
60.98054717181759
61.93557464705419
59.8286254762326
59.44182930268556
58.5726909239745
60.2525076273229
61.83028043436638
62.484891433344025
60.03891375852417
60.65271472159537
61.65399315313555
59.3986130527906
60.54511955733203
58.94985917023427
61.163749465682955
59.48957453187739
60.219221455606466
59.244511803082545
59.12336679745237
60.280588797238394
59.93343750879238
58.16296160962151
60.41786577670289
59.47226719249854
60.9194013334199
60.65400929689264
59.48038508629726
61.26092929591556
59.1692615056027
58.21929484288762
61.57664515975613
60.87270326011377
60.018496912509626
63.299563104730666
59.24115548042493
59.975720287209946
60.700913601230965
62.00260323814583
61.03136555271517
61.30386276981028
60.51133298526589
60.43876234082747
58.77737939862725
60.907523744095485
59.06115003342554
59.79170173337791
61.76590385082832
61.63537988976932
61.129076981534816
59.894406795347095
59.69718388129942
58.75713579427639
59.29994691512193
59.49215021695176
60.704044055297636
59.946153145972595
58.5623708806986
61.15358823309586
60.28470503516003
60.67897846741908
61.67479655796225
58.78269391437154
