60.440356809702934
61.138878580473914
59.57472925744138
58.22651477068984
60.21538793877001
61.880810146712136
62.229596796066794
62.01302832706674
61.230835021918324
59.39927511362523
60.48237614967762
59.777124659939155
58.5999351744449
62.27514897520701
59.94885495346098
59.2751806687288
61.09842770952274
59.87376092179296
61.062827185674415
60.906138333424465
60.55823489899475
60.8788188187215
61.499892227716145
61.7000141285862
58.69631376675716
59.22101981818197
61.70863025961491
60.23508902462369
60.92615614375579
60.1910407594794
59.4099105563602
59.15942893128643
59.59364193016936
60.41269843435721
59.80955832906855
62.443901932518834
59.17601459022154
61.0021125159186
58.16056763805271
61.84033030492981
60.3417016841277
60.38092756556849
62.5540499850696
59.75591731304031
62.290655164349175
61.55728422645072
59.22579617397449
61.67519620804237
61.57949719729527
59.5464903578923
62.996305255805005
60.761518302381226
60.596931913262374
60.15791581392312
59.373431790964574
60.75903506830094
59.64213601953931
62.744994352144765
62.126384722856045
59.86910181120969
60.4825911726275
59.359553217765765
60.36865279937526
60.94676882187501
58.59770707210139
60.17212621878777
61.23294466361926
61.45644798520247
60.32010878707551
61.30907219186834
61.24970600613168
61.33870376729327
60.505689674312634
59.09326776042694
60.49821607046667
60.28357016760038
59.96601535160085
61.395692837258096
59.48821252894669
58.195971893610675
58.69779743551476
61.46885621032077
60.891193779100035
60.56843312583382
61.77453680936701
61.228960993503705
61.20294986409022
59.95589435495366
60.99639527284049
60.12471590428888
60.678294878399115
59.638578723391504
59.01518195306054
61.863473915995165
61.25682405324249
60.25756363880757
61.21627207959346
59.83835721847952
61.72261015442507
60.525939642479365
60.01178114419119
59.115612134573965
60.320252550447265
60.44862531643764
59.18049909378378
60.569354398441874
61.075339179176936
60.98720171067568
59.16594811825067
60.408457157985026
61.290501646701195
61.3338905476589
58.76417047966241
61.61206310690705
60.61552245583565
60.76915864039265
60.88232199874607
61.85977552397573
61.14850379633591
60.17547370090924
59.99116967155576
60.513457168123004
61.387625631112016
59.75148540307755
61.96202414150597
60.327107480446955
61.070505041612506
59.4816264266006
61.05020618905023
60.781262562147056
60.205889886544945
58.26353933789456
61.75685981430077
59.50424803017996
60.56318881335576
59.8551537223477
60.917431194976345
58.97231170400035
59.64328015127765
59.227810881390965
59.95601989369488
59.15809670606824
59.94795277555489
58.76716116894873
62.212429725705135
60.76132629430667
61.66252022138316
60.31434663225217
62.02710021400601
59.61776318289052
59.36891668372398
58.74700551098056
59.63767148034633
60.39947601781339
59.99302561305941
61.100916879341
61.220200586892744
59.83994124519199
60.27174584775183
59.079237205403295
60.66822149926452
61.09333006054608
62.00128109843007
59.982217874545924
60.10274539342426
60.90420255103949
60.86147160383333
59.46498425913327
61.22710999535839
58.68314746082725
60.663451884872266
59.93820073608356
59.18166073688357
61.88853538330753
60.92492642925803
59.98573864356869
60.84221270907674
61.40044882453835
61.154180615116445
60.428946348602665
60.181484539194756
61.2046752457096
58.799328855615165
59.90012000359595
61.80835549615876
60.12281192094112
61.07442330834538
61.134883087534185
61.019048756796636
59.973354849889986
60.03838727285062
61.24570162643282
59.99625145271424
57.82801859846322
60.25837351272181
60.15780519100872
60.04001478577673
59.590037645136576
58.761645619093834
60.45958688954782
60.002732497276824
59.495449434109155
59.192255436803805
61.20347421492237
60.33297256080222
58.624066056343715
61.02483905400254
61.45020376367711
62.383970178819396
59.63222530810275
59.80771496637996
60.52537838464675
61.625405509853955
60.5763094695464
59.28622475027193
59.605843610722005
61.07128742021015
61.63641211706557
60.38595790635995
59.89664188114749
59.97565549516386
59.626816513250056
60.14726273305625
62.13158930173709
59.45964772338197
60.08187780179812
60.31522110747057
59.3429421669241
60.036511556725735
59.19174259194806
60.62282937844165
61.62508525816092
59.45385559293625
60.94388823017667
61.175673370971936
61.253619725204814
59.65858637154063
58.70852353987322
59.85397742484549
61.056772426856355
61.08616395447711
59.68946083327235
58.63798065579834
60.09332084119076
59.74782623119673
61.57558484711634
60.767907444032005
60.12090022178065
59.14905561696947
60.28559349803727
59.87131344207749
58.99625184013888
59.745044367804695
60.70948760521529
60.47481718937812
58.92344742326635
59.720790534154474
59.80730492874962
60.174460055567856
58.95437268394214
61.64580298942798
59.75868661999906
61.4368291915263
59.76351057465836
60.502864772631725
61.2825238413112
59.82184845714124
60.12549573558445
59.74977298447959
60.44295610738659
60.299933789441965
61.54552352038463
60.1400030321687
61.44339161501157
60.379006983825725
59.92921777520458
60.68860393787524
61.86697827514358
60.44871065648866
59.5782217856531
59.82066406466383
60.314108372914504
59.445013492484485
61.79768549933918
59.83674744393507
60.323485596120996
60.22197085838891
59.71796104678175
60.46395678835317
60.74824118816152
61.286964725157254
59.543880059105284
60.59780862505199
61.22310487361529
59.47067167495295
59.82056381564012
59.520730829030505
60.73281790179299
62.51536875774446
60.45097606458183
59.01381957729
61.41253526991777
59.74928776445245
61.242473462175866
60.635586181278086
60.27817894318363
59.95568956124564
59.70932493266608
61.509374694119266
60.34034857163382
57.90893979726153
59.58667906411479
62.467059389958045
60.192974710567114
58.745879257901926
59.844670823338
59.05139076975888
61.17702282485263
60.05302896561131
58.118099477449654
60.51803018358311
60.5930485297857
61.062969382091275
60.8923658218546
58.765069015351436
59.87034791455095
59.61332605056691
60.39096161843921
60.6986373896727
59.04610753300258
59.452656549131085
61.21931473917048
61.313396053601394
59.5423742037746
60.663481958113245
59.89157162373571
60.02185719438517
60.21648061975952
59.3535660677139
61.45935461961658
61.968947868887284
59.469970166120966
60.55602325117482
61.84539353854797
60.91256938606401
61.36605017615721
57.99099723531821
59.28471351404109
60.533761317155474
59.298664912756244
59.814272018599276
59.728853379293106
60.48241275904652
60.39496017768784
59.257677170266334
60.16643746574215
58.25530361661208
59.506026517944
60.63175492564412
61.160607795722846
60.08801121241933
61.13672616020909
60.96030270986375
62.51150148416235
60.99437617801103
61.48491320155786
59.42016535454419
60.43122291477684
60.27758354632604
60.57377083036764
60.44702767347311
61.14162962947532
60.97395288780796
59.56326121089984
62.222912344029076
60.476889484201465
57.88336211381533
60.99333004307575
62.63402740238548
58.40026586522431
61.00418266646948
59.86304034791277
59.31486169612307
58.04943028905201
60.92341787324737
61.56509515947482
60.11724012835856
61.009461113684736
59.71034363140734
61.078922140457074
61.610837521842036
60.9205227824535
60.07470972818549
61.798343060443784
59.91481785321512
61.00985427341944
60.30693097389188
59.917405249025805
60.27073439177692
61.57342165540719
60.36225787908542
60.03443954401604
59.63315049190615
59.77883866141238
58.07660379047028
60.034166789188255
62.57481644717254
60.445587941673324
60.149104644417385
60.30679078367635
59.95138451908931
57.98129329307478
59.13820841099731
60.99886261704221
59.22805774514978
61.43037822132186
59.69435508381057
59.40905420358093
58.85758675435496
60.62961088606691
60.6902154043156
60.77815379503312
60.414418951420224
60.578509531928866
58.924065215437345
59.45377138543773
59.92026139966177
59.903134328672486
61.35085237668359
60.25309846572784
58.93684223574148
62.61097901621003
60.882888530838045
60.422918476706315
60.992803216745024
59.67009194183536
60.00655031435771
59.32580871129477
59.4909048027209
59.38118994998185
62.63718583454798
61.65587334524631
60.381664054803046
59.86552204847328
59.11768856593078
59.50474524969545
60.47796908558045
60.77882224095267
59.6313129225448
59.92505946729551
58.83664369537017
60.13561545880723
59.04265794493551
63.07561724727099
60.77547744140325
60.18790259070143
61.43644364023061
60.80103477427847
60.8213789493659
60.846833662831045
58.19904068133117
62.724574564509815
60.10609007819397
60.46484051175311
60.47135015199137
60.4576670430776
59.22968006931421
62.47622461665871
60.03660657085721
59.341058481413874
59.07580764135615
60.64280850212735
60.538037952129216
61.229400750671466
59.64175708274003
59.77389788613438
60.1499713365031
59.126627703440136
59.76437705264665
60.46330556442684
59.743407500948855
61.904573459282226
59.46025158574409
60.3283276273458
61.60758734832514
59.59267737211565
61.59097033951321
60.46809540631143
60.711612264016786
59.84334378484939
58.48426505921719
59.77379479960735
59.74488358872651
60.529216631734165
58.78940345342921
61.12054599292234
60.33592096280458
62.104257015793216
60.831871387782726
60.79932876330469
59.74678211267196
61.60354865521552
60.90438320844743
61.65770130989424
60.46863366340583
61.35073080624964
61.20588651773474
61.515062218618304
60.77886898494546
60.875483058364686
62.45140217684153
62.136014732502716
59.86466608477005
60.464569564786196
60.73504361781132
59.73807838056176
62.00957535975553
58.44370640763047
60.5945144213899
61.33420821593965
61.14999465027685
60.65500482946899
59.535275534387594
62.22212912117212
60.61279930072041
62.44009330710622
60.45833256385118
59.50469679645527
60.53822607149901
60.84053029525234
60.066759190357246
60.33026825520044
60.80911608764748
60.504836220981005
58.490788978715564
61.27051503827879
58.7337955182325
61.221195876557985
62.31380514522082
60.56901123054228
59.501082801186136
59.76184338362478
61.39849658747225
60.951006551697915
59.84694827299815
59.7374815818634
60.29128777045725
59.85830908260139
60.32451367175438
60.21589556049891
60.85715149721294
60.87823074875525
60.54331137454957
62.409078218805426
59.85308274773474
60.96874325679577
59.08066811193131
62.49008490139855
61.084189095226925
60.10395351474214
60.60497950568701
61.15572512527743
61.248242306194534
61.12818404194734
60.284410723547005
59.12052417703354
59.63894210636582
58.64257941042163
60.18342716367703
60.792784090947514
60.004719599146796
60.71065071464092
60.638680958182
60.18655843163943
61.283622871851705
60.130941099129984
59.118264039729986
59.03548577353795
60.39187696565743
60.735769418163784
59.49229729883994
59.5974652612053
60.984614742323785
60.159054957684695
59.5171487255603
60.31186040702705
61.498878059089215
60.66547528817865
59.90715995864765
59.63205319489322
59.36734706478638
60.8401198594344
59.781893065751866
59.821689813609666
61.61801789103016
61.80165023776055
60.70668350395256
60.49896891841947
58.98666271848234
61.93438974260623
60.3719934073242
60.72665657333371
60.096472952920095
60.426377449030916
60.91788027615783
61.32968554534246
60.88232128686202
62.3257939087604
60.45198091414517
60.74911006848942
61.833032199437454
59.83746159349295
59.041916978131034
60.970845559615604
59.49438296806311
61.13306385136021
59.48048952969988
60.86043399845573
60.404108362839764
60.008939885796984
61.15021909599414
61.02891659649276
60.20243092995392
59.06220331060823
58.59305968240273
60.678188862878905
61.140316357797445
60.45789983381214
60.185879453225006
61.36848660043261
60.25230775574004
59.09936215350495
60.65290813333544
59.40437268867627
59.91646860861927
60.5134825154785
59.78200945046741
61.85049370694693
60.36609265740655
61.24223534448296
60.27171926860906
60.50072340212196
61.31574831678156
61.19589783970686
60.11171445570451
60.59424655479265
59.687601111722465
59.97935935060763
58.432915234988286
59.52908826508705
60.33656238376067
60.478918944645315
59.918247639949385
59.75333343710995
60.44463475815517
59.74477558335089
61.64078219257591
61.37523096012193
60.700749253037294
60.63942767786658
58.999004491201404
61.89322581391696
60.030595825337734
58.674817209467
59.87021219300261
59.18438622816734
61.461184013748166
60.04164123940149
61.36226507085875
60.173954943430836
57.76390290259887
59.95373010156184
60.438612207549156
59.71681355345445
59.892303004510254
60.5605459701312
61.122363140848925
60.35046740145985
60.86218436730717
60.19868255697808
60.50225448299283
59.57473160313257
61.44423279459156
60.196037938917996
61.40252934208988
60.39598881975695
59.561260094623734
60.792199012000374
61.24871667989715
58.07470912434112
59.39157975749818
59.46059958473944
60.62358899009581
58.724050415725124
61.65106600617397
59.995145885389654
59.76740740840623
57.22421521475277
61.25850406580223
60.04760244329832
60.22602560685928
58.50800445890097
60.543172910590286
59.902263176985
62.06050024887328
60.51819871493579
60.470577290353035
60.04624248490622
59.54669619358817
60.07490111696186
58.068814833512526
60.18042742166269
59.728120886050654
61.333183222548776
59.97462880429542
61.15083015653964
59.09106364040351
61.13472229569965
60.89317962830483
60.46996890389869
62.55576461992362
59.52830375173692
58.05807953948323
60.97268933424971
60.987747622126406
60.52783803557301
62.99487893142416
59.188287268916696
60.56902320050185
60.19960594166689
61.36018437517376
59.363605727781774
62.13993083325032
61.00395113594628
59.57529717184196
59.569509513250146
60.67917788540517
60.486172076131304
59.42093482998433
59.68424602103119
61.23007565279435
60.62366957183515
60.464402769038855
61.42722840275504
58.939638751794554
60.321779436004434
60.81529421546042
61.17175167847389
60.47384176914317
62.24318282537998
60.28758676378849
61.18733736501507
59.66021186623798
62.953216708008846
59.26950959555977
59.787487352039435
60.056885913068996
60.91358067948093
59.854076739081265
60.16739825693324
61.9242910606331
59.35198348315331
60.34844585587927
60.32819364996191
61.46373785003748
60.9969266906302
59.66870637581955
59.25712039891446
59.988221980924145
60.01178529018875
60.010396591554425
60.98915092115991
61.17851987142743
58.520609843543696
59.99863484657384
60.18984654389852
61.186571626012636
60.8500925756135
61.48096056254511
61.32518058316234
60.74102925780482
59.43121392625068
58.13488775012904
59.79802709460918
58.43319121562931
59.826061088302325
61.215457401829774
58.99755448330704
62.25429126092533
61.08754932393467
60.24774797380663
60.97946018038025
59.826942602361385
60.815451916237926
60.102315747803125
59.56248117249306
61.5993349950352
60.47295757275636
62.21777981989303
60.38903067050792
59.80261314935334
61.22317084481961
59.96266631084812
61.755729220677196
60.40549752770449
59.409297633514065
60.57325734390444
60.50615292617835
60.37095570609859
58.53867784470374
61.105676910226485
61.326927911854824
60.08604638689548
60.592528902711635
60.790757971253605
59.777857987425534
60.06227801962684
60.85083504600292
59.86406119053495
62.38083975550669
59.33491316645349
58.46558014345761
60.65976596491736
59.9123021782889
60.897225983722244
61.48854436689481
59.75606607356979
58.08126325594399
61.19282877597476
60.442832223597584
61.67414123079193
62.229866470880474
61.537079542994626
61.02229776761342
58.54324274341508
60.783299893254046
59.294298969411976
59.15099698995875
59.46810776366571
61.08035967049693
58.79773107078037
61.69755941703737
60.71701110658148
60.66850782424359
61.16485970417921
61.58626572265613
58.72541919386923
60.349748199979864
60.55374009520837
59.063615134366295
60.206422938119005
61.23140005739701
59.84910037921025
61.261784821888924
59.53888679752382
59.67949116282402
59.92737852394699
58.8204774095684
60.4456371890279
61.15282549026856
61.546546883905435
59.40876854724601
60.83365929314396
60.29335832776622
60.02857827217547
60.29911339711952
61.05125498657528
61.67272128535724
60.035974265775586
60.580985352091645
58.75740500100575
59.39342328843091
59.264131321715176
60.497556790767085
60.40642837123221
61.261266198602975
61.84702751232819
60.50530710104674
61.668718189327684
60.34992389731775
59.59694557963564
59.68074056890569
62.91024389708507
59.41660692045295
61.12239417273137
60.44849000776574
61.71608704781035
61.82654797013089
61.703864391588006
60.681113284146974
60.318715220681874
59.37142889169105
61.581939742314994
61.6721531379108
61.18158269260899
59.893137294376906
60.5584818395657
58.019072164370066
61.13167284766033
61.29378551729143
61.79196111028929
59.579860528796814
60.832179198936586
62.62789233347683
60.74037888020562
60.34890111714367
61.46015716358735
60.74557669891487
59.43639608740263
58.690130058918044
58.691632158019864
59.874435485004845
61.30223495767564
59.777485626204154
60.85188462309347
61.88872691860513
59.368079827559754
60.56247974889175
61.166439007086694
61.30763941447488
59.80021695117385
61.510941568642494
61.28946754192738
61.65598338833484
59.956348884043585
60.97464124652026
62.002365089403696
61.11144751162717
59.4161867152746
61.157026269071274
58.26511529060358
60.567180167001624
60.638155665106815
59.66182368408858
60.47594873303689
60.028263444797325
60.2332914855489
61.588200008120694
60.86861956923547
60.32578090887843
60.030731315013696
60.84364920732379
60.691924669508495
61.859278969197725
61.3285004349609
60.343667035007996
61.0019579143833
60.235577892056035
59.784907681481805
61.57243653808847
58.25746811541843
60.891564543371814
61.53682127141785
59.78519148860111
60.424610471088684
59.20950888268029
59.05524587632884
59.732973208845394
58.699670646524176
59.31208606393636
60.096531328288215
60.784390367796064
59.22404276290155
60.29271052319325
62.38212789879828
60.786120972620566
61.35790859786285
60.302598107920744
58.35152201650042
60.3458356932472
59.87544766398003
60.308493930647394
60.86728825067252
58.29939231338744
60.82654991013161
59.0598923186187
60.03704158178923
59.2701101741446
61.98218152789178
59.17024096780722
59.53717640753122
62.36596200246892
61.310685077823685
59.862992981008766
61.07325912593312
61.62548735241164
61.32988158084298
60.363780283101384
61.40167673933311
59.77350173236223
60.941680944385375
61.67966724513696
60.84231530020634
60.16988871215451
60.95974773655079
61.74219465165167
58.97699639326327
61.63499468046417
61.25468481286036
59.561780902054544
60.91902967736375
60.57218858303963
57.348850643609396
58.96994806910952
58.93246714628118
61.04017110948146
60.74177544889882
60.19779983308845
58.79065828409432
61.07570216631244
59.25610333725928
60.276779062134246
59.80602987201433
62.31074900450267
60.83591435847983
60.14531449278949
61.362039534495004
60.45639406100627
61.72330059502395
60.409367214897244
60.23220730862668
59.81482867810144
60.924314670091356
59.57403578141626
59.19747305343403
59.86076700361971
61.134810627011525
60.57574166331639
59.65629312904508
58.86327117228856
60.48476812836343
61.41856884620224
58.69951502596026
63.13047518143317
59.16891311396041
60.773651653600474
59.60640732695466
60.70235119284368
60.36793686987743
60.827064220639535
60.807068394168446
59.404885549097195
61.02046604864297
59.770617108408686
58.506026918704414
60.38786512697685
59.36385302624488
60.900790819704994
60.200809719568426
62.16616775803697
58.880188550628034
59.812175485353166
61.008935627946386
59.97018944162585
60.40801893930173
61.1611072126552
59.22488095409933
61.23993111872502
62.119791298153025
60.65905073751574
61.01625017200176
58.50430669779138
61.23080743238756
61.56979692135059
60.82551189557363
59.987026479667264
62.50576343512965
58.30697282682287
58.749244430430274
59.52032617574277
60.50034415212769
60.622646611854755
59.56658796860011
61.66996626466852
61.1786802523965
61.23788344421443
58.824786047939696
60.21724747148103
60.86705120766965
58.458154198501596
61.32120651837848
61.67209249996717
60.65251250108476
58.533176910405714
59.39700380067615
60.30241885388681
56.451003187787876
62.34892213031478
59.30231509089068
61.670810676327854
60.01441618995197
60.517576042708036
60.78939636442634
57.86457580822142
60.049551507704294
60.91757168927076
59.177505660171754
61.69102677443157
59.801282231744125
63.049345970625126
61.33118007066503
61.50052196955673
59.73470453021141
60.56498368058457
60.33406980631853
58.78367345410675
60.45964498333942
59.22587181989831
60.97108752448393
61.30308910153858
61.17717924407854
61.58446213429428
60.277792747602035
60.39817431913275
60.76666249579965
59.16332747873849
60.14148591594749
58.19163098767581
57.83083230730578
59.319178739142465
61.78492249627715
59.6154838045018
59.69545257551353
61.80025332129141
59.27724838522417
60.42742451349796
59.803441415283736
60.34817076559233
61.473127549914686
59.80629820747984
62.256986433965416
59.77415932748066
61.92308835943277
61.453840960078004
60.796676865295034
61.490651577933
57.96332587487891
62.64938412122595
59.476637722511875
59.95007713416923
62.50461736383383
61.48782046696937
58.641152774231074
59.91942108736216
60.96017167789789
60.234430822941896
60.433619293820946
60.43746436515519
60.38704563299087
60.65261361265356
61.65626504138594
61.49238998263947
59.2048906062215
62.274198551196115
60.55989780681177
61.04030395433838
59.35790532866629
61.01193113675018
59.953650493504256
60.83534278670818
59.99045770316665
59.89601333481288
60.86588660923712
60.08901100268941
61.304345682286424
60.7628757067909
59.978126507512
61.507114749204845
61.389612610939544
61.871358695164254
59.32863504463005
60.59503938560678
59.12898620383186
59.81369853642792
62.040074753381354
60.28637286248078
59.27022570628667
59.1691528357663
60.66121884976677
58.13473101134348
60.665787033628305
60.80461507249798
59.52096777372764
59.68848816117554
59.83156624584668
60.104814870094444
59.8164114116334
61.360649653650924
61.275908166089856
58.97374683339914
61.28549183065345
57.514659405381074
59.56494693272308
60.589357180030426
59.95104368518921
63.011347375247404
59.91761689557881
61.25458786882173
59.000908966502195
61.535268645877295
60.33013933259668
60.9835771496004
59.14821097238973
61.30753263098968
60.35093729225677
59.109998084013235
59.771481922428954
58.870698863013956
59.62269264151554
61.49857564898933
61.257410803133915
59.730960555052526
60.02045593558519
61.4919818505472
60.28999026963673
61.32014676037552
61.73435636487609
60.03136595904317
60.133176918729674
60.764149220940254
59.384001316789586
59.13756394018783
60.10182454651961
60.83440636301974
60.49185825741215
61.09535303362428
59.83219243200193
59.703604736530465
58.7187409046096
62.425075311882715
58.95381829478688
60.172358201400804
59.07944582547333
59.923118055517634
59.60221674374984
60.857665423106056
59.36551381707419
60.90070614080076
59.182125856835505
60.07759690757254
60.48658509415593
60.07674292879318
59.75415307714973
61.01615916113592
61.39983837730692
60.97528156774373
62.17308042718278
60.72597500695738
59.5221075209832
60.91215102530586
60.91312332057807
60.17542679784684
58.926121241135746
59.00035917546109
58.864264911082586
61.4765834318126
60.8384839139995
60.30834429642452
59.379224687786845
61.804693455003054
59.13620181569879
59.40433342259735
60.42882243772997
62.14563373585378
58.56458148531539
59.073844357144644
60.62974716621153
59.757720926014656
58.54363867257948
59.55243629243119
60.64028993782189
63.148428155808794
57.79465441069566
59.36354485917364
60.83736428092674
61.02436518585523
60.2024731807758
60.86167341752612
60.4942093252616
58.62186568254502
60.98018142100121
62.60252093080493
62.03480298278223
60.88835104658076
59.72445113943283
61.4334986257044
60.67942418277833
60.333135433263294
58.98466391554615
60.87544126240223
58.951236534841755
62.23077598948703
61.058899307912846
61.96100079053734
60.372257033397176
60.937235178207565
59.21432648402169
59.59882387610244
59.36406717998729
59.353262072644334
59.431119431981955
61.98356475965058
60.94923946216616
59.32343579033804
61.29592463438208
58.94341713267902
61.11880614481932
60.51243077426651
60.38438197859946
60.439016297486006
60.81777237924995
61.938833851122
60.314091487148175
60.06353766142102
61.64116095693235
62.22637819730788
58.41799000814548
60.183713632781355
61.10758276269234
60.88661735071475
60.52771328591479
61.413861370734836
59.151470955264735
60.21180911171529
59.52111787803029
60.136231470966294
61.273930938025615
60.345184879524936
60.006064596591585
60.83581980201121
61.51396227203941
59.91665390465117
59.51141221800826
61.0370861766139
61.390934780470914
60.21172249900575
61.981092935103746
59.99862480762503
59.8054749692824
61.078136598388525
58.74731886937891
61.6501404774947
61.67689902408229
61.632805686322186
60.67307604071829
59.9170618392106
60.17837833013123
61.048380933253554
61.321711738000445
60.56108718715176
61.00573533278199
60.27304522887134
61.74321005800904
61.262498291309896
61.00185096404779
59.5652613379566
59.40547110026673
61.62576629939828
61.25205021780467
61.6093888670241
59.808194830852614
59.40634293977406
62.62593132663902
62.36090207649956
58.86794262022074
58.70633331091381
62.24823099533008
60.42625601560241
59.813572577453485
62.69621343786748
60.519770538291354
59.829881065617926
62.176753273700086
58.799495381283464
62.52038923197071
61.810746411719414
58.90904936623404
60.15383073397669
61.0048631198585
61.23002146609831
63.40995025392121
59.17654063120139
61.58490178590876
63.49537148366468
61.44579253219031
59.64402270629559
60.4409635465441
58.24755037099746
61.42943972034975
62.157154885138546
60.03476259629332
62.70305677609791
60.25809577004282
61.18088803973081
62.417288769565516
59.56396759440242
60.89077813184456
60.8949982803021
59.22266144935566
61.06656158373464
60.23574098901342
59.68057646897482
60.0808880732122
58.8221117240392
58.57552375932656
59.86181115320553
61.14515632984587
59.30310287282678
61.14380410096766
58.56433178837052
59.68320111246786
62.33629556306282
61.66410307309954
60.61085986338601
59.716069283664105
59.2326751932294
61.014873254536916
61.59552225480189
60.38100728094234
61.87007138094061
59.27819561274232
60.23138383244957
58.445746774158216
60.19317527140919
60.091367568286046
60.00095547439961
61.18356552949463
58.11516709366073
60.65846837001495
60.74636065343554
60.04062310151918
59.46094992268219
58.98093558327264
60.018262571182404
61.17878930230399
61.905596246468605
60.96690223533105
63.04947292112632
60.083526691954624
58.87867702693079
58.75488426795235
59.4373790737089
61.505120744256196
63.69571055538949
61.51967442259125
59.76370735925087
59.1909352888226
61.976782408546896
59.89806401981457
61.05803826210696
59.409805527403634
59.626990743672295
61.279830167027434
59.65550669552717
59.45553056982957
61.67540402864553
57.89011390833274
60.74371152926464
60.26243134514265
59.43868446986826
60.4109918840307
60.3958980548298
59.9903062063244
60.54450879009648
61.61077039705785
60.76603256786646
60.65844549180125
59.823642841291
58.507176407383604
59.49343874544041
60.76156582952353
59.833196218052464
61.161589685651506
60.60227799071311
61.18724881694151
61.72885541827977
59.70150751817416
61.26658788257725
61.66371037019085
60.45711607678547
60.97950441362697
58.519221029036366
60.909158753568
60.69754322884031
59.62193902113135
60.57472036206246
60.7062950507313
58.835754361583696
61.14408365974793
60.56027893372123
60.57986411140303
59.33385919833869
60.12349070749953
61.655722996397614
61.2597687822846
62.071985719011835
59.310982713546444
60.29659252682358
61.029199587641735
61.51728764387828
60.38245238502097
58.98647579498203
59.39824009201021
58.822335039731044
59.69181403825557
60.601072848965764
61.09368290210921
58.978281210817265
59.03529655931818
59.19452376781132
59.958485729691745
60.04522130271489
60.153787438430726
60.41815864599436
58.90876669067387
60.744605539755476
60.88443033116231
60.52706699040828
60.590369458736575
59.99071164504424
59.975853099244034
60.83038660812996
62.13916637809087
60.534034022895234
60.5285618992871
60.23945995589152
61.601166249640855
61.8265929829415
62.265533681071496
60.682207093373286
61.77532372307051
59.96919176526438
62.56395022162708
59.578495060897644
60.67970568726626
60.65761318327099
63.58212254196623
59.393076448746164
60.094135596843905
61.814463813304904
60.264320798422474
59.05082210138422
59.71428798716766
61.448208071003286
59.46441563130561
61.88366970996876
61.20170572412638
60.35344377079871
59.80394282659246
61.87571766054513
59.413668531857006
61.54191961743842
58.50315095919715
59.17432989522699
61.704514942236
60.22590252071085
61.62240793024352
62.20959029983915
59.929467376839696
60.039651525706525
61.099128747881466
62.023282926358874
60.891496120002465
58.87538742405029
59.079230424917526
61.530718253515424
62.03058817390767
60.469641515488334
60.27106159665648
59.26498413137189
60.1612149828379
60.97301633058567
60.15334132361902
61.22545000005662
60.658074293970344
60.15413997096443
60.74055700367695
60.586259597246155
57.837250154502904
61.08169375014639
60.26409030648828
60.30298145404959
60.05362628335559
61.092905257974714
61.522616406507154
59.10881188387301
60.57322917327873
61.40044120599623
59.47728394735145
61.99960730960572
60.88534537349311
59.45320260300693
62.02567856317263
59.57368715062874
60.26219951834942
58.64333038673117
59.42916422326043
61.15095212644272
61.718868438424956
60.42415421485149
61.28978961486547
61.72362604325175
60.2648382074346
60.81132908513524
60.156570532787775
59.688599449261595
61.51238659559877
60.59575423619279
60.76144371245671
60.56585839521913
58.97768164326907
60.42786263565521
60.434156200397865
60.03339016709436
60.785210149126335
59.858722993420066
60.00541894528391
60.735862330054005
61.652454454020635
59.9415245174039
61.01420616804955
61.21564683522222
60.52054393447884
58.5673841454281
61.280535392466774
61.06874950014195
60.361675441245175
59.973646306290895
59.87195619047805
61.777649574700106
60.01197633318422
60.15211163277439
58.843413794383196
61.53926362827487
59.7410893918913
60.327970578509806
59.98463255850811
58.75612419030032
59.41283637845891
60.51658157710734
59.879141095611516
60.80502280945193
61.042574330179484
59.99916539152212
59.63928633870509
60.206464576970134
59.52794582624898
59.41132424797449
59.263659782541495
62.081622293793
59.32788015585897
61.28046670513227
61.278464636215794
61.234022221823444
60.74907059622442
61.25828577570089
60.49493869604778
58.99683124446894
60.15088049508155
62.066458696730024
60.35504392106834
62.26267386668405
61.17217768275799
60.276221572428206
60.17849683005942
61.28843905033694
59.170551097992025
59.93926328206391
60.423519713429556
57.649971445961945
58.99388901420703
61.180954160975105
61.194612129589416
60.26954913667348
61.733167068882565
60.70023285873516
61.07256543160793
61.05221883746485
60.45048657340063
60.33983895740095
62.01865580289871
60.913980211205036
60.71075246324513
59.37837456136553
60.64180035917548
59.60517865408229
60.03990783953102
60.53859059473713
59.31775637597701
61.943310190414195
58.92663420081961
60.969396519395
59.71110102650133
60.90065957072182
60.7533841107442
59.45394479381197
61.57367735281002
61.80412624527006
60.458836202389946
59.61697251877746
61.06792346973657
60.25120050936
61.85423167053833
60.70787825842378
59.82327177667787
58.86777604565544
60.02035266730666
59.484915100596844
59.420315526927176
58.74693462337995
60.994194328146655
60.29339591392057
61.05586926451992
61.388811521768
60.459751226209264
62.090998480375106
61.35441679548534
60.0250304403537
61.32362946858713
60.01275779656255
59.427766620488036
60.181365982047446
58.34120981136624
62.74990066459307
62.24180320574348
60.42799454424809
61.04899018123567
60.03125433126207
61.00449765055829
60.322814395130855
61.29848621157695
61.188722531168345
60.37856161597576
60.90057082677654
62.10033092821413
60.50036599577436
60.51877446312159
59.428900104085564
60.98301782324493
59.7071314419384
59.929106516443916
60.85545662552659
60.94736222987022
61.02232971967798
61.260787962146736
60.590665353568255
60.008475549460925
60.50710126871235
57.880731236545465
60.2796184898718
60.30230756847814
60.34654564528495
60.96599516946349
59.396993969685404
59.532982690338265
60.510262051127825
60.665579960211154
61.77009969377922
61.34142079212805
60.5303521601332
60.37091867501663
58.71612335641659
61.13373989209688
59.591702185841655
61.57879904936028
60.58094513610343
60.27270716658535
59.49973589298791
61.778263892483835
60.63218124979103
61.057409299157534
59.48055990065245
58.5657435781682
60.53278776983379
61.125416098970696
60.32876037646998
59.81334581939893
60.09363677462341
58.963419429526475
60.868554049289045
60.13724976904593
61.03165198068864
60.114084738622786
61.91364127645004
61.00078607756137
61.745346742529016
60.44073754608902
63.18300158676598
59.30588133181914
59.556158100443845
60.27783521719044
60.41752739599676
61.341957761462936
61.90118593608406
61.584463900363566
59.57237869799959
59.40284506724853
60.24302086853817
60.333945714884706
59.344457197298276
58.73907515945955
60.714371585263414
60.066421431437675
58.99756242893717
60.82934479759827
60.09293759293537
60.33871056795554
57.93527810276905
61.648296493534396
60.98632424733081
61.36719516457223
59.135666956175605
62.178606264961196
60.827079292747435
58.31344767621818
60.60969228284835
60.59949702663014
61.21711137549781
59.87347601863869
58.88618832952279
60.97118268549591
59.774307094244854
59.2554085049096
61.17868904496739
59.34033863094362
59.05863642213285
61.05402867189906
60.05957755590744
59.22971525475966
60.020820902948984
60.12480866491805
60.03979746263902
60.74716853496392
60.64049526707304
60.638109708156854
60.41276896717525
59.41205307236861
61.670228794943235
60.64847380731461
62.183364411705746
61.22954566905481
58.02564746437348
61.36406071947809
59.06174121749042
60.888497484714534
59.998870232624746
60.536206912768
60.15584820766388
61.00391807273505
61.489842876276285
60.26824941573275
63.30364763744206
58.79699716232508
60.1682366558119
60.16698606992943
59.49457627820854
59.73733080496418
60.402470285479765
61.152591689112015
58.92776103108703
59.88477951408086
60.15144926003818
60.50895521140526
59.12714182622515
59.14020975770011
60.458541561144315
60.532703506074064
60.086945719772594
61.73014001403831
58.94109663423342
60.829901470082625
59.07328673626897
60.34427319308305
60.454132974929
59.19899834857391
60.20061127802367
62.1130072596738
61.127838567511304
60.32905656965468
60.4509011949586
57.8712380958401
60.44927649792477
61.4295781325405
59.63965419814429
59.89359736397821
59.71137971194115
60.394201325042324
59.64102331411736
60.07457173138195
58.383961697260936
62.672772179959566
59.7739666697636
61.4292791073779
60.02715342783998
59.92416593753861
60.46417783034944
61.775710593142314
60.94608876049625
60.59014920089764
60.64789435064528
60.73522850736691
61.21026899372989
61.0939648480555
59.98342654047313
62.39013655664245
59.52862275888303
59.71280856413665
60.27930195424899
61.885988321527954
59.85483737369149
59.649313924762765
59.917896258482
60.546955786113195
59.19437203099594
59.70418212989612
58.92478707819473
60.71522691256657
62.12425870926778
61.369312117421295
60.150341788215826
62.84657407579142
60.682469392166524
60.83232871662313
59.648156014388654
59.051251039236504
58.065006574595394
59.46355223877606
61.26922073736962
60.19433977630398
59.2875635620205
60.382391873586755
59.794519552890776
59.9696563625358
60.64999382763003
61.983899817115876
59.56273795899044
61.35663293076013
61.55524642233805
61.70289379065405
60.43340494238745
61.819539205178884
59.85626010284999
59.9495833021281
60.33964426264055
59.29636770518644
58.63352441404352
59.23265782738149
58.196634136133646
60.66887584584447
61.64044546730682
60.07924378417759
59.46728224376135
58.693429139345035
60.01199030074955
60.01256911094735
61.43880072281573
59.703017469259144
59.1247546543019
58.55137352403123
59.000413535368736
60.61751479094863
61.196496947713854
60.83819109373309
59.15502987849332
61.13825262953663
61.51819740231866
60.76211513799387
60.83937225567694
59.46317011747002
58.79322314351868
60.64636454415734
59.919889535430244
60.03467333080396
59.31148831454345
59.15256333027583
60.68324723294037
59.66371437764091
61.076674722156326
62.37820306222265
58.59049379584313
59.26179941507833
62.3749250046536
60.08193425085704
58.37017089586426
60.515334516327314
61.683669238375664
60.94086601184272
60.61563680744563
60.78133187019954
60.55870695243139
60.29390508197041
61.04187097498996
59.903457101234984
61.23996024951496
60.59020875498363
59.81719864159069
60.137608582531854
59.426645544356
59.7200529959605
58.85019243456427
60.13118667142845
60.2015578540924
58.82089786319743
60.97957239759467
58.94402023645554
59.938674093411244
61.402911344729034
60.83471143133984
60.71576105016859
58.956746118634804
61.23718241076504
59.35464182663698
59.81563056273491
59.82642764041577
60.75139038199562
60.119311552937596
59.94866123090703
60.903768869040476
61.59208833908226
60.36913707116513
57.50109289226535
59.971247822598485
61.587283840930795
58.885417929544765
60.28121020707079
60.07654940366147
61.021575218909575
61.256483619314686
61.18858077438098
62.13439134311681
57.9182675265961
59.19548620692807
60.40578253083378
61.188206599496105
60.49266251206066
60.92640285728406
61.344377779553646
59.99251910246241
61.81401852875586
59.67276319356598
60.56011153427783
60.58652574284653
59.96088518601436
60.21067833201289
60.74065935122608
60.5824575494096
61.267458424388295
58.12912842929805
60.110569042026896
60.11781675170536
59.87772896250683
58.721689195194905
59.08819208979338
59.38588622238566
60.93320275841994
61.130473282636984
61.08103891256053
61.118126360391656
60.12731621524257
59.19469666043337
59.491750949042775
61.61231326924385
60.928131201711906
58.37134895887571
62.349660350340265
61.01545140862806
59.375406431467056
60.14875646593268
60.46062150877459
59.043761326395
62.72735592770716
61.277270230750965
60.15952737037135
60.81009943357243
60.005279759733284
61.37027828877842
60.744245975794065
59.133204328443604
59.54108251231939
61.05582832894487
62.47802747441191
60.29646586243652
58.68091734079286
60.330568390125705
62.15351896298783
60.263164991199204
61.88820098551255
59.49509828498177
62.10755665613609
60.67854573131049
60.007509117969306
59.56641640104776
60.987672458964646
62.48512281307161
59.72006193631441
59.601664272160505
59.84579709697315
62.023423313401686
60.27851023756234
60.426591634057345
59.65462608143489
60.34722462458891
60.270672837727425
59.84449714222196
61.17438224129957
60.41809295656951
61.40596393054194
61.380068361841815
60.72854932104539
61.78267622690927
61.15922927452542
60.77793701879715
60.657357078696734
59.22879346465873
60.56411408804966
62.54841915336354
61.64522776908078
61.96936738565347
59.88021426371717
61.39170026820082
61.0117259460968
62.57553923198435
59.22123553218425
59.38825612487369
59.58250399774037
60.61998473344765
59.77922711614764
59.917715139484265
62.50459402325358
59.41306739492136
59.643770090793325
61.35130579843722
60.847358060560346
58.82360695032063
60.81830737767879
61.57559058341771
60.645918972917215
58.72357866778079
59.79375483384286
61.300536412644675
59.007236881758075
60.47417119897456
60.324659416147405
61.23747310437418
62.660110853149426
58.27886203967147
59.91036744161856
61.380819498045156
60.14953493515603
62.84889516222164
59.60270509074293
61.944510684393
59.86444948323003
59.90816181019146
60.570433527593515
60.490015402182344
59.66279916659705
60.43206334601472
61.6780670708758
59.58874267573394
60.6521019499079
59.83727045431721
59.08451021932112
60.14288303915132
61.347774457479346
58.88286656016223
59.86414470992408
59.946112979063166
59.029499847057885
58.878470120616605
61.619066733564146
61.439950482194334
60.31371941077305
60.80526457369271
60.763732103627845
58.84808634207305
60.06271728078919
60.977255657926634
59.63692431223574
61.354680674712625
60.33541055249141
61.35692222713791
59.87088939826919
59.75225160419625
59.750873339968734
62.160152560496776
59.70112098958256
62.28518795786102
58.46273566801307
61.1178140132971
59.48890469939263
61.39979588594915
59.926158936309385
58.88337774095503
60.918213402125645
59.979396815780675
59.83429976700726
59.6890612135153
61.071981187661635
59.3351563413443
60.887483747135626
59.91828795740019
61.07098642222368
60.036907692632454
59.73087329636409
59.677896512594494
62.77866179854932
60.34621374198766
61.49787914080335
59.424278802988816
62.47821415215168
58.75162301289402
61.278774477697525
60.2795113528684
59.65119149661269
60.31738835327071
59.4374662504083
61.26082685613501
60.284359122160744
60.03018992826322
60.31171229135877
59.9925685818312
61.30798803882173
60.09397159971666
62.460918053514334
61.04570811037902
61.20543105685465
60.069653103756956
60.29874442009106
60.13342310665754
59.31839027247248
61.49204339152865
61.40763969330457
61.23822270442773
60.14374327757293
59.76877647282201
60.01732731471768
59.98018148724983
58.5375920809904
60.89676386151511
63.256149372244806
61.186418998424465
61.808924675094495
61.80209398836254
60.21201384781986
58.22087632853376
59.835901771615866
60.86948156566457
62.13438884603249
59.897300163927845
61.66171170368856
59.00760507796841
60.62250622978119
59.88927281970519
60.28971736179154
61.99453490563626
59.82531093403
61.208803478072724
61.128712608655455
60.310258781300924
58.14242250169091
60.61650600734113
58.90870134151716
59.447132329169214
59.43402822579665
59.37874523474598
59.63583647573674
59.97821907271982
58.383977841771696
59.91993319634685
60.503720639420074
60.65999109250411
60.337911470225876
60.613194508427924
59.5486461697762
60.52161263937669
61.06599599664452
59.76562624005957
60.12456174598155
61.04589950449586
61.35572845158519
60.9812059994815
60.85257255205683
60.50944538664054
62.292048231320386
60.55828203175703
59.477040429727715
61.33513554602599
62.14674627773247
58.535539438129945
60.934243818636425
59.30067916116485
61.789777166327205
60.7446649009972
59.852448850212504
60.62607282171826
60.75048243826629
62.19748455896206
61.92195141084214
59.99688113791408
60.43094686182906
60.05478809451992
61.60327658801949
59.266020214298116
59.676519804161664
60.459145754283064
60.83623772290456
60.717180970614265
59.793565262540156
60.56127492812893
60.79472966353618
59.85966786432621
60.134850406904526
61.25909452044131
60.232691842462486
60.77320139664417
59.209266053498524
61.49965901693942
59.19283393183103
60.42681173869964
58.800737206321784
61.983430704520146
60.81998157988696
61.32235030218468
58.89238811043832
61.12064918883457
58.84961382436648
61.1535974023511
60.19785046603736
60.76127561137818
59.16205127361377
61.0380253993422
59.95599100276111
58.50142816035921
60.141115363194025
60.150129948495206
59.35460610021821
61.17633226485813
61.51157082238728
61.4385683327888
60.66921053234265
60.24927003065991
57.55841416810881
61.36018232665525
59.66796088330206
60.45998504494587
59.78422972982199
59.31204069450298
62.05203725665888
60.260260993136676
60.746979811186975
61.48219153390038
61.744986768295604
60.8223609294567
59.625276770490515
58.7643865194377
59.858914832163485
61.67337796525047
60.42702788002328
60.68595764958552
60.293220544852645
60.12440125072386
61.10031647230939
60.00004748831223
60.865464899334604
61.41094787806247
58.381922137269854
60.918584372824874
59.869730789733374
59.26250971154711
59.33126789539371
61.366244151636174
60.80548105114922
60.1772381596016
60.42681098377162
60.196303311274704
60.08931803048342
61.08156402303549
59.41215340189077
60.65828429193756
60.247821832068425
59.03542268230205
60.01537912098951
62.20187440329199
61.092321885340105
60.024008273513594
61.26968149209396
59.83098008912007
60.04553600551874
61.243052708449376
61.38953430223404
58.569994606372525
60.42330656995651
58.735547892823035
59.53539030298731
59.46848320458657
59.70723280691802
60.208329323361795
60.56341200428359
60.05774455723042
59.229026657917736
61.56396669512976
62.937177842088985
59.135944860540384
60.47388392406921
60.24566341164726
60.18729358101563
60.26915017405256
60.174153717002284
59.987776267869755
59.93199750449482
59.82922362104313
59.116170700021314
60.72793995237387
59.805885953712966
60.142200582962964
60.979414553869006
60.86335167026921
59.9096102210825
62.150279127138525
60.04797720305845
61.387895768572406
60.13403083430099
61.317081387091804
61.46117203596014
61.314431573844956
61.106816698484096
60.5620681935021
60.663145894933784
59.41433199224395
60.20511433601965
60.53693513429509
57.22774063751811
59.65275479774187
60.76992832653149
62.14060288970992
60.540072773419816
60.16275968251473
60.12137826417777
61.766235322020705
61.48939584640983
60.39474498376864
61.3011484231265
59.743468690630095
59.1354989540121
59.13270713383868
60.74958949363648
59.49961662788344
61.007163012305874
59.94344955515559
60.554546837967216
58.12683933331629
60.43707181772626
60.51500932060696
60.23370623959345
62.08846336514081
59.63216797167517
59.85754383621076
61.039319428352606
61.89260731029628
59.74851686804002
60.36794207218661
61.90268053296221
60.66825655631236
61.82585275719489
59.945976894238214
62.59826798748853
61.19814660278487
60.685632415413515
59.784985965631186
61.948465228012786
61.3232665898788
60.05499666519624
60.486176557476924
59.62614929595144
60.93230975135405
60.630092019286444
60.17044550548812
59.76766814113237
60.637628783032945
59.32189319935962
60.75945318218164
59.73739687360443
60.90681344550397
61.142108565853896
60.627318499219754
60.00556352142412
60.826138515868095
60.630510916961725
61.546730289116425
59.32269035265819
58.79054032341449
59.40859004029816
58.62633146633007
58.776642593796396
59.720565186008024
60.17040061604874
61.63744205308919
58.35570812226648
59.05273201466425
61.6643205512423
61.08805722626462
62.859267591953646
60.9815167601135
61.145614452470284
60.50679670692218
61.263217148915246
60.02905231879863
58.84505166638861
60.45346912982223
59.09098711914168
60.494640051484815
60.61130891319584
59.958460588599195
59.780255690308515
60.257153116066945
59.50245002342612
60.615331444494984
59.383101884381766
60.229503380527206
61.016876685969706
59.38895491363854
59.69742151509465
59.98436172775599
58.448371759548245
61.47374974689355
61.31405708540722
61.97851296453652
61.26139638945827
59.3228154224478
61.25352027835201
61.25170304159319
60.41120257900868
59.21493378589122
60.88888808989771
61.24241724739474
61.49732554995609
60.46624275409368
61.41486174929096
57.51101842675747
60.15779637551381
60.08812777048779
61.29741081248761
58.6841279425175
60.22548542600088
59.93392057905503
60.458468666678186
58.87218422001754
58.52777109213059
59.84684813520875
60.381502709491556
61.82093139289213
59.243962612395656
61.24816338556694
61.92539257836337
60.32501674619828
58.885264294542345
59.969786440639005
61.556527101791666
60.46891399248578
61.7462103916265
61.53205368510622
61.75237253716608
60.768644584251305
60.9397734973115
60.66308980440169
59.052523989984856
59.493762386870095
59.16924170800549
59.796246869516494
60.01599727320682
58.87381781542644
60.7064238435204
61.5293596397188
60.09851353459998
60.152950544852445
60.79366256117006
61.00579305597918
61.54947655614304
58.39329759901075
58.99496300463093
59.93089021989391
60.30256228271136
61.60167989362678
61.285199049089314
60.65662524027808
61.712377078287716
60.19197396665772
61.225569967346196
60.54991518249363
60.14622006078443
59.780044504615304
60.81532097235221
59.8415816850172
60.19846157900159
60.5521580757802
61.18962652060283
59.90806309969123
60.51883495005453
59.65467943470614
61.3005871316259
60.587492661449936
60.137868413429494
60.696475513999644
59.432262838875886
60.83890845792279
61.77063782536623
59.4373561054972
59.591116276052624
60.21171487467663
61.60433747365834
60.81262718881121
62.44340418976019
60.41609261324841
59.32699996703162
60.72359353347801
60.247704402569255
62.441936623377714
58.468659339159956
59.08934679058526
59.147862769071175
60.92253046146946
60.036951877205865
60.4633387619769
61.6092721050993
60.04711828663291
58.46017579572486
61.56237598011132
61.35038216284136
59.422981362879604
59.422187080455835
59.53336303220293
60.30732993392952
60.17644175441108
61.05717153417655
59.404096342830606
59.86143658122123
61.58459173476021
60.36164493406527
60.41412950947756
61.20175573566765
58.19948938908662
60.40801906773869
60.31640276394164
59.62377729664176
60.36316153086707
61.33477393512564
61.164522981980866
58.72681840324884
60.652392150975004
60.61275992507687
61.43019501689098
61.32532980917622
59.09748854870842
60.495894929186576
61.031492898216186
61.372635583882634
62.231615650749276
61.004266423889334
60.796900943308174
60.58698056988312
60.42971405420939
60.953328218656225
58.60686813298885
61.650167049222645
59.99955674605111
61.51225312914494
61.54153175701494
58.408875115477834
60.903805383002826
60.945949800695445
60.87004010758871
59.28007040536629
60.757454440313985
60.6314300538488
58.248118251408094
61.418991468283146
60.892434412940695
58.25104364304746
58.20110188743368
59.07552455025247
61.35114125964783
60.46434125198515
60.881847575933605
60.91855875057789
60.89712126595697
60.03024858180971
59.665576734405875
59.81367432956554
61.694846214113845
60.877698763483785
59.37227558600952
59.51907653489829
59.404787749823136
60.620059953567974
59.33782772920321
59.98681161053468
62.52518509412669
61.252082068073946
59.10835258765694
60.50266704435602
59.73176458258112
58.257777699222515
60.586299387297686
60.18027710795087
61.39710064309783
59.911570892226926
60.5001871076404
61.065152241639844
60.077012667540075
59.64192704931912
59.83737344281283
61.03392993059555
61.62618371943588
60.53757007421174
59.49349349100609
60.861583768059624
59.37299706965525
61.76652644322656
61.29081008470203
59.522433522039904
61.225147607343224
59.94474022998107
59.60284938482316
58.63581835518203
59.86621023574762
60.805104580730706
60.165106189398124
61.31505001571599
60.1011389747715
61.67514938377741
61.08686559094746
59.54333075580007
61.54747389582124
62.16389271501545
59.061687131884355
61.45984475462351
60.004320771159364
59.037701536508195
60.21905228624864
59.06620312300111
60.28724582377312
60.837672214418646
60.73583401550197
60.83613543395676
61.291476432620854
60.52525877588979
59.369146053624426
58.94538069844383
59.16541196538454
58.94772245561634
63.093154435958326
60.583612207394566
60.12163407414208
61.80721135791539
60.44236281478804
59.1518842086319
61.31441267679223
61.616333047121174
60.56447222309769
60.15447261735322
58.69942532140832
60.62347211236366
60.39922681062046
59.38533228739127
61.437186366104754
60.889032456702694
61.89675844831372
60.36795058826865
60.37773185835641
60.520908018735255
59.19519346380873
61.85779325760836
59.95383146936065
59.609239951256
58.7708892056444
59.276451601237014
61.30035318973154
61.02328575452958
62.09669223427829
59.67767073253861
61.615229621646975
62.54973927458814
60.92053050329267
61.88701201229067
61.873424744938156
61.6774676427212
61.045587356151174
59.08841118642542
61.81362125842952
60.74420329238607
59.30088387633666
60.21767724654085
59.80092206413765
61.51810226789897
61.93772192699489
62.24219927926372
60.931471635967064
60.53251813038364
59.57213716004856
60.63991122362982
60.44685354468078
60.81601871370013
59.03456713548424
60.48573930455114
62.35281622136926
61.51292840745647
60.151882201143366
61.63901084949732
60.113369849441035
61.03918963586277
63.79837169778367
59.19071884667036
61.01995827154394
59.262582931945865
61.31089003348592
59.88832098546385
61.3159157231577
59.51754981765847
60.86001881812218
59.87366116683854
60.4382285571628
58.48560137247059
59.900982158189464
60.03731799769188
61.93333221529351
60.33103816025138
59.52359820652205
59.863086811981006
61.306868936955155
59.225966438872845
57.720220576871526
59.59965526593257
61.69478120544876
59.864412425214226
59.96166113684496
60.944973330467974
60.0054595400035
61.15096433649524
60.14498729337269
60.71212663766202
61.20368303587936
60.44768303665177
60.689961136281276
58.39036937950945
58.521219827515786
59.701561750172395
59.22357463581442
59.67781732097386
60.21146449445656
59.53553204198798
60.19057093530931
58.984359526677956
59.33495400915644
61.00283108589288
60.75424195924597
60.17140276858304
61.80660947504158
60.799407545740394
59.13600864975936
59.781243229096944
58.868190612909366
61.91647221084378
60.46227181285264
62.33654494755869
60.014147623498324
60.99894746959851
60.01197631751211
61.73577373350635
60.06254064156164
61.23651751960479
60.02101878155502
60.181778895048794
60.158017451191824
61.578273416951454
61.29505970429932
60.284455045153514
59.48269667489366
59.97937133532944
61.12479180307497
59.75575062138909
59.243451470258265
58.172238836148175
61.34260976829688
59.130118829677876
59.60534457735447
59.52368418323635
59.412630573398786
61.34917320783116
60.288440529957285
59.1510794254751
61.57959746080145
59.920195187201884
60.64420708304602
59.7318848767839
60.004145953011864
59.52307117993285
60.49903158377612
60.13243624595519
59.32193172951171
58.97590995828467
59.95042670064159
60.48093243219421
59.76529504089965
60.513485513995384
60.10541671571187
58.64004802134798
62.79772623033217
61.04338768366843
60.48173823441354
60.38384228672303
59.884653260898844
60.111638115115106
60.98175667005081
62.55435454418796
59.809417907038345
62.541494584463706
61.01055811543287
61.563024683281036
60.46057302622403
60.669381984980525
59.46170616962679
59.683783456263285
59.96239406180655
60.5398830179968
61.113990748988876
60.40475833208458
60.56572455640809
60.525797528498046
60.02150115819653
58.01004332693534
59.76102698737514
60.74584099277672
59.27133774353809
59.20259980606915
58.161456601286716
58.84665825700848
60.72358264484858
61.31113950330654
59.75618972675839
59.5260243770818
60.849199445391854
61.16356887564896
58.89249133067675
59.88022458348423
60.96491354407729
60.375526844800945
59.657364141724884
60.80688380783628
61.445346189138895
59.25533245943201
59.903547622421804
61.598217469475365
60.59979503273664
59.46003637860426
61.2322427230834
60.66333647914762
60.75787555330318
61.39071254217013
60.28819027216685
58.603997905892534
58.30133711926982
61.148779487141546
59.420658979506385
59.947083701876366
60.978098647682856
62.15544667399522
60.17012296249904
60.27254602160243
60.63943221360173
59.42329597782997
59.94843409665179
59.52887785844644
59.27837946326362
58.96923757570224
61.51810099657793
60.11889152299544
59.29106283447094
59.66179816891253
61.22286745589055
60.75702566337078
60.54324105984339
59.098105230548775
61.415929449511
59.337045633810966
61.86549254317083
58.193545051094404
59.887259794856156
58.940953623020405
60.64239776800422
61.08795251594932
61.576407842781876
60.13087950545259
58.76758735179535
59.450072231741345
60.03207562196584
60.330167662416805
60.577553262419514
61.62211012001126
59.66636477251405
60.79890610922848
61.35752084717055
59.94228836986345
59.20585416263911
59.1574758607545
61.96883273901107
59.3030055508038
59.708908723513055
62.02390072438755
61.42912989165773
60.17668839021307
60.3254158642803
60.71645304044712
61.44702093729374
60.3929769504728
59.94269306661375
59.820521126946716
59.96397497507387
61.0193702417612
58.92554510845849
61.31797159306547
59.50084332819141
59.609432408693145
61.32347541697789
59.99288132081296
59.522126049361404
59.34003470646366
60.680557762390116
59.25970716134444
59.85810557732747
61.812675943899606
61.45733643088369
60.508404029004424
60.7767806034264
59.91745533090519
60.389098018962315
59.33015023293655
61.10005458771358
59.29540626840872
60.97634348368031
61.962606067744574
62.83579884320187
61.117361951661344
60.058549293613886
60.0248279488725
60.97976410866187
60.88395211673432
61.68314871399235
59.13809195652348
61.364942212983976
61.217783149019496
60.318756332886096
60.05845418856955
60.581412265763056
59.15396808434149
59.14724753594731
60.797146381455214
60.54520088401779
60.936481530305194
59.801720979560294
60.43408863749713
61.690431269403675
59.877684132063685
59.8176980842422
60.61655608262669
61.054385282832094
60.270845237372384
59.033641013059274
62.53959397890386
58.87456338019741
60.42753808483038
59.70567953338211
59.53536582990998
60.46658593828409
59.874119293129745
59.26478660190652
60.11894323083915
61.18570216877772
58.1887722902266
58.85776244704929
60.159424714170875
61.72038548222609
62.93370718263216
58.50553957271811
62.2505086375481
60.927454534726195
60.48729690368202
59.13210378462083
60.45047352581628
60.8665982859001
63.658793577370275
61.623633521255854
61.632727589601586
61.5268985144779
60.23018966859547
60.90721837439853
59.40156408778245
60.00651840353321
59.900642627591985
58.89050315969037
61.108040875182404
61.34368821532205
61.98080115196973
59.91659549484978
60.620419261501
59.6160712794618
62.23330623205371
59.51722756124106
61.35188340698548
59.27581439784144
59.27809822578008
58.06576440772714
60.50571520606734
59.73115032409519
60.559705966816004
62.68492416476208
61.02838007830947
59.325279606843715
60.22415466250825
61.41834869976421
60.4121669204972
59.984444200605324
60.88125479675788
60.164025571280604
61.61152399237175
60.725273727640335
61.070318121892214
60.71612160488991
58.181735330278286
60.367708733095874
61.4038514205898
60.73599709726254
59.29246245766825
61.54035316738194
62.63980780953688
59.85950818670674
59.894335400333
60.08379533800181
60.61997849822447
59.36619965427935
60.00616609104062
60.63148110050077
60.37169865603984
60.90868640550377
61.114930327374196
62.662901116883326
61.178754767075354
61.08111022423915
59.40961729878791
61.75992477289283
59.82670436463651
58.06328166549383
59.517166221462226
60.44775498597293
60.179782784500155
61.61560533700194
60.05295947446862
60.17479363989616
60.10339328755942
61.64727655118567
61.28479888172033
60.83094358363254
60.20840908248609
58.15948742762548
60.05816227477776
61.7580124348635
60.02312993951037
60.084990659601466
58.60971850530029
60.90666261277692
62.2696127248567
58.52585354867399
62.34502654454957
60.20740363367039
61.61684146393622
60.34142144616939
60.00554923666518
62.353870453403985
60.596699435028
60.28751643703329
60.99937191656045
61.96256135068889
59.85898615909525
61.59434219533731
61.167457752950114
60.036684593645084
60.258461277392655
61.0556850382126
59.109528144791916
59.84080223184967
58.89544603981185
57.80553776047397
58.60460550452138
60.27633739191525
61.61312015045424
59.33580479044514
59.994498589734185
59.80896242880657
61.637762478483715
62.0941136858674
60.37299713330429
59.99717076635194
59.97326864070014
61.21328474218716
59.17444073677553
59.61460761770238
60.99021473755913
62.03708991695771
60.58287768741605
60.81120625609779
59.2266237887246
59.76819161047563
59.34842920476866
61.18394044344519
60.15971871451171
59.95894165201076
60.85174286877676
60.40948858434254
60.29301730037861
61.2006033992238
59.71999543236906
60.88379353409181
60.87687785376389
59.2332230480133
58.889320614718386
60.3663819837622
61.434645537398175
60.860793841020715
61.507556717508834
60.807936408480295
60.340546835641
62.698587395719166
59.07236694677483
59.57958712531097
59.68545711857793
62.617569969457755
58.979652457406516
60.98265534913783
59.212741864077984
62.514332378411126
61.281433644043766
61.349534157359194
60.230891878082076
59.381453362027415
59.17349773094404
60.67498430597043
59.693929447158915
60.87146349592826
62.14685060761402
59.726517891483546
58.03641887340417
59.80401942473938
60.20048074829757
60.895615560151235
60.39719625338869
61.798770945551595
59.846662813181005
60.24219801347901
61.3548497396916
60.13369490608632
59.58963065484424
60.804389752117245
61.434261938564276
60.24072448969016
60.18202243164005
59.441406989256166
59.22911950301052
61.76310613307552
60.99221526901407
59.10354118963402
60.88595073067035
60.45459103250417
62.436512972653134
58.25388172032034
61.126899089857694
60.36999394349956
59.7373996646803
60.00004920377389
60.28406928844995
60.219132030670956
61.70020603564817
61.54653316803153
61.43489047564943
59.82714687028408
61.700226219714
62.13202856492121
60.21408733925579
61.13895589384242
60.885158574136874
60.47133296194524
60.9265007489186
59.17468629161373
60.614288859227734
60.5428917000954
60.054732892123404
60.31973244745857
61.15242433559656
59.57920435838513
60.54563389821039
59.13731496988116
60.181619501287265
60.68954548673148
59.4609152093996
60.19673961432907
58.90446861819705
59.45956762943655
60.03172266367406
59.13043208312387
59.414993935198666
60.889628111400484
60.83160878591519
61.079714333807495
58.28438628022982
58.72845433469921
58.490163079625795
59.64538436975964
59.715793317904826
61.49483325608625
61.462598952133746
58.50349078797845
61.116742704514294
59.87426602263061
60.72239085493509
60.664732471008506
61.22630339733488
60.967022107303116
62.07890061777377
60.620275965403685
61.78073534096285
59.367433460652045
60.803984507243825
59.4296389242745
61.192882806410054
60.34171423944447
59.462200015129156
61.86078840517798
58.97078863997396
62.31217000287085
60.932960937863086
61.38321029426089
59.04282203041177
60.48035693301974
60.042499800900146
59.51146854071863
61.03795072592573
60.0636341980471
59.88758670437271
59.76983501011756
59.652203494062654
60.73147715499076
59.704293277060906
60.212527421623825
60.63334668546196
60.615582797081615
59.57351680972754
60.252276260136306
60.040281600262155
61.98041123750272
61.217974448662446
61.59806383695961
60.736832880410745
61.59767964080434
61.83464133046283
60.064629206173066
60.91150230892953
60.255745607591166
60.77508263939091
56.41060786329688
60.39302152123503
62.22855440976343
60.93537053800837
62.64348827609608
61.38674279137747
58.566856100527204
57.54768295510569
60.02752289045704
60.95977521612078
62.38147139918664
58.748454690379496
60.99747671546211
59.533726953887125
60.80100759942218
59.97806807260725
59.29964557346477
61.72948250671405
58.16133777164367
60.70984402440326
59.258019169112785
59.94778085136999
59.710158686015916
60.02215192088452
62.0494583640644
58.65569547363837
58.963363252647255
59.80111913799455
60.16204325800176
59.92811491712217
61.103668693249766
62.54640956042049
58.46611845373594
61.02524295333614
59.863015073712496
59.97442295701458
60.342871220696274
58.47094300722669
59.69186064906299
60.323009745486516
58.936161271865544
61.33323638665862
61.92449402732969
59.1629290229959
59.55039872139346
61.501806148222386
59.26442787707316
59.08657440033432
59.95003175378267
61.55303423688111
60.760452926522305
62.381163199682085
61.807575294059546
59.41110014135123
58.7194974009665
58.7204702299729
60.70740448244646
60.992803574741
60.69703042673249
59.96834541331393
61.75285483610865
59.57003072998688
61.21390149234408
61.093345828350664
59.24732495224895
62.38306762735482
61.29173749944577
61.90480166438132
61.28164139965522
59.71572530626621
61.25869190066602
62.28881833681284
63.004826381309364
59.529139737509574
60.58659083878208
60.07771643412307
60.17432135488621
59.501505032032036
60.026888174634344
59.23866345708479
58.680591849156464
61.142325616953556
59.148142737879255
60.563762030116564
60.54526241520084
62.79718709321295
61.43118515293569
61.05089412173481
60.63299699189001
59.656633728908545
60.64714287983484
59.99867753483652
59.13253444990802
60.752057606403774
60.35604923135395
60.67368921285911
59.576229609698814
59.265542595138974
60.57465509492014
58.72873871314438
59.816424638072476
60.885239729413556
60.474433968907476
60.69134406187552
61.1871120045798
62.11577287702701
61.04523165731584
60.62453616624785
60.88317246098309
62.20743892149534
59.80614486867865
62.09033768034432
61.50522887032099
59.38509927248194
61.052186299271625
60.684904567943114
60.07161889206122
60.172929121235406
59.19036516698188
61.029657743793976
60.5942791563936
58.459910800139745
59.854584320458365
59.80570566115641
60.79298038797483
59.95672397474653
60.54763226126718
60.785995903188535
59.94391722772535
59.997062987329954
60.28033772105794
59.89010821428605
60.09256240101924
62.665298498469596
58.45159525342795
61.252881077162236
60.300356944273865
61.90497765230721
60.797296700921954
61.13906185698454
61.87908752093053
60.52379908560121
60.14238164376601
61.034044599841984
59.709824813995795
60.56135318240045
60.81289682435781
59.24272718538954
61.2421328088887
58.919322735838605
59.92879863920706
59.676668368479156
60.359461262780904
59.2850055981374
60.568929406931865
61.52681731495122
58.9231532280663
58.4945746756722
60.99049292870484
62.406295733262326
61.21710829891549
60.6417625070287
59.87813002017308
59.206070293786915
59.61671232195008
61.64460974388429
60.009973957334424
59.45006673577769
59.46724197141406
59.915045741402025
60.322295476981495
60.922879862940476
60.390108638520516
61.56960876258452
60.51121366946942
61.12928745622757
59.98502223099799
60.20008048915384
60.24703139591849
61.014728620600025
60.35586369007989
60.322957491374225
59.8257718866806
61.28920241641717
60.92588874924775
59.99441512860143
60.43806915844927
59.56020409560726
59.19463075551568
60.2317884576439
61.63306575655522
58.51114293182723
60.04305838887011
58.55755525097532
60.51231219476206
62.3166813383232
59.23681798230187
62.03349396088847
61.67103718833338
61.80413544250027
58.733252306904284
59.2709904949883
59.33605509772003
61.3761085240456
61.72775329722665
59.68882714936056
61.04625349872696
59.73461734551072
61.35956617346343
62.47206659289446
60.842880766374584
59.53430086662631
58.873002249663664
59.086060138018134
60.650837014403805
61.24900148113946
61.12913061271503
59.626100642642214
58.79889263458227
59.198780896415414
60.324962228836206
58.01136205875195
61.03615643432661
61.097275244225
59.81118538663615
61.28978248060732
58.92338797205379
61.58374962685591
59.96337649350913
59.61664920731018
59.47675711543886
59.86741823714823
60.785730442233856
