60.27124825015235
59.955232383594
61.3117792859743
60.15389541697192
60.217021098058055
60.15806521434266
59.605718077615315
61.28649498458945
59.929656874615965
59.142331242549496
61.183046358527584
58.29674577270368
59.940866838463705
61.116411857458516
61.587415563838704
59.30097047505238
60.51149676534149
61.056875800413664
59.91969514285113
59.37266863212753
58.61780797345931
59.209076408934074
59.699010048899545
61.86899600327264
60.45702407373735
60.876977365348935
61.521197250607194
60.63954896448591
60.53606787940564
61.29570943013827
59.73821373106117
59.75561489979666
59.35575322150886
59.862556537048185
61.00041979132155
60.84604709832583
61.85971451509207
60.99858801749473
59.68550619172131
60.53340052437794
59.49178848677124
60.16567755097961
59.65821579407492
59.88553440002297
61.24752210787548
59.9571107387948
61.63186924105015
58.70897645837716
61.35709312649271
62.26908480033388
61.452221089990324
58.93975117740473
61.378613127958296
59.40208697145106
60.331267794125054
60.390907835051074
61.66344922092398
60.58912957544397
59.0192290704563
59.24614290061022
62.690023827412936
60.15312071853234
60.62634761732538
58.681812276207324
59.88185375600058
61.39962988212291
59.829719895413376
59.65696668043239
61.91854637489197
60.194326378184805
61.09078570490123
60.139462144908656
61.28577663799744
60.64039022354506
62.96373991930376
60.69674947358298
61.891406777713385
60.04397850615244
61.103883830775395
61.81400299592915
60.91683676801464
59.990485973586445
61.44200580136481
60.65478068506436
61.10487948863284
60.22153516269163
61.09256283579823
58.72610418125856
60.44239537476279
61.51850545878061
60.78163270567969
60.31678462990803
60.814984012947306
60.652605826134725
59.543025831769626
59.99202995464471
60.72950448393557
60.472431908642726
59.63815088525618
59.81495052230933
60.07342202309678
61.65187387788755
59.32019098044773
60.21141816314841
59.96070528803979
60.54688861821836
58.48162810669688
59.912725613157285
59.04409286528017
60.40965183231819
60.52851922531607
59.596789885652754
61.17282198531205
61.618260577860404
58.20638109187994
60.62469714060025
62.50298005055848
59.69192582797587
61.28830217921334
59.40213317812891
59.17622367254883
60.67844815711753
60.320152429958014
61.03811542027137
61.355550659558446
62.49540291821815
60.264825645278215
61.8999630066895
59.96673525295436
61.10774223149328
58.27436474673898
60.98689493383935
60.49978918418354
60.471779841031434
58.0483756959041
60.440600460618555
61.136703286114354
60.19369717865895
58.971184893727795
62.051371995964274
59.8610749227909
58.325084729226006
59.67043880791499
62.942189148923966
60.97254795469154
59.38841522401033
60.24928318598763
60.554032077045676
62.64009380736524
60.495362200803505
60.14774962328894
61.219432440486486
60.989868613848145
60.43988247538867
60.00473265103796
61.101579758164554
59.427012432302405
60.92467613492154
59.84667150965563
61.03953283913378
61.747862701995345
60.17755536100918
59.980639511209404
62.050874114946545
60.85486996771508
58.74762425265015
62.22938378687687
61.05035275462813
58.37771538675216
59.31195277218009
61.3705171164492
58.92577300960545
61.55039945671115
60.702618267986786
60.10546673425793
60.83059970268084
58.07417444722272
59.33285182174923
60.70234432646947
59.523232209906126
59.89163841561181
59.587985515600266
60.91624709488059
60.54238473980689
60.44859428775024
60.83621968194655
61.5418330905677
61.92718715619577
61.44848350442956
58.24778913417044
60.96411416907126
60.665747325049544
60.46826020882548
60.114505976687425
60.37268622715455
61.414029914798796
59.888282293751615
60.367840717008704
59.38699744491172
59.679324358097766
61.804638594729454
59.817881338232084
60.191917472028216
60.80631057676773
59.87905190006692
60.84386993416109
59.4709789809349
61.144066980169406
61.66877543680194
60.76404818213081
62.556950603026934
59.0338009049079
62.19795927323479
60.44467088449421
58.052798641951846
59.64758978814864
61.17043437135809
60.15755949992097
61.145925249853924
61.89432451897905
59.33232651808865
60.734059506797514
59.57929964045097
59.620931136313644
59.956003838609014
59.20534016910193
60.50934571259529
59.4537779032337
61.600154043792315
60.63178993982019
59.52217270870546
61.64679900861463
60.49171551626257
60.48386661020257
59.5406278983304
60.18980384608123
60.899406497739726
59.49317617976408
59.609745100373615
59.89651329233118
59.935557362481546
60.45845545336609
60.153590980129266
61.31104508029904
58.53766156811638
59.150671942678215
59.160489467972134
59.72437338546245
59.63192098614401
59.542953456316155
61.207850287983035
61.10497108025521
60.51842093869651
61.29728485005133
60.99211803357486
59.61366197587502
59.96846669580058
60.4622834275951
60.36795106697958
59.45428649790936
59.55055637311274
61.07050812460788
61.61846331446585
61.26514690444632
60.686508037652175
61.013821545291385
61.531180768768905
61.734781464420216
62.66562081621399
59.952336583764755
60.752889833301985
60.63705423796053
60.012371870474155
60.61477305505654
61.694254669936186
60.25431605796686
59.3518782852024
61.21126774318113
60.32867375288985
60.048504438049946
60.290729528279385
59.826203249323406
62.144628267901716
58.9730817948272
61.52669885768997
60.71035635497094
62.49162353041438
61.0897798048088
58.933810176823464
61.599456209409766
60.16261537571249
60.16691788092687
60.27969077590565
58.051499889004845
61.011259505208024
61.19164900789169
60.975989532679186
62.874380314818055
58.894413760008
59.00636532157837
59.496886561407806
60.20959557545188
59.62202757700133
58.619907344660014
59.63775527287771
62.203312833948274
59.706612907713534
58.97973074966294
62.01640184729058
58.702993498011885
59.110649133586065
60.459365193053316
59.36457888634602
58.62319177132952
61.70946120238626
58.736764908256845
60.516518497873705
60.556982251414134
61.21183133441531
59.946975659302275
59.3262840679991
58.53883718148306
61.22366056295187
60.30086944913892
60.538746292559686
60.58025332706479
59.0735381753904
59.079007168401375
61.276899927655144
59.47233401686671
60.77720750530738
60.25862887226295
60.97521548091445
61.62880969662391
62.709162294619276
60.27179639054985
62.01409785317525
59.296674705415604
59.42982800383183
61.80422392218179
61.37840825300196
60.93483455424017
60.676469821198445
61.073535929658654
62.30207168102885
62.563252087494405
59.57510062585529
59.203581089638604
61.37004333566799
59.685515294213886
59.47003544672754
61.31157434915031
60.22802556905257
61.19498738082206
61.63906814577211
60.43265364935242
60.172858017590166
60.094117174925096
58.65839393354481
60.40598794726602
60.8938422373296
60.360181917458156
61.01512658321868
60.51463518727674
60.51380026938607
61.483759293700224
58.48838160322675
60.44270835114653
58.27460724533456
61.35508018085424
59.85122783878398
61.87573670025405
60.69537252301919
60.72368065329212
60.02069455345756
59.96523617499452
59.80051144094186
59.59497052211985
63.86487641080645
59.55105252503151
60.98411816128515
60.08917536242036
60.80138076439002
61.07059529169047
59.36104486359177
60.40200378255279
59.87461738150922
61.23051753957485
62.716015160592065
59.74938396723568
60.54024437256053
60.38270699493187
60.478150365760854
60.50839084668734
59.7433930730275
61.3769292121887
61.54385959222731
60.444280690019774
59.76961551006331
60.105286235937655
60.71382106064995
59.452091993129194
60.75243172147805
61.40247068585454
59.66476907835859
60.8356861952754
61.31530004822021
58.763474638133474
59.77115351607231
59.79495696278647
59.580313011242026
60.26075583390421
60.697469649860096
58.415844006738446
60.68398872789838
61.462965824140845
58.51792048107499
59.98034663496521
60.97290922709634
60.87986034570582
59.788867575628984
59.12012359502354
61.049922169689616
59.869943413439685
61.12698961756891
60.24741381978453
59.17761804290325
61.296830357750125
62.24219021353684
60.038136657393885
58.081855968506076
59.55568328478505
59.58498768550745
61.81976057633978
59.158376793631945
58.883155372306724
59.969270178032076
59.75421233345978
60.3987711589512
61.68886967393899
59.949263987862025
59.795503992031755
59.206051030337775
60.128683586600744
59.52010278502397
60.35126496971794
60.466670627965996
58.71117172032993
62.06531134231627
61.084707180337965
60.20882732754154
59.29640336200419
60.098949480832836
59.06966891609916
59.460512719691664
59.89427819147493
60.531170589959316
62.22931786235231
60.98643726893606
60.8851767323512
61.235699359682755
60.91428414803253
58.24110857402456
58.280314953439245
60.31241378093076
59.95605751400787
61.91493158923162
60.33919691316214
59.38530236058997
60.15046791580108
60.854357127263626
61.10808712118931
61.71658569204337
61.46326775881161
61.03069376649048
60.73176630466458
60.18520801574779
61.340053890205326
60.73736287302601
60.77255628216845
60.03113912102398
58.30880545671677
60.3097209115728
60.97066321972141
59.24102352529407
62.390465037997686
60.772503974681605
60.88838323857597
59.11054979352398
60.39208343767809
59.99728733429312
60.91536804202454
60.22135652365763
60.50839967940042
59.456132946078355
60.51748101084252
60.83997682289338
60.9491610845224
60.02693627450309
60.892653895487406
59.208311508557294
59.721236049529196
62.49288091264346
60.75631379413409
60.03648347689887
61.754013459872276
60.310275252753364
59.90191716100355
59.413639903996504
60.645489385291675
61.58236703816176
59.73768403649466
61.2622364752726
60.4835937744058
60.2905885036129
61.73365374709318
58.15730734997718
61.410600069833876
61.53367067908451
61.287324159753126
59.74557322675148
59.5686854235731
59.924784859240575
60.00044219530793
59.89023216813595
59.966576133442786
60.6757180249431
62.72803194541801
59.6558979157828
60.52815191079319
60.82478902362928
59.61235877044632
58.37243229686937
61.780790379069764
61.25984424384901
60.008189139614906
59.70174447686705
59.139743233904305
60.13889153436032
60.30264570671284
61.197475409148794
61.497470849755906
61.140641373557486
61.37792679917409
60.04548920149366
61.160283827954466
60.8528115537356
59.099379961553204
58.84052447010046
59.506248958809685
60.6791592264508
57.98430987288896
59.9409476030718
60.65724229900449
58.56461581156633
60.42778632905744
60.703072068183744
61.67255002203312
61.32593143231173
60.68407397728656
59.07339503157837
60.51072053593111
60.143911692010484
59.51964435180271
60.71245963304668
60.19561881984849
60.7013115478093
59.93335612332379
60.08032197840669
58.396969632823776
60.5752756331106
61.15744870940256
62.652052345187045
60.43598228548783
60.24610184223382
60.33596284519568
62.055918556536646
60.372935223124074
59.91853425917822
59.81348276153416
61.53014124196651
58.51157082621378
60.647244247581675
60.381337630438225
59.27834494003796
61.25846984749146
60.99037016096406
59.56111102213139
59.771266670300115
61.9230435845773
61.73400292086235
59.23851850517552
59.755557058112814
58.004491679702376
61.29313999181425
59.48464657788893
61.46156129435361
60.83863277982919
60.19344532171032
59.59447604963313
60.77238182833988
60.51328639813632
59.703807053146534
60.29482210163743
60.89360829061714
62.05367870585435
61.468432767769905
60.71346729474411
59.617672386449144
61.298922832104175
60.96879058366085
60.02954025382184
60.24327280241755
60.7607901162612
57.853778916776385
61.83440831851541
61.000466931075614
60.00386487472708
60.47215575736743
60.58225962152975
62.39281143527841
60.58907381706513
60.0694716034678
61.09584006787338
60.66833899985169
60.39903540220362
60.64107013453944
59.85091068578538
61.01509469865235
61.58391255051251
60.909694495439275
59.788307212704815
60.017840153028665
59.83615431819736
59.64607880712341
60.73978187893438
60.45154795137733
59.747299776848855
59.91166625323971
60.25938526203635
60.85740692794801
59.612208469940654
59.22953537645789
60.72177071754227
60.98807314791606
62.114412416814446
59.80841393258752
58.365756357997
59.816921763240245
60.05115490289204
60.11954577800988
60.390683248133435
57.09954891078419
59.72108130570236
59.356345336299206
61.31626845039231
57.85082961297885
60.709078994969985
61.02726744824933
60.3181448356296
60.01285558326544
59.101636881064344
62.23068530466863
60.32263692645975
59.49663353935629
60.37253679821537
61.65066570153952
59.98118414459004
60.21411807251432
61.19940102858824
60.406678087955385
59.02630079605105
60.726041402202384
59.350245780248315
59.76434218212085
62.905848486699725
60.141290526495034
59.435211485567066
61.02842169144134
61.61042858317369
61.9749306665017
61.30282114096609
60.457880839210695
60.154799928524874
61.48871997803922
60.51141511870213
59.328906126531464
61.018417241252536
62.37690867801033
61.90985561224454
60.20198732917402
61.52045626546137
60.42123477486406
59.78261443675689
60.733510420431614
59.71917813667936
60.67328078423267
60.11839085804689
59.641894337134275
59.861883966243525
59.80055055120394
60.981967851857874
59.13473122372749
60.24839891140868
60.432484963775174
60.98644279617673
59.47679423599826
62.39228639548067
60.65774176080224
63.0010430262928
60.845749691799625
60.06114420389474
61.32083704783821
58.219789269869686
59.53137302613378
60.05822537235384
60.138069961465035
58.819902588002755
61.35963744693588
61.233833377977625
59.88953398527075
59.709634927276355
60.9662099785767
60.23688966979968
61.114767251193065
60.73320327223907
60.52165133009338
59.97222098840204
59.453014745554235
60.144073413242566
61.131312651284816
59.30447564644802
61.13398419827753
60.503783498065076
57.750103263341124
61.70159094688203
62.044064517074
59.997951249375404
60.089507520845984
60.382660030558675
60.47978636969208
61.07536348830021
60.274996698158645
60.23230557116547
59.07321392853439
61.390976002855325
59.67257762669335
60.90955210238905
60.881142169970865
62.61898054439184
62.1064009336099
58.25171529812735
61.474087659598744
60.135925610112146
58.48126120080522
61.30952909777212
60.271288207647416
61.0485403190076
59.66445236407562
61.90175041926471
61.98835024535906
58.6197268627025
59.874039357807256
61.50468932199856
60.14342671283913
60.16961904359839
59.74045757058515
58.749567439652324
59.54635470318717
58.97583557416137
61.30351719592904
59.29553820712103
60.227623888566214
60.26155046821202
62.43206764500579
63.466780346186255
61.7359711965496
62.54727779023635
60.66025690462032
61.10365372148993
59.3869690195333
62.30556820482873
61.42613958287935
62.30447809971773
59.71092002045766
58.701907669987875
61.94488810389656
61.14182683430843
60.681363704579084
60.15432321482514
59.75212722716129
61.134942932694024
60.382840972473495
59.62147402682736
59.829256155149466
60.29299007801084
60.21708529609452
60.4734105019727
60.681186990678114
61.54437642557213
61.925693574353545
60.44333337344396
61.16044254752919
61.100470626958106
60.86614416812416
60.88111693469561
60.301385096727955
60.48034002730253
61.27323589240236
61.90851202131978
59.410084966186965
59.82432602473263
60.345837839781595
60.886467582938735
61.329259615464345
60.87932242122941
62.61824033973035
60.76727647128415
59.18243415601018
59.507613045346865
60.8992583953414
62.42148248686378
60.330934110812315
59.60255498955082
61.45458283778111
61.986349599810495
61.50778771471585
60.13803058564256
59.51746684396993
60.90750231857353
59.89683977703012
60.193181657251095
60.12989377114567
61.45942057815313
60.99230448427596
60.50413515674043
59.57034819734428
60.62673143691689
60.047633527057414
60.35598565486143
62.76079950468755
58.380034240042086
59.778905056673224
59.45592913269305
59.269611055778164
61.09335908558054
61.04720571143464
60.37892339004912
60.25352216087816
60.749290099158
59.72634185828934
60.310449494205734
61.28975594709251
61.76246739017303
61.070613605112605
58.16667275766739
59.179188106426764
59.39764801590077
59.66851531666215
61.27339246000346
61.4124500617601
59.94651274435727
60.411033899454594
59.365451026123694
59.47130477727621
60.550609050548914
59.992787988033186
60.092520492597565
60.182643462127714
61.137102773298444
60.11557580675951
58.69679510086654
59.45550544426802
62.3689952680601
60.28859912196903
61.00378457119187
60.395588681100634
60.33938609369126
59.54976156236533
59.72387107929782
61.33316115630509
61.23077573680177
60.523068566944076
61.949480838093194
60.370428660603565
61.25005553942292
60.09605572110736
60.773771673167055
61.719414595872465
59.78442139172965
59.37819429630351
60.04394218870315
60.594609560004656
60.939408055669446
61.6250045558394
59.20339504795062
58.651010879806485
61.35464105286137
61.6245053378973
60.6225584151017
58.30293626111607
62.186164251155844
56.854386616509466
60.04870090934016
59.84261952865407
60.41817314818542
60.83419938921343
60.45419257850521
61.65722097063441
59.35621108917454
60.02358337534282
60.686082796937804
61.01919061112384
59.33165773869749
60.82845654689699
61.319923757736944
60.17084093338078
61.10533023749406
60.917216292103426
61.432811592993
63.46652743353019
60.50426833232301
59.54672889648789
61.47227173308109
61.51256334222176
60.196441841902896
57.83328128187599
59.9431602156609
60.711888157688506
60.699930982878215
61.75302492388078
58.90340309418945
61.13049445074365
60.75696709198009
59.770542485753644
59.25900275386626
60.33292609294392
61.35619078737267
60.77788690987917
58.95778501568439
61.77465167789192
59.86020567800737
59.67956009706707
59.65817558004257
59.88457629423049
62.84548513368163
60.84022174827724
60.98107444571726
59.126758315794696
59.02289766248269
59.1368446884807
60.86915080225482
59.58591561442114
61.0960601694599
59.92515567211089
60.12726765639323
61.67712649975698
61.03427183650252
60.69959644738169
59.39685924741145
60.76827689933981
60.113270860048466
59.35038523981015
60.115167705386895
60.214196360408785
60.31704685728512
60.36433392217994
60.354039817648605
61.79041157630265
58.889239749393745
59.577580460122626
60.65157628176045
60.27167688598706
60.717854160679906
61.37040923850647
60.75701285469546
60.01308734945023
61.028802369476644
59.216224969984495
61.329641575208875
59.35207927064034
62.15068603153696
61.40353426482259
58.08039358887903
62.28948417700928
60.78077195957483
59.02969735790661
60.63438100874235
61.01626375536927
58.801282104977155
58.96453627183902
59.22004152479305
62.112788300280656
61.32085182306874
60.318501941978894
60.23364976811089
60.30920396420956
60.585192360099015
60.407755340345844
58.70651922245124
60.21089238224189
61.580959737468184
59.64814188421263
59.6029275125184
60.21905450073616
59.93941922177771
59.8874790372496
60.40228992881765
60.91544082539628
58.37656090904426
60.15626914534803
58.71197979957706
60.251343992928
59.6870274101639
59.89721129492206
59.94238514299759
60.69833778364801
60.45973852515992
59.0913060488083
61.94061134280869
60.029786905523984
59.99764528975013
60.9954918265918
58.90858374898801
59.50880695109092
61.37841846246848
59.61126708373644
59.8960635193543
60.047253813706064
59.239639313970834
58.96150792653199
60.912075581194166
59.41470346378886
61.41507408540085
59.93910083922237
57.43800044955911
61.952230808629686
60.623239773117255
61.09119004945735
61.41404144358704
60.97431151191387
59.99847592911294
59.37397207445855
59.591271556056846
60.8409024131176
61.033374802087216
59.83661385020066
60.146332195073064
59.8202171399063
59.51906328941821
61.15909143924604
62.10564692857041
60.68498959421873
59.48295656003528
61.250027243322045
61.243658121445016
59.501951085206365
60.472226702755336
59.444230352397064
60.007019596980214
60.3664255977433
61.28379070401551
61.234142505647824
60.34629004331815
60.57170861097729
61.1582852227038
60.58477605459285
60.20786208474078
61.24910723083554
60.120168170360515
59.19668729610271
62.957720375614585
60.39009989686253
61.33835147621667
61.44162879720434
58.93823432205264
59.911782618861906
58.804661788371924
61.56983981276061
59.40055371801853
60.66897100392185
59.65995968638512
59.30463369838895
60.601745634517826
60.24480918103339
58.78882318101505
60.45185732319209
59.93382963299478
60.784123657368234
60.07535948416427
59.91848289878961
60.24899712008766
59.982293134590876
60.6705136196249
59.61050265845224
60.75434950126798
60.66643123542929
62.19791234512856
61.13041398828475
60.24466793296279
60.1271231151234
59.342077997785104
59.7459294067983
59.43183118615808
61.653316351824955
61.20643512933343
59.95515249623612
62.05076266941243
59.369644916457936
59.61050987913212
60.304247557734435
59.28468738158864
62.79193073606211
59.81219907342849
60.91368107998119
58.85884386569142
60.64341433804268
59.72830346757895
59.52881933440435
60.61132644560959
60.48976063779236
61.29790275187867
60.945349438632086
60.82149628133281
61.979612444810634
60.643565766092394
60.94531156544573
61.83349705711687
60.785950947062
60.22558836838753
62.117162534983834
61.257576030616505
59.95686564526037
59.95482973191103
59.2377714329968
60.088535420290796
59.009959411458574
60.239685759981285
61.633340999280264
60.61651337730624
61.23770936424276
60.01629089848715
59.52888537748076
59.76810388505021
59.578553875868145
60.88356630283473
61.624314230907885
60.630899883378795
60.69403032367942
61.056078202083455
59.23179627915967
59.60467047739072
59.961152975030515
58.394167619397095
60.72268576290448
59.92295842863373
61.99887115088555
61.1014366066663
60.489846333478965
62.47419966527762
61.08690803804232
58.86676668247222
58.62592812697811
59.56902162925271
60.290364881698245
61.39902723280103
62.47479652500189
59.31358039769051
59.51246167569434
61.02658342055258
61.00833603618113
59.449466611137225
60.41534171744005
61.07522435640144
59.80676374836374
63.18414513587552
60.739900477145454
60.02892619592473
60.041077323710006
59.12657753546036
60.92580995755624
60.40188548253732
59.72720690084086
59.56601704709807
61.066364284913114
61.03639109580307
59.217168792171066
61.087858609964314
59.87077387009817
59.75972029736915
59.615685868131315
59.38891572401434
60.678515307515354
60.0376987740333
61.56564175006483
60.25906228206175
60.1235383493372
59.72771130063224
59.676098287712904
59.807447980978885
59.92671093071493
60.418883544380236
60.29984607137608
60.76153155388772
60.59866625386097
58.60626856202736
58.64537497878431
59.626325230678844
61.46006489486264
60.52662070960727
59.976326418227686
60.347671595883256
61.14154513463012
59.808576168252266
61.79781015722563
61.30815405828434
59.565963752631
58.46106819785971
59.72911346893751
59.470480000683196
60.257016042419885
60.22605316098066
60.37525775709486
61.37411319962352
59.89312879599577
59.60049262246211
62.36627771537649
61.22611550110984
58.813337569946384
58.8528657623644
59.93600988636014
61.84372934905275
61.09899843537521
60.78783491982897
60.97588392587256
59.92292115025531
61.34195229819362
62.288426002548015
60.11835389413524
61.18428249404821
60.00377933451979
59.92188656159173
59.33430739336891
61.014263857648274
60.329901715705354
61.07433387273835
61.747877136508016
59.49899153713596
61.92566238787882
59.733322849074696
61.50882379020431
60.293225562086256
60.27240059539884
58.14245174056879
59.782840164114546
60.74011963601505
59.84853517381701
60.127469925818076
59.256914248334446
59.131324389545014
60.49544199003606
60.26208799471071
61.69158090721916
61.591744521892174
60.595007049200575
60.21653141360401
60.49410675433516
59.76407833549437
60.8828495933374
60.8580273228188
59.37848437869107
61.43447080330373
58.97367382209853
59.67362313128347
59.765555377838524
62.26377723532075
60.937267561494
60.34209712154981
59.211919030327344
62.25672296168882
60.465137878177536
59.795671554293214
58.385807315666995
61.060017360790496
60.2336150301862
60.814865777778856
58.896251897494686
58.146947016032414
61.319006310441395
60.323658731503215
60.673271512756614
59.101652703554095
60.22058687655175
57.77359161637951
60.27461176415652
59.68123646092624
60.47906758613247
60.59545685635838
58.88723239665718
58.287481697549325
61.188939200364125
60.99602996210978
60.98522369922498
59.97363246017773
60.21164824123053
60.437943682647585
59.869277648723326
59.09019000589369
60.796516050035066
61.638341614738344
59.36213950182339
59.60761000204322
60.88970812485898
60.156772460535265
61.47705164697284
59.8843865643047
61.39009501002883
61.03719051346661
59.79168679647306
60.35619167286062
59.45070390968542
60.270266187193904
61.897486232733584
61.65712080133159
58.06837342499006
60.06841148188949
60.10210665994737
58.67767384678342
58.98023116197941
60.4377742205815
58.83192478819312
61.040404108984625
60.124220523931854
59.20898859800903
58.16056610794725
59.971113249196
60.17388933859656
62.514173283140885
60.28477706279375
60.876980576500074
61.10858366944337
59.53046767207798
60.15259916779941
60.95843307100294
60.93690991977981
59.75978686964888
60.36048718555347
60.85909373070565
59.30090198133349
60.36217368032412
60.78939513409487
61.074320186787
61.69519319125711
60.15838315332882
61.425900797353265
60.5114914347758
61.00138346839281
59.33593070041802
62.34922947061049
59.75373202103815
59.833408765915706
62.39226048718766
60.74560764673643
62.06391716801825
59.04652728849791
62.46392485412893
59.111820761514664
59.19190129202235
58.82879098657347
61.288045162406554
61.16931250502977
59.8655517837322
59.60886652779484
61.8128337058785
59.02294768182695
59.78317062828841
61.156882301632365
59.81945013177621
61.70724899583535
61.02203599996027
60.25554358351908
60.126836659851065
61.0900969822525
59.84399160384617
59.85030709437103
60.27504149692154
61.07770523638413
60.486349756315846
60.36361656217214
61.550849205091424
61.87811783132779
60.689957459171566
60.66861784487147
61.0852301654162
60.60622196424636
59.81247667314385
59.772526675678556
60.51708288396899
59.79376008939409
59.13496665948503
59.38225832895324
58.91290339623643
60.947390222222985
62.00949774714967
60.14319494858827
58.62434412386826
59.86380813165664
61.352458079122904
60.703033139232055
62.13406191877832
60.2016444999858
60.49602077800415
58.321482126507036
59.25191101957143
60.094088417392875
59.24700809109284
61.00887491475518
61.27662346179816
59.82331904923911
60.00139962033232
59.042911797252216
60.897941308201254
60.334207476963684
60.59114010513813
60.97822087835455
61.0566630977006
59.26479015336789
60.219795877325396
60.633654234423105
62.15093262182776
59.93669724054506
61.02012378163624
60.59839605073248
59.46953524633719
58.57337936102062
60.80999746253694
61.07036989005085
61.036045185289815
59.54385570040061
60.20712493758193
60.10752677498773
61.193115202887334
60.10911401398695
61.76548064309202
58.75181518133472
60.022845085701974
60.54827354585947
59.1927992625512
59.40155360917497
60.37305630036323
60.04422591720059
60.65723046238012
60.16139638232425
60.565065863899925
62.71901874634499
59.546210551578156
60.482762675565695
58.80612728353295
61.06157896785216
62.28133705019733
60.812867167792824
60.066733206917284
61.49663768207881
60.06391640232466
60.70684973864314
60.46290262500713
58.45091802790867
59.331215056057246
59.91176643031937
59.0814619811937
60.39844924841158
59.388103110623646
60.897503700628974
59.78472762530969
61.179895405315165
61.60516591219924
59.27600778371584
60.662785316039084
59.21706053553726
62.844588884543974
60.7265332007011
61.74695531116632
60.54998216196511
59.82848988346995
59.930013618288086
60.653750940939034
59.7843524193214
59.21474965785859
59.21934334429995
59.39434411112199
60.51208382795234
58.27873348299001
59.02230314401808
60.719361818972324
60.784924298505395
58.92396776220245
61.84296639141879
59.78334024772987
60.31695217225985
61.22783160663095
61.1630260750299
60.317653248406394
60.14574188640643
62.419035113604274
60.11397124606319
59.079788980133216
59.035913373583476
60.49358876119027
61.42125864054412
61.19676200403105
59.07974025514372
60.57434986812741
58.90730011837239
62.575586229094526
59.61239871199483
60.97045479924004
61.34330373463489
60.707428069592446
60.98221826539137
59.82633725431195
59.970995183055784
59.05240261491325
61.13761806012615
58.97851742210816
58.90435208937198
58.42239809723012
62.10556051729748
60.68231554158735
60.364415542495706
61.51370737705137
59.29800598622296
58.39942853802963
62.709744181355234
59.93525432322601
61.25656506353029
58.987339333642055
61.374850419063726
60.64378340514556
60.04123716439172
59.80931672830343
60.450871122302125
58.02116852249809
61.86057137626796
59.387792386501076
58.99049001903069
61.85517994965099
60.856675952896786
58.23943402113353
60.2165220790809
59.72731155478129
61.13260254957667
60.7300068225687
59.50835083604612
60.15320644342775
59.81396148848395
61.159695661993766
60.73308050371537
60.988051966559844
60.443349469890904
61.11039441214423
61.709683518139954
61.396527118605874
59.277562223390156
60.779732805709486
62.40973666349855
59.66633249227748
60.82266862205908
61.681462908061704
60.27122640553881
58.777910282407305
59.79995080205757
60.68156205334107
58.53754556204324
59.37113026485937
60.94635244332804
60.28433741202809
62.28826797692598
59.93811505706907
61.055354952246276
59.53444718649416
60.226393061532775
60.56178262481669
60.018735321310295
59.95236349181759
59.84762621384317
59.58349989761723
60.19252726668465
60.60218750950076
60.163145163386275
61.698058022253534
60.80692345657865
61.959029700598364
60.578389230186936
61.50717913440412
59.093536580791366
58.91791737763785
60.8844506802207
61.49411790593154
60.29512118543641
59.875033209969494
60.544323156425165
60.44256241325952
61.578231251093825
57.98818340574276
60.98795123519552
61.101575684284775
59.83959952632928
60.6350846101216
59.03042130741973
58.41282035451288
60.49455710962939
60.842242352550805
61.280794859110046
61.989183538085406
59.61600750793765
59.965842274372015
61.72997942150748
61.13059343683282
59.688971043951035
60.48040284135751
59.97489722054009
58.853314169527316
61.30814330586976
60.00284559123038
59.97450962696757
59.953464546510894
59.56895188644153
58.2768637114681
60.661561263239626
61.23332562270363
61.3783305065339
60.76654972439155
60.25634371276172
60.71073457147595
60.66128154521842
60.86674312034807
60.7812806927631
60.46749103025571
62.2144358441079
59.50022443665671
58.05153358005823
61.51744831851164
61.899478020005056
61.611157917063316
60.12216779797658
59.880699319633656
60.996957728983084
59.314707471704494
60.98413960826558
58.31228908857102
60.89976991806805
59.25967895866929
61.008010442919975
60.88629272647766
59.69140680011704
58.61800229699953
58.408533689608475
61.41052102220054
61.81129488947316
59.07961646337394
61.402556133990494
60.77359297813056
61.1795372546559
61.00096088777779
60.724366374208415
60.2070806844888
59.11343909542124
58.45464645668
60.57894879906671
62.38672999835379
59.4359781004038
60.99161452065935
58.66889086348362
61.388021952291375
60.946472832983346
60.25528664293456
61.1609968828678
61.69793384408712
60.2548311563748
59.5390485374297
59.821801183502124
58.135636313575525
61.49262336187485
57.88638546647499
61.28292099392507
58.967072959596294
58.2651067723386
61.43506858270867
59.7123007935123
60.80124931938493
59.65097214370514
62.40281156198642
61.0370007895351
59.1579749084429
60.61071579734743
60.067368228032564
60.06048324812719
60.44962196339281
60.15292032897168
60.27148251405361
60.50278661321194
59.9977406699688
61.155073325535625
61.721894684672286
59.72456291611604
59.43193107273432
59.95534884259964
61.332136516535805
60.26692994039102
60.991745571343664
59.7965229822346
59.723426631224456
62.310119743266206
61.56069538402531
59.470253154933495
59.92814348258654
60.1952365354512
60.74175190782675
60.315384911694984
59.2905674871538
60.53816572269401
61.553263645303545
59.496675345642046
60.655054620683465
59.60320165460473
59.95261349520729
59.45153765747102
59.71503666266969
62.55815065598269
61.18579651835825
61.13069476465739
59.86383995923264
59.06307017165715
58.848454423057
58.33303301236367
60.56003995055515
59.329494342829804
59.235709868792064
60.46831763307406
60.38971790113205
57.80038169786276
60.63570987694847
61.84796970011564
60.310496233098235
60.84887076966364
58.71346565976917
60.71137501274699
59.278741496280226
60.179588199054095
60.084225313745534
59.097753593324875
61.61478328966696
61.06292619280068
61.60781013631699
60.01368452041246
60.49129566209864
60.59165275606836
61.29133215595982
59.85185649403857
61.21940689131864
59.798170227291244
60.794255750191766
59.846603553298024
61.70322942123448
60.39687945483355
60.61801397090212
59.96029210042292
60.31363550807284
58.11434896676928
60.17948423916027
59.16115766756527
57.48252807360326
60.819592897181636
59.340491261122835
59.54133615168229
61.581477942618925
62.26530413440953
60.1620092148282
62.457149665923055
60.08348423107638
58.202637029778224
60.71834769245303
60.15839430633465
59.67485361133863
58.22975844317929
61.298357444913385
60.2140784604958
59.72617741614664
60.942354462494954
59.583861552420146
61.14504752832707
59.60791333364776
61.15191613434293
61.59778927206379
60.293300551514186
60.88630481211901
61.6830812737656
60.645886900904365
59.45801638852448
62.631709079655856
61.22325551332793
59.07400761095419
57.82027622353054
58.825987625200256
59.86445528812693
60.708070514675796
61.04028363417331
60.72460968229388
59.613920010397194
61.279723625088394
61.21783932886141
60.17778758358148
59.86036275707266
59.040104613736915
61.243195781953524
60.254449207513844
60.23962326429453
60.9780563148864
59.56859174157222
59.35647397571241
60.49907880132837
59.99704094394416
60.87787387659374
60.00575759108403
60.37486780909227
59.32894397713631
60.32384548513515
59.44781091716735
61.408893361156224
59.629157017805845
60.53692885950645
59.27906649756555
60.80407858164258
59.95098570492734
59.505403885570594
61.05232711077642
60.33000894830118
59.51201867584192
60.20193446134719
60.01945736310672
60.54321507065467
60.25655039655715
61.91151633472387
60.19327911582948
62.45188565310773
61.21296388605373
61.43612424386693
61.29227325422862
61.72694199939563
60.94405868661703
60.63683629287162
59.85202599057562
61.73170367575555
61.52364937074874
61.09732656390619
60.31589493532117
59.67882861471827
60.201471913670005
58.67728125934082
60.57365869054732
61.0598946505426
59.527976409924186
61.64860924481185
59.42359828319234
60.77107022835778
59.63802538292061
61.00937206997
58.88505201081148
60.521975271385706
58.968981852363434
61.9304623708601
61.36132134830752
61.62902679171623
60.68441901037064
58.93022573844888
59.59218061351248
59.75831205652165
60.90382178643425
60.333523588688074
60.13248924125182
60.35074178777014
59.35805134496506
61.4681546026863
60.617147598212426
60.34147398111061
59.6778680915673
59.43746687279082
60.837332424859405
60.004134492464274
59.87973566594725
58.80600068985833
59.65016459577673
60.981908065343724
59.5135106222262
61.015769755648215
59.4435884887235
60.834972384767354
59.0316463664786
60.492855129009655
60.914582560813685
61.36278129621053
61.65439558156493
60.129794915492226
60.240884613845004
60.92691582859358
61.20143404262652
61.54633996864117
60.01809032900641
59.177672403304214
59.88843931663679
59.916812434807504
60.35377146643754
59.67148182743391
59.80476711015323
60.10134574988573
59.82383763168262
58.909903076095524
60.55162556992101
58.23844390808005
61.293018020135925
61.56661918881426
57.98830381189646
59.14067510293565
60.47821646306395
59.55910251309153
57.46020697847491
61.67896201965501
59.620166981998835
60.15177482270417
61.257513632038034
60.400039553860076
61.40518417831173
59.247652229593186
61.43120016635782
59.6386272118386
60.87805231020443
60.11373423196657
58.11309113346305
61.19294145954044
59.86824224430354
59.991279102147715
60.69851644825004
58.99192208938673
59.32052318105813
59.25538822698479
60.134926711790875
59.62878726193542
60.13821525415363
60.95642556539109
62.17803370308606
61.74542544175286
58.567532766636965
58.306193654985535
60.35206985541557
59.820937041777036
61.25249975250538
60.46587821563918
58.13146036790705
61.332591782312186
60.78163571132038
60.306332908199906
60.34431379959441
60.310026532527964
61.42565035644739
59.370443519822025
60.07232980068694
59.35627989271206
60.35444743039372
59.22092721683987
58.99442920530507
59.31930640940486
62.408900139683546
60.57355299017147
60.58951605253554
59.63981777359958
60.372869730787855
60.981354591081235
59.395584750999
60.06979421993005
61.60399220025789
61.69796163142447
60.09263840698203
61.92066852216893
62.18283193747208
58.80531399730559
62.140715796314716
60.07396424804012
59.295343518332714
60.26371240740222
59.85771610196357
61.254663983223146
58.04200356794241
60.94539533124699
61.08626806230086
62.289177699455735
59.87239424903727
58.57607626272953
60.33674134345161
60.46306356161416
60.73046416006153
62.949909000035426
58.77815612289381
60.539757018865174
61.67479135152217
60.37111446318361
62.643777203561626
60.44190174970762
61.68576575921374
60.22070736493372
59.57723475836384
60.34042023098876
59.95128476247856
60.51043284321568
60.24681983040362
60.24360982689361
59.25669548342307
59.156680120456045
61.787499423059884
59.77868093974641
60.46210611851077
60.36186674688866
58.03751859652762
61.5522279262865
61.931382480888914
61.17855389976571
60.646466040639865
60.116865728378194
59.9276709199942
61.62239522640722
60.148882397760744
57.82545299576482
63.635403502210714
60.47395003053404
59.5214774599787
61.20835258543453
59.578574611346646
62.13616630575154
63.56157480328949
61.12065838146165
60.73485096819876
60.35555075511169
60.556575015354255
59.97577961003081
60.009771380471804
60.33239901636844
59.18367361884583
62.33814908062814
58.80410004667969
61.191250184027766
60.57591040050871
61.29060069998128
60.638634180132385
60.552142290138285
59.23616536387378
61.00310112408191
60.170496422377795
59.62585987637713
60.09383541950997
61.835491119469545
60.57181425571175
59.7390554484615
59.38142615339704
60.67045848161749
60.290989638241065
58.999619493331735
59.69963024111022
61.895182849426746
59.17440872546235
58.767246409509596
59.905627856230865
59.274869100686935
60.13264407455911
60.43516744876015
61.59526771441787
62.24252650197339
61.11954673910097
59.86119824928453
58.52829793130403
60.8407183527606
60.16663333566318
60.40631089522088
59.631981673913316
60.538386154667926
59.568311612101034
59.500278828241406
60.647091848864555
61.503434318116355
61.32705699786098
59.56537110968682
59.077297853782966
62.38137980498693
60.35423699139737
61.607613939536726
62.762708951271044
60.06277359245931
60.94290685352022
60.34199615188061
58.965156829373534
59.9048697874247
61.07820564146126
59.703986202206785
61.353145167494866
63.2136664935881
61.06495893730676
60.427315110719796
60.84791950751861
60.59928061285688
60.05674278089926
59.94357219101142
62.90538923662277
60.02888614699396
62.68273653345957
60.64777895344459
61.255643615015416
59.79335787533665
61.366777205416525
62.01109686924263
60.86569261524817
59.93486917752023
58.67372652052178
58.73105676186869
60.210067671676846
59.44535865142359
59.92672184176173
61.03179551350559
61.669062513296225
60.845967872743095
59.9430123123571
61.03193199014245
59.777594107860885
61.35627592608764
61.943547131312386
62.02479721238233
61.18219250171259
60.77545233133604
60.40719185504074
60.66358386653942
60.57414637728879
61.98368772269371
60.09715475591901
59.40855212071171
60.63623290255134
57.30205581875084
60.291624315958806
61.152412618368615
59.578079481663806
58.30560687338166
61.162858046759936
59.90813291267549
60.336263667562505
60.90490557512105
61.84932033193858
60.68152386350863
60.32877636515563
60.84225661155393
59.05548794907633
60.540573230740776
61.12201594046949
59.99293077783953
60.8021267365971
60.70718257359841
61.56026023877289
60.133265999665944
59.31642411506743
61.19065012895091
60.69442568551755
59.3341369138182
60.14202874777579
60.465909301198444
59.362279669521925
60.32668250149977
60.37477890463745
61.96497875313467
60.10854307643776
61.383840382444106
59.82858817060517
61.439289099004796
60.60321695522981
59.62932244387494
59.90402029077672
60.19344649846916
60.79121985696881
59.91840484694452
57.94848571362309
59.49839103924364
59.919402716286854
60.91913581629948
59.83714635346931
60.55816358819343
61.371879074116194
60.03973912622219
62.40595855582182
61.979741362542896
61.0497710979807
59.72936881046287
61.08008125311679
59.44373512597069
59.98736370917446
60.73935985913009
60.57109649009072
60.79025677029837
59.299098920075565
60.67257590976322
59.36719998209868
60.88380193737633
60.18284940592262
60.016025439369514
60.983817242474764
58.820484753657894
59.620383716244916
60.16074760693849
61.61343609780107
60.36191247323904
59.52973184867692
60.80931794783111
60.441970017054174
60.77847297192804
60.43769886964419
60.37191903468648
57.265894240468455
59.77282528126962
62.50669703565673
61.84612625299574
60.961754001375546
60.311500266898484
61.02930282574702
60.167694331424876
59.599837260925
59.51061314668892
59.393321380027814
59.503179056706124
59.89918729876781
61.374783397275884
60.562334191610944
60.26077929216237
61.29958296375613
60.736582554439586
59.031676801393736
60.01671756208321
60.64362013393857
60.83240212240172
60.11584477553178
61.6227754677841
60.48706956668422
62.52368408210708
60.888680193941994
60.63347799050807
60.62309650330224
60.98651355437475
60.46420478681696
60.44903930094257
59.04596747150521
59.9676876935684
61.618703417767094
59.30322496204355
60.59341889842787
59.0308213635206
61.80686454742726
59.889953911631096
60.61784991875696
61.22894623860453
59.68710457560168
59.65648593564666
60.26315465806365
61.05617784544251
60.2496657353084
59.64807730392306
60.45327528941916
61.79530947856197
60.607897164983974
61.15361929017484
59.817724510893946
60.0329735625052
60.55483548989564
60.73525910561598
58.727209014199474
61.23208655843385
59.299508459936845
61.64016502097402
58.48054535078366
62.31057225835626
62.56022153000931
61.52896559113105
59.27028493732958
62.00641146865699
61.507556769549936
59.49336435548428
60.55797712925985
59.07233535347829
61.19544270127832
59.45823364500381
61.01013984749669
61.341087582625214
61.4822509300771
61.44866621069864
61.21151702689521
59.874696561254815
59.9659274127593
60.152380158080256
58.83289292647529
60.62068455045463
60.699375287624406
59.01792424105601
60.720766518706974
59.346574119649844
60.15975149724839
60.9978767310787
60.7254085943731
61.001209393568516
58.94729763866363
60.92791945026426
60.6401610985191
60.9988074825573
60.68808783776111
60.054877937800875
62.39258371715119
59.82676774307865
58.31643603705506
60.761594325712025
61.461377868877776
60.16452014200775
60.099653850286224
59.93521839973724
61.08875800309131
62.08111572165033
60.142130439304225
61.054796117657226
61.646014775032405
57.84266933043043
60.076807319764136
61.21341036389432
60.00940841754187
60.54478813239671
58.09429695979212
61.98815365157748
58.846987266086686
60.14456443153953
61.60393052374189
61.28028720471841
59.643856173967045
60.12240849764555
58.60821493858737
59.11837359889215
61.09108201091988
59.86782401827575
60.94676333793854
61.11429335021948
60.81101775833677
61.40574067136959
61.18324128976424
61.08654618739733
60.645366514670364
62.79667250199513
58.91585707321606
60.92798466167326
60.25064645883346
59.811259127670404
60.65125230148983
61.17054745657639
62.3853391417936
60.42597187122363
59.576909391066216
61.75710349792529
61.95094505759748
59.05186817918966
59.76313124422206
58.93138663406473
60.844595035926396
58.86996698442812
59.76519944936101
62.105827624616914
61.32811841516085
58.94096819445711
58.79596811577789
61.75489754900984
59.309260662409834
60.554912011024285
62.009147157483646
61.09291781124064
60.13746019001868
60.95559673443351
59.20370192640819
60.217396795482124
60.76455150653894
58.732912120814305
58.262309560067344
59.43393200385153
58.81096359742011
61.505024647562315
59.80119211261122
62.54772925146737
61.57377691007128
61.27237833722983
61.64342467576201
60.199576908443454
60.927456588701546
59.685158262269205
60.62277595230317
59.65556816100258
59.861335289330356
61.62901498994164
59.42565607016419
62.21409573115388
58.98946564135899
61.926027623994344
59.322947265220776
60.025408013158206
59.98536845838852
61.71736159266601
61.046464237327214
58.6041863038061
60.44466562440203
60.41832911574604
56.28443092034521
59.94611334762521
59.654266367924805
59.76364187798503
58.97372182566681
60.408774177764656
60.1351408328633
61.45358465536475
60.52827941958223
58.50166188966769
59.10848437738519
59.81739344912604
61.66582004574007
62.076975873765114
60.52095462228124
60.00187128488093
59.44390556741993
59.88815949025925
60.69503900361297
60.515309692674826
62.08196059280935
61.30631807400745
59.25985295242258
59.771058669948985
63.44932362364503
60.87413673104703
59.39692473592536
58.98505566186268
59.97660764981407
61.03149136596086
59.35065234396272
61.03916131452718
59.64503223102671
60.193937738797516
60.42142673929253
58.74555877343537
59.0569867530338
60.835194100174036
61.502574073873205
59.77826535173931
58.985429686865835
59.78618939016927
59.12778258074746
61.576447722130645
59.22359493953622
61.788224994194
60.62525389313118
62.31809140601029
59.701482751578425
60.17075722783135
60.783614296934026
59.1104611354898
60.96915446044122
60.02357623151688
59.82475753970416
59.97984730723586
60.1853119593968
59.20274514754104
61.135964774877976
60.54585660737943
60.62627850443692
59.664106599072454
59.997773728983056
61.702940639970855
61.15687078464393
58.511494313819746
60.86235889935651
60.00435388066057
58.19618685500539
60.01696364834571
59.01543977849197
63.23363552389718
60.751351337327684
60.9634314825399
60.56278130648406
59.64036578237876
61.06161291593607
60.99178176138346
59.23908211964592
61.392922731627515
59.895821480000826
60.66094651019013
61.36085852915334
59.78911581842098
62.9542494143898
60.64575668138155
60.6474891394622
59.05933749151041
60.43986598728515
59.20858042842093
60.01625536677985
62.16701534180447
61.10201414642684
61.24159275923428
61.70430053956078
59.95228430022366
60.1792751313695
58.93998751980262
61.21193705616817
60.14723419961622
61.1120140061056
59.55953483604066
59.955090030460426
59.567915220538204
59.18192793185964
59.9878321486795
60.976182612302786
59.85042937593636
60.67470837500094
60.19321195354341
60.11074446721239
58.66537551360615
59.50215893537515
61.09848409404898
61.109957541604324
59.57648400573067
60.67330821386706
60.22494239505947
60.643598109898036
60.086652464739245
59.42983929293357
60.85667882428719
60.392485299019725
59.78010567132232
61.86697059278536
60.611156085458745
62.355463790582185
60.0880122573656
60.14359993103927
60.8325487974561
61.36591239738104
60.40257772198753
60.79128312392063
59.498333733225586
62.05441696142466
59.592209248579564
60.75117485756605
61.08893569159026
61.80136053841876
61.1725022562085
59.47063616802617
59.22748952317226
59.80054087355375
60.78356632576962
61.96611428351034
60.045000782530146
60.29888945733603
59.479316524260135
59.46146367608784
62.655751157860536
60.74939210152365
60.56434924052086
60.0179253380264
60.17002537090765
59.992772818920855
59.43369529656248
61.65046435205526
61.233625582549244
61.86554957893282
59.06916408417074
59.255246776758305
61.03463701072759
61.48226844113284
61.13466501700702
62.06603747410282
60.68447343619106
62.19188486475039
60.83294759637421
59.12942837110569
59.391613402484154
58.87786605828197
60.08771154197853
59.634127148334215
61.24278598711858
61.03665895509179
57.795275006836306
58.15304419951028
58.91462411327687
62.383984295692976
61.091014770511485
60.54273974129052
61.58485897454243
59.556429616307504
62.0783465144435
59.24588209476589
59.47841892161469
60.168683143493205
61.55164466049229
60.91539342584235
60.60326050427989
60.86281695244974
61.17854578200865
59.592815843136364
60.859626981039256
60.92819322615967
59.51447860061969
60.37747627664212
60.313217387967825
59.47637529468047
60.62549354095449
58.7096460777543
59.90001426966472
60.157397108205174
59.89907404607027
61.41865317119992
61.3210533085428
60.77501478446442
59.811708865841034
58.20637758049848
61.04697661159539
59.357649345143
60.77653503432057
60.91562205918672
59.14183210414571
60.37044429239342
61.09273930988406
59.38126552282697
60.975663588555975
61.61481277076882
60.00097436044987
60.49950121284686
60.94293581208301
60.56768857619378
60.38245540372094
62.73099284911289
62.044445590525925
60.37903957948713
61.87549544506029
60.884114763080795
60.470578744609725
59.78430794863329
59.054106021079065
59.79603939997743
61.105603852428914
61.596542045743526
61.181985314450806
60.73351879394583
60.57004928979817
58.64759011464372
59.675735666104316
61.35774866139182
61.499974747044966
59.23107945073729
59.66809980009176
60.79125550381446
60.47689563800015
61.64507052859895
60.17620170817422
59.91851710181639
60.09736316730574
60.26930431417936
59.96893810003228
59.64067211959119
61.33797787374588
61.24219389521958
61.55186134249786
60.220490737008156
61.47899434274735
61.82433745231814
60.896542290672606
58.81842049430147
59.17928809679921
60.304173079714054
60.95470334940346
62.75939637038028
59.29879614595198
59.664134668053116
60.333308852032914
58.860958670651826
59.32150404226276
60.078661995167515
60.88000183517511
60.92875925320374
58.820881101371064
60.28971802384741
59.88107888358968
59.89592411874594
60.67461044753014
60.80981984847343
59.56353148783855
61.51123932952152
59.71663061146484
60.6812392459413
59.03536245364127
60.49196790153938
60.01583940837335
60.06165097953864
60.23116766492192
59.905894735769294
60.08933928927574
58.95817260051765
61.23502442338249
59.91951843049633
58.875823485682275
60.9509358368822
59.446478795900525
60.09295135033937
59.367849186163646
59.222005361865406
60.955940512520314
62.27458514082719
59.66586680332896
61.340750117254736
60.573555426712176
61.041608432687866
61.570853773345235
61.66549976213697
60.46590022368576
61.84834947247324
60.2623707939606
61.392999821382844
61.65197141485497
59.557801696301816
60.51844370640908
61.8206346424254
61.433789471056166
60.7410571065951
60.399676706142635
60.16559025869676
61.3982234137531
60.53258770988766
60.0950198930438
61.298614907038164
61.58381348116129
59.38036955796305
59.25035610028154
61.40834800525925
62.03285229472751
60.97068869402051
60.89802663285942
60.73213082734974
60.68104474181091
59.72077763199793
59.92836127625098
61.923158200839666
61.90243293352286
60.28050426356054
59.96369155749726
61.02463592650944
58.42533892128073
58.926983280692355
60.931567844869974
60.75491909963945
61.22081554604559
60.47830240484822
58.509522536763896
60.26380687906066
61.74486882393445
60.19001634506092
59.77732147063113
61.99470047128343
59.662591693635896
58.907024961406364
58.23306311613598
61.29223465811087
60.91127270647679
61.26774155323701
61.18697454645558
60.63079271110874
60.65232795757206
61.864854510733714
59.96144231938681
60.41510916377128
59.868166599371875
61.42752882242279
59.07351555462969
61.24292470666606
58.60343278284147
61.997712148032306
60.22792795388611
60.12310515846001
60.86763321732234
59.31461112770705
60.44633755430755
58.587310521238706
60.71559596910815
60.00254251036245
60.065318776813385
61.18881924465158
59.391856960301006
60.694334096901194
59.06073094907579
61.12619418073201
60.09032351830495
60.30311546388432
61.01664461663127
60.11772235964198
59.97078632186007
59.38871444006169
62.88984728903698
61.304178509104624
61.52410798746021
59.427772746880734
61.51450056772098
59.724527833342684
62.130446569509914
59.25575333850526
60.91665215465475
57.32033330875127
60.237479656516896
61.87668902179995
61.92906860201191
60.763986491733135
59.30786183889682
58.721956356313825
58.91435494333504
59.660205898621875
59.29307939949213
60.952942104795106
60.280432664168664
59.552218902886736
60.10915175026931
59.20396114187714
60.705267492121365
61.43946614707866
60.44921344221549
60.435340024417044
60.015991526232455
59.99615169845642
59.7962786415187
60.291386217816466
61.27906048173241
60.6394463312445
58.669809336213056
61.46318384874033
60.73522259439437
60.03808172992069
59.68556084139504
62.51619756866008
59.93903875034309
61.55049441625172
61.27205039392921
61.1270015427032
61.537814146272325
60.2327318119673
59.11967442204503
61.61207666996976
60.19433331103009
58.92471560659648
61.05887724679297
60.3360633580561
60.563405552750645
58.52246108559819
58.49748271201735
59.47955978351806
61.206098358807765
60.41974050340923
58.845619439207326
60.17605386757986
59.17470915824905
61.65719730813913
58.032750723457745
60.75134577705322
60.81708112603974
60.386711527162525
60.423671096979135
60.94493780573848
60.25200083208177
60.79487880596244
59.98776784681933
60.50553636960402
60.770232518730595
59.077481362621306
62.5388041421915
60.22557255489818
59.62588999808877
60.33336762178247
61.112324864399746
59.62212107227777
60.99197885003165
61.39632934115538
58.928421907548106
61.29423346374301
60.39520073360506
60.16332796731822
60.59687324230012
60.62776179960312
59.73594551649678
58.757090188377845
60.65343529068204
60.86472864555447
60.46249910628654
59.56277402499034
60.53448641632971
60.429001566272454
59.59261260388373
59.99647798054312
59.203565186189834
60.82224648508765
60.13726843862211
61.03447280620357
60.71310001387072
59.823816081011884
60.608927759886825
59.355334234184504
59.886427832894164
59.81445702651368
61.74501541280515
60.68142484944429
59.13201969808242
61.95490901025781
59.429352527288465
60.37997217445062
59.96976011755387
60.53210462322547
60.40162808433251
58.56941892594817
61.89790779996592
61.048566776486275
59.13242254405295
60.60646310009324
59.97332378331981
58.99977214474392
58.9908499983894
59.78403469150301
60.707117320579385
58.51645890183364
59.07354236628288
60.32388415448854
60.60179657264673
61.77398933800321
61.01701488048692
60.9861145244689
60.17995110023073
61.27194966655852
61.44287134148124
60.06479860446726
60.3113529132447
60.36484308911127
60.96580904200304
59.6934850285759
59.62419230541986
60.904537811146454
61.234415797730854
60.31249763716174
60.93629532118005
59.05863214667844
59.9943025360798
60.46465777574854
61.47084100063549
59.997405733583804
59.58278181320023
60.361326140037214
59.78592708129436
61.21648471563877
59.954559828872625
60.87718679665472
61.90980876500927
62.19093015841184
59.2755623169472
60.43054219064608
59.81877913614497
59.34768965635278
59.93260729438853
59.497300492793734
58.970558298055614
60.891272279212586
59.499920593161555
60.202386146092714
60.877680413497224
60.783123654766584
59.96279755474736
58.83305302508479
58.61231359990152
61.94596214737975
61.179475552368544
60.17705174765438
59.60125027005351
60.07255142725501
61.39584144833267
60.82028949045962
62.77647892906052
59.31944461400332
58.94789700465329
60.702595168050294
59.06162712209368
59.92558353383218
59.16122240724911
60.295650163244716
60.76699435543141
59.568005106467375
61.13503335658822
59.541731795804345
59.822358660082706
59.22735451550129
62.48934432635231
61.29699160936193
62.31106022882165
59.694021847999075
59.13275422136902
61.22060406200463
61.325876420900684
60.25620218181121
61.65695669996514
60.45292666662914
58.393344300694196
59.19247307831375
60.90807688089097
61.33014410045304
62.085520419816156
60.36994731975791
59.566462731907244
61.066541769598786
59.87188536180553
62.869910294325656
61.2956445019928
61.279440859595994
60.00029629810104
60.12748567757275
59.150548225453115
59.467203293399095
61.72278671568536
60.776818083585134
60.507196963625496
60.60420103097492
59.672884741226696
59.52179673300193
62.05542362309007
60.37898115755057
58.51749243153026
60.208068333533795
60.684941620293756
60.155000052224054
58.77137282705
60.807810819574684
59.0443629253298
62.01221184792512
60.37172566433478
60.79686270779989
60.87644307756295
59.71847520536082
60.3095535415275
60.12888858916344
60.84426835185169
60.82644189228958
59.791794868523134
61.47510374310923
59.679689357644385
61.052872106849364
59.93922524496066
59.974265030708594
59.14313656095328
60.03558206696762
60.6500007160111
59.422084526747085
60.18647067596061
60.84495845051685
59.133673191839364
61.35589534497679
61.64313538928123
58.30043286162968
59.135695882863594
60.18833847243978
59.983804168021095
59.443003612912314
60.44214779227848
59.75418960446887
59.366686588319276
62.36753103359186
61.24035630879766
60.77887617294279
60.28247248128598
59.48463588057395
60.569400170420785
60.98208762789537
59.12720943933157
59.54801799932379
60.19795776959406
60.20188347304659
60.25760080797431
62.35428248410135
61.86483343134593
61.06450024069082
61.62962191275801
59.71932400679521
60.268021329466826
59.21124409880761
59.37161431533931
60.14261877023851
59.476173929935506
60.81342643920804
60.205369380455416
60.23079496304706
60.87779946887878
60.997608644145366
61.202409943013095
61.47884260697236
61.06329068095817
59.82384923960457
60.52851540392536
61.83468902996002
60.24801441551395
59.66673400676034
58.199227874112914
59.18161918661755
60.80431651038323
59.29994847407703
58.974968750596574
59.74733137554957
58.638388229463644
58.16366714775014
60.21267383083185
61.33340734618567
62.03285463709651
60.472816346547226
61.708974384562204
59.697010035955216
59.482385845156216
61.91154779877595
59.36785647750338
60.42304446434376
60.01790873360039
60.69107593826211
60.12218972217303
60.904653585220274
61.605975078418886
60.036107481537464
61.842190034062014
62.472878472486926
60.231356827195384
60.76595293266094
59.88191622716137
59.84672171651253
60.456466476429405
60.1921247627231
60.593645344729495
60.13073696140581
59.570483813155555
60.817581011016834
59.9271427750555
60.11681279858272
59.98810290651897
60.156073135815866
60.005885754110714
58.29087273470472
61.92429152774598
59.63719557969517
61.52650069878992
60.91578022437818
61.265846766398624
62.140114963868776
59.935575947405454
60.7669228801262
60.13496568774794
61.35826544002896
62.040562028062425
59.859166010233274
60.47647479592763
63.048760714420126
58.66106777521443
59.80635674197076
61.92511881263216
62.49406429838406
61.722100157243815
58.894013168506554
60.174168965039165
59.74636936080255
59.58605671095793
58.084541958782964
61.48181592538213
60.06177171506963
60.85487433607174
60.70389311134778
61.15452066708474
60.254709352436265
59.93155065295393
58.819963179490486
59.43038922471456
60.57510290119147
61.743223836511454
59.95900330768478
61.37335009956288
60.45902937554489
60.87313623147575
60.3911084829339
59.535215317058345
60.64457077039157
61.00419208048155
61.570976798374005
60.93172611477154
61.7420631461597
59.770103702647994
60.566661317355965
58.87397954181256
59.76296249465636
60.98742186551772
60.71579694843742
58.80600071217486
60.43889281840999
60.10653193933213
59.53891723105522
60.64192494914072
59.75320779264826
59.492874168387466
60.439403269444725
60.53662828479864
58.72147234525546
59.413678588001744
60.98516444987462
61.184827864028804
60.75548080312309
60.651301724524515
60.49406924685898
60.18276369211352
59.766121648100906
61.124532647406184
59.192258338554396
62.44665140199801
60.24687442460304
59.96470380588321
58.51767424099263
58.1076020547786
61.43773101076329
59.024107376128505
61.023087948773856
59.364251440163905
59.6705820939896
60.14757885793699
62.475031606984764
61.6573411526489
61.03844886323753
60.32251939600302
57.49636980469424
58.2646975532451
59.62434784518223
60.91202033072726
59.67618578288755
61.33607237717823
59.85804122256523
60.80771414639687
59.77120540864897
61.75611339685261
59.47050832047812
60.089297036209096
57.62474593706737
58.965596400660736
59.18830066074256
61.45461536631405
61.131929251519594
60.3187675146721
57.44452783824732
58.73169827364882
59.16432953519329
60.157823314302846
61.18580124008909
61.349793716193034
59.48170239001339
60.34876123600454
59.114682999240486
62.52988283826626
59.86575198912711
59.66338118499164
58.55375924823043
61.06910850625484
60.35607552476867
61.06786033980764
59.501795595892666
59.56963416541017
59.053304993345144
61.397117906055506
60.328043679930786
58.410341899242894
57.76217981163173
60.13774425978045
58.892220779837196
59.588319957689414
59.28882935784256
61.747680371600616
61.47108836651351
59.83372699806169
60.14139236167825
60.81182303840301
59.945929309471914
62.82698173318001
60.81823323331205
58.791730454297614
61.23444141548085
60.12099001069039
60.205006236552514
57.197762578829575
63.232013040610916
60.18993001800154
61.94148826285563
59.01369459960493
60.41234055525433
58.13305186329798
61.62918548251472
60.66231051486898
60.6225561945393
60.91113939418886
58.34438303506592
59.333888344798396
60.81107319429459
61.23112494295321
59.532812349378005
60.758522345679346
60.139810845646615
58.987002441971654
59.4315999954535
61.718486436976995
61.142003006405645
60.777885346133736
61.59418540388814
61.942610537372765
61.895906869014425
60.130596051929636
60.3729798785617
59.70762348476341
60.926426296535105
59.98259046891852
62.07004639306099
60.72462386167543
60.57736760543852
60.63283824810626
60.695957427534765
60.72153912784513
58.23922503535465
60.14014525388285
60.27839599367181
60.25376474788735
61.415161217794996
61.975784908273425
60.15880877178308
60.30616234335749
59.466625762264464
59.5275249821834
60.74289335726494
60.821832676970395
60.429574808083345
59.85194041783524
60.23249919242431
59.48315489787376
60.21036023445371
60.25872017892029
60.03292431017557
60.880998516695435
59.703028783918775
60.26501237995316
61.15821011737927
60.28085687860221
59.91492475569711
58.17958460656908
60.74147139924351
58.971989298956586
60.07322639837069
61.04587027312489
59.414207933963766
59.867642785109275
59.618750827854484
62.34257312847923
60.292581720777996
60.27045744815482
59.26114769503152
59.733239632600714
60.01950275743022
58.3727284915006
61.65195680130216
59.699818968958226
59.856341108866836
60.5400206017801
59.75791005075431
61.11596587191052
62.22776787815048
62.51491848565923
61.57180002661679
60.539407292963155
60.835670417271736
61.816922903309596
60.22134962327734
61.46719402798912
62.20095064822386
59.08895318267712
60.12307961048947
61.17945486602035
59.953706557206594
61.3534662464206
59.4228807980011
59.61236149046248
62.06064244656761
60.83094216833565
60.17535020964188
59.6234225603663
60.00356994230928
60.09627370466833
59.35181459050122
59.02887039970415
61.53901813827551
61.70125339344683
60.192410642957256
58.79726131811047
60.30802442944164
59.8365570681955
60.36175502580366
60.39356067025706
63.10305692178071
60.688773488195224
61.77383252138025
59.49562457298901
59.81955046866583
59.215706070614495
60.769239170482976
61.05264577592878
59.33445972194468
60.3287732116747
61.32025949604785
59.80956539695357
58.41798004638723
61.21347318259947
59.60242422193018
61.48599092047416
59.65739386051287
57.87331762668151
60.64437132352569
60.30206837303172
59.610965010788036
61.73053756106742
60.48565603814816
60.41564027049013
60.795633055766004
61.43877239649486
61.97558558864919
60.08445227305504
61.27263274172488
60.71441128712524
58.882514550904624
59.880120287849415
61.111962565156425
59.41731605522984
61.22467318483068
61.282191409885485
60.15656383466553
59.01276403272855
60.33547878722494
61.17549261802632
59.96401778094381
61.14563366174807
60.51403727557277
58.27556521292958
59.22544223187477
61.392242857851876
61.37556376508558
60.033896846921394
60.48588927496064
60.99299035655989
60.53893913264429
60.42467481267736
60.912572271156655
59.683910047999824
59.74974158482785
61.7913798324284
59.16798532694968
62.29410021623606
60.75381782391437
60.1579695902864
58.980972263892504
58.37747787709962
60.349405487231046
60.29257017716092
60.596252996131405
59.067139714684586
60.978716276520224
60.11907999072491
60.43785200666201
63.285678124050854
59.608195734589685
60.245603411054226
60.019723766346615
60.29023734951328
59.80148400411697
60.321937867468556
61.60048560190518
59.47943320458932
59.38356739595053
59.42399578250005
59.68534137162241
62.3133370420059
62.38732934931889
61.54566626615487
60.28698309479679
60.97993499589107
61.482549524013
61.92948356294959
60.918533793722375
62.53541658821239
59.36106147720378
59.80571539105184
60.7224461322762
60.93893508955487
61.842355074132115
60.55241347357309
61.85352038953422
59.65543617065917
59.028047339924214
61.271712141728464
60.79785656892447
59.15373003656397
59.04364099282914
62.16912446146012
57.77764057559087
60.06382187048758
61.908057324401256
59.75943726329888
61.86227376764535
60.1966022597498
60.66734764881491
60.64390983726887
59.875510954412924
59.97604807799303
59.855490334291076
60.55620588063087
61.5497122532697
59.18607289198843
59.89471254368847
60.218888524378926
61.29961020829737
60.32562784980907
59.61380029887276
59.55385296678432
59.815384048031966
60.05118036557761
62.491015699483924
60.99190002086292
60.69562932389724
59.97115877160731
59.642426540694856
59.23544198916764
61.380591657671516
62.3635990699919
59.04656456543334
59.91093142458555
60.9200941562671
62.26072407312066
61.532326986407966
58.31758462619085
59.258949598464966
61.55785342918744
60.339684850486165
61.25157758648043
60.23688727773604
60.631334576559794
58.896160092161
59.918592027496224
61.19189211032737
59.41258809346812
60.12144675373242
60.579014578861866
58.60616188408708
60.185081048615956
60.39657930359277
59.461212925097
59.53658768493996
62.02493782540201
61.75778284254395
61.18076419886049
62.277919176703264
61.17320875134866
58.790375563288784
60.517057032730754
60.367623852731725
60.579548140693795
60.650280261415034
60.87216802660565
60.246472731776095
60.49448931832395
58.94503297493336
61.717122903710035
60.49176983689224
59.92506458122158
62.36957146400108
59.81881567373874
61.374723079795416
60.19766690236676
59.41142218974703
60.672091835312536
60.941142347664574
58.95740432807025
62.526919702055395
59.80616123399755
58.38053033392243
60.10420582857277
59.306897934658025
59.520314420179645
58.949406647593854
59.710440344385624
60.52848089221422
60.351171426229094
58.081348796472156
