61.08824107088161
60.0792873290941
60.09355173059996
60.37792455281079
61.07950908159636
60.846768003766044
60.15166125419415
58.93256287221837
58.312774759073925
59.75760790250032
62.12319625512872
60.50516061226683
62.557303477478015
59.179937795864134
60.837853925415416
59.65987520536939
60.17966143270347
59.66667268800916
60.423678801217314
60.86137006204116
60.65954174310834
60.48149634275336
61.57602918737219
58.853357263380296
61.94472009402382
59.46944664763418
59.68424282639952
60.873283051220014
62.101764325958506
60.36051797118154
61.10213692018195
60.61066394337501
58.87949067137349
62.34850264906407
59.61336668464246
59.85115017633026
61.1159426425947
60.153847495128026
62.275273531889965
59.573815632270964
60.57363315851747
58.58945022519084
61.5748575979772
60.345225162038886
58.91216321646557
59.782537482661404
58.379594454849055
60.151128621667546
57.74099677232013
60.67713188190331
62.03613275328395
61.485350078757186
60.37423785908756
63.573399911859966
60.355010162710535
61.726541219731615
59.81183895533326
60.14766189044692
59.82664797181712
62.14434158787622
61.827845963947915
60.07221895353566
58.994219267774874
61.01307995165122
60.51607126098443
58.37018213022628
60.814647047192736
61.04902724969197
61.718077211599834
63.149736735560886
62.320692915974156
60.902849837353344
60.26077047923905
60.06900071917763
59.59861199785002
61.18139457078159
59.16367348995513
59.7094274578086
60.92459548224839
60.08807512828248
61.89566663558624
61.232974568199424
60.214217851667776
63.17486186115504
61.271271102790415
60.854164140946445
61.248063077880765
58.89494609914211
59.63590626873059
60.03493198268114
58.919870967758065
59.649649047585626
60.398576696652796
60.46407454652815
60.575538985385045
61.67705424880191
59.08583598484845
60.26642291943074
58.958197733240446
61.866929788264144
60.846045379576715
61.11064443225183
59.39540673023889
59.66345287261768
60.33807923693884
59.64686261637534
60.122017946636305
61.452594202980606
61.031895412734755
60.917823804545606
59.79159095811527
62.49934800926166
59.47604170896496
60.56167382143139
59.93823237825615
60.53898563593153
59.181316980136735
59.90346762937143
59.90836683408632
61.825539778230535
60.736408712500555
60.09257547095421
57.15256314060951
60.74017018430705
59.46345070465771
60.15978970851894
62.03368195517277
59.8161353985461
60.076063226474574
59.88583885317048
60.59284379036446
59.98862000113257
59.984469525099705
58.78238871090991
60.330242434259866
61.918537190122606
61.95472735066281
60.045491322753705
61.08092185091131
57.983960704090755
59.17860882990845
61.981376617879974
61.02430011039107
60.433456872637656
60.356101290861034
60.61962489727747
61.01402626869486
60.695485072513904
59.11317466651756
60.842005061876336
60.02168980580079
60.31678348593202
59.073962158660805
59.81988530103038
58.96108618090515
61.52830784656809
61.51053503989075
60.874706558792
59.03228176886506
59.899634158191716
60.51765945545242
60.09439366503845
57.68589846842083
60.265411793201025
62.08605531158059
59.347252996682116
60.26509653863341
60.661645988479904
59.6848703084375
59.61891387919747
58.11085851172823
60.641559246489216
61.08207475190788
61.34431211920873
61.3077873563072
58.725806457689295
60.18848704034433
61.204930249356416
61.51166040527406
60.834332221655295
62.35280562638728
62.240596212623494
60.583183090171175
58.9240366746613
60.29533313857293
61.24571425133862
59.778522823355736
60.56303925763343
59.469809375109854
58.63337469419509
60.841098575152564
59.81787044664971
62.91693672514144
59.90015311698588
60.49391769249482
59.63938269957971
59.53147694432142
59.60004827461952
58.156849536994976
58.825769358289676
59.98764548355972
60.56875493535486
60.44853936657083
58.50012122223176
59.8796825877136
60.89138846095155
60.22444291516986
60.223209413375244
60.02406221166052
60.189851672079726
59.13677872318727
61.67611021803521
61.67179055450979
60.751273222044304
60.3264591039006
60.98075081009686
60.65653423359048
60.296734268327214
62.3940617377498
60.04954766910131
60.21741407581956
61.59029552310634
59.38684884882804
61.33724923340939
61.18188483424874
61.36292322229049
59.24956943507732
59.93128130280756
62.29765353044925
59.16784632076877
61.552613953051335
60.1087926696217
60.07442302434298
60.30624377541989
59.03029357454128
59.843383245869795
61.28294848863733
60.438204576648246
59.024943604724285
62.15778244246611
60.15011539948503
62.0281190620014
60.70983983400541
60.276318734266155
61.0614133346034
62.19315566032669
60.93974099664584
59.572035033810764
62.168964426103436
60.80362544764858
58.662201685903305
59.561038127148336
59.996987750732316
59.291556322874236
59.71034527087671
62.75464987888407
60.39976780651753
59.48884681271785
60.855826610145165
61.70932026972737
62.09788645183663
59.63324727083766
60.09646443512624
60.77258662545299
59.64127675444886
61.58044149401799
61.21345202428814
59.57937120556445
60.013472774457114
60.313633680883115
58.728297954445054
60.28449817978009
59.904248828047244
61.71593497688857
59.91869897487595
61.164055107963875
59.5072480268076
60.421866187690185
60.96177337309486
61.58400242015925
59.75140034634738
59.321147984360024
59.52151779286556
61.3898768250286
58.89340487114419
60.06096994848995
60.47403981809365
61.026281980461626
59.8763290369296
61.62480214395462
59.726605513704236
60.659330667041274
61.14260973798665
62.657964419113746
60.379133762878055
59.58721432907237
59.590535424847644
61.5416414941171
57.403580934187076
62.18983659915243
60.02412343541398
59.64979956715507
58.62659811667707
61.15452006235957
60.52847223708325
61.99043363662145
60.12955313802964
61.87928218517428
59.78472304622997
60.843324622043426
59.505734162711825
60.422054693902226
62.28839194829776
59.7259279334706
58.656481992670244
60.37517942335571
60.004693810730835
59.81653149832453
59.65680039896631
59.85102289588744
58.25084270408678
61.78681271603389
59.70361729664959
58.82760207854207
58.95746515052441
59.73842364884804
59.275762251768555
60.57070429148496
59.88743063326251
60.97851087283414
61.37663661544919
60.74780806328742
60.615950896300134
59.74403188099031
62.53824967019062
61.03322757958717
61.40232941799604
59.511878850531566
60.48667537172464
61.09878465078507
61.08335298264532
59.784229066225016
60.2320172965959
61.34665932086048
59.8461707420819
59.87685569325305
60.561414422400084
61.178734087261624
61.29243419361915
59.263011204647896
60.37375860222097
60.963800930991354
60.99962037333768
60.19128240027776
61.6769582393681
61.15856266583939
59.191936215697886
62.168917945930176
59.908830892913485
59.41057978639013
61.25086923282044
61.76870752685768
60.910952916726146
60.86531732509805
62.060654929571236
58.074151744135655
61.199599018028174
59.93137133887618
60.7039581125932
60.74699249571902
60.72307501037112
61.49917229559803
59.46526138562982
61.62026870235066
59.89857003605703
60.709677051490864
61.25090796791485
62.219697543621336
60.067048016148746
60.75574657396222
60.010668587993834
62.13629232664483
60.22505613037412
60.62883943046432
59.212493106222844
59.69424533904826
60.64301658966455
59.896482031394044
60.8680139297598
61.053944399453485
61.58627533911567
59.97980206550212
61.22147423773238
58.83072669040786
60.086421610444724
60.60503461561051
60.88094445160108
60.47210527155266
59.26824062070346
60.90855036414432
60.89327039432469
60.457795699086795
61.17628634158457
59.63890527791059
63.41975991743819
61.14962027195258
60.13477886148616
59.974442108213466
61.305945517657015
59.80870848879226
57.927519408578924
58.54655984750951
60.46622530415158
60.55692223735387
61.47849180783086
60.099089138999275
59.62996851718341
59.42137881147871
61.57608170238055
59.58233472816497
60.151475801410044
60.05070458376783
60.29145855005334
60.22253418700892
60.44167925891905
60.81581972862377
59.95056170382988
59.93123472053012
60.74260780959462
60.77648083320523
61.58463758519362
59.5658799604671
61.37033241588974
59.42116719875887
61.66635766457347
58.81016319141793
60.62581952484267
60.588900657931134
60.52723401172133
61.035923966052685
59.49534535790022
61.70031677349771
62.12450955945144
61.23005522285484
61.19415166153104
61.92303362383415
61.69024760997221
60.678232546901135
61.026046355645285
61.19606907339524
60.8454069210571
58.35452014221259
59.751533231826556
61.116005155079385
60.02871647973194
59.93289382431894
60.28939156832258
61.57779558862754
58.97726644068248
59.84949861987707
60.745478780995214
59.00688155225999
60.19915326682381
59.19541130289168
60.32962047498188
60.53234530878744
61.39187050324333
60.045278109048105
60.63477785959594
60.205156040777034
60.78675092733578
60.85054124886341
60.858533970041904
58.81746787483054
60.695262817884235
59.64866639833478
61.11994547340383
61.12149660096229
57.69974389226273
59.829729905493465
59.824391074800886
60.34916251211382
59.636880933440764
61.808900491349085
61.57108659917895
60.811237425000066
59.69791519017273
60.680907839338644
61.772010090764724
59.73119399784042
60.546936442583046
60.881497354457736
61.56646579389708
60.10866578983161
61.405641224723
59.05748665519028
60.12934706801968
60.271021244056286
61.715787534400135
61.587669321330104
59.33580233518198
59.77497893069138
61.280770207664034
59.818710471922785
61.36213255677992
61.94230118580217
61.621478936707
61.0444681839349
58.78357377610099
61.0918367835983
58.2663229723698
60.68761009794497
60.37308681408219
61.28951784330853
59.67068685478947
60.109463291473574
61.933224996044395
59.20004923873869
60.10663791803866
61.15800658679443
59.948933067922404
59.87299104971218
59.58594724453248
59.79120364473593
59.15528003527331
59.61014444104492
59.20448281355098
60.953794272858076
61.555654053943904
58.5249090825193
61.62539912059243
61.18942401200846
61.3391125876376
60.87051018361063
61.01168974667746
60.55643273916341
60.87606060288037
61.85949666933979
59.7023338921602
61.083177462493865
60.383756773684055
60.25905037392078
59.473709437081745
60.79042178511971
60.40878958986049
59.23533899190846
56.84454135273982
62.189535251121356
62.133641738840815
60.020857004863814
59.05321118828126
61.17225224777216
58.01302602608723
60.9479840996258
59.351695807580256
60.79950793092025
57.09700155047969
58.56010700687014
61.36754744778059
60.61741967062931
61.390488480816934
59.55108070578306
61.00707888241557
61.19991003651799
60.61539078045139
59.16596086529297
60.63919981172511
61.33964483866876
60.481958376973836
61.53418066016117
60.933220369552664
60.98666727257707
61.40811622647562
58.443107671283485
59.95697066584516
60.218912737000814
60.88302421848506
60.64150370605657
60.72519540520511
60.59105320911299
62.521519816684645
58.859198983102466
61.194013054801026
60.25790095167009
60.81338958085478
59.129430478168935
59.98592300571198
59.35499212506495
60.868749968860584
59.88699744529205
60.59875909593522
59.561229203606516
60.176744448370044
60.86912486691005
61.19047853745176
59.613292873531286
59.54462646775523
59.72346959392081
60.10537431606183
59.757355362823446
59.67600902878613
62.25228741758611
61.18711557537828
58.5098134646981
61.04000883071767
62.205428705570064
61.07097117686444
61.14070343802896
62.38079211909363
60.941422467793856
58.856592957742514
60.82995627632351
58.982817630582794
60.073728424509945
61.582688367771006
61.12177177393336
58.997587782922146
61.06261799495778
59.89119395511368
60.256482195209784
58.6888768143262
58.58548353660926
59.75247898983869
61.68288676328748
59.80536464131529
62.3725761373053
58.10285847888356
60.33253805369427
60.41434043756452
62.01763048749587
61.847788746267106
62.69123192041213
58.5048445702014
59.28311439317559
61.66182475751795
61.271490276590555
62.48644172155612
60.37007063125014
60.433714658358255
60.294120851623475
60.94513084636821
61.06426545438943
61.928970952138314
61.693941540014265
59.53359232098848
61.78843358848132
60.83121083672314
61.1827316061198
59.546864803740206
60.349990511653516
60.352256171565784
60.437166827954655
60.72805189101351
60.32579408656798
60.83852683414746
61.27616144833373
58.17762119683605
61.58518809613478
61.6656611654031
59.027772216307646
60.174315823364026
60.24987533047707
60.75919089052616
61.23880372520858
59.7879015351436
59.777119504004716
62.69395563568502
58.67382800304375
60.986441290289996
60.91379512873503
60.10873992937567
60.664726015601346
60.51292233001307
59.12508881411319
60.17577701934505
60.132971259684076
59.536175877812084
60.918445422575864
61.03694658269855
60.256154927614794
61.957514535135864
60.5114665954086
61.39620006721839
59.69750182713544
58.86632964516658
59.11058486518016
60.99999551421716
59.26383722193678
62.51412693723592
62.164395777617045
59.79184063592713
61.26084197333572
59.272702436767176
60.87087183163216
60.609731404345176
59.932866874590495
59.45809203953845
61.799476087454664
59.28626650886495
61.43717727307272
61.176036074918116
60.27986353976569
58.327107067928814
59.42863522536512
60.436577891046
60.99615654043581
60.2341252610414
60.6880039760722
59.19960038660386
59.42394933021034
59.27653005501501
60.252168900160946
61.51898778464338
61.467658271901705
59.87957381434306
61.92768463940396
60.39223563669953
59.179101592848035
62.06903712154776
59.454176467285585
61.42223850891413
60.5641002965551
61.20824694902549
59.54200548044002
59.90821971117593
59.3669867984491
60.11624558314965
59.02184095708339
59.04968304863903
60.0986727169776
59.75985054299183
60.67736346075548
59.886666867325935
61.913178920502766
60.633887956522
61.98805091721977
60.141300781818224
61.442874470815234
61.59465045790249
60.51998267205924
61.249413350997514
59.125719599168306
60.06707156237642
60.670218205536855
59.87205363939963
61.69608492109931
59.63058602955853
60.84538147421304
59.34767350425946
58.81899634123448
61.44697705823861
60.602002588445494
61.58083852509598
62.016671446992646
59.13092086268344
58.85083580915157
59.450860086614824
62.91651465236933
59.565666448694365
60.43833403795349
60.694063862129724
59.14426798295119
60.878977459764656
61.18475523015674
59.4008164476085
60.69042987842505
62.05457534201244
59.66678445656908
60.31327610335725
60.806643199754426
61.021633414979874
60.389178500872504
61.23056768361038
59.55226503449978
60.3438027798603
61.388974931833744
61.80197927684765
60.485183491806424
61.575032916060934
60.102209681599575
60.50388536461471
60.502566264603665
60.558098818908256
59.423526983927324
62.27756249320571
60.496384893984185
60.88884638170275
60.32358055566944
61.036365857457064
59.46381361556841
60.990183552361266
59.85479167586565
59.66610202477599
61.5990320883641
59.61757326207309
62.34499554143929
59.87645243096545
60.72324205623008
61.154535087514574
62.4705944802863
60.69856797314966
61.562191476664225
59.0238954250272
60.186509781245626
59.15246358692314
60.59703811666682
61.40795812109285
60.83297088909264
60.781291129769116
61.15086513670399
59.13289191658039
60.95461569385978
62.06930027534026
58.332482103133295
61.49038910547795
59.525838269184355
59.84341249680311
58.991261459834554
60.82365800005178
59.766269940720335
61.76960758221111
60.518273709011694
59.30620854178209
60.08018781869471
61.37621590104026
60.17878882925678
59.79743463227871
60.93750068121993
59.999759960550314
61.59939776198913
59.19903018494275
60.066718791724824
59.37955438900265
58.87720253903905
60.38394314571035
62.229041022720295
61.20314235404912
61.156910919317156
59.953700138705585
61.26666759553894
59.06133810744963
61.04666659461906
61.65830678946247
61.05929840784131
60.54682036733509
60.179010394371666
60.829935363667104
61.33573598624701
61.15002365756656
61.28882682430123
60.72322136927327
60.482522083552
60.59711373075588
60.014613506978385
62.616878809502005
60.76872862628283
60.38395288139806
60.934222045426935
61.41596047073681
60.28753139016369
62.05272476243649
58.322885951595886
59.737752380084125
61.28549349217218
60.29081770272074
59.90899881256973
60.20482502333442
62.30542688965442
62.12977870358203
59.72890087301603
60.00688818679895
58.17881542125133
61.47737876547269
61.782771047545985
60.237562260000985
61.67178110869709
61.24750180594636
61.37197098566281
60.63244121921832
61.30456463011696
60.041293490288055
58.953504145412126
60.83611068148905
61.506777703634164
60.60895865127827
60.46389570191289
60.048315475091854
60.15005260480152
58.61837061752469
60.96853073111409
60.38310376654071
60.56855356753167
61.54741056188103
61.344826260860295
59.97106480118448
60.29915338524104
60.891584222616046
60.325862677309615
59.72672606136181
62.774575381963835
59.85621647685433
61.21413550924088
60.85812083038075
58.89293983849796
61.814643121844156
61.1044498115597
59.194450475243244
60.84879904817632
59.71369977919072
59.23537126905046
59.978802541553925
60.181607467562976
59.54945298658574
60.58022751368244
61.55539180601972
59.056850229114545
62.279184276574114
60.18212025566917
59.698873263596525
61.55724303732634
59.41330596893072
60.298589855341554
59.99808470478091
60.297574589059195
61.81362801423495
61.86145549617692
60.439430084579406
60.09979756174287
60.804428118189456
59.85641287630385
58.432300017957026
60.60433769514332
60.38276069297559
62.00319333788074
60.289571736922134
59.482902100427
59.86267598897797
60.590648663693365
60.72635462717849
60.40670083297305
58.14207324508352
60.624920290685814
61.15286101949992
59.34916201905773
58.934397347872284
61.90315608290552
59.88377284351987
58.851227005941894
61.70230446335977
60.32907748734072
60.40992089501287
60.432008743654066
60.57420737360474
59.26340647067782
62.11246299274106
59.28446524015345
59.51165782975192
61.25186950647393
60.47881116452715
60.87087340196144
59.6484073600882
60.280320794537396
59.93359890155671
60.15252257779745
60.55671888858966
59.433600438030034
60.33763811024044
60.98075924231785
58.69251018622171
59.114891452498355
61.483132271415585
59.95459026028149
59.190975405456605
60.55200313933349
59.570036029153705
61.82889703113921
60.75076835526158
60.58030134432599
61.073140397689755
59.61883329437274
59.48439306153498
58.1507933910085
60.371072129417826
59.690143755854294
58.20299514727672
60.0881424288175
59.638765577642395
60.983971386369205
61.95353783131023
59.6714854737813
60.892471233311724
60.02179434547798
59.49308600515724
61.99350737323562
60.256849745837265
61.44785281043415
62.140333749963176
59.36757352940258
58.73826392614977
61.05440015087562
60.57538170088647
61.18275607700215
60.10622579957618
59.21221744655519
60.86977168842955
60.074951041723686
59.352576507147006
59.60272225015905
60.27320589293652
61.51710353084687
60.029538581807984
60.63242948646402
60.42329767422145
60.022700996988014
60.14310981546821
60.13949891621935
59.018966473824236
60.36844859797294
62.237565696223136
59.563874894137676
60.81411418561518
60.57684325543618
60.68972473160489
60.9732439507347
61.4737219683952
60.778480741511615
61.381465992621415
60.50327883700696
61.54847946440196
61.425002568327514
61.40345830037006
58.15219054648386
61.30142355197959
59.179549172048304
60.801577630646925
61.5760611622382
59.3999259062434
59.24795115965576
61.88389633550959
60.23534251889816
60.28083169459486
61.7414477679382
61.71359131864597
60.80126281565006
60.66623496557344
59.67234994173136
61.806360953438826
59.46060832223416
60.78133004599964
61.43201737368352
59.94506510454164
58.99985263972933
60.56627834490599
61.86770877292599
61.28426364371472
59.927997588145814
60.667719830970086
61.03571250359016
60.57533333861133
61.25384464349628
58.8759794489631
59.416269139033155
61.56491688092676
59.52044331459278
60.38366927911483
60.580186762257405
60.6127911329918
61.19954373171225
59.59845248126253
60.08645963528812
59.54626979351447
58.843951842741035
58.892450440402285
60.86017612909629
61.11646991049817
61.16750438251861
60.25150308824168
61.43141283032311
60.276432426754
60.547451473658654
60.43247180519635
58.75151032198364
59.27440408865672
62.45355211793256
59.506584582866196
59.9220776672025
58.69599438520894
60.463971108978846
57.65884126547759
60.0376020577904
60.42432208585187
60.42424732961457
61.88973442684392
61.51233392233112
59.84992060502044
61.61804011013818
60.26301498593024
60.588376010690794
60.44982663999621
60.11777061638688
60.864479565009795
58.58462107280206
61.242327417877924
60.458115302873125
61.77714729014112
60.31462564771233
61.8323686912433
60.69629666397134
60.7100930538819
60.707793752512984
61.575033522390015
60.43431266263481
60.68092819765036
59.410726899469424
59.59719109662562
58.949844096340804
59.90155996319208
59.738375452108954
60.03737703578623
59.766226472426716
59.933284428061995
58.962906331232126
62.39226576784621
60.25525499874272
58.77480090847166
60.73698239191986
60.15645369956245
59.70794986234745
60.52893353086968
60.48030330477059
58.8339676799277
60.609783445305936
59.60977999706645
59.69436763281086
60.211723190550536
60.59085703902512
59.02644561671737
59.059144815438216
60.86344057561256
60.801063038244145
61.28282100255313
58.908893669304724
58.251626126187425
60.30547310615691
59.27868147439834
60.98001374027738
58.592022228508505
61.12422908090055
59.51321564288089
61.11716980854686
61.241610951189124
60.5748207491222
59.16980768634991
59.11864010540168
59.304916977689814
59.85985948061082
60.92839129387923
60.976076247133044
60.23349916072947
58.139169274889554
60.592257020088745
60.424390350556514
59.85682756057004
61.691053345068234
59.862675676031984
60.30233582184474
60.259550997668946
61.16432755327336
59.513437538499595
60.97289900340722
60.81017931778154
60.46964821005005
59.878906174149726
59.90364174840294
60.55703123606843
60.95247233942033
62.72939957152407
61.61265766907262
59.895000894978864
61.22144799320434
61.3114480399626
60.57550095220681
59.12872769812178
61.598193328092556
61.388420838194
61.2494788302813
58.73747826989131
59.76161991006966
61.2351728656152
60.754494628745626
59.8395669074789
59.829917246703396
59.51226508977517
60.282229080518114
61.16786645360906
60.2767834243936
61.73328667822194
60.40288439464229
60.171747874863534
59.22909880655914
58.57198429938397
61.388238130770496
58.74763555648619
60.63268042913969
60.42552637652711
60.76674389557109
59.57673505876617
60.132016297145796
60.52786303864277
61.660585571672634
60.73907448467838
60.25460960927222
61.393689194933344
60.2718295300901
61.41371497523006
61.761102052079124
61.01535543917099
60.9469298708925
60.87245718354983
61.91572900820741
59.991217780453084
59.29721878470391
63.17002892009388
60.30648369176945
60.75409508745588
61.02858345771644
58.77305431705251
61.71767591025749
59.60871941545012
61.33172487727993
60.02221072289635
60.833999612968974
60.956370410400595
61.86424620852218
61.35022602727369
60.77321574484166
59.506053491627846
61.077108621849234
61.93016264853697
62.49999891954977
59.90075145027735
60.1125270806518
61.12309075087167
59.24704438835576
60.41098918256659
59.543051073979626
62.26667045035093
59.828054570618576
61.39221123748487
60.331039228302515
61.97732844458982
61.18793315170221
61.01529630616947
60.72412051291983
60.78085099145523
58.63735501698915
59.32217206327227
60.61086611811003
60.6513874460572
59.69055372713245
60.537979020647754
59.89137826872113
60.38138873735623
58.56123828198589
60.45688019469757
61.127359708110646
60.21157822710559
59.522889339674954
60.077257577599475
60.81252021358248
60.00942780751201
60.343948497988954
62.59973824068025
61.98268357609439
60.907188440160326
60.94989771665384
59.45451972908683
58.87951516762141
60.51511934007491
60.04316647414838
61.75285759609185
60.29925680738785
61.19423074042463
57.63154752130251
59.63439363749116
61.81478337131347
60.074523851491854
58.65534547018126
59.39277140701875
59.4885669158544
59.709389534396756
59.394950548735494
60.7694345859473
60.45596265758471
59.02559107829515
59.839485208563794
60.24472667331151
59.12875067954812
60.978545788586324
59.55690426245905
59.99332804427271
60.69211892125858
60.86551548524193
59.52015898160588
60.321167731649055
61.325727329206444
61.374332047663835
59.04991221204873
58.82901886986667
59.89642904634074
60.657801051366505
60.72766109426482
61.308571924939805
61.162251646534514
60.457815710002
61.380260011612755
57.63164105351449
58.04911948081438
58.59456475153252
59.090351822035394
59.436793642043355
60.38088319905699
60.25783073428087
60.40552420681826
60.7148031043808
59.34891478370451
60.211315652615944
61.34839541606699
59.4902619314016
60.75375340912935
59.86749162713716
59.38940504869322
60.95839651505011
61.707038567168084
60.500707236383654
59.92381808827262
59.44493867925542
59.28025553450334
59.9004806173022
59.822808248585034
60.9832411357383
61.28873135725645
60.18309550511948
61.829691692793425
60.09705339400002
59.714660569887656
61.55919833691338
60.60655628692249
60.611275864020406
60.01064352784469
61.09068874938805
61.39884650893776
58.07713283127181
57.82174384480099
58.798055816200694
59.913994238806254
58.88052622760039
61.674261762500635
62.40592682240122
59.879904121909476
60.50498680391649
60.214567934012145
61.31681766356875
59.441864701181295
59.23178527679002
61.257101192790365
60.96359956953824
58.58074779147098
61.09684465357924
59.14461262940589
59.153346112492834
61.210324730256005
60.770492270188804
60.2636311265518
59.5249558259607
60.5386243542695
60.78520985681836
62.63382436186933
60.20472114981147
60.07305185296388
61.09933001010959
59.85015621308119
59.31525043297286
59.761098051608826
59.40286338700987
60.60962758107529
60.18608613578059
60.81637613919014
60.65285382147609
61.95860163536514
61.24806284092485
59.77900335003329
60.44047125757399
60.83248685551945
59.77160555520825
60.56783160385272
60.82144053673682
59.871751185653686
58.665938291456094
60.18545182819726
60.17603248706714
59.88971703216491
59.83985703711747
59.13857483373651
62.075833487887095
59.697129511699224
60.11326889050163
59.83563979445923
61.53117961332074
59.60313904143365
62.14930983837449
62.832864042014336
59.44607833871257
60.27855328815093
59.358777089319915
60.043382391753724
60.64114582877233
60.47668992042558
61.04859266774019
59.48026065383883
61.188533187916335
60.506642386312386
61.492193944800945
59.61846242752315
61.37011215808347
58.00337128678463
61.34151010300998
61.33428104904896
59.583987469711005
60.721474976411315
59.82473721792748
60.65443472771419
58.78555982530592
59.533696186323006
61.012985090587506
59.04074351098586
59.570996607042545
60.03528979997518
60.70073111485376
61.968002324456144
61.82121521702893
61.88293090607025
62.300245134165394
60.65550853269607
59.33350382262833
62.43199637549734
61.18631838901719
60.66757628089954
61.1801089316096
60.452298349412665
59.560423925715384
60.027909664204984
61.817396008802575
60.932373839929504
58.36388625320693
59.45632262726081
60.88257138420898
60.54773243820041
59.384682878345714
59.27185484656486
59.49415314519564
60.60764147073623
60.93074153174038
60.73281147429015
60.63794921468859
60.704108541878995
60.40457597395311
59.7059324512731
60.15522891117734
60.18219629615784
61.011469531943504
62.200825366738506
59.76608835582234
60.410592075008324
58.77258231343081
60.70400919276518
60.52892687054286
61.09495831324778
60.75990509698999
60.41233592225949
59.25632439434789
60.59916888392396
61.40415735432076
58.651332803806746
60.184293626083125
61.17829463084507
58.89799475109913
59.591053047366564
57.87677730541297
61.04516350642369
60.45560327549729
59.83514786267012
59.56355700453065
58.791328450851985
60.84826908256249
60.42554814084456
61.52849919591492
58.91261953092667
62.115617934022964
59.50214620328142
59.359182625644415
58.97367926360766
62.63847632597435
60.31343087879785
61.684527513866584
60.30948996132742
59.67151502330082
60.76625319438668
59.72676017825134
60.91063931429825
60.43529353655207
59.76385173597447
59.76689307286227
61.229676720212204
60.430067353279746
58.596231233959045
60.49591342185116
60.997538008247695
61.25309914862189
61.26632492144349
62.24753922189113
61.99004653973237
60.415015548849354
60.81692484746519
61.03884714649268
59.090599033471435
60.61236604678769
59.65572796541005
59.98226616355673
61.30617933919146
60.886742524387635
61.965275779456576
61.606681768074374
61.08113728171198
60.4378701903861
60.89024919813253
60.37585162690041
60.120568043292494
58.859976602532235
60.50468269741025
60.18294705365797
60.41341440272271
58.514339071061684
58.774474753987164
60.59527789109577
60.29053766702463
60.43159861471687
60.45511240399743
60.6057687964523
61.47305866994338
60.656081921473856
59.52322600592407
60.92090662417569
59.67801113845668
60.60674436407086
58.98114583530523
59.777148208743526
59.658394771731125
59.64434784990842
58.81743871037837
60.977004021994176
61.6313621366607
58.06534400867679
60.25707525783587
61.87136707777033
61.63869848752259
61.15633028259956
60.17070818605071
60.02498834766981
61.003719982117126
60.74620909427089
59.250072998883894
61.36621127314593
61.55696239983955
61.98464587083554
59.370608973407464
58.89419961140254
62.068025329906455
61.65655422080427
60.927739689642955
62.35961797034953
61.716888244342606
59.80899444732256
61.03904110263703
60.66503241909639
59.2038442035389
61.035726430198274
61.00697781653207
62.17852223292914
59.50297326037771
60.52866122622634
61.51490476292153
60.44475920286906
59.03240271365093
61.00347455181611
62.391517696454564
59.44177763364449
59.866156962982785
59.61882310701961
59.37902892810185
60.17989896190024
60.86630960573482
58.66258691769396
59.42995595759857
60.06886636389334
61.36298409281609
60.77204173305589
59.104799248990005
59.418672164829935
58.88822435462679
61.66680221842624
61.848161543490264
60.30776452663835
60.691715203662596
60.101385597224805
60.12222498389325
60.77018958119273
61.18822032059338
60.5403639310949
60.893630305981226
61.2731370422251
62.32689123711356
60.14640538781498
60.654199106888825
61.00481352623527
60.72651347699642
61.34304631351255
58.78235237690663
59.93232974232666
59.31039184319698
60.568344329162855
59.40558763645181
60.46448018068094
58.63711351801933
60.62037419950396
61.03687739999481
59.12352394178826
60.18071449341574
59.829749136801475
62.89399727479845
60.60793578354884
57.950010768316766
62.46154502790724
58.82845593961451
60.98624351604243
61.514732221555356
59.093026678611544
60.33923650559115
61.62093164642066
61.6412323593097
60.886517196244874
60.88078680842741
60.567099142589804
61.76700922761648
59.69529205497651
58.119708694534594
61.016809376284705
61.24710055451948
61.10684590274247
61.78874109536444
60.35539006252146
59.786187333256855
61.414562070694615
60.45276332450365
61.796339432760135
61.07593544966695
61.96954453237208
60.582752102050925
59.92076943048296
61.04167885532882
59.64867992635118
59.6954247840789
59.66446948341873
60.24106404844304
61.50228947371613
60.776525646233445
60.80900778251378
59.43726657614024
61.27224816631746
61.10489840174032
58.170582824659206
59.02768021572051
58.023113458874505
61.25330660130061
60.58563040886137
61.54055048864567
60.22303400937138
60.575100866410686
62.20297632342472
61.745467193459795
60.982404219037484
61.228753388509
61.55990921363237
60.93427919611328
60.368595069102234
60.63363647956615
58.14084214399127
60.69481389587045
59.147287358256776
61.76384102108486
59.44439056018153
59.54834871341386
59.52550891048276
60.89979575739613
59.82030988155315
63.138676585361964
59.568332174941816
59.69292142029381
60.941008227031986
61.50952610967173
59.65784367013801
60.86850565268746
60.14732351343767
61.33542291817764
61.55697299986857
61.23405085764447
61.75111413315828
61.37906309415857
58.96978671447158
60.0208733006218
60.35857807789655
59.00358768896313
61.190568924389446
60.26572449776041
59.708232872176126
60.26380084150767
57.85263852750317
60.44798092142679
60.9112249217197
60.06133960869266
61.64811589058282
59.807599355021985
60.149254839539644
61.54748937855415
61.52579099946526
60.12460963553506
58.33487302283154
62.13925735873042
60.19578573187422
62.797367992644325
60.043748633276735
59.79971040357849
61.26744265664468
59.984424322620015
61.082176634045496
61.10597737513614
61.834155477029114
60.18125532226289
61.26376327017593
60.80633547926804
61.83352916061706
60.35526884874898
59.87630948472293
62.622276473460786
61.038961642793595
60.18206605330202
60.46884514546584
59.79751630883452
61.65761319576634
60.184197167409195
58.93864357335749
60.02804457522257
60.31145405837705
59.8553921722371
59.43859627766352
60.556055628240536
59.68994843990575
60.21641975534623
60.24092073439001
59.16665372202459
61.31739850512031
60.63500033315241
59.28214841760062
59.01176730140228
61.15813974012745
61.37452898004235
61.100972335466295
59.8252250464404
61.76813333586937
58.68251300945391
61.19672530658321
59.460683640081065
61.47015701356501
60.64676188593294
60.072942874348584
59.16882381460117
62.650189475752505
60.69544873728985
60.54104896734612
61.098990088147346
59.36740765599202
59.59300759006764
58.94742139905552
60.72075700719144
60.459544094290166
60.94543975348043
60.55844228073743
59.192030496327284
58.300233004651446
61.541001795861895
60.039595278081194
61.69571811695767
60.53169489315462
62.613975554977145
59.56540218505716
61.847354203451836
59.48559519260681
59.99144831371183
59.96066026143274
59.56857324519805
60.86545647176901
59.504473684629986
61.328623480650464
61.766108305181
60.33121319156747
61.647631439479284
60.266434664998904
60.31949744359331
60.817835362303825
60.40266487119273
59.514169322185985
58.61395277552885
60.87499875448589
61.47669944479061
61.42683613534426
60.21723785301226
60.508020393733
59.20001885954426
60.768600185178755
60.65148374772433
60.40337541859322
59.770101564611124
60.40185285602466
60.609500301503594
60.070079678628105
60.00430761365539
61.21175974367031
60.86016542062244
60.513784830182296
60.71215860222331
60.43994983527715
59.93941256720961
58.89659835631986
62.525971247660905
59.74400015539138
60.583402625146576
61.28812539598706
60.55367510599776
60.57785929097851
61.11866216415251
60.762973811792115
61.45059331511341
58.76203692674589
59.13867409525921
60.32235816756027
60.49050567189669
60.216428704584224
58.69329617335384
59.82323034451166
59.4614834292183
59.857346763441946
59.832831591762385
60.288964814819565
61.34249108879523
59.95446128325733
60.92575454243615
60.35251483504357
60.86427061417886
60.59578899697815
59.32389579394462
59.71059630522872
59.00928512997275
59.61717605245789
59.46690374258628
60.51290691218533
59.06531699717182
59.876730241041194
59.38062728102748
61.55376671933589
60.97880949499207
61.81285662387346
60.40317168583073
59.82585927803065
59.74041795156126
60.075274626755615
61.269660941508214
61.21070281137742
58.31400190081046
61.7914009210139
60.16362810949248
60.61961721834352
60.89153770139031
61.90126390911293
59.093152044146905
60.842173407110046
60.08366445194673
62.105644073720015
61.06428516948175
59.152203629393696
61.271024744859275
60.630534143560546
60.49403533986451
60.41476570380586
60.58085415699835
62.64905528237065
61.905597522136915
60.27689106187431
63.122187641433165
59.564976306950754
60.31195632754835
59.078996251081264
58.89365644992157
61.25630243509233
60.52784392115147
61.16964403598054
61.65278443759223
57.89794474424175
59.32618638685792
60.66291624268827
60.310034290507396
60.84600683618146
59.86849968472627
58.889334244246506
61.78978554189588
60.457313415262966
61.024938802584174
60.5024642049961
59.908121540458055
59.825910419126416
60.99679146148856
59.15239188168701
61.1651378831598
59.26970162451199
60.6125724150639
58.24897423601437
60.90467435678653
60.26952994830482
61.5406955090095
60.94348930103336
59.72320760049433
60.50964324238597
59.562489908528754
60.85400876739838
61.512077499905715
60.467458935607695
59.31111001203597
61.898682067204916
62.5945793064754
60.5945594924032
61.38899762807046
61.011726220271036
60.73210142772897
62.241590134308
60.03125268604629
59.239282462171026
60.520042485072736
61.77581126588901
61.9987884537095
60.557820557899085
60.497908853586516
61.71654043446839
62.365127667175926
58.8849458315395
60.4098264930474
60.91288002013275
60.318477508789194
60.095628986726176
60.0276070270565
60.030966298590265
59.35341667327259
60.46302508993576
59.898601701382795
59.13905622484389
58.97660486223876
60.632562293898474
61.22129667749803
60.62934590816669
59.872433026687716
62.086238741650945
61.624294176236134
60.095798464841366
61.077944636557596
60.076149575860406
59.93440561381619
60.894238752248235
60.16897515259573
59.96106921525148
59.1321657311135
60.999628799671015
61.25485642015925
61.24472817466044
61.326773510708335
59.043269453225236
57.961819561168625
59.75286070489212
60.645498210993495
61.45817350383588
60.81024803008007
60.39922167653632
58.72077486282926
60.46435184014711
60.594440142245894
60.08145211696665
58.82775035078351
59.42685992999022
61.111061970791916
61.396800857935496
61.96527590804658
60.94147631227387
59.62993839915977
59.983867702734116
59.874755575012365
60.029142622867504
58.74273601115668
59.819800180132454
61.456783326252
59.8481622824297
62.095407836417536
61.9561676280412
59.70632564864828
60.44807951876293
59.73793403115601
59.991677814501664
60.571702237592184
61.801328857880755
61.30976636127559
59.28777181114438
60.28371224068226
59.45556973927843
61.47894340484317
59.271140425293126
58.4189768736674
60.244135836424974
60.927112582249784
60.94027688636932
61.42864400185805
59.544910095071614
60.839602157961686
59.54951274553264
59.80845752848618
59.84180075771949
60.42989673048009
59.191986620850216
58.44626995615971
59.42107291159393
60.12866788336781
61.6971351882597
59.219890607929095
60.42912352290706
60.22164127290917
61.02279768052211
57.86898858135311
62.00501388593362
59.889952959732256
59.23899863403335
60.264211492485735
59.62273958774522
59.987927483205546
58.86531624807078
61.17674247128372
60.16589928944068
60.56736247910094
61.015099541389596
61.34161133221286
62.27471829363591
60.80778057679992
59.96466689855185
61.475444408793116
61.19924546313921
59.87124093700568
59.59138371859346
61.52747480774814
59.93893827201165
60.157520844320985
59.813237559845696
60.08103541429576
60.733178131914414
61.479603619693286
60.923647817903316
61.21253960362083
58.46770646011463
57.09583687345868
60.39172563397291
61.05776646982166
61.12860700860074
59.6524557463207
59.47542611571628
57.709330619574196
60.95181311441792
59.729623900485315
61.17658629352599
61.658948272975934
62.350199360075074
60.57605332360245
61.06912686887306
60.62412670833664
58.577693183183776
60.5876101434796
60.27619187829035
61.358629581444745
60.03289969544536
60.443252142102985
61.30465275740174
57.0902172841987
60.891765137179725
59.916033862308275
60.44485704701178
61.82815079880401
59.295962671968304
60.969389305441695
58.68567695576235
60.72618415147172
59.79336655992048
58.78815890454533
59.89197413517325
59.59880868358354
60.57797904969506
61.225171356117656
61.22585975366552
60.87066771901914
61.08300507010915
61.500272251275454
61.25260421728383
59.82451244214258
60.142085393330284
61.26713790158346
58.892016868971176
61.43499801204669
60.32471759022988
61.24298865019149
60.62776735938557
60.16837262299224
60.281041324923606
62.16244868608106
60.52784582968631
60.10596887068182
61.33045160505631
60.582942761785745
59.96137854498247
60.45109956139944
57.90286841132803
60.55569740617658
61.61408770831133
61.83649468744853
60.50691451519115
59.535135906244186
60.21725316530666
58.69135883607015
60.20458149603187
58.1158724286915
58.236644406073616
61.169307993874185
60.93246608080212
60.657954165217774
60.21542218875198
59.91764881033856
59.42277541444442
59.598855184951184
61.82403588881115
60.075218064654386
61.59474147314593
61.791896294296365
60.2191543766344
61.57139269573197
60.176918414980626
59.777923564736064
61.056093638176705
60.66257658552226
59.55810411475558
60.47107164517634
59.837790098079914
60.791959273820396
60.39509394742902
59.91472276244087
58.32351614668984
60.08766914472183
59.575056947273524
61.62889664999659
60.6825822926412
60.29429321835709
60.057478685775564
60.18641652448035
59.922305782552876
60.2337138255322
62.00812462713133
61.5889942518776
59.55759676791163
61.13076313267641
60.71606400907536
60.504336082217286
58.698256404904534
59.36030984544861
59.00711089322427
61.89661959458076
62.55080976432184
59.810481759352164
61.186381249924366
59.80903098009877
61.908201337198726
60.729790464562356
60.608957764499024
60.80530014550813
61.93734099825219
62.80152367544209
58.061318071039985
61.16841966883607
60.57816174057478
60.98846752444967
61.733159354902824
62.915285823583694
59.075559878348024
58.79493580532212
59.478232493609944
60.42680600115289
60.904261147657444
59.902968128665115
59.63033385830099
59.0590058116547
58.774710884079305
59.99817302415834
60.95192592040751
58.53249261339959
60.3403322776006
58.40881449991231
59.032359019214546
59.71154533898357
60.50174441711838
60.00632734246964
59.61044958039551
62.661774904972866
58.57662512275406
60.92547808342458
59.648305664396
59.485667152967544
60.92978820618387
60.78520206730641
61.187091885843024
60.54743753391593
60.3326190372358
61.450548911547145
60.578260706367885
60.33537264291178
62.22216833664463
61.194686859263015
60.93509548080414
59.9756494635786
59.90465613915925
60.784697180571584
60.2011853001514
59.985977944557476
59.36298476651272
60.11290210916139
60.367126995769084
59.342445320540875
62.03916089534244
59.45204312707862
60.141911912626746
60.11478734520784
61.169082428466304
60.93154076368945
59.59246248647204
60.185732213340906
60.40042751006633
59.16584128426034
58.48787444613593
61.82199155010428
60.814137565394866
60.47519490904787
61.88332112114237
60.82485254967004
62.96825633313623
61.45059319527601
61.53529171180779
59.38399540077046
60.19270261026574
61.21768714223226
60.84093997878437
61.806343750349455
58.30576120877047
61.382217469326164
60.97680949065642
60.28274151903919
60.80702034655383
61.28442100921517
59.415256486757954
60.60289897781199
61.56782778639806
60.06786309284338
59.96166608018525
60.73131766857675
60.65457964297632
61.685882467623166
59.55578693321325
60.302394725884874
60.28181769674765
60.402680989056456
59.852496221650235
60.1672450328109
60.76267012409872
60.98141549890302
59.6134563858851
59.707085907362504
61.12864406219139
60.149617755659015
60.73685494376012
60.14652197615523
59.70348215759563
60.788938640424185
58.33745564957831
57.84508196293739
58.95022932479463
60.827093485724276
60.71089966450219
59.27730120769627
60.4094963228888
60.77111413916186
60.81927932799449
61.24867078830778
59.182832846626276
60.81816261259535
60.598470124533705
58.3217095853828
59.657623794829796
60.53969715658392
60.416244542866764
60.55189667428706
61.26407072436647
60.04990329282401
59.531841634405005
60.8640182068347
60.9865423364059
60.054079183952695
59.434373255263765
62.857260569884936
59.11460851184744
58.598263891646226
58.8241139164531
60.51047386029079
58.41369739534553
59.90646014027662
58.95853469263474
60.67232124526784
59.42524053443721
59.61891861318869
60.19353435933308
59.50989444483834
58.48002326223495
60.190133974747624
62.68258509087636
59.468544796065686
60.00172536115835
59.02886572149308
60.479621753187054
60.777497568719724
61.22574697806004
60.890436514524836
59.98049847464018
59.80065663212379
62.33864080327362
60.50674454698959
59.65756913874304
61.02356145626722
60.07229433858318
60.56807848430005
58.775929284016655
60.22270995837866
60.25089971580312
58.934782222344914
60.97241455654003
59.18551403284035
59.83626689350482
60.168685883963164
59.39223684450024
59.67349854405063
59.98878328480401
59.48423562847955
59.026929702132
61.116438925192035
60.95742755428717
59.67456920604081
60.64970939436454
59.913695561810485
62.27754191342763
61.76652573504064
60.44145999470589
59.348492302314355
59.08304632541968
60.52536857594895
60.701058523250666
61.02092102368367
59.912432312133404
60.17536660670837
59.92256379250573
61.76452444301872
59.718913317527
59.83674764564891
59.81163740535401
60.21011847732358
59.64841365186473
61.03732014296114
60.84009806915237
61.55296596172269
59.31429147643728
61.6777100046803
60.2441287655305
61.77012141857182
60.12546285563272
61.83306995173039
57.82494022960206
61.941938496393206
60.52126533912364
59.83298743333187
59.133759240484856
60.758317526594034
60.70101214387832
62.097325614875075
61.89406817011358
61.42459963279875
59.511722103022954
62.26302608685552
61.17878071196128
62.112421643216294
60.997071609102896
59.854817620858675
59.77568611744179
58.84704068108624
62.55806133526907
62.366725530448285
59.334421294909426
59.57181973324769
60.92756859083324
61.41625762981173
61.30689821544748
59.67343582253508
59.83522678867762
60.54946107311949
61.90403777005839
62.01955130764442
60.79424143190039
61.926853505977896
59.58037638405126
62.26307442003416
60.65407928006592
60.14023221839036
60.13514299975365
61.92933343896337
60.798004604051314
59.08654118380041
61.75466988393564
61.89191689606092
60.22882156236355
60.32091199238224
58.624083323147616
62.03459883050276
60.46130218361127
60.36357535511139
60.74230342595839
61.21373328965999
59.879903195595794
61.04045017208267
60.904413369812076
58.59113040457769
62.02680513102141
58.91695964415611
61.836203684291334
58.90678899202105
59.532877977828626
60.15908252087818
59.849842438312585
61.64316075119237
60.510268466405414
60.16093436544476
62.03324605221773
61.37902839699378
63.09813080286945
60.85364338692146
61.59009857686362
60.252189797620105
60.604578850760014
60.87044316286994
59.466618394660415
60.375809719849855
58.785679675849934
60.640547853478246
62.04726137699511
60.74662016280754
61.852140761798935
60.04646625609582
60.212149050431655
60.685356535283866
59.35544144179011
60.195097926124255
61.60168514845614
61.091861130462284
59.6306489466526
61.64143778292784
61.319101585011396
60.723002325986336
58.637332829074374
61.73398647180899
58.95808760126363
59.045429092154805
62.16605796686893
58.60421513404372
60.24869116780978
57.084438175387824
59.56606105979062
59.717638168506554
60.695188863756634
59.406645447542196
58.580161613117276
60.90245902932408
62.1706971102714
60.61201649230596
59.61120503201024
60.04484247705995
58.796308971578085
59.72381782238464
61.96627594221596
59.205737462151426
62.414142660930366
59.49298524488309
59.42231572976834
59.48734673522957
60.86570212311059
59.384995656653956
60.484638200283236
60.95894212177908
60.416278838659224
61.21279370015346
61.07733609527358
60.122937498575645
61.19458776658119
60.456129413017834
63.235987883175845
59.36795330079941
62.078025207215624
59.82364321845905
60.29546463973025
59.4603826881061
60.69358802712903
60.01827271369445
56.314509147042756
60.48927042466141
60.449422371607376
59.76346100722379
61.00891775629564
62.48450100124028
61.11045182750697
61.69288039307659
58.60507342978718
60.35035661844807
60.585589931651114
60.18592205668847
62.14095831431957
59.474479902002784
59.6855068817152
59.79894542342048
61.072017003551316
61.212102562859975
59.77997521130024
59.75233791894149
60.981031704135845
59.45172840525538
61.74126562326338
60.382405785198785
59.6631406546522
59.89629798740852
62.087205914574334
61.50071506318811
59.73823282642216
59.73522242701713
59.50271199501224
61.33274938299851
61.05922956249268
58.890449923593
61.19204364452005
62.693417006552714
60.94363771477855
61.493041213741705
59.141031679749496
60.18128787479533
60.95365706506655
60.13669260606796
60.07230823573035
60.01906918493338
59.67114862411166
61.021084861177606
61.3858121815535
62.1627813532119
59.617350411346756
61.241961728384936
59.69391923938703
60.73957827316207
62.48547458097305
60.01857520796007
59.458214644000165
61.373296528656084
61.304043550812935
61.35671884486327
59.61702164159176
61.0740199179462
60.04624454077444
60.50814572546404
61.0945550997341
60.37425046198599
59.66336717099322
61.89949572777017
62.09477697150845
60.973464872586796
60.1085823555847
60.84873221753364
59.37845792873905
58.05106689791728
60.34312695387107
60.96462953145955
59.02549817374048
61.12716070747332
59.897814423808924
59.44067517466308
58.46355180295572
60.09963540967671
62.409145589760534
61.1582462794996
62.06930372804962
60.096652422920684
62.600343643761015
61.05255852965771
62.00136059709983
59.74751194494018
60.243364660770546
61.751621644127226
59.33840974097439
58.9985641488612
60.51355022151845
60.3147291194326
60.765090235697684
60.734342543962796
62.148461316194336
59.585861824145766
60.60399660380579
61.199331836392304
60.97459783276622
59.21026357841913
59.4569433052055
60.81518047251466
60.05774186795451
59.51752594230193
59.88771636652238
61.00354714116061
58.12697738336998
59.44573892155162
60.32017108076849
59.715675726791275
59.56734342829961
61.2041287232621
60.67314328568412
60.78793699000231
59.70392795803474
61.62854981837892
58.10317612002688
60.22528531371289
60.33938140383962
60.073067192138055
60.28736962126069
59.93382358582838
59.508719215694335
59.763273607548996
60.36697624484198
60.94702972430423
59.82974181292673
59.980428605248
61.297623815220554
59.91385913045859
60.350450418859864
60.148503233411546
61.38308088328344
58.957255360272384
61.283135790785124
60.57427687545098
59.2416723304016
59.838263305353166
60.68183512520964
60.53925758377315
59.302692511835815
60.1142008481581
61.11200726786652
59.77785926528628
61.335469299881886
60.025470638481906
60.64260492194108
60.15004094219386
60.171128215004934
61.16738617832469
60.13223276669031
60.154182129282944
60.01331811307001
60.36787104446742
60.224985275655285
60.402733433360666
60.308513113999524
59.181429956460406
58.80167730225676
59.264343587712986
62.35140275441769
58.70953814798751
61.30281937770151
60.5730844784634
58.64949026457294
59.73880074703852
58.63816139187669
59.102417289309614
61.98505408755192
61.73936304267022
60.25148926872021
58.728701367676564
60.154437081952125
61.66212023946709
59.78899368591874
60.576234659192636
59.853733371375746
60.279891359199574
58.3442854868936
60.891612594096834
61.48182639999613
59.528583685066785
58.31955624324575
60.07050428741692
60.32149872665657
60.58870633271655
57.54880069970628
61.02914163193854
59.35775305049226
59.53788061966197
61.16038240983248
59.376938217988965
59.7134560750225
59.35077784022382
61.40265520349052
60.74464125211029
58.20743186739722
60.18321444432424
61.292460709105015
59.910445258089695
59.57003620309631
60.90310309844677
59.873419287277095
61.76281781518614
56.83180428807155
60.79259995421832
59.43471786804355
61.4763122325482
60.25644606207122
58.745717104912366
59.79334297099096
58.30032197814595
60.4917263106095
61.61659520406463
59.6508985863517
59.11390889964963
61.20483266606597
60.16011813266232
60.97540043968754
58.90600606042717
60.15711734191424
59.153582462037384
59.90210833643301
61.72025754429134
60.48138903156773
61.15227373553885
59.785336423086534
60.168438979166226
60.55553990887919
60.62528810130823
59.2787898033148
59.49528732982706
60.54443785459535
60.29536417640678
59.85246422925322
60.73214852101795
61.492598530527516
59.811521946783685
60.479692938888405
58.62119005626232
59.56652662395967
58.41329813058569
60.13220680305478
61.41551678007456
59.59381045726667
59.85165877624906
59.46830958485961
59.695618397660624
59.3498589868081
62.511701844573594
62.268868777432814
60.979715152664554
58.877305769700556
59.19865824729647
58.68249685399261
59.13157633417553
60.68562536676035
60.40407583172773
59.64242742709294
60.07489263297116
59.63405446267962
60.90311407454275
60.05439367287082
60.68127170982209
61.1489565016045
59.99888768396057
58.60562994728005
58.32758397811438
60.537124917272294
60.74645448294874
60.7624824241191
60.16143565752331
58.027014226004425
58.87167248457892
61.38673898009299
59.66772120162599
60.56969988747425
60.156748557583825
60.40353601922976
58.296287231784696
59.0652576544941
60.13887250332159
59.54818445051441
60.905640088401796
59.82332202053184
61.265470655973544
61.33024117285894
62.437586016580006
61.53321309953447
59.919198624220925
60.82682355522158
59.7542848376845
61.30383612114488
60.0925105001389
61.06509701353845
62.48149852737234
60.83549933290427
57.248336273624595
59.58217864133925
59.37413540889757
60.64067262580737
60.64491537666825
59.36919573634191
59.07756182701765
61.05405085752754
61.449447414832555
58.48153868299481
60.22953748560482
60.87163267764944
59.33545565494333
58.64318752505789
63.05960271260094
58.25897973215272
61.29951055822845
60.15642379394902
59.70533717125334
61.86292823910808
58.48648680972553
61.37657614931837
61.30697214206357
60.6755777825111
60.40348354989331
59.18380975845939
61.0713535577409
60.4525443701163
60.392994603958485
61.766864652780555
59.41924915985109
58.100778642755714
59.84227910042376
61.83319746683146
59.07938601547288
61.05371042673066
59.51683997891314
61.53865248748394
59.15375667540914
60.660777924575214
61.2120969743828
59.416429752901095
61.50610091231196
60.1596744915808
59.74036473264542
60.79826733798442
60.65460817975166
59.691491662517535
58.83865591306886
59.67590919723751
60.28513394092027
59.21956593332897
61.26818962457852
59.34559548522769
61.63786532113406
59.877587858415055
61.808141786922825
62.16183136036149
60.12838322678968
60.470579555272565
60.279556139557684
60.848938618351674
60.64758408862533
59.80905251314523
60.53248522730504
61.15252341668313
61.03215535442201
61.60931364666629
58.821545750848934
60.59255977805197
59.966958382628064
59.500449025874154
60.30602238849016
60.53873045995013
60.43800458005846
60.42992043792334
60.54337612639733
62.668008377355534
60.01217054906561
58.571194989341244
58.78670329918612
61.04600731567148
62.39341316194118
59.490037537738644
61.05370055002029
59.96972051887314
61.398454486686475
59.39177104112128
59.75649627896346
61.42963002981465
59.027589939784825
60.82296219501157
59.175784062821734
58.99632335406872
59.1158653900447
60.093627314742555
59.91756536387934
59.5395340795082
61.315348155582875
60.28387700303163
60.52406568668022
61.229389326292925
61.30912578951939
60.77225676349961
59.81308742499857
59.99956743237158
61.269906229167525
60.88818318496964
60.91367017712891
59.79313058329682
59.328900527417
59.88749672803298
58.690452975625966
60.35382738542852
59.02076870062679
61.06902390860626
61.62478737664217
60.31140557777454
59.624649357074645
60.110986550564355
59.61763136303202
61.39371913065076
59.42889637783027
60.828230468169124
61.70460742488043
60.64529190891267
57.71140582057805
59.141264330026786
60.27509570448952
60.060969467978445
60.050608007919266
59.06459772710738
59.5085733365506
60.87587048012057
61.30987289381116
61.29217370210077
59.92508189416619
60.09876756700969
59.80746841883588
61.03729205973139
61.141253948247325
59.96309396958769
60.96751043673841
61.31494123551989
61.16711149045485
59.577942070320674
58.908166510448915
60.30490279807658
58.51580691826545
60.58141960605722
59.30303771154297
61.19728708663584
60.75788784295344
60.57213217064142
59.42600471426752
60.64471437959281
61.35696188212571
60.1701270795233
61.1877402019699
59.52379068939306
60.40991799221912
60.80850877170972
61.81296790389769
58.919912254507125
60.84959451327743
61.23163906690972
59.226327604253306
60.532756323467986
60.161778459908554
60.4268574816936
61.48628021076609
60.18071242137697
60.123547688754535
60.71170739982638
60.164902346064494
59.71304938981235
61.70900744495379
58.24773407092685
61.73836279840172
60.27326250132412
59.73470551554833
60.182619569335984
61.11770437149991
59.894523368885785
60.17876260305089
60.76730109347547
60.64414418168109
61.32612483343154
58.915303539878686
61.153115654238285
59.72214444602997
59.882545504597246
59.431304451287
60.94127429700325
59.77205254693456
59.181328494645165
59.7668021700675
61.36692273552241
61.14371956117077
61.448059906557745
60.71419756131193
61.60109222836476
60.300967059463886
60.47792370050935
60.87471358193074
61.051891570189156
59.94616380446354
60.66436241601596
60.36585693763183
60.69341249111572
60.436667931476435
62.82536793605605
60.51763278247462
61.326653722633466
60.69929176010555
60.226658525968055
60.94493998325503
60.65640614794313
61.85888088103879
60.08302697210929
60.86765202954035
60.242019610630585
62.0251402372633
59.816524379400924
59.17231886208506
62.72340041767077
61.255830576116
61.124577091494594
60.40711955083315
61.29586400234339
60.86424503841275
60.4053717680883
61.22648730609486
60.40087185202465
61.80280234670591
59.159618496182134
58.7911043426834
61.517227691722404
60.692339305601934
59.456702579746754
59.75932800375809
61.50038067064286
59.424629169407865
60.00689646731295
60.7216190642261
61.52053397908232
61.791894497285966
62.21718780751318
61.49397294224686
59.28192848943678
60.59854561244512
58.029418110759536
59.0225230113168
59.607266524861075
59.43241322503093
59.50272428033924
61.102668764535984
60.17224285574759
60.97484258938507
60.89994588926596
60.40354668596261
60.156461108971236
59.249478120358745
60.534392839049175
61.82414389848224
60.351531162845944
59.774973006933664
61.6162837439517
59.77613210945888
59.59771106432173
61.16453865414275
61.31977915134443
60.71447777165222
60.629314124040334
61.75956235576536
61.76906302834064
59.81072104577708
61.66366664005263
60.07944991071211
60.15752169621814
60.04049915253538
59.76755985904149
59.75319832213206
61.48716213409447
60.977410548500444
60.143458184522224
58.861919254923606
59.90862190595632
60.97028330031386
60.285219277950816
60.31356943937961
61.16050059852604
59.99362823178838
59.83662585816399
59.82810133282474
59.80646295832763
62.425594599340194
60.332219141132384
61.834312032195434
60.94421102200526
60.25015849613823
61.05875766778672
60.69205241318155
59.63415831825255
60.14255590871396
60.0483220482083
60.0787423848502
61.079477694615356
59.39456585282014
59.48359964258774
61.265239164951296
59.703447082564445
59.82892689238485
60.863217857002496
59.466458776762195
61.328212715852224
59.16134729442774
61.20319914908136
60.736027001125336
61.61037254501971
59.579194657556336
59.92150297275383
59.50072852420215
60.24818766313144
58.54963694294596
59.50052800745684
59.639447102993145
61.13155392040429
60.62083388940139
60.65950953776944
61.73144837463788
60.372318747582916
59.78419280203006
60.096139289132694
60.8697812131036
60.5759167296319
62.51251767890009
59.78721901358547
60.55327636807049
61.46425604765766
61.783537199138046
60.38263030281455
60.49211004707015
60.03566661463804
61.793176963485266
59.65524700382281
60.03709456976796
60.287143805027675
58.44741384963251
60.813666743235004
61.19516209820762
59.586487312903756
59.79736451153539
60.513786383256694
59.97148347432811
61.16984264647374
59.782183126159254
60.95833910622209
60.47525113920363
60.648339254293134
59.69594393000281
62.56721035023291
60.19974673886988
60.59466723908196
61.0722960385633
58.90810321860643
61.60874392347229
60.062997351040245
59.952476086810634
60.76697612860709
61.564566777884615
59.17335957517557
58.94689125288543
60.63699788887543
60.27060523201634
61.3590307623337
60.718314862701874
62.35780497096715
60.40241519031109
61.637441350916426
60.344564495221576
61.314126248041596
61.509895511185746
60.0832048465252
62.667137386902496
59.18060236524978
61.485834836637
60.20849930602417
59.478676105035944
59.003839593749284
59.576274784724426
60.096196904518195
60.89619154206641
61.407862550297644
61.36696827379924
58.57660123865702
61.03041448577046
60.49832589303302
60.0449133785472
61.78242788012957
61.1059165637708
59.49418884449232
58.64996303145298
60.17078333755739
61.32776591466687
62.264333755474055
60.384362197817985
61.789186258874096
60.40790926312989
58.92394745114122
58.239577612383705
60.1204553804891
61.45993144549516
58.88435685507998
60.84362045466466
59.527802370583274
59.95875019971477
60.55375526779728
60.613734082090836
60.78031514470448
59.739665406480356
60.82493078072567
58.914414079047404
59.36692342654963
60.22196918527545
60.29669644769165
60.85326744990377
60.280292633564386
62.49025588155646
60.157656563510386
58.559475848795664
59.51273527661476
60.741494893446145
59.6884312688468
61.28220007690954
60.66187054338818
59.88437576986977
58.78821917155966
58.32754124062678
60.11567505126176
59.302102686261975
60.91579893936471
58.53079219774742
60.75294620806792
61.33915048706458
61.28144355880546
60.0704679041921
61.33230749628843
61.12451386022094
61.48116959376161
60.584326832293655
61.542371683322955
59.55527432383691
60.94068053856266
61.07911777094045
60.403201932102114
61.894304497713534
60.585190903280235
61.604611402112525
59.03179466858967
59.12080909933307
60.4297148934408
60.90344927347092
61.602843729021664
62.755395765447446
60.59640120669838
59.49526004747383
61.39325445656075
59.11776845905808
61.92578711494833
61.64505667150639
61.21807317987493
58.841655066599266
60.813943487376775
61.227319136800226
58.54701627319772
60.9825587856467
61.508547432470436
60.872911315904176
60.33044667391118
61.62908590184481
60.3965721394334
60.722310322740334
60.65082892456263
59.29606653667903
60.71677235604382
61.81179668465068
59.56210026119167
61.1062538439543
61.585900220104804
59.81191903814821
61.515902575572404
61.96357625014344
59.704014717597275
59.64709408617964
62.25958010279316
61.15394801652098
61.67177285090454
61.047668050056956
61.136259491888865
59.911410622072374
60.504783042299636
59.7473867484599
61.58884801887943
58.234517207497426
60.94067426026612
60.735248052226815
58.147988610354155
59.790628480452995
60.89627835967262
60.94817446138563
59.42620342249635
58.900970190704165
60.08569198536736
60.13267117784512
60.4548041960645
60.851318616328655
60.81746299645832
58.71730997402082
58.96723530227798
59.25433747026786
59.30844159754905
60.874730966890056
61.55750701583853
59.77186763805378
60.621826948264335
59.958152861718034
58.66936077669032
61.18675733831129
60.25352754455444
59.45293483003511
61.7518198339152
59.35857236375709
62.20237871037456
60.22527710722774
61.52398920871133
61.139171271266385
59.03600252095062
59.81092241415931
60.23199626235043
61.54348148898523
60.64761919762048
60.80843581737551
61.13421543125888
61.332858754052
60.29270393551076
59.72363295485951
60.73562213798175
60.682181215347164
61.93122712473085
60.75339564856756
59.29974791401649
61.561544218063425
60.54958647995843
59.22972588548093
60.704659609459945
61.85754862788723
61.022028943113156
60.00898316046125
60.26443911331671
60.781591013930125
61.07700762705527
59.9768890017733
61.671352849425126
60.328701495283525
60.525135366942074
60.53539769283699
59.61445673594915
61.30628996769175
59.132720294603246
59.17300984053397
61.352223753622134
59.976359697448686
60.30408237657992
60.250083906309435
61.380770475405754
59.18409723362004
60.01773930956555
61.174752789936605
60.900903942531386
61.57568865185572
61.59294657916731
60.40007286167379
61.100934245598566
60.40477033666128
60.94125482228615
59.82170671125525
62.08323520068457
61.046611994539674
60.78709010771904
59.17922634608819
59.807614915872726
60.68020217062502
60.80298878829322
61.00379799216033
61.21184897196535
60.10350107964692
60.951205725374216
61.40868285175997
60.54160023552408
60.91012002211885
61.861491032897405
59.64964352051891
60.43634341114791
58.4885891501464
60.42826938327099
63.933527280161336
60.615935123875545
61.33637460762158
61.98960389002943
61.05127227793337
61.5583384557624
60.069751623185894
60.74275062668993
62.599432629503724
60.57738707714556
60.55595185208494
59.19653667654346
59.9756939325077
59.706250450549405
59.661624951423455
60.154464958004404
58.42886899305389
60.23038117422339
60.615329541309286
60.909735492401325
60.50224920424384
60.32637802502051
62.269666032871285
59.42218290254398
59.11889929555033
60.231721378230354
60.494970890004915
60.10685704013629
60.92661208170416
60.263566448512556
62.205414601525256
59.29545679957882
61.55367297516598
59.72399012046876
59.54341145854909
57.77328125246837
60.935274320162655
60.57038470232244
60.75254965462715
58.52853250894591
59.493871765499904
59.8551357483936
58.70293962750591
61.399625504487915
59.5959327513677
62.02798438799818
60.10108879654913
60.87064326635064
61.81052967472084
60.48140924114108
60.59107570125803
61.29235301715033
62.536844832717215
60.616871672229706
59.00451864420526
61.641372354540685
59.1140628817932
60.71631002819227
60.71091382738502
60.844141187256035
62.30016492119435
59.37739263423922
60.778718678887394
60.710603962433794
60.29679634993324
60.240816152503875
60.91508951031823
60.97265946147158
59.59158859326226
61.142309601794075
59.32006082905758
58.32619996264977
62.83292604406049
61.06465802494251
61.13719020397569
60.1885251360733
59.89154985782091
60.402764977093824
60.60163647253366
60.62526974226337
61.460804789688645
60.866300533266305
60.83458364998466
60.70041210155162
59.72101581335663
60.36254102800341
59.897675053690385
60.7971286260933
60.76637813841419
61.18789659192044
57.408036152790196
60.34875841158317
62.232820659974934
60.111424165792606
61.15291356097502
60.59566216695402
60.85514410127355
59.90319796051343
61.114835592913316
60.01215304562545
58.746329963926236
60.73460578191751
60.09520638729808
59.53399182791641
61.29381015850917
59.69226288092663
61.56374597253982
59.76636486406478
61.36769860222213
61.28962066499935
60.40905443694222
58.82949039207549
60.27129953756604
61.1671464505017
59.15603730989176
61.11766752826322
60.90839912866551
59.248496526333035
61.13923375667226
59.30355249309837
61.670481140458605
60.13973159370236
59.68381537388333
60.49181409782718
62.84729376158937
60.70379309356717
59.6720450046943
60.10283256244016
62.72009257027525
61.263275797768664
60.266629718896546
61.93206429990574
60.66023202430441
59.22856519333877
61.58536478259293
61.90290263698956
61.42090744626908
61.68161854500213
58.180677996414204
60.77805960447781
60.808667414819716
59.99195820987736
58.923633647055745
60.94533376254508
59.27298181475504
61.533233359925404
60.59437368664002
62.21690828378731
60.522053553662325
60.32860180040368
60.074150842168244
62.22364733252006
60.097716371064
