61.70570103498577
61.26544303843972
60.219497439554715
60.60349824890359
60.95241034998945
61.135175214339114
60.744701924363824
60.501263510067915
60.61708599540269
59.598553070492024
59.3364621968049
60.29416732542535
60.20582763377556
61.626145169105556
61.77878566371639
59.485861343421
60.72234350766179
58.72304624680627
60.43389484124698
61.40636229630949
59.01828338718119
63.05492092487881
60.279409476574955
60.84901648834243
61.7650432440076
59.35188605635908
60.63988454001868
60.89394377021448
59.18718394640024
61.05060332757723
60.500820711879946
59.79054870148363
60.12496440525383
60.96464948334465
61.03257776273746
61.417683264213714
59.4634794848564
59.707851847114355
61.30537827583048
60.68120706556487
59.17377475494073
61.41478602492866
59.96108597720677
61.414320826339676
59.810204143192074
60.27799009569341
59.58409052349789
60.70480809726798
60.86168534584562
61.541817953225525
59.84553234319427
62.06583870944346
60.71864994660091
60.29692836277416
61.22409461309485
59.644989456920065
60.43383518160223
61.273579066172864
61.053892658197014
61.40157336510917
59.68526729755619
60.56685818595089
59.089834582872946
61.0517941174544
59.191220819819705
60.480586948998656
61.98073878376364
61.579435801650305
60.9927376934132
60.365297703373834
60.37138651734092
60.77498570460048
60.69388073366859
62.03592603179636
58.92519295254683
60.6768478389405
61.01201565973525
60.82158098628473
60.67883760060609
59.890630749258314
59.156378803190954
59.18349539926261
59.86154660826424
59.57524548274977
63.60870686606151
60.05745922723508
61.02584359396715
59.57137552151341
61.84458342016787
61.215937913092084
60.902064143483365
60.67373092924929
60.18155562911595
61.2417087539617
60.61813611351289
60.23442684610265
60.98660496999118
59.543625728088884
60.60764117095906
60.39793465446564
60.90431244376799
58.700765826928496
60.37149013468157
58.7241686389338
60.27119209958371
59.642257911487526
59.26509864788263
60.207403696058115
59.33552439128254
61.19484202417653
60.78792261039716
59.49836812614026
60.30912699860893
60.25128973509517
60.47061375565195
59.40932341905882
59.52077174916133
60.533215860404354
59.63272689342588
58.77514806765941
59.85392623558599
61.23561209949737
60.13699403751859
60.856504763341604
60.08684000640628
59.51498691442786
61.791518468414935
60.49574454974135
58.99657559157816
60.85419289775511
61.294071407570655
60.21554974640119
61.04879917235981
59.14369094549834
58.736373221414595
60.00959441768387
59.648002079212716
62.02383920223311
61.623886221233036
62.09961987795977
60.660488529551934
59.09369822036031
60.91056764621122
58.735078192256886
59.47860921075744
61.617104443245175
59.576652600949146
60.716621895607766
60.71222467639147
60.74727779910349
60.59558589506328
57.696198726034794
60.84251165211819
61.577086396026345
59.373913959250515
60.43822565189786
59.67469508507607
60.177130436668996
60.139360961739875
59.12711888232792
61.32220326709758
61.293651179490645
61.16263804672445
60.25409459680254
57.66086389469504
60.284672385187605
60.28916199735376
60.8337319706223
61.24356438198477
59.7980406463006
60.40429935774368
60.35211024066639
59.77893883712805
60.66309059184971
59.62567556703866
59.371375373468055
61.18805096311944
61.064857714905976
57.75081305923509
60.3683898851573
60.535024004962175
59.57563844823399
60.81647301463936
59.20366222866536
59.3073554200185
61.2612603633951
60.724972101071145
61.3384738538226
58.835201835648064
60.94062439713799
58.783242808719336
59.9123509745474
61.08661687670083
61.00857373465308
60.482809408778415
59.34421348660972
60.78861717386256
60.53709547627319
59.86601116042329
59.145562819289715
58.31553623865558
60.81810006155674
60.96192988909689
59.01260873373895
60.36298425119985
60.41193384419066
60.03354454181768
61.72012133525973
60.2230867834935
59.3453219111784
59.769077801980465
61.00319330844753
60.75771833391965
59.197318354804814
59.49218637416416
59.48639024518307
60.30473459446387
60.06180341525163
60.89362502642862
61.49308520548393
59.97610287011786
61.07585958495565
60.211506175109434
62.1012750591309
60.47452620363124
60.71187078571738
60.33323583211508
62.51163848810902
59.10699625259292
62.40143996356383
58.68508952364313
61.17483031623936
60.21926417678126
59.54170259675565
59.8152839371498
59.67015776267959
58.98267413296764
60.01034773715298
61.181270487581294
59.211768237774606
62.993890885019866
60.13512459154335
60.92388866721474
58.998385655651845
59.64140607491108
62.25614836749494
60.29178903976781
60.78634744814526
60.55122728855691
59.966365634169755
61.286874941272806
59.92578441722886
60.505004609513854
59.39842850110846
59.758563491089284
61.29799688894537
59.23135487400725
60.139606934471225
61.4245802352067
59.53187360639304
59.234567893299406
60.532187850267825
60.34860215440672
61.43863853447834
58.88913564942343
60.4026592710742
60.132279407493954
62.22034201912822
60.980473481541416
58.52018654456687
61.367322297315276
61.46880023785741
58.86234836100435
60.62898171453807
60.1926107695703
59.24946485059697
57.96348820975346
59.45504008634544
60.55673556554438
60.037178893692364
62.67350647721301
61.57795572082043
59.87458763981041
59.720196989797735
61.84371962273856
61.61593137606735
61.57389435077649
61.27624455047164
60.68413601213741
60.78246958306675
60.421224456918026
60.26900526058389
61.969219777794486
59.13311428513348
61.31319549737891
61.036802465047664
59.90659064172672
61.000294046326175
61.37773263503929
60.17014997345227
60.04313471124768
61.079615173458
61.06662506724817
61.34421917647739
60.034106370209464
59.17305419362711
60.2037202758159
61.12669208214576
61.748416907949924
60.70144564481454
58.54543560046232
60.319106511951375
61.13248830491737
60.60827544081072
59.27790554883015
58.972038597212645
60.6197545319072
60.53850640022367
60.80255135341128
60.16671865669817
60.2278321612366
58.094076943747474
60.405826527896565
60.663193201131904
61.14422878774097
61.26161589903887
59.14948568890813
61.41899669724536
60.952444447549425
60.188371956553716
59.888494060401676
59.64745165446935
61.804792894102874
60.680639534505964
60.25787263199374
60.95660769028403
59.66774847311722
60.04234839797191
60.449338403661024
61.44703086237848
60.66804795830451
59.68107769481679
60.39401067331177
60.36723158834774
61.450673118399024
60.08264877707143
61.752006924918355
59.27560304808996
61.75217606787492
60.97367368229277
59.904832584314924
60.21348878747058
60.63212781545856
59.6053141575274
61.09051412413333
58.88923932698404
59.73456327651229
59.15014246802805
61.07063935772411
59.438595814695
