60.43447381041055
61.247424153007294
60.28755146155069
60.66570486212489
60.7209371004464
61.2793064421544
59.985312709325044
58.6330145917893
60.83428842861218
59.772957596053665
60.90827275628766
59.7868069844749
60.1106561032224
59.90631982490214
60.44706603586191
60.209290772235896
57.24744330611167
59.53919696746294
60.98339687634434
58.74179922082289
60.50725112196704
60.98083422003039
60.128287597621544
60.151600345279654
60.13102667849812
59.88229944785185
59.0187260157701
60.58773192381732
61.017382736791
62.55350952772137
61.90595668516956
60.26632981025369
58.59097776521034
61.62810064045852
61.76646661755677
60.712868004950884
59.417926196111814
59.05509604473407
60.58347655411063
59.513470650726546
61.11531941704065
59.312227073705074
61.205783524458056
60.409354334642366
57.96554260953507
60.569640498668846
59.55813121431037
61.959576312992354
60.5257333434134
59.53980254868756
60.61296873387227
59.940688283172804
60.478366514252635
60.80998486558104
59.701490428475076
61.08602210538533
59.91728378248945
60.574375163648234
58.910108068226165
60.08552098244001
60.51548549201691
61.12232003319429
60.69450110967186
59.00930610336985
58.87576240335068
60.618071523757976
59.295467485016225
61.05269054301078
59.96362827986884
58.927356751283725
60.83388896216232
59.548695607536196
59.696054651484424
58.697751061037
60.83319385079484
60.425670338131255
60.00303176195004
58.253700079386704
60.966440792813295
58.902001731533275
60.64703285861081
61.01272368936419
60.187923109241694
60.198688485631386
62.12088933250169
59.35573205823699
59.58751137653939
61.49707612754487
61.5524166707297
59.22148887917447
60.23736522902218
62.4960249637631
59.8969777508436
60.33270157179161
60.543160269205536
60.671712036365506
60.63630653475925
61.01962052179898
58.91681042590773
60.789912043693434
59.13265317412662
60.43570437861178
60.752286096286156
59.75368769053086
61.87888467983484
60.40725347753714
59.39344156697536
59.48758537632054
59.85035697329951
60.57248305533937
61.76409264915601
59.86388098624769
59.3799243777915
60.56397339580152
60.06455696630164
60.098231565038645
61.568076096118205
58.8545418075294
60.453215359820945
60.38886257109654
61.12627697265467
62.16997424287057
61.02697459733899
60.50467200714365
60.63897886400464
60.36254992334697
61.85973070078274
58.74272419497533
62.41190954704538
59.54141398238878
59.97027377540514
61.019831692146965
61.56259689231946
60.572521798788486
60.52030207922986
60.23750416795207
60.09766985427145
60.26303665983172
61.04732393201885
61.06197484131205
60.39451245183962
61.16135700588649
59.23669049988988
58.781455353209566
59.01583991531471
59.704098725950416
60.99297645706786
60.00186906823833
59.989126451189556
60.567473975609474
62.03151552821157
59.54067303891982
60.13521452400167
60.95077491310906
58.764796770189164
61.655854334717624
59.06874424259124
60.498071833223364
59.25737100439876
60.55607260385797
59.14876145689032
59.95258114296396
61.75009903180325
61.34440360271734
60.58648642230856
59.72706007252404
60.79687571106888
59.37015590794372
61.41691941069736
60.62909812228633
60.690405790776126
59.711187786154795
60.13298964626978
61.30351817780475
60.445280374239445
61.65553724500097
60.67544034057128
59.328974795355315
60.033069032315986
62.60103237717002
59.786532895264074
60.79249077021562
58.48205362176591
61.41431897088898
61.32015646471604
60.18906415387739
61.322145101034515
60.52183410954803
60.73567275494833
59.24392935398206
59.53922532158502
60.088452348277215
61.27766129994836
61.17227971544715
59.56168693061315
60.63929699724582
60.71883505853031
60.31146020002227
59.678575347348094
58.52553462785039
61.79897966524279
60.215150377831016
60.4734453084475
59.81201671743863
58.3620560425547
60.47440198597056
61.256162657685664
60.22985745602142
60.9071306558188
60.034561300241585
60.52464390720232
60.77994728473112
61.07212764718144
61.505202223457985
60.55761937011292
60.20611072292858
59.57056133780696
62.415396004815264
59.7182748399511
61.80250725553378
59.77264812378561
58.89384146095225
58.933855129360474
60.36434114078421
61.68697855788771
59.85150286275154
60.758239169882025
61.456690521849644
59.90819643186355
61.48526663104746
61.393917482905664
60.72737013451173
61.80276240469083
59.37965551115945
58.92689084543378
59.13102845490678
60.06821077070577
59.92242488103629
61.68367600274526
61.21212534841453
59.69554140918093
60.85016751920523
60.36013323349619
61.72109515761334
60.83757918773034
60.318614890151956
62.30428745251463
59.81957169450156
60.8777126169217
60.16539087973156
60.07027378187356
60.32107467985695
60.8092864119061
60.55892787782519
61.874867826558884
61.25795061608574
61.26502136909079
58.97064581922467
61.53237738844681
60.15985792126659
60.151822921623456
59.915085052942246
59.842693623349945
59.78595655702346
60.759547433438364
58.987716260812824
61.07494410302246
60.089440952811884
60.82356967515872
61.53816943151279
59.36002254218476
60.919510447278064
60.668464657664124
60.26073950104378
61.11937653754387
60.24425082532772
61.492970055489245
60.15356128972988
59.41647549473492
59.294818033494174
60.41611101471785
60.85468548701828
59.67539406502706
61.199566571944494
61.32532166721136
59.281761066775395
60.23343331192081
59.73342161478458
60.7487732419678
58.52883891363314
61.29693980239346
58.71914286965653
62.129040135427374
59.822056865009785
59.190823538741284
59.4311610305977
59.91937799491594
60.632144805515594
59.666071153780706
60.21470342319648
60.95753884960779
61.00913598733297
59.266729046791525
60.98786589241254
58.223643472139585
58.8101515572896
63.11083556991797
59.46458470394226
60.756441251958584
59.622881747171476
61.629468728807666
60.3248023409344
60.46244712472281
61.056689193746294
61.128511772162994
60.14160433521511
60.32537278711155
59.306666608515364
59.1664361417708
59.5012219312527
60.46910820134456
60.29895022681505
59.958576016734504
60.11653918889046
60.939699189332174
60.564170033936286
60.26217212012256
60.221155434353044
59.93026413628988
61.08090191164072
62.41347412487191
58.17716518414498
59.84480333824311
60.01003952145114
58.53014820532419
60.495260143614814
58.11690124766084
61.95258891085069
60.005903023344096
60.09748291395195
60.96285762451891
59.97254410494106
58.53914254505743
60.04898429006552
60.8701472582148
60.413152771872866
59.343286972459154
58.832715481258596
62.23462064428996
60.90434125611172
60.46680835691967
59.87279298195839
59.49460015619921
60.716033691171134
59.81942245472292
59.24832776234159
60.160454918197814
58.39769614607516
58.341915192549564
60.217152516663724
