59.80978788719651
60.665231403287684
61.070547011127914
61.64092028532078
59.52994203676063
60.03344646195643
58.45679941659611
59.955921669327985
60.17707491693354
60.91381841667501
59.49411537345212
59.73706091719776
59.26480454027552
59.498443561022476
60.87235512147461
60.572140981807614
61.374927045147345
60.254859319421485
60.59408865671634
62.314494492173836
62.508783537683634
61.62404649774884
60.15946465953217
59.958090331945364
60.280822749661965
59.17507439196246
61.13690173507476
60.57214122093667
61.64423166819032
58.596905537986714
61.372023530791445
59.30211872926591
60.44787490271784
60.41479566292371
60.37497366885346
63.32052670647088
59.36270816291879
58.75942988067884
60.34057141710486
60.27720123090034
60.165856608341734
62.77737925837595
60.5189030716569
61.808538036208496
61.10112488877308
61.148000748637656
59.20182623369815
60.791507943750716
59.82571667587839
61.74386168097065
59.81420803068531
58.579196025295474
59.673502597190044
60.760936375399865
62.51203885735832
61.26535135704723
61.81865013824512
60.595113197017234
60.524810947934505
60.07686095387686
59.936336245841794
63.02257816290509
60.78768445377461
61.93173230296429
60.72687253305058
60.95020650614951
61.61803567984948
60.947259971219026
59.90454397911888
60.85011410775621
59.07885771893975
61.31491598874104
61.61789808443197
60.51943451499248
60.61033668954385
60.58327817790182
59.15261610069749
59.25911850190322
59.74824971474777
59.666303975287036
61.281643721107756
60.52282897962092
61.500239920720546
61.927352408173164
58.78307502504551
59.418661802886355
59.43324348162519
61.34053946438989
61.274467789107874
62.13022325147259
58.74485039453312
61.22209246689953
60.46502077538343
59.90613813674263
61.37954738255882
59.65942509891081
61.50916798266588
61.14556768116436
60.16027188156802
58.296058638375925
60.05411188196075
60.91292986082099
61.63482669788216
61.258659391740984
60.293523656553795
61.53038216818713
60.217819478989604
59.30214413061525
60.1463586229549
60.33432301520771
60.58741024862138
58.81641219642181
60.79824497521174
60.152873851369094
60.02966223915157
61.85611896675024
59.64199407188451
61.03198569357832
58.934652694376176
59.99665553028833
59.062483066522546
60.25547979199633
60.003648077924076
62.0423302947167
58.6109663136667
61.71011914827609
58.99342813154967
59.60402127275377
60.94517856356116
59.7466633385186
58.64733072815561
59.99637558201976
60.199307663093165
59.55571906789686
61.554488032544505
62.00940698433687
60.74472757193731
60.82175131579967
59.44174773090738
59.845021932143936
60.214301923865655
61.47213306409007
60.135889380309166
62.020110806447754
60.303865135765655
59.52964951776968
61.644956356222195
59.949308346467674
61.43594570141435
59.21629373903262
60.25667435458853
60.23346666955072
60.72114816636158
61.32743379328433
60.23833406366982
61.268336496875065
60.42920070410482
61.207683580747734
61.10509783628076
61.13081071111798
60.33540054377317
58.97465847168111
59.06255539324399
60.830698346121984
60.14121016497261
61.18013411353759
58.31204285483078
59.27860465433164
60.26840411129005
59.67589363770139
61.47605265123272
59.281015795091285
61.547214218397
61.12680405131278
60.966000283847706
60.68662497942677
61.17449579014983
62.342347509243226
59.26751319314667
61.40956506754541
62.864182146853544
59.68046125154345
62.2612767097818
59.87628776038436
62.08049172736185
62.65648974832345
60.576387348341726
60.531895522811716
61.60156856421046
61.766089653533044
60.69551028554714
61.60741164710871
60.12289726968299
59.457825385016235
60.16323053278141
60.79199332131293
61.07222906149685
60.89089369723827
61.278293121224806
60.925849528815576
60.627406223470445
59.11329525906181
61.2344757855742
60.55345107892281
58.52141918494917
61.12502233659353
60.39368811703288
60.823560151336345
62.50896087775936
62.2024896911117
60.77893897752076
60.09969526651619
58.45721546711467
59.523474801134306
59.75630004365182
60.061214427650825
59.954530506807636
58.118896083192595
60.401540918879846
60.74472624355369
61.48635336721631
61.282433783171115
58.913189789297505
62.03304586877582
59.488475279242614
60.088952902663465
61.45172699199214
59.68629954038875
59.30790346929579
60.32906719584545
61.122007356633674
58.70544772314233
60.145495652539964
60.93664854208584
59.58942601505939
59.9961339046239
59.45376672074826
61.16552255939965
59.64719927740774
61.096282105898524
61.691146063406585
60.14340839367119
63.83429232206888
60.16107346204508
60.630035651314884
61.048095059778085
59.67645968920755
60.49774209339358
61.68678263973957
60.833570905948704
60.71074937248678
60.06451242856104
59.439125866191716
60.50804220784783
59.98490523127851
60.09788090332576
60.84697694853804
61.341672202629645
59.8933197954216
58.4844839638969
59.14462355314461
60.0641830411091
61.26022163146372
59.525923294153756
58.71504883086925
60.989624446332414
58.826761548471346
60.63204149248631
60.1279816601581
60.90962199866822
60.152311141698796
60.48129782380993
61.736987549007246
62.40604543394596
60.68858932598905
60.957161203632616
60.463292885484975
61.0078108674545
59.429539170965576
59.64731255011299
58.99365862959299
61.69038405162116
61.41569842179055
60.53493937349126
60.626155924715505
59.06661558866987
59.36741117578985
61.50377333489667
61.04856825775732
61.043910923089115
62.883621034779445
60.77833374498795
60.01243390252217
59.41142561132722
62.13349945226003
60.00406270672246
61.35514325860103
60.81075606572253
60.76424464546055
57.91014667871939
61.24953063207951
59.58491095654167
60.254402671018305
59.928197648429474
59.31847921836449
60.66288512351237
59.251147908298606
60.87771256577348
61.835323214434496
61.12357039431533
59.67759185399037
60.480272971432235
59.05594589136918
60.053895011778806
62.79249043235478
60.57395198943788
60.07401164534859
59.36331862048367
62.94190846276946
61.00183288797396
59.02278937080819
59.18842857326914
61.23799196781304
60.628602292927795
60.29323155361212
61.9452648105688
60.16333259538136
58.9448708217027
58.98042878536621
59.932088988506415
60.87128461768347
58.583982168255496
62.41893768268025
61.87550938251905
60.062171871023374
61.25639829600593
59.73020940109505
59.611095820004934
59.86026433280806
57.57213119065816
61.79721877376304
59.45218810889034
61.578489899539626
60.68080621200769
60.52014906061204
59.74159155119968
58.72232853330853
60.27043787412465
59.75551630469865
59.71223923786171
58.50599831455224
58.745100654649605
60.44667707275151
60.268003248650935
59.01282520904698
60.30841863677966
60.689507539055114
59.50960093655088
60.76163600226537
59.60359561935458
