60.97300026556346
61.407318897152464
59.987436108455356
60.41789578901713
59.368861791926044
61.20556715421981
58.98065626544399
61.23758012718033
59.967622323777974
60.953389766554494
61.92641358013685
60.83686502031581
60.60106851205316
60.05992325410817
60.838982251026934
62.11776128273465
60.40076907379304
60.26288848162761
59.731992787425156
60.6075287341041
60.56953827390565
60.52150421512182
61.063082964139014
60.29529567813582
60.98129941365258
60.08680363227942
61.237401358707515
60.34798119404884
60.26182623831761
62.129250515179
60.14849647051313
60.67700823356475
59.05787876522568
60.95545727777
59.109701841010235
61.606497901924186
60.568216342015404
60.64667486104672
60.47527767312496
60.93293010582379
60.06701262960621
57.77214945613108
59.33518047040667
60.56946114602597
61.627391591944296
61.620232696150566
60.3612232684467
59.0432152501383
62.62112657798933
60.36917567923811
59.26180944887411
59.296019556173384
58.83473434206838
60.775454341357715
58.797414641619234
59.03313330877879
60.46670373260729
61.86109094874087
59.160660643937405
59.23905888731582
62.124594572823014
59.04363103948637
59.875992901041435
59.964398044878735
60.16549195036709
59.58798720550595
60.420249037108434
62.25692007171403
57.71242834124343
59.666666844818494
60.32094645721125
59.259625798049214
59.74914604719394
60.88581061106596
59.7343235414963
60.70833883079161
59.524391599285565
59.19221075188945
59.417538085986976
59.52791932768494
60.32670416520118
61.06895531766996
60.76771246661011
61.11021648118196
61.65087250188315
60.044899511790405
61.57678304978561
60.21652047265195
60.253270445934376
60.49720269234847
60.45218040339346
59.009713694033934
59.277015746437385
59.213010641917556
60.77847706435844
60.81619014191563
60.81640875098928
60.34645507705725
60.86447888333574
59.263046623484236
60.47692630261417
61.67088255827305
59.443324591953164
61.05400534859559
61.91165856130217
61.05589169689356
60.43193336120058
59.67025415380769
60.69008976133256
60.08262448341849
60.30275200265177
60.74510776595613
59.35772556598102
59.63190109345675
61.17343526161923
59.31625465420167
62.522059475581145
61.099819025233046
61.46374231684933
61.39007259636066
61.0526393130917
61.91186040902897
61.42253769981738
59.4694942386143
59.8794382207149
61.36109735837042
59.56362840296076
62.16259726461465
60.41312903529695
59.67892834824255
59.033292586174866
58.608388954280166
60.93562090433679
60.53669322065647
59.500779092447104
59.535103113368784
60.46291329546941
61.20045046711127
60.8291734323997
58.73032745472461
59.252204825268066
60.65554325363209
59.552768900983736
59.470155572286195
60.43207108557964
60.362142706108365
60.77173080775264
60.80158681108602
61.57074832188933
61.29060724886167
61.873129353522806
59.62576668590346
59.97114549729434
61.56042755026324
58.974147318398536
60.053451265951345
59.695283904536154
59.80862254135172
61.8328148119782
59.08607249593049
58.90985117600193
60.61423728331865
59.80361656013908
60.33259425354115
60.2912827263074
60.436851426852606
61.63072735780622
59.99151193778127
59.699642872877206
59.868141601034544
60.431310819251145
60.08728414484823
58.89199999838425
59.94537865249685
60.65203433776032
58.87548332572033
59.415488837318264
60.34027601011608
61.34920069651994
62.212518766977375
61.284393810990665
61.72821967325711
62.8701599447771
61.96097813362993
60.57927780898521
60.707290442078474
60.76385317315036
61.50454612859
60.03905203957184
60.06390648700697
60.73784957453525
61.5905872858542
59.319295799382466
60.309070345735236
60.81887911103416
61.970541759087546
60.7628027785923
60.384605852229214
59.773860053503824
59.354091658501126
60.44848403934201
62.53102833678783
61.13727469139218
60.62101989506522
61.873027996642946
59.40067165939356
60.075892773820435
60.687073178201906
60.391379556714455
59.73648494944328
60.28539353374395
59.84146815571971
59.1585541201901
59.943491467282996
61.295510400807395
59.06345322953909
60.4804229031975
60.590738605514055
60.00809606249384
62.44128868185274
59.64327230844149
60.28317726004076
62.388620116227976
60.4892104865706
61.33062237068462
58.98533066954073
59.3702664010126
60.23165620747497
61.2357014860097
59.82065662862812
61.27741791940574
60.74739772006482
62.161622538552585
60.681043308005044
60.53506321567278
59.387259238701354
59.30155592862606
59.61101525736179
61.5170702732945
59.111563790496774
60.94021134607426
60.90096223723821
60.80330929043659
60.16390861560507
60.30080735845339
60.90806394909574
60.24464138902604
58.061352727724056
60.94967442557274
60.3243072197074
59.42375912718434
61.90402366016197
61.385261181567834
60.70974468465202
60.40581716181242
60.208830505820565
59.93991145551862
60.20228852361674
58.957345143036115
58.43360425292113
61.90089265150974
60.54805426395126
60.05312416146057
58.593396318634156
59.80926429261374
60.086522318986844
60.35358238966496
60.02505807268792
58.8134452015115
60.568974959540284
60.08254684429427
60.27249473031538
61.0974398155881
60.23386408446584
59.36629717257344
60.565868553759
61.98677302749254
60.166945746271345
62.33213892200481
61.65623450600424
60.035260889167205
59.82312550232044
61.170321124764165
61.90985093068084
59.81473000540089
60.73428156766042
62.03640164885173
60.87108316622913
61.48390471855086
61.07304014409147
61.13205116304611
59.95064977659877
59.602443757836916
60.60046584659309
61.388076553883515
60.627654261174534
60.89117669612737
60.52462853756703
60.07127534859358
59.77709277572974
61.57927950205437
59.08277086496951
59.23706135817584
61.78314888550137
60.75332516364064
61.66231391959575
58.835940079150895
61.137320427923434
59.59565246886517
57.842724738842826
61.407118546299074
60.7626386431503
59.681645000790034
60.128177567312086
60.42860035788828
60.520205339113865
60.60811278355683
59.86707394087779
60.89416925425355
59.37732088604387
60.10047070644727
62.71587147121697
60.63536536857429
59.965139853424574
59.4386045825467
61.18972882621235
60.9453928419042
60.66980927372116
62.52315167668855
60.657977494372275
60.912596264107655
59.47724560638585
58.96189035339502
60.0291847933547
58.60477489789834
59.861642503842674
60.645750002972534
60.01388749096709
60.10412459952916
59.21755761181771
60.3068653852437
58.561787624987474
58.657213836783924
60.59454493071305
62.80041095382223
59.90282472463865
59.55403124186427
59.00738568961734
59.72876785073491
59.70479548109756
61.383574816767016
59.67367734416929
59.70814221360477
60.55425260286438
59.27250815172299
61.194760424721096
60.186084115862066
58.408826207749826
60.12222723358747
59.72792356849903
