60.00631411323692
60.20851063322278
60.15551459991882
57.96771023820583
60.997406247984586
61.78236160119829
60.16833452903217
61.03199682534637
60.10719612540956
59.688697608823546
61.292779896305035
59.55986684018685
59.58673859503021
59.4128151390591
60.91284856721614
61.02962609772898
59.473273120708846
59.13952099514647
60.57475398687429
60.54898202235424
60.73065022818729
60.11072541561612
59.74739991644593
61.870770529626995
60.6244957944683
60.560171342664155
60.79452420567928
59.882076725850254
59.63682079091445
62.21696327777602
61.58080401113332
60.36168263701427
60.10611404642274
60.26909162318338
59.870682009849965
59.387662818700456
60.829880299228364
59.511135695616716
60.79738131175431
59.87465351764563
59.852475506472224
59.492407114637395
60.79642791647145
60.93358896205234
60.634062663463
60.547739696118015
59.84716071951658
59.92801232047765
59.4096389009626
60.69621709612483
59.74947736310109
61.44083723288222
60.421959052629695
59.78161394817913
59.581110202176035
60.34877427023001
59.766815902189016
61.899524334713384
60.44484992531962
59.60057917352709
60.981722856099196
61.43708389561759
59.136984201067406
59.518681280501795
60.220962743377434
59.51608035742177
59.9869213264032
59.282204797555
59.940812057060604
59.178561527399474
60.6826831632838
60.817076666902146
60.13835470514098
60.0762040566237
60.95573443096982
59.940857615341805
60.012963759426285
60.51366550761633
62.06408848145959
59.9854567633695
60.89686967415406
61.336084556908105
60.39592602469826
61.515142226144036
59.87700499640047
61.18045041888258
60.57488945468429
60.77459862377619
61.03066286040048
60.98144145426168
59.803741869247105
59.3631152714378
61.23103048095892
62.246574620089994
62.00060145886107
61.25223417761447
59.3377807940097
62.154343666023415
60.3052449378308
61.04927712647694
60.605107764867846
59.54484216696289
62.28146841402167
61.175732009374734
60.42080246283723
60.60116744206311
59.98041143035572
62.213155332817735
62.75150394779502
58.92772518519492
60.48910152079411
60.03073768128755
59.382478340996286
59.106307173064366
61.5185667870984
59.85747778827888
61.05344760889382
59.35397648499981
59.89942421262755
59.53174188122943
62.076099747804754
58.92906694638789
59.27467547466855
61.014732271337124
62.15047898778271
60.16231198675033
60.64637418549029
59.927027115147666
58.584076021796584
61.28861075931226
61.47942993802128
60.7088461867938
60.47239050039435
59.49571930355898
61.34112998447312
60.924715888993646
60.33048388128925
60.81503530949417
61.25451693661057
58.55322629278741
60.69199013165249
60.22788739300856
60.785105448982634
59.40627113513073
60.69117364972725
59.122495937080785
61.33993730881405
60.4335839383141
59.46073876404369
60.19512402567614
61.4160448421945
58.131434795814194
60.93689463860363
61.916366156037746
58.12908331789164
58.68110301924053
60.7109712200394
61.05526868913722
60.41028420820065
60.66516342318569
61.67569289054603
59.60795074053234
61.44845411418442
58.79807612704483
61.94117437239685
60.588583385168675
59.86152319669076
59.77066175384338
58.96958889245309
62.12244940587053
60.63357140066624
60.139723886543784
60.84360167468343
60.87741496015453
60.68582618268386
59.7872756986964
59.94697116436924
61.11261735748385
59.68685168188936
61.50806255848382
60.49208828885907
62.47469347697042
60.92999979349217
59.408300944115936
62.12046493615402
60.39980793142699
59.60070549589274
59.891752016313966
59.40668063765112
59.17573593910565
60.53587795378905
59.74710423616441
59.822289833363335
60.655919560857164
59.992077851296486
60.01969779623235
60.16957100806605
60.27400437530278
60.98059718475639
61.087870223086135
61.08255419300432
60.641519769200954
58.69834064616152
61.09717258997106
61.03560858815596
60.75137634568904
59.91345631371401
60.57599515575951
60.15020486274773
60.56153770123505
60.524597826375725
59.90265988104452
59.90519786474101
60.19210819305399
60.45764781664064
60.928785888240675
59.320894311617906
60.36437480083489
58.74656805717773
61.00856528753252
59.831569420645764
60.95816974813554
59.13903175715315
60.386210031373174
61.17217029116282
58.245417822171426
58.518145458694555
59.932381479269935
58.499541859410186
60.39934083278741
60.062524720467046
60.51064076543976
60.794396840216706
60.570114384264805
59.43308362895285
61.22428098717766
59.43462286671053
59.88854606455879
58.61366917233917
59.87339546963959
60.89866986480643
60.94636298615879
59.191273099295756
62.23424232988
62.14312044048065
60.603370692757395
59.616660359050066
61.49513022206211
59.594091725623905
60.144651795044425
59.58587147146245
60.6367305528905
59.679076370992
60.91765876428233
60.87162590944624
59.830297043840254
60.82268575867618
61.02400966020445
61.35858735595437
60.76085476730974
59.05454600217902
60.20236162993449
60.16023301100737
61.1259310606498
60.801469076249326
60.42015573339755
60.49998979595932
61.36182489519282
59.21643955052161
59.407831098879996
61.33421396869368
60.44429009101708
58.91231289584376
61.39764897660275
58.668393988227194
59.564660205224286
59.670057319503556
61.261840382732395
61.89982338529914
58.71418479574163
60.74905597300837
59.20037782591924
61.322006115865264
61.38974623834586
60.11641330482134
60.456138697105885
61.499558227792456
62.49915892282726
59.32115902682175
61.07945155458292
61.55221824490633
59.732413949037685
60.46407128548851
62.19251890141093
60.61991400207827
58.53730413156626
60.43496325377298
59.33402427421097
59.832749012758
61.35364460451911
61.27571457951264
61.197169887079326
59.66493380462008
60.14661000366107
59.85556176858163
60.139723767990034
59.95665721166396
62.752460244283405
60.19731763779196
59.06126448711897
60.21294492783525
60.85358816179657
61.82701103176544
59.93559594092203
61.79815133070242
59.12430849151574
61.78195370529721
60.5506160484681
60.68269097411414
59.09987095110652
58.954106810120805
60.176217170224454
61.838451628944455
61.1552727064264
60.64831776784573
59.85811690774813
60.497692867421655
62.33098201825966
61.65671535834016
59.48243684503014
61.90439439384742
59.198812497260846
59.50513450759648
58.91784546527656
61.15217151202709
60.24490626332052
58.4365083646423
61.169436926223185
59.91660645063312
60.176482036418776
59.714108715999224
59.936412815345605
59.364900761901076
59.54541300804359
60.56465922543245
59.18509065639238
60.21266331694214
60.36453487238055
60.157829318148806
59.378003725936104
60.61780856692455
59.80319153715998
60.84062796276807
61.12070342386838
61.256300894823845
61.013992240649024
60.67290640690184
60.54160596617718
60.481522765390444
60.20930589597073
