60.16201001458759
60.26400189407808
60.156177232782106
60.2178620486833
60.66327496350278
59.878576972764144
60.453302125667186
60.56602812007477
57.547624101762615
60.32204025033795
59.39634671781751
60.33733404228414
60.54340790671347
60.17165787047685
60.49165537014682
61.08745712111261
62.20836262274527
59.34000419018727
59.504242612221745
59.49652831236521
59.306168196405665
60.77822735804812
58.78383547581486
59.696179890834316
60.158340391461735
59.24681161146271
59.69339589527777
58.35061645768271
60.55730002883297
59.02716465534725
59.18715111405476
62.16158178172318
59.658972225310876
58.64461776127981
61.41769494016203
60.11459553430225
60.723439147341274
60.050463261558185
60.97724936201909
59.89636840478764
60.70795379591504
62.45818615921127
59.53633844248645
60.26737386640768
59.5913809282385
60.62286003300315
62.330101095987395
61.467752516989016
62.00885995260142
60.6971328009825
60.34882356693241
59.30849331596384
58.494533796404205
59.264266403325955
59.79671082740007
58.9847048144592
61.52713155866211
59.13331552218589
59.29096373828422
61.59209100844328
59.852810923326395
61.86326418992
59.38232201462318
60.191697944847164
60.182307331691725
61.32058077454582
60.94025190110547
60.47326268298958
59.03455172448634
59.45949603047478
61.76143429451215
60.062328543097564
61.51261042402145
59.332807341302434
60.39669807601934
61.81572578367527
59.792238720138954
62.876009106926205
60.97349444001077
59.92198624701962
57.90784928926156
60.02955655234721
61.80498572951856
60.899272630055876
59.25386275577921
60.825262768248855
60.41502836160694
59.12496391693265
61.224528835383865
62.05799461001221
60.66994286061724
60.980527430672794
59.706125955337924
60.792898976636586
59.61943027712274
59.61496145268011
62.906156344011464
61.7672056468765
61.98535513473854
60.62761320476677
61.3059026468035
60.23535817342004
61.116357896736545
59.639576876420065
61.52434645260481
60.59761059639459
61.244693110688125
60.37915528924228
60.688272449170256
60.33797316723165
58.6858533234832
58.654036702860886
57.01950370240087
58.66240651259554
59.16180852382886
60.28837962185918
60.14486760490329
61.190008943296846
60.19609204697242
57.308269153670615
59.50394656139959
60.83839500723207
59.71398713598816
59.77530566753069
59.63333339154499
60.529190848675974
59.31762360206281
59.68002649509491
60.1198790418613
59.66773959426452
61.565180196655774
60.89461799515303
59.922162701639415
60.944163654710756
60.35759152255304
60.14151454668097
60.96138637996075
58.55651158062803
60.505388635461436
59.8779980017423
59.412770213309905
61.39370302343812
60.87318962751873
59.87089721372898
58.76316250931788
59.12488501388601
60.3434083713868
60.78274759019656
58.76327493573486
60.42419872464399
60.00515745783402
59.901431054819255
60.45892173280962
60.71908803952468
61.98753013919344
59.659308110085796
61.75285019611471
61.48149374267099
60.522490378855
59.7275356302007
60.26571058098946
59.39291930956497
60.42651160709311
60.88007454138992
59.1755682710626
60.56957120960273
60.33218911898321
61.38517409713706
60.216249656924354
59.53238144932277
60.07743389799787
62.67232765264436
62.15656335085895
57.748318759895156
59.5658901403576
59.087961908301466
60.227248593251346
61.060307842772296
59.30669220274461
61.40160496071831
60.61976896912933
60.56738379165612
60.171860010682394
60.434242641035965
60.00719606762025
59.83978668070822
60.65673181858833
61.382204461703246
61.635031395467514
59.5218515785791
58.60969980536316
60.343970343837206
61.26595796626778
60.34710794430287
60.70217471158859
61.1482200389541
60.37460489742838
59.50138918836594
60.317125438129054
58.82469399506912
59.873843829152406
58.81714938562693
59.363235996761745
61.68058331496362
60.25621767850428
61.563824786803885
60.53738120693512
59.74532119247035
59.32956787414642
60.953754916558026
59.415990933000174
60.23163902550059
61.17214073572728
61.65916958896393
60.23605964955713
60.36279931645188
59.51280137688281
60.267683654500985
61.855031004657164
59.95187203575768
61.03166955272842
61.665455378736574
59.58330820598343
61.74856966936327
59.86588817918182
61.47054507800398
61.04855778915226
61.11994331651866
61.06088894533804
59.41266555900462
60.82772096815193
59.718093951708646
60.97640267175759
61.42870429700476
59.71205947233578
59.507468449845916
60.01102373712522
60.183482815270715
58.05427552413583
61.71522459963857
61.25645671198665
56.996740816421266
60.30781524047683
60.054026321859396
60.036770268920385
61.208139758625215
61.62154414536404
58.15680992299056
58.4086756529765
60.90086317364327
60.47557431676455
59.566259881730396
59.96410928681457
59.586562218007074
59.90142489096223
60.16508819784298
61.20699584939348
59.65519276172046
61.78771042221473
60.37295568924705
58.4698497724041
59.65435021654182
60.02303525780103
61.872708555341404
61.03291595509304
61.0395189047741
61.82205339908078
59.795546111302194
59.1880211100774
59.362111307397754
57.860612564183654
62.51974457862674
61.296326070451634
60.3445289218625
61.341307906013355
59.97611003470707
60.17480472536795
60.37569183643476
60.335444542190686
58.68399672807706
60.78273104972766
61.02603106804824
59.71994052393635
61.61809842286831
60.69689471022051
60.640213419611904
60.51290485999303
59.65700416310713
61.3384293761618
59.93179321261304
59.55940540616419
59.07779406052218
59.896140576255355
60.28487239447931
60.52959784619627
59.49669632825124
61.06788040081143
60.68148876762492
61.9786844083353
60.109772787444925
61.77915956135662
59.50660208326543
60.120010066844166
61.651276700057515
60.32711240372861
61.078810201869345
60.09430459058709
59.372412315137694
60.63703044418219
61.94933264076968
60.84442906398744
60.354904973477105
61.83575309105626
60.61645596623509
61.310763928155
59.76304724504855
60.00812081155676
61.49416129970482
59.72362487838272
62.235447635722686
60.894916913530196
59.70657064805953
58.676444763492924
61.98376424312231
61.43805429889848
61.32119135835935
60.87165703579351
59.807037288127994
62.15667465659598
60.7552666921125
59.931212821124056
59.93199663815342
60.46270930150473
61.75290254302245
58.926360442632756
61.553527999106834
61.23495459426731
60.464660398483225
60.15876985415644
60.50819928781435
61.32442075601922
58.25076695169063
61.415211396779696
60.246832579811134
59.93712306485921
58.62264169392002
59.98899373944405
59.18351815043754
60.4538468923068
60.34941354407494
60.81898867736283
61.50308324265782
59.42207119197704
59.115933201698226
60.061350323662
60.92913939779072
60.88956928438204
60.290134514132
59.42551475862296
60.72252457768947
