60.91059752871156
59.92535355479437
61.730322884997086
61.14922852691962
60.4347495855642
60.1049758482736
62.30079066640632
60.97966713093482
60.23655880989565
60.769567482815965
60.138429576272756
60.76335423538653
61.09277725539758
60.953151219876304
60.29936172616784
59.51716967398797
59.91445325767253
60.04432089969599
60.34937491522987
63.11079023988091
60.10854324916741
61.51082961475713
60.13297858906824
59.92573284282637
60.7443568087549
60.30875938924289
60.70979890115642
60.097577219280936
59.82296506267561
59.9441677467951
60.917722129746984
60.544790640937165
59.64193710622972
60.590339172926434
59.85999981346868
59.04139481323767
59.763016193713355
59.70770071196319
60.742588897088396
60.895597692365726
59.70821131009776
59.10412118059872
59.60590963692844
60.25346751922612
61.64006913735507
60.5353050882458
60.33040144388585
61.97541823486973
60.74401691460474
59.52894819851277
61.18562903272338
60.37803792609526
60.65876563389984
61.33510170905774
60.71837081410443
60.150736847336155
60.210999741580316
60.38368477452058
59.28710946447608
59.70856896227887
59.67150019807839
59.76458211047462
61.488670397334594
60.64202472577584
61.43885310875623
61.38709521844148
61.104058044391536
58.654188625431104
60.55862274494283
61.30105514001221
60.731814986208626
59.26592115095534
60.17229744766916
60.322253157062654
59.76065812157468
57.83525110454418
59.88242985429259
61.72354477867342
60.88107801077982
60.59528351541461
60.66167991860779
59.14964012667555
59.592556611430766
59.9858243529546
61.120988158093915
60.801174431868205
62.32665711023188
59.7526561640393
60.784696878154364
61.763656969648586
60.44299065118729
60.34162678026332
59.92271868486013
60.84318117600583
61.3643727826376
61.00560968547987
61.427316523462025
61.108308618550566
61.18363053381243
61.4917468742149
59.662547426598934
60.40280507687381
59.13972117203817
62.36250966353704
59.88379399239418
59.92308559626423
60.258830502691325
61.00909116779992
60.44584218351408
60.23873730718482
58.8877360536597
61.80254313135777
61.95920587166595
61.46290461825432
59.70057705323188
60.479494949702556
60.21795221706805
60.47610349386925
60.733184985179214
62.29192833227596
61.25031464924858
60.37265411240393
61.28606343261477
60.583478318188725
61.04144727220757
59.97550220669348
60.11160634344872
59.360072471728245
58.63124949405815
59.37104075882346
62.17628094450022
60.6824266263986
61.78570020691398
60.991534420873705
62.03830946417384
59.436820169129675
60.45386744191828
60.799086692406895
61.47487830658844
61.07170284669237
59.97792938301271
58.72776123259856
58.430520710977675
61.434574837054605
61.22438238194575
61.02778502196524
61.04607768284762
61.66918685375738
59.735975915199234
60.76496124364019
60.79190385551143
60.87378752937836
60.198585089312125
61.247652375827066
61.169159484745634
60.33740296050243
61.130955508598745
59.53891005059946
60.22828382213993
59.65219900236149
59.12251258566821
60.03858471060604
60.29393770956109
59.20422201376955
60.783145655962414
58.775598677132365
61.619161260352065
59.17291137951478
61.45990992798626
60.7548744370662
59.504399434059856
61.526677410676335
58.87559005282516
61.430707519899926
61.39247252063291
59.93101719861181
61.14434524070174
59.966621185502056
59.740939741327544
61.38633202891856
60.20046422683389
60.1292889879788
59.87224653847407
60.84487764377205
61.471245525590035
59.9032023205653
60.33419118142848
59.488020263949835
59.75975195154499
61.60635570114668
61.23151378290738
60.234333809861894
61.40586445186674
59.95453854784809
60.65642096221474
59.7761455444587
60.28631268026241
61.18717347417998
59.30030128995194
60.97260897202711
58.88601094540709
60.716423356358916
60.79837648592871
59.213291660983444
60.2393821427454
61.1779860826213
59.13814633499468
60.86196439630507
61.48943295022772
59.43631360875532
59.16545779115399
62.23385036643551
61.175991253602916
61.732954079286856
61.501094546830124
60.596092389717626
58.911262116149054
60.87561126064421
61.42333047405823
61.07658444045684
59.42402729578332
59.96644478659381
61.5596967280077
61.623508892654144
59.971096733487755
61.64279758363114
61.31626571690211
59.91391921764837
61.17901246070603
61.44331824033078
60.3837504576515
61.26733740936893
60.18236468558687
58.91806910830072
60.96359830323162
59.89434212223703
60.445858190927524
59.30329222534063
61.26650261453048
60.04085622885146
60.72289610439263
60.59238490015179
60.256712863841706
60.40699182544445
60.20816906247725
60.728714609038406
59.94369585968874
59.99499582033908
59.04196108744181
59.33158368742446
59.35861144700432
59.66506118583799
61.4993604134109
61.40107944882771
61.64658294090781
60.25108887876377
60.51333107170301
62.67267121762569
61.2690453755459
60.480248608138396
61.374561559758256
59.93268608365881
58.81137865741567
59.72435432519026
60.672083651835216
59.24704726701669
61.52633436146751
59.973777614270354
62.16512272260269
60.79248194853408
60.96534461593984
60.83676664954297
59.47171088864736
60.59445002767915
59.93162191726477
60.275233064516364
61.283777543518035
59.01654429048108
61.19587936471741
61.092389012232275
60.753526825885096
62.31178570023478
61.54009616161898
59.566718942296575
60.11845197636222
60.204539073577905
62.73753556096126
59.73712222128136
61.51043370062814
60.53528082485745
59.89803812785199
60.27480662289518
60.78519856783215
60.729678605075684
59.78944378611419
60.02131578621963
60.1533825711967
60.46955549287543
60.13778347046894
59.47669291329823
62.04648628289483
60.54065146516942
60.44563535365893
61.42915275555788
61.27830525323641
59.903345924698336
61.85914571726665
61.08141545405502
61.442346487479064
59.318611840821994
59.02403229976904
61.754455470389274
61.618230667267234
60.253284435165796
60.60113680274579
59.68327960680366
61.22592460842256
60.06966462288722
59.34370448307374
59.722899210235646
59.5868916343065
61.561914851725085
60.4725383896381
59.75181907097852
59.77131644279955
61.64334096460748
60.17763558816558
59.79225919750206
61.57891063329525
61.1915912047676
60.80094489641702
59.43463313428285
60.847789995312695
59.321026711619744
61.14483946355786
61.12039151648941
60.13622101264874
61.16051071962712
61.90155504183784
60.15148889456437
60.71647423563243
61.72505696810533
59.57169227573913
59.8139064008326
60.22391108063803
59.49640619990842
60.39323821473852
60.60911737712769
60.35811920353857
59.916988560590504
60.929677635648325
60.461774302842315
59.85071056089218
60.490401460699175
57.99726396915375
61.9057146964864
60.94229136542695
60.59444225705594
61.09570233023167
59.551738707719196
