60.311493574054936
60.68844437934439
61.425879063613
60.22569862958142
59.51807300359268
61.63202823269512
59.45435229550498
58.85479756270564
61.37429856842206
61.38359067492284
59.952393349426174
60.35538087704109
59.82436847591159
60.570483742005564
61.38796709133661
60.21827076461215
60.76499443865584
60.099998020497445
60.467368693070654
60.7600416394137
60.93213962948059
60.72685993798819
60.57324657823042
59.944856286032426
60.384569826986876
59.88051391156233
61.61473325047104
60.79074639488984
62.109664614004494
58.71680329636707
58.39898263742343
62.28093932228251
60.91638637974028
59.2057031674104
61.372080361128035
60.30279026170755
59.40022320791466
60.611961019461894
59.1585510493682
60.24427532290487
61.10557469238843
60.6132871970128
60.28132706870018
60.68899901040241
61.5298345466208
61.60823326806565
60.024992212328854
60.77317566045663
60.8759408817628
61.42075912131857
59.888530185922896
60.88462723545953
58.67695190033131
59.58157918372262
60.53404550854016
59.46870122576148
60.218438061477585
62.28791369733701
60.528109468584724
62.242689468420586
59.55567842928465
60.22239824376741
61.73173034348905
60.55495292515696
60.532934030593985
60.0008745530729
61.08392400480785
60.27543143659012
61.389234324254645
60.34938968637558
59.04816206031128
60.33621122198232
59.84744237503864
60.48865747003037
61.31347526918008
60.569830229370375
60.62493823912383
61.61547908638879
60.215631969104095
60.52315875470305
61.10938503509245
59.417212522031136
60.72719243746626
60.82826367874931
60.55637004514512
61.79349137553828
60.61459954979499
59.05589157899763
61.59086018378225
59.29173983889217
60.122156535141414
59.69152565053238
60.965689806799716
60.66228666309665
60.88030908426999
58.7071747037606
60.88176250550455
60.310291408569626
59.961247897827384
59.53271771143394
61.48271604906719
60.58123951890138
61.84955241525166
59.74108633750968
60.488300584623616
60.875268243400136
61.06682615655535
61.731640154432235
60.632644169624704
59.78021100037337
59.875499020863316
60.33216458680472
60.695244742086935
60.02579531542381
60.64466866313096
60.31239610126622
59.15269222850007
60.494330105220705
61.093016215669664
61.21035974349282
60.24359512164178
59.962140393722386
61.15351951653574
61.94393777984571
60.25922558323825
60.66609328013443
59.40175844850339
60.678187474742046
60.96173079170277
61.25262668894845
60.20305294424874
61.39601009342739
60.528248409541895
61.20416812753308
62.25149841088416
60.31154319683728
60.80666816467844
59.599831884739444
60.15333175884114
61.53783294202062
60.07788594743278
61.923379183284815
60.18052375582286
59.29202407493332
60.392895808549994
60.49803170678594
59.909969046781555
61.00927138091086
60.84335550800796
60.8297673477633
60.32712187487685
60.25901567036938
59.724440709728306
60.747735617347566
60.901268653778025
60.1370976062351
60.12467268982503
61.007450553844365
61.79647360491981
60.69229124058213
61.59199587132606
59.15480860223224
60.10480596076412
59.99469297348645
61.35189622189663
61.02886935109188
61.67505769710332
59.851530376347874
59.99671216996343
60.87558399139537
60.06440175565258
59.62960272607014
60.031675683369386
59.81732656612509
61.47886334169175
59.93609024220378
61.23555710826059
59.23422355630327
60.350908308736706
61.117892417171795
58.67508362621816
60.956480524171354
61.77899156605638
60.25359391767393
60.11451697822953
62.38201640939931
60.23444781818266
60.790130667578204
60.89534884174207
58.61576283150471
59.41595625168535
60.592351734185854
59.597580525639195
61.29010596279559
59.67885290740185
60.27493325962681
59.89486608994485
59.605898408865144
61.77282021759929
60.5693431698007
60.163603447620616
59.11406856769024
60.187641439789665
60.776277196613144
60.18362939084743
59.645670288868416
59.2112532674634
60.50862467976296
62.73198096638406
61.93795214789604
60.652107082804015
62.05118665121756
60.387312190950944
61.401977437277374
59.24283046669126
60.1780395094085
61.42693358102892
60.392416478279316
60.7010838619272
59.84418703302027
61.37811186408912
61.40990639114904
60.72683192930024
62.13486053404942
60.598684556494234
60.16907825627402
61.33924224664984
60.878155570653355
61.267140422540514
60.4738846287796
60.68885844143772
61.100215117855704
60.27801974048924
60.77206388897205
60.04342108270209
59.72836892095882
60.585428202798624
60.37161477141942
60.89651594431453
59.68516155416348
60.361052872362535
59.96137871203547
58.74127950390049
61.442812284865234
60.3983102778953
59.65798372054131
60.61976885117545
61.02412421692482
61.6908187211461
60.70857098572575
60.726383378977026
60.34433505347534
61.146662864714905
60.256788858952994
59.13033023205979
60.989897118190626
59.30207668993094
60.4498745752054
60.276204132213095
61.14763134235285
61.572630149613886
60.04801100069281
61.673620469961854
59.731309263766654
61.6244870475082
60.54040928089986
59.579888447631795
60.46390363171819
59.14309369069597
61.53484485380672
61.066932788310204
60.744807258694735
59.4546035397463
60.10281770124507
60.878090498387884
61.65056319949092
60.93791891561828
58.92303198072953
62.33322955232524
61.61242696395276
60.34196668741738
59.198900695007815
59.15203904412965
59.863876541650185
58.84052108257827
59.65343703323449
61.35595425345051
58.961034418216755
61.51134917589186
59.64032674279035
58.521667088090254
59.097957844947906
59.50822413632699
61.683581064881224
60.46249589069803
60.343414926664174
60.33651342624523
59.377290905294664
60.75040231273568
58.585960026439885
60.53547811488204
60.274181208921895
60.825665406849154
59.66664846780514
59.355411853770796
60.089514326429324
60.54202221845757
60.40852624356585
59.25291975770442
60.35103150274072
60.07069853325841
60.64835956127461
58.86025519987614
60.855804468068385
60.078851864496635
59.951218043933274
61.627916165975016
59.70349921386735
58.45970753384229
60.50163678418397
61.363391486298624
60.181320567653664
59.58765446985251
61.03110385645854
61.012930367210174
60.85617374765358
60.820539099009686
60.99349523623443
60.87493196567099
59.5883842731193
60.393735202510584
60.10389751203956
60.31244820128874
61.10640730167312
60.543054892480505
58.71241120833917
60.544604155823656
58.137278964374694
60.674434641424476
60.704753461466694
59.65052281137568
60.08213992872918
61.038456454336476
60.73167421858712
60.97233368414615
59.74900887840223
59.96748511718589
62.17724165047003
60.64587642734868
57.3461420509568
60.96991422538237
60.40802261838223
61.71397090152576
60.13051533232251
59.91793430353588
60.59973228950533
61.039482677767865
60.59419446061861
59.869361097957274
60.10172538476451
