61.13552669204794
61.49500297297994
59.875034396489944
59.41429714439645
60.0958609347566
61.22892116512725
59.45536094046247
61.04754996184497
60.66173564742011
60.41170913722805
61.146217191972525
59.075328218171414
58.886366029148135
58.43933611402786
59.86737772047291
60.51666855118286
59.495256404544314
60.18687830516467
59.56979303688551
60.51945941288959
60.43328763844491
59.55634353356807
60.35000264032273
59.002030034880136
61.7058120004688
60.2781963856377
60.80694803706387
60.36282361858487
60.34772781261347
59.68783327324021
60.34224653249981
60.578979892897635
60.800628177829154
59.53385235427018
60.08347281802014
59.98421863914021
58.971791805454124
59.59823374256442
59.183867790165614
62.005287525546656
60.51641973428529
62.18459444117662
60.37845225036304
60.70105490721445
61.97638752660728
58.643801399999155
59.5527766028438
60.763879206257606
60.45847434895034
62.70048912172407
60.248705611256845
59.79420114230809
60.20547634646152
61.38914572684489
61.03573944480365
59.405488444397726
60.92355150653137
61.62162378929926
62.164551383025476
61.63650563375088
60.53223414366983
61.561790171556915
59.85457119068708
60.20529350966908
60.03331985266734
59.58711537610095
58.179657250417755
59.48313880080034
59.401101660088706
61.52403217275503
60.08133278425375
59.45528815090869
61.220607614403875
61.94512371255966
60.6365804343356
60.715561066842106
60.37407932278889
62.31731246256844
61.291756091542496
60.677877833656666
60.05413048247085
61.02945842477472
60.290809914703786
60.79816146563617
61.34976618467991
61.265245722390425
62.04541276570925
59.117516428024146
59.59753150620916
60.55262985825278
59.739777511169684
62.560551844343195
60.268795320494846
59.59542272502485
59.611387477150046
61.48229464560511
60.4810208466693
59.96255283633895
60.78093709286188
61.257401653791696
59.24284479105801
59.88325168883915
61.17382518285225
59.82669438447315
60.09701471946416
61.70135107393417
59.97504638890309
60.86285143773434
61.00908268914886
58.97802219227154
59.08802218013405
60.292916368600224
59.47861832375708
61.50880396605503
59.404375507233574
60.4742908124711
61.161241026539315
60.747628907136765
61.68083170095677
60.77312937889673
59.01885400768369
60.767717659429856
60.85283523195117
59.9327854463579
61.64689551312366
61.93486892634172
59.14924083608991
59.92388392427624
61.41062794858588
59.45760177541018
59.75453430913608
60.03349151393452
60.00344400293488
59.085721127997125
61.31429767027867
59.050421635984605
59.67669469917246
60.40725226252488
59.228287278852555
60.821663425744674
61.22066710665
61.1949731513588
58.439911537870444
59.53490177856006
58.38397115799206
60.48067104687606
61.65783797238762
59.01958186342689
60.84775237554216
61.275588735818665
60.257645414698175
60.735845958036755
59.538731792915144
59.79243048317264
58.91899725230836
58.995901103021325
60.74919215927875
60.2587492274162
61.172678081526165
60.52864575334795
58.60136271097301
59.600450841343296
61.25913163580622
59.163235027864445
61.51665688196157
60.30135757605626
60.62096295064113
59.87008742341501
59.85411994572502
59.963132599553646
60.663978932166
58.81482163453913
60.9705163482691
59.53271458585899
62.15987844486406
59.870267314251734
60.46346132295724
60.809707768333766
58.78161409406216
60.56993371790237
59.85986380335209
57.55128916776749
59.80111851293972
60.10006015583367
60.013935963937115
60.301770903565256
61.90988209702654
60.67478483958729
60.07021842763068
60.787931090515144
61.08868668241752
60.35668302756641
61.400023457974406
61.050649174139366
59.6233423680355
61.3261014713371
59.92458742146471
59.686715907447955
59.38416005930422
61.2105292964834
59.71792830177713
59.6149930189125
60.795067536322925
60.36399523110597
60.72371128943265
59.30352216884115
60.6822818751669
60.461129625497044
60.68833605041282
62.79615394221647
60.26048762177242
60.84165943079537
59.219235205255934
61.16684188007767
61.38171385126624
59.853336322746664
60.130132960576475
60.58040778826564
59.87939620936727
60.76943405043773
60.514309986358505
59.07489590353259
59.086278184150146
60.734932609000765
60.97501023630011
57.443198378151386
59.76319742234121
60.5108569558229
58.993848641704226
60.87391573241616
59.83730342996608
58.4420275784549
61.12210129313092
59.55773240407681
60.539662146054724
61.923203897847905
60.48154368636243
59.28402215969235
62.147596197808326
59.794866297926845
58.41605007331281
60.271898992325674
60.480452344146734
59.36373214280897
60.02765833216722
59.56996531227882
60.894905022491926
60.12972868275703
59.30695089346901
60.86495401627589
62.02971198466427
59.914523595349166
60.45841706856311
60.0181096359482
61.443979472302416
60.90529270284303
60.40372548183317
61.414269795284575
59.64764876624844
60.72456607770328
61.01369924076453
61.118370517555356
59.96922044072579
61.473659823682034
61.321081670412575
62.02035102262133
61.05811985678225
62.06319718423525
57.59959708099293
60.40117924542138
60.18155135956847
61.25776663642438
61.18378762958592
61.180962084928595
62.093265547603266
61.09143242023585
60.40277379055489
60.23173057033863
60.39944621879379
58.154465618383085
61.93653557440062
61.79994551164712
60.7615248027717
61.15502223647724
60.311956762738205
60.51521657146763
61.49786664432335
60.53773950438834
60.699987809291414
61.5978635588469
60.04515056882095
60.03220796857561
61.387317262489404
60.638888991180686
60.90714650267698
62.839014539628565
61.683761296829076
59.60158615139161
59.5304184468645
62.113303922557996
60.16031495480491
59.30929054210177
61.37810085427261
60.04555784303185
60.42101966273671
61.93544500380151
60.11981557345701
59.618738747917746
60.60758981879112
59.648189818372174
60.52957990678276
60.30810556555459
62.11866359088039
60.4088579061896
61.30408656849367
60.12294960324129
59.23787878290547
59.86278606294883
59.84676368931599
59.82088701370126
61.685797114063874
60.440542940069086
60.69075847738894
61.61778970938532
60.8709324137952
59.645130386615726
59.961449931420056
59.87095004404497
58.97213595940204
61.1909771321871
60.944399162165666
60.370793200204304
61.70284451041022
60.55322236047025
60.23803488478851
61.97394949037858
61.093372596310424
61.43121387341681
61.12999656623524
61.83866079249809
60.528879326907685
60.24368626203864
59.851338418259935
61.79008053207275
59.946543118431684
61.19722456597797
60.91470509383935
59.333161595678845
60.190922031497095
60.7733061481077
60.63958964133444
60.61075343775819
58.416365036247
58.6525745496719
60.188694465433194
61.74722238352552
60.265330938038794
60.69859164677285
59.70618239954049
60.210956124431846
