60.32156750688638
61.427305427231964
60.80476202524168
60.22029487697509
61.93729705254945
61.0381710459862
59.379592131366124
62.05891291248531
59.875659110417814
61.5650566161034
60.08360757832413
61.55767263643213
59.638565766711686
58.80672641242492
59.63307735138776
59.62590695968091
61.51783574153543
61.38647400725142
60.444871062706845
61.799010537252485
59.65892622694577
58.76431513285981
60.27543145661517
59.941975215884526
61.401932911668254
61.40002270961566
59.32080971116832
60.11609462266282
60.46657295021635
60.83633867075159
61.713982922994255
58.55386437250448
59.669527456557226
59.798450392914496
61.06703790330627
61.14001351289606
60.31066488911298
61.04513926061465
58.59499593387612
60.2091467495262
59.097613985254604
60.98027821691085
60.84854462342651
61.24744681476261
58.24440794875786
59.62527109983604
58.158323693470024
60.46817467451129
61.38278930863459
59.823723525570976
60.32306632748357
59.77740378935773
60.69592233687989
59.54563689960892
60.17554850190341
59.78566976525826
59.595474013854854
61.33537657446062
61.45736828752673
61.520957675646
61.443975281007475
59.08447780089397
61.95904793010215
58.87051684103335
59.32573573224745
60.847968782312414
60.17919805010623
59.4466915759232
59.31958392847888
60.236366102887146
59.494750272052215
60.762307952043045
59.45779083262316
58.74744459602236
61.63923764203652
61.29123716073908
59.601829879696865
61.0330291345925
60.8877764312794
59.72714657619875
59.04180781098802
62.460438941563474
60.884683634605125
60.445169836392346
61.5522263007759
59.637348857875736
59.48422595952655
62.07912698505863
60.530010213418834
60.430460412711305
61.56779038318352
60.544603671261946
57.881092339828825
59.50635769594432
59.50050809731951
62.24125525105959
61.44987745684299
59.97268817574564
59.47693228463423
60.91696189737163
60.64630388513101
60.68548787974465
60.30847509211113
59.78128062690407
59.89500627589946
59.35439982842383
60.98567711435965
61.21150758035844
61.47526643054593
59.616664220609835
60.29087416861749
61.13088435230254
60.03479385652414
59.98262036498216
62.308783198644
58.77118861894629
60.69916696988743
60.7617305168868
61.53091273527663
60.29866859512742
60.15186700018313
58.86385282471419
60.32428021278185
60.90610773762229
61.38604958977071
61.16686982636873
61.88211310268772
60.43583078517554
61.63808867062742
60.67362844691647
58.5176731187035
60.226564682349746
60.63294878702371
60.38274811747492
59.5746112264641
59.21564885477414
60.948774307644854
60.581345029832775
59.75887293291084
59.87875471289723
59.702591720841525
61.45078171501829
57.61624369639324
60.702536860170994
60.49420728806181
59.99333300336543
59.20738369284986
61.04347701444698
59.33139934240439
62.086523968968635
60.78169139557758
60.091905727035126
58.59929958354608
60.42264485752494
60.748657247365855
60.66208184048331
59.9962622005738
59.36558396983132
59.99035155437777
60.22031622711276
61.567296119430615
60.59413400337969
60.33907803574372
61.30389174154787
62.248889079417836
60.19876837440562
59.416353031212154
59.74419616628043
61.363860258154254
59.826834931094474
59.15762332169738
62.11597948369605
62.48978273014769
60.74666673428919
59.28589341098419
59.225510975331645
58.55582415608338
61.131310693833626
59.234814529014784
60.65848332914634
59.12336395112747
59.647801343333796
60.28801165483629
61.0679927863793
60.75515189691293
61.79676049730805
59.4395698062009
60.52471565322813
59.14559663157579
60.25772399193036
60.73640012796902
60.53224792792327
59.56875627730487
59.582773853042994
60.65250105720548
60.26838096895357
60.12257411329972
60.242715713529265
59.45225194614809
61.34098936440655
59.56367170986398
59.87747111076378
61.68343332905129
62.81945934782576
62.945542895002205
62.07201542383989
58.77781964060167
60.102902778006914
59.684546268746956
58.894654503749535
59.209099520194314
59.75806119971883
60.91747830109873
60.832986975307634
60.1257266102428
60.10435283767189
59.785020520633566
60.22785988031902
59.02325132762661
59.052760046826485
61.93937814238188
59.873840196859945
59.254396563184876
58.7258631831584
61.22651714601564
60.29659784431803
60.441196033343495
58.66503367786747
59.95367727400601
60.32073285942072
59.42837731395708
59.6576741592797
60.43078601265106
59.45684420199355
61.59187732598762
60.234952446330134
60.62860320206857
60.17710925870339
61.08128154889122
59.88337470808871
60.18333732947147
59.58590757605309
59.05487810516691
59.7776793048994
61.516049215911515
60.04642522402144
59.95054215613717
59.818072805792724
59.65924224362779
61.0318356834533
60.025688535122924
59.80321254099948
59.65640941550784
59.68515926229809
60.84095405605898
61.369997756801325
60.141112513687254
59.95436404841573
60.36158538956973
60.664317265038925
58.99259226331297
59.63077178463032
61.72631388536602
61.830319151161305
60.91983476529024
59.15905348344563
60.15236781061496
59.02756134143055
60.779565063552255
60.13358183613663
59.7419264390603
59.885086705447804
58.67208439669038
60.30463915004939
60.05810603158996
60.62279299444557
61.53104404920275
59.78896994582045
60.43920373134169
60.43226437372471
59.6675461856997
61.03750882589515
60.073552664918445
59.62917993594129
61.13043988053157
60.513533830529575
61.10346499710257
60.879173176977424
60.964716402832394
61.15758136018895
60.024654072263516
61.59331721690709
62.374518923678124
60.06980047945257
60.69656897803539
59.002899451073645
60.41629904845781
61.30736250788037
61.04999333142608
61.31534738689128
59.24483373484945
60.5912266542576
58.92865282126859
60.26685727059099
60.83434451741029
59.888438932483346
61.45371106767284
59.068481329121234
61.074625038651845
59.03110613063023
59.94514494823786
59.951162581745564
61.38468498695691
59.62268891471701
59.18663747878397
60.304714034766036
60.33215907886982
60.40191998680449
58.336624262290194
60.16413291741961
61.463804748661964
59.61420573618212
60.10688918862297
60.60280453428756
59.94441579655528
62.07356870817784
62.12715002356944
60.789518250929014
61.63707529041221
60.74788093650494
61.76783588711793
60.2601129005526
60.85562421139099
61.70209605619202
60.29500908146684
60.667017982527575
62.15353155925618
61.21453442195267
60.6616366428255
60.46930524563591
60.664301500777206
59.2757118287223
59.38753365804662
60.59808536851192
60.75195825047095
60.32696572467772
60.14800044409678
61.0262643612773
60.356315512281626
59.69306215212057
60.567438869874046
60.31132699732152
60.02423158215005
59.97264583209581
59.926762558555176
58.82497848767106
61.22660594584812
61.847770775804534
59.538001727801216
59.98797075693451
