59.0450531067222
61.77970133284744
60.11799310039935
60.98164316565146
59.888019751116005
59.303903255949024
61.24014043285742
58.722342735328965
61.04737442287427
59.71230137678959
59.57906370807687
60.172162721304474
61.10641624144036
60.35826095382786
59.39701652008416
61.12978964811174
61.75425465270567
60.32316322724025
61.67610239053989
60.946762459239096
61.28792324984525
60.90208395600213
61.01089543742981
59.00379086538603
60.265072612701836
61.0946064099205
59.927005081881624
59.02615610720606
59.250137326650524
60.829392003335734
59.22875026714968
60.799520667404195
60.40887166199227
58.69604911731986
62.608089170567915
60.09734654566538
60.49428595535611
59.343805910990056
60.63573743662504
59.296776198681044
60.77733738962577
60.72011831295566
60.07727219551654
60.228934063533416
59.935850853520144
60.40448660430149
60.02274776611817
60.102928773520524
59.843470749836364
59.79797266598811
58.82397859617712
59.73485355380142
59.21363807514672
59.95141719642098
61.21910775204781
58.41469966366423
60.83547871714977
60.23995545245094
60.79435347565925
60.31910848789406
60.396735451464814
60.818681426023275
61.076749979566216
61.32203376040878
60.24421643462812
60.26754783215958
60.48620009727809
60.151309167926385
59.95918445632265
61.76709131772347
61.74455448475023
61.49392560875913
60.31042181401935
60.44971074888563
59.947154183367054
60.52674528505415
61.52414690709141
59.15738659719017
60.62670893411585
59.18341011871755
60.24282994189935
60.47835313235452
60.29345844771343
61.21545079995028
60.26581936469428
62.400910999067904
59.43891312604055
59.79957511303979
61.07192021696322
60.07969160281422
59.65976195031545
59.70383361112691
58.66858329581812
60.97652926453953
61.61260122628435
62.1718633367477
60.29395839907183
59.30969396684776
59.04466989321213
59.51490754179839
61.136470138996486
61.88108539132532
60.02860960057912
58.707036322665225
61.461020566477025
60.335035529355835
60.42097600582108
62.049679281802604
60.89727972532908
60.46768443137617
60.774753177224106
60.690600504342505
60.70033225884253
59.858543135802115
61.04152159707967
61.59284507417277
60.93766620674498
62.14669609894558
59.75754921067779
59.557777574715274
59.06392535620885
60.052535009857436
60.453627332906144
60.018619073752355
60.86645630464435
60.42894995994611
60.898674251414604
61.09395886021545
61.14463855424729
62.474281137597316
60.43553360335291
58.23684891375663
60.92024299878716
60.47471607069807
60.57311786365465
60.340297693914565
60.82818822000557
60.812179431371135
60.030297038272856
58.81429302612785
58.88343759316689
60.54137470865673
60.683788476506
60.754863643567155
58.499994774213306
59.953862881492284
60.32140282430996
60.91525798447017
59.577301692767115
59.99992039798185
61.49250929037388
60.4077543853227
62.621827797103705
62.22150406400054
58.74386255525048
60.21159409592282
58.74435746085493
59.7842989382356
61.45152953823463
60.830715280005535
60.89375133580379
59.75387447042479
61.18157114797933
58.39444135510254
61.637354658240525
59.527405295659904
60.882637743601784
60.242297857971344
59.537014316737476
61.7521742929891
61.142294428120714
59.35883888616993
60.52661948895156
60.25375383045037
59.03651839561657
59.333499305770374
57.58138630314587
61.813420964404685
60.45698277212295
60.2048672118578
62.078931250400714
61.950953420385794
59.816010327969295
60.60978814522298
59.27778630187656
59.883935452436155
60.349779630238814
60.77057620992482
59.879310094534844
61.068388751566815
60.426443380856924
60.33444094735422
58.94807908701573
61.88882281489957
59.52034430781504
60.5108263586769
61.37821860310894
58.2297501577573
59.81397679997924
59.65437438802125
61.182433117735954
59.98538362762432
60.07935548070171
59.4868991650678
59.59593003531269
60.23966740868566
60.79846839334379
59.08217249548218
59.87927686543323
60.25345965519001
61.93441125875837
61.89599819619569
60.20194517634399
62.10064084389806
60.01005269296641
61.126417188027254
60.16929733962942
62.197696842149405
61.28053609119525
60.984122470153906
61.3809306182908
61.145028730289624
59.88760071190544
60.60368120700662
60.530735704635696
60.88771958060057
60.535217124820726
60.0555250344343
61.341138563958225
61.54568246092915
61.223730719403406
59.02736805709344
60.25095659255725
60.75224875614807
60.96301304153132
59.566072823115874
61.149722676628976
61.30177073634875
60.07748471342389
60.44109707886033
57.88157192265345
60.47645029813305
61.19891150211235
61.720931603113236
61.729947868525564
63.180946226874156
58.82484364071232
61.43415416430619
60.0941795070602
58.507053278674164
60.91026889153375
59.29249039351678
61.220465052450876
60.25445122223448
62.2617982182678
60.835760399995344
60.540107517307824
60.58903980255028
60.2009318818194
59.64907976079517
61.198693579828564
59.84303240571444
60.340850746881806
60.56784505073329
60.38916706678954
59.609891189028566
59.37688613790507
60.419755375751215
61.24331402262734
59.90436393225118
60.3839911824732
59.5977290706903
62.01079733927603
59.75861402317302
60.68576507009148
60.45075256773632
60.887169393037354
60.97033647638076
59.346405924948215
59.82316506636535
58.41716805452059
60.15589856438284
61.06893884148001
60.38407980201899
61.3676039249112
59.42018345302802
60.86688367720797
59.4676794173811
61.48474409791495
60.112110702506406
59.84544339410709
61.001165278271266
60.19439137093376
59.22064268624744
60.42673772019054
59.07374949032851
59.14366575462406
59.956536768642266
59.813566374800125
61.17813340293611
59.37468952706767
60.10530820754762
59.4516353808408
58.86458111167124
60.2380759229195
61.73099825522823
60.49952323058185
61.45761477917773
60.75517255895719
60.43343021831404
60.16142755682202
60.11755256150121
59.43505571419392
61.23050607737879
61.04222948457005
60.76043508286222
60.05483224870461
60.480080090393905
60.01525266308036
60.64975342004563
59.70397389339882
59.15684859470157
60.309615677262755
61.025785438600586
60.15607796385302
59.43503289060405
61.95744904956079
61.04084018118872
60.741381520997436
59.13653439408505
61.44047989338607
61.47757390609765
59.063570985681366
62.06775598408025
59.84586535595442
58.94995853836715
60.74735384559884
61.190885281364885
60.587066955536805
62.25012686353119
59.98554994682272
60.72019568157834
60.951778572314794
60.40763126706097
60.305442933938046
62.14111711576238
60.043325931623976
60.9632344522569
59.61329029496285
59.384071829223025
61.42804278064751
61.56281303932912
60.9162179649825
60.889708355037534
58.82140487563284
60.415562512846975
60.63517414802677
59.089180205620536
59.02057903191168
62.60866034899728
