59.25657039577645
61.07498702871247
59.13390203207148
60.317747993508135
60.30353927318461
61.056521105613356
60.57246378881753
59.07885695694826
60.22881369380408
60.309135547253305
60.29553864510417
60.39067727322529
60.44510866706121
59.50435077041974
61.68282276917526
61.12862710663377
59.99536143036353
61.352637163625936
61.25280574109482
58.44753635864421
59.99258188712452
60.04307743781511
59.577332618597765
60.15252150417189
60.40454540551508
62.14408556419374
61.75134542350725
61.32641555739909
61.38606180594875
60.889053218088016
58.99978302806055
60.8392799822436
62.51383289717972
60.91396965798583
60.26742750261962
60.837262596613414
59.87300687986106
61.67817057582716
60.95243677437336
61.81794749375213
61.13972043194372
61.19415958413846
60.7748580657287
61.63242188830717
59.67913079447571
61.38781228590772
59.74386196322546
60.12665734095384
61.4023880536954
59.55852858298416
62.080078531069475
58.86887264936031
61.30568607235669
58.63174111087557
60.988139150742214
58.86429111938445
60.65222037286495
60.53267371416655
60.1035572124718
60.67093656320036
59.66398425555054
59.81070329317613
58.94129624729935
61.19863250487441
62.54801845070356
59.559300119169585
59.557730530606854
60.29744413288415
61.01584655546878
59.417420179078434
60.65742179197229
61.0207110030385
61.580545936522704
61.71970065280171
61.32751406599118
63.01589638194375
60.293398752488045
61.30149723704216
59.485595871680175
61.06667843541
59.981646535569084
61.096232580610526
62.33721011610475
59.911150339550105
58.7946588122647
60.92121529122906
59.360457438808936
60.076554821360936
60.528339535910995
59.765815556577635
59.147510601096066
61.286192370407534
61.019660262858565
58.883879820584376
61.81499341270598
60.80783406319936
60.38821327754773
60.1370684346297
59.38298072422231
62.14142397971996
59.69182078091761
59.58486281207858
59.863223760399066
60.576277572760326
58.42526890179132
59.84622157935456
60.344607732694215
61.382416457516285
59.59829766047421
60.99772564736267
58.83318224807539
61.006725132547814
60.684951947017154
61.16236771994562
60.46541904191489
60.66221506501809
59.4357607338586
60.31715972407294
62.33792349120943
60.61201204036634
59.29384701410158
60.77703308866973
60.20838398694799
59.54564949130723
59.16598017704523
60.493589859126985
62.146303240553785
60.348886484097704
60.79567862401011
58.94415169697982
62.0309406455342
59.48176927247819
62.11956821597594
60.13301664701773
59.77763253019692
60.71813998290143
61.065783269777285
61.13340155095819
60.87299564196105
59.80758885730487
60.082504566473716
61.2849997610703
60.52773094836067
60.04995617555351
59.52168562530674
58.9119512726053
60.48157251773554
59.59368086207204
59.900059348136836
61.56834880218966
60.155452400814205
61.089251219015026
61.48162672978613
61.14540536642285
61.49958079284927
60.01163342236531
59.66511775542105
61.711415203307055
61.21768241141442
61.697793601624944
60.50730621789257
59.15176347634412
59.86166250695151
59.677094373313665
60.61845824887222
61.3096831644525
60.329112688064214
60.68868741027439
62.224293595309504
59.95948426146611
59.836322111636306
60.378242234992086
60.47524093155713
61.370767610354086
60.594062934950756
61.30758511773892
60.28054616474923
60.148141307849
58.316877512821506
61.30152634691212
60.103041806489664
59.36932917668661
59.73177966037785
60.68755870267587
61.160452957731195
60.4191575160365
60.69721947775218
61.317481469740486
59.41450086567879
61.99414929771418
59.852648134131904
60.52980693484872
59.17808398351549
61.56319371959945
60.88289141442055
60.63672869075475
59.598811063281325
60.07182641858845
61.25666845381791
60.26625860104427
59.705647122147084
59.849779714213874
59.796972882115746
61.191223709657
60.8003536160462
60.049342144035315
60.68497014570792
59.977927956221485
60.42955969401406
61.09943484669865
60.64961949235355
59.32097081768281
61.0673829317986
58.50745692534728
60.71070555801632
61.73260825892406
60.57165777937514
61.05615377450177
59.77875194169466
60.358577804102815
61.4741670019533
59.83966965959577
60.03325227581136
60.5618285063286
60.74544943235613
60.466921356541604
60.02010396373731
60.21810299967931
60.64015435998891
59.72112648187191
62.69646157271136
60.536661786706084
60.43720110334324
61.827096365974555
59.37407312263793
61.30532739661298
61.6412387591068
61.560817019484034
61.27064883674505
60.71286814005895
61.09103944411678
58.6412441897833
58.965789418246885
59.57316172198213
59.597917186306
61.00671040077074
61.52686093773147
60.77798311175879
59.310349414273176
60.693339108852726
59.86561940050508
60.58689579670368
60.79556933215313
60.43936856992501
61.05493060890012
60.06846324033025
59.67637956328461
61.38021754586415
61.02585462766008
59.34332785356769
58.84061568718125
58.766353676693306
60.88253616646591
59.56304090701986
61.49170528966931
59.66173114330851
60.411137886539684
60.505796833198325
61.71389602766804
60.52498561604214
60.86328227462093
60.063306736446314
59.82405341806656
60.33930793770239
59.556347056925816
60.04393281176722
59.941327776394594
61.270349076594485
60.525511235025704
60.60325653518997
60.10049679241623
61.7428444768271
60.67272616508117
59.842807597845365
61.82885604449151
60.32365404969683
58.44490319865394
60.52113501358033
58.43760547767031
61.19040166315449
59.018320491827666
60.79602302478008
59.26636773931812
58.956546581400175
60.059145794983
58.81177491741916
60.48958851617657
59.40863529671073
60.77366583177002
61.28758055781218
60.15551916566395
61.17464814844866
61.42565776466278
61.32370451783224
59.49266791961812
60.872538591063
59.43483026513446
60.41039163369061
60.15273051024679
61.267955292758764
59.18726305881634
59.82329128792184
59.315869139522256
61.30991538372477
60.26212995944995
61.236102666321436
60.0019647696309
60.296697773810884
61.03209680855986
59.8056487354216
60.75964436660489
61.421974049307714
60.40553323626316
60.792811685824084
60.27304316867846
59.84146674346068
62.37071322809341
58.81483812387031
60.9084034053738
60.36197410031152
59.742565128299745
59.921503011429834
59.605765469817676
60.53378370757907
60.54819836017736
60.18210928249998
59.46758434293461
61.205531656502764
59.00474165901595
60.03656410463263
59.86317249630182
59.44985505932744
61.653683010558055
59.680730116435534
61.45613814314199
60.56839794422546
59.833265971145984
61.86264771438044
60.61104673476251
59.48978194462323
61.673501540528775
60.98691387451125
60.09262334000076
58.43959204940135
60.544803301230246
60.684269099275156
61.518559586537386
62.03589933777281
59.13624659215006
58.829581849217114
