60.13204065605371
61.18866210024822
59.62549559623257
61.5714707441193
59.743587284174254
60.81512368867068
60.39548940692235
60.08452356319358
60.47337970598695
60.494578802194496
61.50939170765914
60.622246468897366
63.37611952897097
60.38135450988091
60.57203724593331
59.78354566604448
57.62138967262631
61.23457377662634
59.92453959150356
60.423661316603216
60.00021460971465
59.70376820990041
60.965075613218765
60.10530059186336
59.7657201136208
59.83475618893989
60.869910431401465
58.80022103707349
59.42818305393935
58.46088291502602
59.19235790325546
61.87919804430312
61.474269687875285
59.65360102544531
61.78014792514121
60.75057238593166
59.8183391885181
59.31400096251053
61.90994979959194
60.34028585612643
59.38739830773693
61.60971154784668
59.74127979396977
61.080363856311855
61.31177411645473
61.22239866034013
61.03516670629356
62.18461234947704
61.49307742470758
61.236289642394496
58.851309591191836
62.030527607763865
62.32977270642251
59.00387785889422
61.21731843105984
61.83867211702281
60.902833842704894
62.70888462248685
59.50184911546508
60.786785285257416
61.86888129874399
60.43792807250131
61.83027156508206
60.979146881036854
61.51078340491536
58.38296452860651
60.032837525426864
59.61028243453589
60.999514203619
61.517452797778034
61.49007070282725
60.646115922036834
59.32025518602273
59.15874219448302
59.27698672711077
60.722140113058344
59.05738438510809
60.575335190800196
61.6772938199195
58.87714365349974
60.90364040781493
59.87240086633408
60.66413252522055
61.62395997998374
59.56759332209916
60.250019406974054
58.66812191000136
60.23277497351769
61.06721529933307
60.13501291146459
61.38127536991227
62.616695214387875
60.499147524234694
59.37890461342627
61.73490649974908
59.41114244994075
62.614602266887715
59.766156897615524
60.798190426486606
62.09239945933893
60.01613761636805
59.604079524194375
60.898448226585636
60.86979259625426
61.21733224248731
61.61092012793284
60.50198555183127
60.110326934600714
60.64204937629065
61.430373610036945
57.81390580304236
61.667342859094205
61.888766321637625
60.65197753928016
59.78007914668552
59.90402498736353
59.296844983413266
62.1680728478681
60.87289401345883
61.51295887478933
60.910142620356886
60.747493770628886
60.709403819532604
60.03531970544956
59.89091562392745
58.6732230740876
62.286105194250545
62.13269289829421
59.17372194757907
60.06385755867273
60.5074360341326
61.04861027300983
59.285906000246854
58.882779276149314
59.059369672343884
60.414340012825534
59.58386465267868
59.46114089426896
61.42295579786959
61.407140342314214
60.69473312722569
59.510912115191005
58.98941334175711
62.218846400469026
61.42025478267564
59.435497173361625
60.38324500848589
61.13513920530665
59.64225780312319
60.575836234856695
60.66768266233138
60.245917440432095
60.63674316151038
59.2945821698967
59.96561702199844
60.17727428556097
61.08583245893755
60.03146817564299
60.13841196520362
61.315267475042106
61.03974560398257
60.77861223719928
60.75592274014295
61.75968575616061
60.14247651124861
59.523786155660666
61.17217236725351
60.74683119345916
60.300790006217056
60.30048884206785
60.218760225157666
60.01597664135129
60.58908625831584
60.75281945833194
59.74041377471525
60.660595480460984
61.56062496603571
61.650243418752254
60.31877996604724
59.89298421915263
61.04362741284959
62.22596921353465
62.344564277183764
59.68678700418391
59.36894067585863
59.66926402938212
60.52792800443704
61.704059245549814
61.31448560574256
59.74322352752949
59.54683803213371
59.2883189604733
61.07481258763418
60.29617907147149
61.15152932895073
61.11642546228382
59.62979355889156
58.81819517269423
59.163271841122715
59.98253294407093
61.060214347186665
59.46359462568124
61.288254971374684
61.287509643449035
60.97369320687519
61.185227483517565
60.55714814585719
58.493126535837
59.85300168457019
60.19694270994763
58.952064904069516
60.143081290298525
60.43540730057512
60.91144966730933
59.782100113137275
60.858266907838406
60.49229563216249
59.62037782585198
59.97250735266722
59.36969852239017
59.875794724925775
60.73207397661279
60.74676375676696
60.96146413727917
58.94745262686393
61.583823173608636
61.42421238809743
59.9268999924043
60.164875175999406
61.04924596849081
60.587431187615934
58.877192262499875
59.93906933062263
61.07259875784832
60.9015925145784
60.87786996567177
61.26721439828168
61.27517306967037
60.274789999249805
62.069366000267394
60.280204665930775
59.96142030730415
61.37670062418435
62.13138322937301
59.2278948923604
61.124562417981004
60.48496756213962
60.624297081206876
60.113822474958916
61.31669293212016
60.465599800420726
60.22035473739717
60.566254061226196
60.53692168560509
59.9846904589053
60.31425979781484
62.50672474848379
60.74332847440487
60.535262875036686
59.65089366212114
60.28078995747787
62.07845007667814
60.583729946495104
60.49683488053701
60.03445683863758
62.579369134997734
58.929389498416164
60.39689121904777
61.59818578004241
60.6562677798391
60.46557262054346
59.113491143562534
61.15512321801585
59.59780033935973
60.66007978967575
59.31229565539367
61.311921755120075
59.51236514852033
61.18366719602836
59.07905804078737
60.99116636999208
60.17796094745866
60.10588109422275
59.78672467151586
61.03731938418042
58.985877216465724
59.40035485432357
60.416187037302805
60.9602362573933
58.466861291150664
61.41208521597047
60.7468781892669
58.561304617653036
59.31625026193821
61.66146329200937
60.79477067955351
59.01124908798346
58.88619512803046
59.749960222973776
62.65292669563981
61.98673225835725
61.00028897983989
59.83853653241948
60.313058487667966
60.64342062993703
59.57791799852202
60.487423390856925
60.77680977248957
60.290422749026526
61.002783929617145
58.98447487932763
59.098873020838944
60.423658101317855
60.28476568400805
60.15069029844026
60.35564635602103
61.2308212964422
61.647664304216214
59.70434949365268
61.62264186693141
60.60808507333956
58.85189780195521
61.69974872705832
59.8160584596755
60.609998551729774
61.012569636029845
60.720041520081026
60.86208177398012
60.565608734841994
61.024533490324515
60.02775079099619
61.76217325421352
59.950118656637244
58.79518330187638
59.56217105107929
60.143285494203276
60.48220974927642
59.384574193660626
59.43527423461738
59.68662486683935
60.292184422266104
59.942405034276526
58.75426200911452
61.79195200143904
61.99143836673417
60.4217520346979
59.98821450865059
59.691771742406814
61.02752323963229
60.650962641580634
58.19447240267084
60.580408252871486
61.64725641487601
61.50468704210053
61.103594695957334
60.54283447433666
61.35833126944395
60.278354876114264
59.378857913191204
61.458144586834436
