60.15866958777854
58.82556299172736
59.15254288734679
59.0812268041522
61.38090361833818
58.932150144142675
59.36020212124337
60.91439727293024
59.133126569022366
60.55141311898503
61.388893575716914
59.86102590427302
58.425194505214506
60.32207236011535
59.94265084816116
60.15575812587148
59.419824634595386
61.10799246351358
60.58418495398508
59.788793528970196
60.66956365137199
61.16490016639894
59.98524866033035
59.30316576401361
62.932109725334804
59.903616175650875
60.08116714273966
60.048267663545914
60.13228930468493
59.71013393939626
59.56139523863448
60.13307409364426
61.286633668708824
60.567387487415154
60.10513799770621
62.806975412779394
60.10708874097569
59.97591181406178
61.64839364120271
59.25247491420098
59.554473749418634
61.003373924173175
59.097002652622315
60.32064253585982
60.07492266693814
58.20774909947906
58.8953813078188
60.759207297959705
60.493539957942744
60.07694998340482
61.35306439610666
59.77370408298711
59.83228852483195
60.97218736271421
59.37943746601791
59.64991268985021
61.284039808788464
61.790719254148144
60.653661306572836
59.52096970602839
59.09205518052709
60.944283314443034
57.994748361328114
59.60217503048166
60.121198959737455
62.346689447959385
60.211141474046926
60.378441337000574
60.75568685791907
61.74715048633934
58.23384956820911
60.11928329965808
61.05766451458912
60.04316609808482
60.121551281976444
59.9325343228644
59.597036161772984
60.50074533635777
61.345645844087834
59.244757216043624
62.13008613650461
58.23920824802422
60.45321741191861
60.291420152254666
58.86623814657864
60.3153255816601
60.791320851981865
61.06458438193301
61.495725960115415
60.51511083833493
60.30251171625033
61.651665139621315
61.30700571464321
60.1947896543522
59.59293935043893
59.83314810072524
61.475336857047175
60.96354029327521
60.11010700486199
59.98006140623334
61.19004568763061
61.73580846073459
60.15538746090503
59.430244864436794
60.071630558465785
59.85124227591128
61.37558274868113
62.90554665752926
61.038987831127265
60.327821451359206
60.495007103041154
59.69157734641401
60.734266739268456
60.01996099979319
59.699864404603524
60.91962833160484
59.574504972034944
60.78341721461283
61.670820242117024
60.00818887064444
60.7851465033474
60.56327738027395
59.18983685878287
59.497038886661166
59.216005304700104
58.685451726530964
60.43040413354649
60.360602907137825
61.00977711119882
60.2747354878786
61.18142802207443
60.526939642879064
60.111217125681996
60.0645572990294
61.280406101909364
60.720056892650184
59.861539600093
58.63205562296207
59.29712127110517
60.67820666582483
59.44231728959969
60.822875061689686
60.48367490838511
61.201698375158806
60.48775622260652
58.90809696585894
61.13954376627108
62.21713757639191
60.54395012082577
59.986521711054344
60.51031061345636
57.44684078108125
60.242183533082326
60.54666652603638
60.54128432486586
60.44902411530596
61.47202380762172
61.748989663141636
60.544280973255425
60.95585636367446
61.68761168234745
61.97762075320705
60.99755927900332
59.96163314092613
62.916635663992
59.40027543809804
61.05947693021007
59.43122609358328
60.3531761189462
62.33677461803124
61.43095661665795
60.14392776847708
60.34647291026054
60.5082615988148
60.54503053152935
60.54710636118586
60.15456147346944
59.41007235455527
61.034654345753836
60.17694140598363
58.49910641522251
60.52149754155414
61.31621749490865
59.56011122034113
59.998073227822545
60.76201924659818
60.30430402492211
59.9909691586663
61.6574096212117
60.346509178868786
61.59261292881014
59.61145363304965
59.04025169160372
61.52916344449164
61.95411826074895
60.48236170217378
61.53123757801248
61.84021511797136
59.82199339344737
59.92213545110085
58.96312082555569
59.41988232974625
59.925665616308095
61.09212855887591
59.74965627035119
61.17977192107241
59.61362962647822
60.239347344153465
60.308515333044106
61.49403632604622
59.45862636193194
60.809154661899434
59.245949540819616
61.92433010718115
59.15347865764249
59.88689743252582
58.99510465422412
59.06115765553117
61.51714716285443
60.918993222036434
62.14083786628542
59.94480488427897
60.97591203102521
60.79165120069497
60.261553817026815
61.292246541780514
60.345368443924315
60.03397582518194
60.54824370132692
61.367486263022585
59.72262531440779
59.180681368507464
60.69826477960364
59.34848330168488
61.410464350056806
60.14698068636924
59.170258240355835
60.653171993672736
62.234010163405244
58.80596799776191
61.18741647955913
60.4127490395066
62.351078099464964
60.44093049775152
60.1779154377832
60.996485631189884
61.11277366304912
62.05644077632717
59.49582854054508
60.073975386883845
59.65880841340603
60.85529059274564
61.252843201821605
59.56693200024017
60.844247511681566
59.91230457121058
61.57535594067913
59.91981314072689
59.59505329722871
61.54175687804619
62.22573989956846
59.38244269213014
61.153623979371346
61.49839553889698
61.250613135586256
59.86194301162566
60.29170714862084
62.79561817386575
61.6169931203169
61.20385784161571
60.370049843043894
59.71715019718116
60.88397310516348
60.24084990129589
59.29543502972671
60.063212577195976
62.02258717847006
59.16960410622687
61.83292544782537
60.06890335666159
62.17342997042025
60.63418234092745
61.01015970068416
60.31881883585741
60.49307839106938
61.53121477032959
60.85532894734137
61.30065231887727
58.73202386633143
59.895055097991616
62.70523533088793
61.66615673002511
61.044090348250464
60.9666853507781
59.771923856145555
60.828388105993255
60.210690510184556
60.278938712587404
58.936993731027606
61.06810742871396
60.58449040234765
59.53636900908405
59.43561394054444
60.501190759452086
61.483510845831866
61.00032809611739
59.8238298362707
59.652032466787475
61.142627072800344
59.668291229975004
61.30867685537249
59.919564123998384
58.918954898672006
60.777866792531306
60.11473943915756
59.50197399561401
58.80279690372052
61.292043793947
61.89098902686677
59.97400058097817
59.57334434448891
60.65284234341403
60.38170251897909
61.52024118967728
59.92757034457387
59.706065839515034
59.730461112777895
58.96634659282484
59.11696474235547
59.28762876794784
61.28009170747298
60.9783628504154
60.14038278749161
61.67632199735827
60.062334839848226
60.38033133174224
60.12544624156851
59.773327761077766
61.56414605845729
60.20023549742772
60.47417563183722
59.08138196704522
60.23840693347674
61.05292156593465
61.06994628351671
59.717761294964816
59.38078905724147
60.73073588330548
60.10329329774486
61.10635092948374
60.351699131904965
60.67790145999569
60.39196788890955
60.691306048145734
60.092256669525085
60.088051295466215
59.65641802397829
60.80593140498151
59.53103650322998
60.33420570562368
