59.43868549376184
59.520736123501365
61.07338442495268
58.8672805774558
60.50984557526062
60.023747717180676
58.95514225682019
60.11056537188165
60.66472854627404
59.448619279320376
59.774400586239146
60.0393456025928
59.7414537482382
61.11262978505975
59.92567682046806
61.12579299780608
59.35784996180438
60.83664532845988
61.34108846615177
60.498472995490346
60.23024283675668
60.7965758539788
60.939129327415294
59.4156298602304
59.27123137871573
58.93145344266322
60.46373333655204
60.18571997082129
59.94750243575421
60.167474288865996
61.40149087405042
60.79904135682371
60.323911993185455
60.05671735160937
59.18554755081147
60.11021660439512
62.59699666782917
61.553984529674686
61.483230005441875
60.624878868926125
59.26284588373516
60.686508638724035
62.09374656403538
60.804674690386285
59.07826481572748
62.41626914116164
60.46031748976607
62.08589709459171
60.47612381548494
58.140965889049
60.07859307426417
59.94866516573676
60.77226577229793
59.201977052631676
60.40577352625331
62.16469513755352
60.88245235275793
61.69172283180005
60.284333575926546
59.54679160064016
58.94261573759879
60.904904260517654
60.98922598284174
61.77489298962117
58.77333639764778
60.44519290128031
63.35583511514251
59.55600043674521
59.41780504047084
58.999988000791326
61.12973321280942
61.07183431920923
59.442465682244
61.724902351168566
60.44093366749158
60.58880984040284
60.03724508364237
61.47869149057722
60.03921491349314
60.552417211587425
59.61407806762454
60.262933881254696
61.56389130264509
60.71833464008465
58.423888447031224
60.65837067785411
60.1939429848943
58.97394939183681
60.70816086077582
59.22523965505457
59.68262398084188
60.206105361794926
60.226189455483286
60.31586096465993
59.78418366712741
60.574297627431285
60.46191171726577
59.87059798583279
59.5704176958595
62.01563168178838
60.270644833988264
59.32603494552255
61.446244090407546
61.00479267012011
61.28092591970243
60.403904444622846
60.58649415931371
60.99262130601918
61.50045038723532
59.150006085174915
60.85950373957908
60.917251021366845
60.43439622601932
59.919461674031226
60.185607065952304
58.441879219049234
61.60056811542265
59.472952167224456
59.729356228895476
60.6108081212728
59.815129130391014
61.98693273775763
61.246559031830664
59.16075189274285
61.11228478560449
60.88038818696779
59.35399549396983
62.09993854811946
59.021601640525674
60.81801561593329
61.598403611808166
58.988719915088666
60.561985635137745
60.23859910134931
59.03590145761717
59.88275136446816
59.37539148924235
59.98402948093768
59.113690756155655
61.5382605568472
60.663443099903866
60.918741880791394
60.39123937806005
60.93575557421429
60.16966087406632
62.54092863134544
58.678801300816254
60.97201055165945
60.3181816723464
60.0779546551051
59.100155315288646
58.90926956673509
58.85788257146632
59.60996241159629
58.782063019707145
59.61768222906576
59.63764040251947
61.96127153155179
61.27890744293137
60.27086682887735
58.71323845810611
61.15988344996615
59.75399319034691
60.75624175047581
60.71953876843028
60.39787385140233
60.80567357283579
60.523362964401
60.05897199212642
61.56851184172547
59.66129821416284
59.260418286678735
59.646767079261394
60.41039382032658
59.95127222464826
60.753047014218666
59.77693082019396
59.97699367049696
59.796757864811084
60.870263725013025
60.19036181974269
59.41949677078672
59.58849949744196
58.03151901930669
58.60878904199549
59.528150590045485
60.279473580122165
61.82662270129615
60.50397128749006
62.60638747821937
60.41031073627751
60.654815092905814
59.93007821266094
60.251188748091735
59.27035778546858
62.22830947074963
60.06881149931679
59.64995814431164
59.761438785400635
60.21206410392863
60.16350448619084
59.95058464420431
59.18061312758183
59.61904772168431
59.962604449290616
58.912164279953686
60.90466555178266
60.98599559598619
60.266100509952715
60.981029209331666
60.73453045314037
61.04289609564007
60.84776490113761
60.0577412409537
60.14192865859001
61.468859084280716
61.66595318033436
59.505248654567445
60.6451486741457
60.108408715571024
58.800931706882196
60.764523667110986
59.73879261004447
60.066637612357205
59.02461390342075
61.935937664956235
60.740159785808245
61.08097878269874
60.140876456414134
59.125219256544725
61.27795387235661
60.06145060167649
60.104769789942075
60.55227454336478
61.2769793799333
61.017721047843985
60.102655978441966
61.90086863448004
60.72030502276691
58.86994390912401
61.195058486563944
59.69839796798929
60.03426832422973
61.70838763178408
60.41609319898029
59.45371931844559
59.95229466911035
59.63491439061398
60.67165170825467
59.272125701841226
62.74511546177857
58.54971317652087
59.68837879788472
60.72431655413012
59.572861833801625
60.440810939583685
60.834785737298695
61.414935205239445
61.12834016045336
60.0242808789782
58.01889415198602
58.999832177993746
61.14398791120896
61.260928910462226
59.560022717641665
62.2613150011535
58.03343621355272
58.022530099737445
59.17143233328272
62.0602523175308
61.71103346595363
61.999930610718216
62.39689520436581
59.34046218091142
60.55308142039236
60.42725709317061
61.20189219919368
60.83546984356306
60.0965981707104
60.409009689353596
60.96407480340216
59.69598554157194
60.49060871329989
58.26107709016135
61.17506574010811
60.68488712921669
59.13152210410987
60.30310700869564
58.61029403697935
60.977596892797756
60.125687236560566
60.58340995154433
59.310531116814396
60.20522112264951
60.77846106967914
60.56564210080645
61.72880893958997
60.101673820576444
60.45740143136273
61.922488304607114
63.002182921927414
61.560936125255395
58.35331314962598
60.80742581982066
61.73038344273168
59.42528553110717
60.82964371075967
59.56148033565184
62.213074920834856
61.30694574356059
60.33841489806337
60.49625876871459
60.27242273762955
59.202213645138436
59.738633654915326
60.923906847091466
59.670684885500016
60.1765371215154
59.6530665099316
61.231528849979796
61.664423491342134
57.40008438662809
60.05483064193049
59.7188140442713
61.570933071214085
61.05153518362863
59.28765659725043
60.21575926529494
59.13943541598674
60.12596925602676
61.06525489246182
60.25593409377564
59.64836343140061
61.54668664617961
59.32004835734429
59.86471293086536
59.26277500614726
59.90657198890328
60.859280590686005
58.599936446856205
60.592137188393274
59.4846456701241
59.589626721967974
60.253318662983006
59.515447965605894
59.61258264844095
60.70577377047994
59.23164941475645
57.378448429216505
58.836992527151494
61.12914862815077
61.76717724795133
59.23978638220494
60.93826361192977
60.44983542799808
58.774334659229986
59.56607474312572
58.991369648417404
59.51680486748109
59.75623991092495
