61.200983080506504
58.24153843526128
60.676384731236205
59.37126733104212
60.85396781071141
57.73110568368587
60.92785577443506
60.59647037659561
59.694612802144114
58.77309913952631
57.87468200058858
59.962261278327205
61.0782855943313
59.193536879145675
61.62202980440317
60.354710812818816
61.19567489289875
59.008428323119844
59.87270660064655
60.708491302817706
62.476691459890674
62.28800833599803
60.18389906434323
61.05586952467099
60.130037609661564
61.86376972262846
58.88645005070709
60.40599768353717
61.98576242126549
60.5419158843707
59.82182482044905
59.193955998010615
60.8059038007826
59.68796027579605
60.80311684529954
60.306527046529055
60.98625492494937
61.52907087756826
60.31385417947431
60.829015912505206
61.53610553072706
59.103706834987435
60.62838587517119
61.16005191745375
60.67961879226928
60.90798319687407
61.91721098732078
60.49455660858031
60.22111327544215
60.855094310113564
59.22977759651325
62.13616283442946
60.828578330986225
59.49644882425257
61.64521597924615
61.31646834458468
61.25944333363981
61.723474631752694
60.345286207344685
60.51485881227102
62.3121345298262
61.12221257278208
61.912642470978234
61.42734579837622
60.03785873048597
58.92535404458572
59.095896069097904
61.00940933898332
60.80891523729198
61.26531922294668
59.13131909695935
59.51391487884175
61.2380260404473
61.05132988098638
60.329639541608806
60.3283573313985
59.68627196756313
61.2939796570193
60.87910238181287
59.26017309111961
58.741350822409814
60.69162104589903
59.93626092303868
60.93009464032596
60.0899238789606
61.76465378837561
58.487185960628345
60.36184850907308
62.256538628613995
60.94980622336216
61.319012809260244
61.13004525921641
59.74086413923844
60.17684690893916
60.649791972659685
59.50322964722306
61.013878254175175
62.014466565180555
59.049930365349276
61.58819908362273
59.69195929286643
58.84996799358827
60.38247657326589
59.91618353716615
59.99054203440711
60.86015990343916
59.84945569566409
59.998931541312764
61.44684319215362
58.73622350695882
58.39114519799303
58.84712367454922
60.44212936494584
61.27490534885112
60.065801400061744
61.981840860066846
60.9998532173514
60.94328037628813
60.88188431347641
61.0445922626332
59.69589512424211
59.88956196472117
59.97383234432655
61.1942619541738
59.579568710482256
59.27773733111899
59.845723787807785
60.26765877421623
60.8909263621335
59.942501205376075
60.41106608247192
60.53783311744469
61.17500034173573
59.74056817669412
61.34714776423939
60.85441157323734
60.27201223741737
60.69117296684459
60.29212916825369
59.415023891182656
59.12172088552522
61.767915676389684
60.81389354726871
59.85825991460033
60.040769374699636
60.63783602108389
61.07029026966265
59.40432474495219
58.8780967672618
60.78854018974223
59.86976770003813
60.81652594145807
62.037716555489155
61.182213182559906
58.99047312959701
58.73207258438509
60.25927001081755
62.18349777853307
61.111767454522656
60.412244319504254
59.04140752722618
59.80395131777039
61.73746906071928
60.8953310937298
59.36597458490986
59.82495474388119
62.046058735378054
60.44143341845576
59.495863141012805
61.48761615646552
60.89052609402183
62.40543014673153
60.976368409417304
59.60780181217476
61.81668409697411
61.50797312529863
60.22880649526709
61.4693215327772
60.93667238567845
60.1524565031902
58.13021715921956
59.53523125286241
58.73171938566992
60.40153107658078
61.40297084155554
60.88826941624409
60.861001424711986
60.39786549769082
60.67004583630601
59.31238303410472
61.432524193999285
60.616401835046965
60.132734629933346
61.2364497665127
59.55500024783611
62.32350697282191
60.972861449933234
60.591312052783884
60.641983341445346
58.56923471541874
60.33498284603728
60.91338887538808
60.53711891455813
60.257248353335605
60.013215887857825
60.75181198399965
60.26767911154719
60.95705315341851
60.690233616641635
60.908836750268684
59.23232947149947
59.13341316591749
60.894591779316855
61.572463961971955
59.6735878405005
63.08494665364617
59.879896808479046
60.12151053288591
60.991707463949105
58.2388621164204
60.91362767489156
60.51575033218279
60.83570096033783
60.2255696901651
62.262459556772825
60.962475497832884
60.00470137631592
59.75186511844436
60.3311244668517
60.483382999947274
61.23441893175797
60.94841260354798
61.0969563258006
60.559770325341674
60.350802487580296
59.896990678743286
59.834624387828626
60.68009254936259
60.43265619161477
58.05206525797397
61.45649968878317
59.99979761133833
60.51884438173773
58.98558282540017
61.07078767640722
61.40793883668627
60.23541171827924
60.312932001198796
61.543342208846475
59.64084647575394
61.135166735101066
63.45012471565687
60.43127891514954
60.43108229771239
60.48371000676857
59.61022649712043
61.77147974191706
60.74358973075119
60.35324267020181
59.37393236378218
59.777321361643914
60.07882330748576
60.87094137552046
59.297401737122634
61.37029416500375
59.814573602148144
61.630244731959806
59.58850176863406
62.26555857071818
60.737456457827165
61.083169451300414
60.33665223780275
60.71482942472432
58.716235673577884
59.61762653918049
61.57330873077455
61.201400378331364
57.657308358198435
61.93752999604005
62.03970266200465
59.40954658992378
61.54532786947276
61.019593517674686
62.08028410199746
58.68406908911064
59.85829635427046
58.95971402068033
61.72927658984333
58.250914646797646
61.02483848213118
62.04961857373072
62.61650014704685
59.57119009991182
62.57401580660459
59.648439367415754
61.15370015735705
59.81707769754862
59.33762302568129
59.718941100470495
61.24850798864599
60.23727180278393
61.00336100608392
60.21059693515652
60.90060494759414
59.42597922425818
60.19377113855483
60.89775185374828
60.747068432594524
60.43953792928992
61.93723445640205
60.73820365109399
59.6325365088645
61.182038012190105
61.79027333540581
59.30685579684746
59.38598902897491
60.0488366045297
58.53449925364457
59.73488980552346
59.78146222875858
59.351407558529736
60.01234448037547
60.52221658494281
59.318458491761014
60.23903198926205
60.54026592144516
62.27353548717754
60.633970964421025
61.40112506582194
60.37592068621762
61.37139908765734
60.97790567223662
61.675262570386145
58.99201543761762
60.76105822218265
59.783290992096724
60.95165464616943
60.97366004340418
60.8479439819638
58.744483035030996
60.36057242747178
60.02830540707458
60.9684037295925
61.35407049894592
59.18258828732524
60.47768271360365
60.769431983270806
59.254270834474376
61.065277823637935
62.521003605688186
59.78604899826494
60.81108974443578
59.014839663416566
60.78736601367079
59.46437834518272
59.80435081556189
58.97091220219069
60.29052055359071
60.67101307094312
60.81127758724874
