49.87572025338247
57.49302078231498
54.46399155843798
59.42715247182788
55.7397069684192
46.29661187977912
62.81732324549411
53.533742152754165
57.10942379501027
60.011197279478566
27.975611387989012
62.33377151426042
54.13918752732829
29.938620324435362
56.324506998754416
57.04047454476035
60.28420075891225
45.02985474987142
63.27578187598957
47.71314795016059
49.780678124394036
61.07997870423316
33.1258678355536
2.1951922193207665
23.092669596888626
40.64165619136068
15.505783505945658
52.61607274141262
60.44409214585295
40.78900621369099
7.354827752620658
46.68913571229626
36.61769416930895
42.76941665372405
56.50982514408588
31.448861587404394
32.16893302141508
59.80904846051869
60.56224639284989
38.76839318386857
16.268226479621326
46.464710679753786
59.620090029981604
55.00313746678232
54.81524258994594
58.954334666683884
60.73614336498322
45.29706558756295
28.02117639882477
52.75519228002053
54.95567288868469
39.84688020582992
19.339975645694345
59.03086254585599
35.793231557384765
1.28711621958346
23.866979432447707
10.669884371105056
62.93501802406802
15.14900304890881
14.64117891304192
39.27882457582628
28.884174315096928
30.33355588530212
33.68859197791643
39.57575301120823
44.469734881116075
33.79247436074924
48.9473815218696
10.52304429774204
62.925286934253336
11.193606770542992
26.590495722616573
15.189697548255587
17.98229317845695
15.527806503327874
61.39229103053087
51.228681936402786
45.01881919894757
36.47376052017864
40.02449836510903
56.697519599738705
63.743331470107584
56.23254344581038
31.66737244815193
21.976549981595674
49.84735659326528
13.84687038295128
21.1723255617092
47.25059962901996
63.66016387873413
4.863193336747493
37.017775767570825
27.39230999072781
55.34395787398326
32.12985279165665
39.355523475967864
54.53716535685091
8.495602404176289
22.756372834710213
61.26802287280105
60.38851542180662
35.3914883236981
46.72684393105048
0.7727498953970269
59.4649536416846
10.267883668704762
34.739037634104506
57.094783336331616
48.33259263093391
23.49819388060201
59.16312034569912
62.89961736722633
28.646744176048557
31.405203104277007
55.55476939346642
51.171198374912095
63.75625683553866
38.84384288202004
51.3612064043547
35.89959666626222
49.13672818011347
39.02772459903236
3.2567603328961
55.08449821019118
37.78342908443393
24.35766869166619
53.33285753965976
54.06970426918552
37.19467235218926
0.6608500281193486
44.91573685546912
24.377674078923697
45.22062395070715
28.363309099262644
56.96800383083662
20.224522728456186
7.852664566593482
54.40909161931176
33.550563451005374
51.89191311362896
38.546395512680206
62.71345404232883
44.959787566749974
44.27200272611194
27.521448843284894
63.975350069802644
62.82340220773599
63.168757757618174
48.277365836611025
47.85823017590346
38.45631753714578
49.086802170828534
60.71612576143269
41.32163928959258
63.22322283625186
62.55007367368535
51.87875605883778
58.06194908479544
45.33168603307984
22.4680764522368
29.044762080327537
46.417747815082265
18.652365369900657
55.41909216610743
26.786182091508834
16.737862264664592
22.77363678681563
56.02430603913611
29.607438881997318
38.69890120509294
31.433096519142012
27.260676558283976
59.04267436969567
57.36865789340533
63.23893679683129
10.283991316879856
55.72190285809492
60.14732708495359
16.226321191656076
60.04613032047313
58.19171619832574
9.939397735442334
11.606822306707862
58.327367125548406
34.68343607603133
37.19034640819616
41.99391248019378
44.693094948814405
38.54352059033703
63.62804942984738
54.531634712050526
46.43795376047081
24.271003923139297
63.37588364489074
49.36751093032525
59.453471075551526
46.00803798493665
37.03339188419522
29.221972089843945
56.90867847197484
27.44721187600637
61.10789339736786
34.32867441150653
35.401833588327676
40.97801492064874
10.368654545611491
48.42919975201194
26.6203764078828
31.530682789504745
46.76267911416237
30.229035405657854
62.241604413778255
60.62918054407506
48.05542918882365
41.27792815239453
59.88233683642028
60.77487340145274
15.172861219770901
39.70792590032809
47.3240530047503
45.54794417731539
29.340987835085684
48.99827971766289
54.62154218870716
58.04190823015986
56.192107636938125
62.34816782461768
45.74234630770508
19.714067963363064
20.168530406847125
54.114229261941205
2.8682306499440884
40.76729461976737
25.21496756800604
18.837670910761233
53.85126256402905
53.13233875565772
39.137456909519564
31.969667071431246
51.5026254460445
55.39227440989329
59.25138395002047
21.054789963244765
59.38720687962942
29.21373313036097
0.4338983093151185
47.17004882702743
32.98532499971476
25.112536521929883
26.918804398193345
27.17617240662728
54.81304698020213
7.566902011209962
43.70022963131273
51.12964467343452
51.047686296313856
37.999294196873116
45.16157363831693
2.4849529104468644
7.854322273314288
53.93824479283102
40.36591153040418
12.636232355013817
60.257369607061676
48.48843993120674
56.24273524238005
36.66958489119865
38.85012745651965
43.40283326756649
48.83347679343997
56.7865598551577
46.11618473203565
9.250485776624132
53.90400323594225
37.87990665400817
51.588681440887136
54.797759861414775
53.07485410335299
43.12165822630891
25.226744091236768
39.60593770851422
51.11209907572572
22.76172860392076
19.41553971543044
49.052167215775576
62.68164086254448
35.239745059114384
33.257248248438636
0.8252197374511496
58.214394652453876
32.52110128251269
61.012530498804395
21.130138152021487
32.175247793979224
26.63590146374859
42.230880843052134
57.580213964215815
54.341578064275204
61.93707445201958
50.80581011365011
60.29969856991292
49.87031420835976
59.08851815932875
41.734200526884
60.65340040853081
31.413163694929374
3.5719085882519934
50.70945899901668
23.840958984356853
49.021241057562605
55.38960000022354
42.99235558167649
63.628038632438205
12.419842808689921
30.413282367674277
60.2699466893495
44.810175562776664
49.138744784365294
41.081186986736085
35.535199131830794
40.51913383177667
47.43502692584953
42.18050247024299
44.23893152534942
47.202745120002504
48.38117094413546
45.07218854281663
41.29809281774787
20.90049008294308
43.27444824179762
62.58149393833765
50.945077457227015
27.672879439336754
54.425936928091694
50.59802810746355
5.351214674886641
19.60749397751824
47.77832426846016
30.265775764471115
53.21115443851811
16.49709110008056
36.22478590201817
37.66878691957474
48.026010933891314
53.01779581966715
61.081373988141564
61.30741676441119
52.29292367346095
43.03546674465629
29.901870989878944
57.45239566490541
37.52844041642633
12.424406375518515
36.43555212670028
24.299436715752172
15.822930279162435
42.06088393884216
11.104425032277938
41.97463751630944
