4.387356098733626
48.99025752357118
58.570155221099746
59.718326674505
61.096459594850856
48.206178805324946
52.576083934548095
30.700429685712464
36.13474396863097
7.666484602362246
40.69732502770942
61.227860325363565
34.925277894841685
54.19615642648892
48.394728626893325
62.69700436202079
55.4763881056695
38.38619096530579
39.89195977734543
48.302192562626324
57.87065309808046
56.445770243654096
21.77957706093897
35.216285081206664
43.20590066791187
48.878656481690506
21.31181437882519
22.38372592764773
23.05547972978168
39.334686811324204
62.28946911301532
63.84448749540164
15.24815450627873
48.729573417078264
3.5138973506601943
10.74359036303531
30.37295639029876
28.140082672565292
37.58261897405838
29.70959358704534
34.560218351640884
40.426467779671725
38.84469313988993
62.019280533437765
24.351975025583073
22.839073772857766
55.20902308135112
54.22593266930654
61.94061456027343
41.765186534459644
58.570782956987564
43.08998022748486
37.58325147605427
46.002549103983306
45.23457710410291
19.472317699499953
62.38236501848496
41.93289139693087
2.7768257632021474
12.516864560873962
17.64981686694715
33.42175022263341
55.307566829839026
44.065031234544435
54.97566721015613
36.82417842874387
51.73598291759081
35.604299086535505
15.080364720741024
43.37751824961118
48.64600211952955
17.332121517249327
17.978445033951637
35.61885003651139
34.193673022226584
55.930311550960106
57.45508014410084
24.146434977725242
43.86984701327231
52.71652009559486
44.86716938004538
2.643310233495967
45.97152575455502
19.39234758671347
38.47580155601149
33.08869641881149
48.1752021300211
58.38903673815679
22.782104878752158
38.84913371929374
38.30729167982837
40.76648583637696
50.21072346566489
46.463382258194684
37.20616809207898
63.42610672126122
4.7441842472130205
47.45018916314652
23.269667985803956
41.90754760362884
31.734900525845703
26.28246830730189
5.857351020975031
39.971209099333784
43.33448086426354
52.856103123329625
32.99535681178355
52.00362624641248
63.91158284593988
21.60946318498462
0.5129289993276132
38.035309091077124
3.644858571861697
52.39933775991037
53.59418859052803
12.754497633989047
10.739729160366068
43.24233162356565
29.537833029558115
62.586821983051856
47.33814557314045
21.298629423482303
47.4166376130668
43.94895715227618
20.003651312280397
47.1305956549006
60.36218166659229
48.67003669736156
56.62786959596403
56.65580669426952
54.24674155757795
26.34555118747742
31.618843731516698
32.00914329595167
56.03033697841244
29.799838579848497
16.40608559671449
32.46576628603255
52.117946114195135
45.68201309677355
31.756310652263515
53.64799533480836
13.493511120438704
40.858220612025335
58.70395880254133
42.792908257350575
62.30578384976859
36.89163490847862
2.277309534488701
62.64068681594955
53.71380601730582
7.78713164353573
34.636908571757246
5.825818852548352
53.56937206571332
45.66297447618797
57.519101144891096
37.211428481724994
62.676764041383535
49.65422235761469
39.90971498710316
63.60507835818762
42.07460087069474
42.870879939589756
18.541525418665422
58.326071255905845
62.528146733195435
56.865989391879836
55.55422554113933
9.628443053386384
16.880927209103206
30.234189416870606
21.42554666512234
31.033856199265138
40.0211506397424
41.480006390772886
6.87257595543327
18.497534855398186
63.465000854752304
51.36396812510185
60.67788172780215
40.79479615962677
62.99098337966715
17.134197018044155
13.978793627292106
46.43265448247247
53.99059994511421
63.12500883649005
51.38157969538061
37.46793136344923
9.766517882207438
24.714249071535754
1.481045507991432
1.7190427905959424
55.537603524764805
22.771021858926368
23.569178815162836
32.33505156927622
49.240190899267766
28.637652825421327
41.514202986174205
47.0154312853155
49.04455629540943
56.434276886103405
63.458403060910456
18.009983799678523
32.838754662420214
40.946150070472214
45.27980957256703
50.70513758338133
51.815610560135255
52.579019524937614
10.81985338155014
55.531001371067546
60.84888463175092
12.305395173835727
48.366704152291035
51.29965817888515
49.47736166425964
50.90336896321937
30.606346868656757
61.09048807082447
63.13955642936307
30.319346747352725
49.37276140221045
52.62804111746184
38.45958076075967
43.90268727720921
62.081141243481504
53.45169552840214
62.8184048853555
24.632411224483143
32.87209834912575
23.377934699420578
56.416749146624355
36.74285363111564
30.564606338709424
10.454472533289298
53.5107067657004
51.41367037303558
50.36823003601745
42.725343291742256
1.0968885155952321
36.97338413061
57.04798506935433
59.30433827882881
31.78331101900629
54.91026066823385
57.31304029257909
30.370286881407054
47.390995894545824
61.97468770361407
26.29785787476174
23.043513657128727
49.74611848859969
54.96724177319658
43.88478466645536
38.73088312734315
60.543339496649835
32.332470079894165
17.278406520226987
34.916793739960255
21.541640035634863
54.294666347005574
50.79335496605432
26.323064276018016
55.37268295444808
61.72774216459081
24.156197418574436
57.01758416564383
36.242258726806014
39.971659953234166
44.4577865040883
13.941508933851914
48.50946625240601
31.78752777524283
40.90331004805649
58.881083476707346
44.94222424402754
60.96656509521432
49.479009857369945
43.64108807884915
54.50249851628737
49.97258617267942
36.281683821220994
54.89633226004719
14.825455694839775
56.23777333769
46.46521678016141
30.03331326060411
38.37952556919272
37.82878678473008
24.43903229482691
36.73736253627814
17.147834344832958
22.85666768787663
50.46489730776499
49.84228690028937
36.904414311373756
45.43825001587833
59.01499480545233
9.129742960658163
50.26254053824341
57.14342285312879
52.45657477678199
23.88317938827717
16.590294089484644
8.8811201504123
1.4357340593381593
59.719811479255725
14.86642858812339
53.29054879256365
21.473675025684656
57.2352896853128
30.240724044796238
43.23502514320809
15.765464402367243
32.647866898463015
58.629396701974585
17.90606482369705
46.31454932141834
19.61787866934211
16.48395658152343
28.458358725258527
39.842362200377806
59.5411008039426
19.543891127651378
6.978190064556742
60.58022345273022
46.382920265635775
51.76799338171886
62.10820400578829
52.75773652222446
35.52159007234708
22.91939136310372
10.457562354600825
56.89955533428048
42.23729141220652
29.575909668714054
0.08276967415879
16.262352832379946
63.86484372094703
63.76852862079856
44.89454829113974
55.470498894403974
52.540852893849376
37.12304550902367
31.556664063473697
31.685399223404666
53.8149555940612
36.63284165314918
6.943165323493133
31.21101826238965
34.40672166071354
63.08759789507647
57.69347858110261
6.455807631031043
25.97649436161518
54.12965971945206
11.698564632151815
