62.04566986306315
37.689817763021
49.884744177760204
57.89427847319132
50.649264893445334
44.95677940876566
41.24894685681626
52.36731386221078
37.419414317128556
42.03347280599203
42.511467911857395
61.04676784951877
60.97324860463526
15.061535988282877
46.98512296163495
37.15183119568428
40.467028479777355
3.232813928236034
18.245196161904587
5.3084046418249
54.63808344349958
8.161409727320795
59.327170268015124
47.66046988961807
17.42704238118109
57.56374062699165
45.0943509301803
40.86280500823698
19.984094114283124
31.151835339980792
12.123963597859372
61.88624899500061
35.689424325731665
60.799025721318934
63.29373387394662
21.772949192289154
24.84543053757003
8.926761568370225
36.44713852853231
39.1123286267
54.62707587021723
18.98941049198391
44.99298551744328
47.69821009039152
37.82734076332602
8.565898804298143
44.176409392608726
41.82453079723101
61.52393568485489
45.91413947968545
59.53038299855913
20.328575914867713
16.094441264360427
60.95078723853959
25.955559342071446
21.703809368264288
62.91616711264571
45.247303564466506
45.68988991736287
52.049139054250375
62.973897592618144
52.58841447633657
8.953681666199252
5.425882442483974
15.783456601845877
40.37186931992093
37.625527884049276
21.752348518969995
54.24414892823321
7.527226990968266
24.618560641327278
55.07822340304872
55.94824606307995
4.888745926120109
34.8204977240765
54.7292172475057
47.2022617373478
51.113263095428806
55.60183136652013
4.435456106069921
57.65017348573696
62.52799320641658
30.105066726842495
52.69825676587469
7.579560985922434
52.906374337801395
61.673905754538126
16.951282849574973
26.8977597173984
49.49022688347032
27.147899321300777
53.837764965426786
61.59271469434442
23.29040392199572
47.608549084289216
37.57705239987101
25.82565707553411
32.130663042333325
13.468636749286269
47.694890465201325
49.14193015584473
44.44076123914908
8.997545003060914
51.528962503112865
61.811099391446355
28.108029999483634
62.18658048447046
32.17968639628978
48.20783730352396
5.400206710049645
42.63674070785203
40.25165800471011
7.436059792865848
61.75019876058985
50.32293983421558
7.773574982326238
25.681157984161963
7.854794509524801
19.840331049237243
55.354842997256114
46.61798848786093
56.92731313098081
63.519307639308465
45.109057626266534
53.317669155929124
53.7410734618653
48.69813138288679
36.69960799829239
32.35255368728436
56.202251636473434
9.054915923663401
57.5346081686597
24.946580169916572
49.1128275471046
52.45383915538312
41.65723249411767
27.73721159624823
53.15391995077737
3.13523270927913
47.72089037468669
18.366684390546126
54.50818654234133
54.840322493176046
59.03732940995958
49.95288270716964
24.39605763920563
3.4834131695080686
40.72317087589322
2.275467163976586
43.304448357176554
63.80590922118375
8.260278643298363
2.7577049921167998
42.81562191573994
31.913308157118763
33.59734663266788
15.171927719388535
13.426938211495596
51.25122147694074
7.131503569447162
53.25201141379348
24.913828604491947
18.72525363618491
35.571423428839324
50.86352014492519
20.665464084963077
18.823900451837567
54.49779469481664
2.0437005425903507
62.56137704948483
3.9944793076161957
56.74764527547955
31.07685791649085
44.00630192579356
55.514940063300635
35.46468357575796
52.754295139180506
55.21995171192982
37.88084715604045
54.65760069526719
3.9037627371142065
15.990761588061773
63.985103755970535
58.99733666053084
57.66384563180797
22.62533042516391
27.318808456577962
27.10031720544979
55.06661656458913
46.318383982304724
38.00130226634336
29.28086662243777
28.796093437461494
46.008937392932395
42.06367398743321
51.93493916193274
54.58557248840083
54.80595951395753
61.08330601502759
58.72198736179211
46.33206792025871
10.188551873648699
13.70651319719677
22.424961643563122
53.12707603198943
58.52247138522402
29.49365396092584
50.715347971402934
50.09366470377768
21.527427643200966
23.396184056226176
31.901906192997338
62.94494121800559
44.334088679972396
46.009057105561396
36.54227253986151
36.86979241970545
31.81416619004964
39.43039021038646
34.60078629134927
60.51930789226489
40.45733841742171
30.707344639674865
18.173667390577428
19.816987162901555
29.91008741061092
62.66306229917503
49.44718625792174
52.412307865045165
25.60529227520719
37.34543434739305
44.893070851219136
27.8385443576282
17.874594492627374
51.55880812148233
13.994823972997004
41.59376545033703
13.573348294060388
40.13552309645229
60.05829294098825
24.763839156296434
41.7629347065682
40.399803413184955
53.1299127538198
48.31856703432704
35.00229091016507
41.43158232502874
45.58951580026793
45.503493753522925
42.53791278694102
47.095226974705454
43.48872450300981
27.2714701640653
53.96336573273476
45.21814119169258
60.78203837446847
50.22837686058036
26.19933600954282
39.04955765115325
35.86115961894153
34.1755799348729
50.1389320464441
36.48385465221449
57.99033367637309
54.20477487221814
8.869982985724043
21.27400105459919
54.39551699143387
37.44418901376497
39.44363349659879
54.63992467716379
48.98446484524292
43.6815511186578
41.16318815057221
12.03481939745572
55.61560560712228
35.73024716899921
53.354384579007636
63.13538263474813
35.08254215029272
30.90636357517431
32.412749859050976
59.10205412316383
49.52888699299145
56.16868128796246
4.736720399843797
49.692893575852324
62.58237158270152
9.701454829671505
50.40229756490452
47.824814093481514
24.057410580420473
36.444812304490824
41.34975031850417
1.9653679175540688
47.60848315655308
44.875762363942975
23.43007488842919
1.344403035766554
37.41689466312318
34.36210185812942
58.066570862643026
60.54545122361798
60.0388585851587
17.598442038510903
50.86108911353422
34.54300749864912
59.19104831455921
13.001684062989163
34.69525764470254
35.37692007581722
61.21086063141245
54.51457797576394
3.9214793435606055
51.049088998130756
50.91930620457617
43.993391182454374
48.729731674974914
48.104392660441434
36.72062037471105
15.008211174077246
42.15112820747194
57.713469690993335
9.451850136646684
5.814860973173431
59.094624384185
45.568252180421936
59.908687235190946
15.677292437235046
59.27688734655621
14.11624968517534
4.661277041333179
63.541221970572984
47.608092330822785
62.18808142446293
52.40956176848717
50.220294822443655
63.531951958755926
23.98102845709891
59.26359758278919
25.54341483501284
63.96995736241844
33.80749084358172
25.213926546098115
20.86474727523904
54.36427140549917
41.795405509890514
51.02013251040249
36.08468038294386
61.33823065402951
53.58069356954293
47.88106750391207
14.9664984991093
45.16705517581755
51.28232990874191
32.76205120090334
62.008695328717025
14.895946077020277
21.418795676069593
48.25779069086127
