18.674548405859532
16.2344262083107
38.07946204199452
38.0047874769662
51.49597790677137
17.58853761798543
57.161965183856914
29.252534936274813
60.666763996311346
55.79742763152666
56.559131669537074
43.5742761093349
32.23838491000214
52.756989499285666
15.083393099855414
27.875091490326582
22.73878281134786
2.1089943415328136
30.838765539018098
39.033803991432585
29.24876443887451
17.92571691223185
31.92441943349766
6.876588262061425
57.578801466806304
18.22437716143343
57.242226354152365
22.038909948612364
56.39044417472602
20.992719085614617
40.810965217534275
55.003199374016916
52.89694987410226
20.97179931835906
48.46808514962163
15.544441956659448
16.6544468714524
40.03065731703957
11.616053456151192
33.26489911907149
2.4168573470953163
40.751860986305246
43.09693567719629
45.19440488702676
18.443939124672
27.454724631020987
46.736717939719895
42.57473088851171
57.44951341296701
26.397563818252152
46.63155356733396
63.90871037433039
54.4410875485973
57.08832886821287
58.12010180575963
60.72353858082501
40.49557674078454
29.766007519280443
32.4184775625172
38.64346208598555
53.82459689684021
57.39638491050289
43.34819812796845
38.51862452888638
24.683565263523
48.895775768186496
25.194909989330696
61.137164065711076
34.90876027390705
31.18386066013337
58.258145506833365
27.045982962724914
49.93897867642417
27.119437486476137
62.22081672083148
58.01052034370182
63.26075107138138
25.416832287398826
44.774079282165
31.38276989854961
41.98451317650063
56.69200600547261
45.66002849626646
49.197629573513396
61.257815318069504
45.50542703845343
25.269840687905095
28.37495059538741
30.36595475269558
55.81036344410493
5.908092004288356
37.3978207061506
48.85078401565802
21.285103297866392
47.78602715139807
62.63604282951364
50.64046750305651
55.24288106502006
8.461552249778329
39.21595851123881
58.56509593097295
42.48922126860508
22.579189421214714
53.344734333091424
43.011738705491354
53.792413244112076
55.01396292610062
56.69985863698615
33.818939060189834
50.40565808084994
30.488480333593117
27.774386554992468
15.500368393539809
8.59762163267645
44.18648965207352
22.01075409384329
55.02811354445176
28.594091131334707
18.07726718362531
19.497254295712438
60.15583258875273
48.39100230835491
20.129108609984165
46.623380430350565
40.6053191028865
30.551407211128648
50.98911083625424
49.71563478446208
42.886908272198404
63.69503584770297
51.40418718218552
42.87699736333025
44.55065575034229
46.306758720752185
38.516872193824526
25.05109476615913
20.224875328242568
18.467486534914237
44.62201463551372
24.692060141823852
33.726851630049524
43.60309338123022
7.345502816940616
27.982893365607644
14.21812261068687
19.066782700259857
17.033817845433816
15.733135865979897
50.7072426988141
6.92205535544818
44.27057725732301
27.897151794684632
37.253878509031246
5.378174932754071
50.8674180452941
38.01936092754724
61.52674202461776
44.92180279655325
20.811373646065114
49.71685861707869
58.03494733833726
30.07015748579372
54.17893684104808
56.94636230141775
58.26211929509761
29.483739237403086
57.07034917842476
58.251908353835034
57.489418716076315
5.6716970716495325
8.613556748364815
43.43702265018929
37.97316009192932
61.57219235131831
44.23108974837422
61.885142575924014
61.0558729636359
33.87577520124161
0.5110326466951847
44.444002269775766
25.11131232972714
18.84955275731722
61.435771602230076
55.435814143738476
1.562593818309388
22.999084941941014
41.011687702324544
56.45416423062679
32.81042682682741
26.352776380901943
14.97136125459236
14.026738888817029
16.334926692930168
9.069618604070982
58.830689180713236
24.01013548697763
40.02321916685774
47.33419676673287
48.7861818449461
14.567051538802986
58.28826647560752
24.848010136858825
55.46595658882268
48.76773540601713
24.529438518404895
40.11922308834785
31.672646614520012
6.953911940218113
13.280431123779962
42.455004677636325
62.4106617609129
60.97311453629443
62.807785628650244
45.820782753657575
43.01848057054328
59.688492638374036
49.126366387441955
48.52829730245934
39.432574624932144
51.043115522377136
36.228996221693436
54.26387891153666
49.49991447317347
35.65135080528172
41.17940363445076
6.793232373653737
2.321294775323288
58.30371919516973
10.832200788353603
46.25770553272963
31.764147028667963
38.80970776512096
27.129868541216112
59.99064695717694
44.41735985685338
41.48810572154613
39.58597765371739
59.082227515749594
48.58754848526951
53.53855508513614
28.04797323196052
49.454231934378065
61.634144975507915
13.936232732848922
59.85894077144591
43.08126612128747
21.796929985058803
38.72025313590247
54.43655477304075
31.80103469872941
59.255501218457454
55.343225274402265
5.397722252551212
57.1337142288591
60.165296911965896
38.15556173483492
62.808963321603635
40.97778265907019
39.45771619470365
43.437000824662235
60.269114891791396
23.235276907134335
51.73288758881182
61.027583152918496
35.776554725836064
49.580320324082756
43.69471455630914
2.3295046287349095
43.50544182914123
27.854496196334175
28.458053699229573
61.803182771666215
48.714536776520774
25.93717779463443
57.4813424544206
56.3682144709592
3.0386163705233145
33.95648943128582
53.15473619602161
52.59947822755198
50.0858171680513
49.50032457791059
53.81479646074288
43.73293886852736
38.07297717062381
47.592996645686846
29.459656764478744
48.29831488067494
54.695869639939964
25.088223531125806
43.20506496025783
26.38075135081791
48.63779027107863
46.23019047256639
5.284191556305309
63.3645662299156
32.56833423061386
3.558612291958852
60.22048705824623
33.129325873730664
61.7980428665739
41.26044202552886
40.394975733413375
51.499311349747714
47.37444956619321
63.956451178425084
9.628113176327304
5.224273784656241
18.359878108907616
51.200788467779745
37.31394891114965
53.3994307846407
46.526277609117386
11.748684838512972
59.65093363360015
32.50618569189132
31.226733956356618
61.0188226180483
57.515675833678436
60.03215719885035
4.092091583282034
51.75891617816488
6.063857706571348
28.723093816339755
59.79626505166663
60.20624222701369
61.0490461893429
31.169769080936106
53.138714274817524
8.900832094251172
42.20091430955614
20.977585330671836
41.70893152277864
26.777357223821454
7.6288415462845975
17.715456133190088
47.64072202582265
33.82694625947383
59.332308877072634
43.60870871127079
11.181298759043564
10.634085640837746
48.771968747814135
0.8580408960956518
39.637646244367026
17.50249660812206
16.792916603630196
38.37942042620087
34.29681114189975
48.74608460020777
31.213013343067495
2.031623788212073
48.556818611732396
58.029064373397084
62.0299407331368
54.88223470241785
38.68881193298101
8.994304947735877
45.50324470299645
45.10416522599914
