35.18984093747508
49.163895371321416
63.65508027444219
51.95631321391787
63.40074851382153
53.140339960185734
13.00964770583441
12.349970088493436
37.36780528699323
22.620657538488317
38.52731031395697
33.26173111821313
53.43453284176961
5.229023256668889
29.91090384695663
31.62347654968108
2.872320330118157
31.854701828045876
35.87794222696647
57.10738429978649
56.97775817270059
50.67073074884572
40.97354679320488
6.560404865925726
24.50441614498245
58.68208053121114
43.36726282770891
57.608181206872004
11.247263699605462
15.1140299081964
16.49038743379529
35.4868758075401
6.910750621414515
53.672820241143256
38.744128157612515
40.08236437829409
27.630332245237774
38.47831622175403
55.538592981955915
40.33179953111086
19.52048128857985
23.0956127057622
46.951593826995705
53.05329460905977
19.856919611379297
20.820836520176634
53.89021265613624
31.66968423095281
46.539009733307104
56.128955885197186
21.6398094537523
23.10877503375842
4.847007197905299
26.579607765705653
40.536331978836714
27.53239242041002
60.145748265593106
13.014570306837207
25.50803451220903
47.42148731683898
47.14462067925909
2.0668481792921582
21.889442671928222
51.68711442904063
61.84289495785364
62.01790676967606
21.3074823172563
54.83437247129186
46.23617161252794
46.30469749524735
29.543155946298
19.173827742699977
43.78512612701944
40.452657639806304
32.53347968359948
26.838914701915947
59.69142395809203
20.693882319892786
44.07960080362966
54.53312083523848
17.45621276921313
24.80297185005918
63.913179859808395
59.16618489987269
48.789508517412145
59.47621430349649
37.609889098872856
59.38452242915929
32.375365742029686
59.480028827204116
40.01514974664692
0.25106244199584893
28.793160546952656
34.19981314978942
62.7948111367908
22.680916128420286
53.85937472631354
50.902608961857744
57.444464125945856
40.222097882721556
40.04850377709991
63.8516144495828
10.579431216994458
18.459993411468233
30.178427329831592
14.844710903595534
57.46177011758367
37.564536588442124
44.37827391621167
30.454710070972567
47.2226348195739
27.4067361681036
1.27117665976251
13.690147417186303
46.40172439649446
48.62940551326269
51.98622020558474
24.34267596148822
38.64413365116643
31.429662664667035
17.216980659462287
44.91515942438667
63.756955663030375
59.284433020890745
41.35342067895461
30.08118673739827
38.110036228406535
30.46774814022975
44.800586651586045
52.40386810672305
58.9728369098557
51.97089515171166
59.103367728768134
1.4389648073854389
59.76641073947169
11.369703782019059
56.4025194769491
17.86388051481373
9.043197303903113
35.191201782084285
44.20278114749925
13.715089668459633
56.80224394039111
57.178444408527
53.83583295339137
16.158926813622337
8.095122800800034
3.54185088358134
51.814301805061184
58.34813189233429
38.648827994383396
23.60938957922675
29.75231661126783
18.13283478966494
47.464294409806016
59.21274595105349
53.86399812878682
46.07683810999252
58.342018031553835
51.891881194579256
12.388030759608526
21.163824255593354
51.46993997831967
54.7648918580243
29.517086104483667
41.81171448564528
28.599185047676876
4.698751001975644
51.47085172631584
29.98463119559017
36.68038883166119
27.13179733914866
63.25880077545357
33.190616014174026
8.151623146912627
45.87380810630852
25.221482898833443
44.97434709965894
10.88737469287068
44.232548322087624
53.56674248237666
29.60520412507062
24.956658554298023
63.834806025012135
52.600372233843366
45.09282701666075
51.60896454616336
52.162003822759615
38.590163672947504
49.57420303869095
45.78281484922344
40.555224295826584
52.152872747543526
49.975829112242245
15.277698026433953
30.272578870261505
18.987508160466334
54.670279074413635
29.12860423551006
43.35341020746721
61.36050013734937
35.900465720993225
49.85379624057396
18.55489918649139
45.064019023396675
28.299779228520435
63.4147474656788
57.95366638555583
63.09501563104145
63.012992590753456
56.167316847646774
5.263376910448457
42.26756855490174
15.182345638018042
40.78785200260486
56.02487177284701
56.25191274155396
6.290331860048596
57.230630700351725
10.90959639771252
48.4088444209769
44.31229583088379
39.33235641112164
53.35953669829907
24.887219128837003
48.44982353344078
5.720608698102943
15.33900571385827
63.02463456611238
42.48820286699597
35.94322202445262
8.773815489572726
52.96772108951418
47.620629675724174
27.789903319853906
31.00478577423661
45.28222834950677
53.783785017986204
59.02775025390622
47.81985092061011
49.52764882657561
36.44337514756327
1.2548854860776828
36.50146092233128
37.57254422227311
62.97406968255426
44.64498983530483
38.2685624133997
43.55475602207744
34.449029066076776
48.29733512310085
48.490526242301534
58.89799809309861
14.14365325687551
46.16960825992665
57.512631911522845
27.20882334116893
19.7970782102458
40.79600255262603
58.023067612697076
26.564774619232324
60.97124998101266
33.27980871232142
21.09191213287813
61.454569448947574
46.36174677173769
37.27486321620435
61.303302194914416
41.84592425190626
26.162409859946692
47.346131989896904
19.987384051940005
16.36772257818744
43.00286846487424
61.263857940812414
44.74413847356776
37.65889163251363
49.874656086994946
47.58236411155745
30.17612546437907
32.53850735826377
9.59539025904531
53.98488997210694
56.741055669313255
23.846959911001775
63.00775311226213
52.746557992760955
47.68350679004728
33.49237468510212
34.85551466889224
19.674241688934238
54.60541456552943
50.881225006803795
45.71788433377991
6.354533182742237
52.762624741165595
49.61661436528155
60.33477810911033
5.697970721252673
41.9563480765632
41.83766210648659
63.4868853733637
13.067654625102008
52.81694283474619
33.28266398210788
39.52659914352107
51.48808889870717
62.82299866970914
4.406644079092871
7.987485307309157
16.965935462583438
48.67126953009709
59.11077026629863
41.46192231837436
45.78866226754838
48.90176716851416
48.35180250021202
53.327723404602374
59.158305306909185
39.99563179238488
16.078009443131847
45.413852032420806
41.098277288894906
56.417562394486716
48.04108117615342
2.37175014040983
45.336923576068166
48.58417086076247
58.375449745581435
56.96573050490768
34.6997818549753
56.053066261641
47.19975232204918
59.06975022003773
55.85233643721057
49.336588035144956
27.577191111859868
54.44413110259155
53.803434827299746
60.95985147201102
50.88509927475321
1.9031042008555659
49.79859617998865
52.783282465822296
29.982921554889607
48.560267633613975
52.9584866955312
62.21751310954887
45.212235229470664
52.61371151998911
59.360661098474715
63.83977524662638
57.53148528269658
18.353108396626986
34.36959200002898
4.222009269307499
36.962451968271886
50.885003252370964
56.10532498585958
48.88442532479482
