42.65026294549817
38.4392659468886
51.3439308213165
11.754099105455289
9.19162151219831
47.39041044950775
32.89726321304095
6.038690089795395
62.70736873142056
45.76447842683627
12.26814469132237
37.67705831545019
21.699947859491317
50.57744345036588
40.836810194096635
47.352505966946175
13.188111584263787
32.45973633850717
56.21056152744225
49.934441051415185
57.68128734084514
51.054700991280775
49.98044223083411
45.78444181007612
49.377902377338906
9.394130547725467
50.28330839834824
45.59667813747561
34.19485599722543
59.24682067934955
33.50607426379693
41.525433001275985
48.787085227446084
13.703103719327707
63.616691464446944
23.085653793747866
18.34817661491865
50.5395883966779
17.484559020472105
38.923603812293734
32.94689040399268
58.916905551289155
28.29442806257719
34.915773024095316
22.378860150337005
55.918396691702505
52.252257709775925
49.71802541532872
29.81040729868512
15.125420799186323
63.36276325365932
54.40237811243822
58.73421961754981
47.165765800465465
53.10584892293755
57.218673733611666
62.94365128207719
40.699814598261256
60.65257388599137
26.826301986975125
51.180790193605404
34.011546057844
16.868412281595525
54.797716483259634
33.2704803763166
47.698310061103356
53.99773329377092
53.17636924636146
20.933612814075893
59.073211285415105
19.34644757882417
23.66396933585851
48.35361716998288
56.12154530264116
20.79031574177322
28.88163915276852
57.963428563678086
21.68798305694044
57.82657886640935
51.85977855912978
40.09845955121527
61.602705268023996
57.96466935081242
29.611531580856287
44.75899235415338
61.84209330607718
32.002551522811856
19.105769310922668
29.305477424639427
53.783568200562044
61.90498371992918
49.222187599110434
13.661612981693018
9.50061450857374
35.46552387583975
37.344751161706796
49.12123249701895
61.647496653725845
45.09233846011011
20.813051076634288
59.246007198965906
26.35740820773149
11.120862391649318
48.82873689709011
54.7560442326006
6.477880258163935
58.307064360955344
62.50115767210602
47.412266977570795
53.844536358701156
40.3537612283231
52.585791753806774
15.200249733664087
27.312104416545566
43.56642076113622
27.877900086868664
35.52851401415104
57.64385154709385
47.48418286979694
21.88986691782719
59.93011849426965
34.86214117997094
46.02100618995761
48.28430063429053
24.27713090485571
61.631662046012266
37.93066021583265
52.699933141176416
57.01533139119726
63.40380055490175
36.56972190164116
43.19893068404425
22.555841243761897
62.9479620126065
61.170644079188946
36.88872349887755
54.776569608396926
32.50087915933082
20.61387867649426
48.91379227300754
32.85211729662052
32.45536165078302
58.83968834303148
37.55890804430561
11.460012013831069
24.958344353997205
48.30686384164731
61.72499588483912
16.680854502202735
14.637031384550568
53.517450123409375
55.513939614587294
11.653131406121176
18.162385104762535
49.07591669433564
16.824644355419863
5.765359807429313
53.85837200687303
37.8724046495779
33.3319524161797
28.808583151776233
62.62662532937125
12.660064183581106
60.168722317478924
55.10662337517193
41.21598787720881
32.56441952423158
17.582237143334098
23.02235925284372
42.47647310301591
58.455505835239606
14.521948352301969
49.31068894560084
56.58868730787883
58.718660968383176
14.324840669690495
42.75375457473832
40.55119124213573
35.010894959083615
43.1431310567569
61.50862816477215
51.55753965863619
13.317914637485906
51.17363283694537
40.66945001341366
61.377651972687175
60.63826133952678
50.73454002917319
50.86276134908769
54.562826061906975
53.97359915540004
59.12101955701897
52.158788983852205
19.30484712926245
26.823367274318855
34.398394355987755
19.611960003643063
14.418861134575728
29.178029290233695
39.56524618084029
33.49485888608709
45.91970731410578
31.043982046210886
51.58377459699656
47.67049634124712
50.637679853847345
38.989202483216985
49.26665837647974
45.64574819450992
11.911854392487712
19.071370926259398
2.8571041107688515
50.91242294517842
33.509975754349824
53.69521236370104
46.8340674459582
34.05586973433141
55.19470427978924
38.8363469719538
45.58386975806364
40.27075689394876
40.699155783315646
51.44523631633904
43.7047244818763
49.7199914037073
33.760061459538605
33.79211902951434
58.94944683816337
47.4692421246576
61.11350305164305
47.6319009378971
49.155592987237526
61.07314739992375
61.81141041691006
63.2778838882526
47.62945695852799
56.636415597087534
25.323654701547937
38.84099176326984
44.22659016199554
43.73341047798441
27.77634089823426
17.06657823731878
39.868661483617615
36.356544758403004
45.84405358080605
62.81502222041744
63.039513851683225
50.421170173523585
28.548708626519485
37.96654861354585
37.16178349572597
27.33588609874466
49.34484151514047
43.44254504193181
38.18904234043981
31.39154619631126
26.05331256534381
62.86119286648824
24.205914169903934
1.299430933563805
38.600998156272254
25.777454760962094
51.180822377956446
37.52801750074279
51.28611602284936
43.38546593037493
62.537000327405174
62.07651175252715
39.476320876393984
52.17764568889067
61.09909113267098
59.85348903465428
61.406276495220865
32.81647026128838
18.679351103949358
2.899020323714005
41.72683923152506
42.310485449844165
58.94782135083238
3.97163569231995
6.62260416448261
14.161439009378995
60.862557186642135
27.94020309041222
43.703612364292894
41.490404107188574
21.590644621990336
35.377694229580555
61.54735568830821
25.990210094684684
60.896485123436
47.556368876389314
2.074240641697351
43.523168671790344
50.69702609441657
30.23745700959443
62.57299495221103
38.55872637183032
34.575919239859786
9.793871811790773
59.078495663654586
35.726501626828636
56.76481244641822
42.99561890419402
62.136631204577064
55.0051349380603
63.72433381729588
17.583137042566392
7.9677374159218886
41.335182153601046
27.874531760949985
55.36775307869517
29.37768878510643
46.54719702964586
61.83332502186608
2.2934084507514356
12.697822720583567
55.299149959308515
53.93520251278541
53.81425769181495
36.72451988565139
36.74094423085816
22.155008691099248
28.659510474808393
38.611899091515326
43.36219878915915
40.99316129423998
50.859200845651365
30.031814078381146
18.672279757510736
54.53529322188887
48.88196684913433
48.532185010633974
63.13911290377497
34.79907082693454
33.47798613142488
35.83075690013585
44.88268270632062
42.097743726005476
22.850021079759514
45.02186294251749
52.59640135640355
41.23793618064521
53.1153371964482
27.79464640807214
7.212118491138753
53.10099122092372
13.339124645267354
50.80611653040782
58.33364934973601
60.87750201757059
31.155225657168174
19.075134690107028
43.95682285298462
46.83695955552121
45.95243229150024
43.18533153580887
11.627170440433837
53.35474889023985
