57.59090885100351
55.60212176950552
36.53737505284505
50.389205338233864
26.170566725201333
25.495553377000824
41.30452297909872
53.42033645003322
36.5189765714366
41.10953773778334
51.72604324689704
35.79832875658019
63.6179420331985
25.35976329737685
24.46108666849573
29.25153286858913
59.920794621032115
42.643848632007405
26.279199751008008
58.50735494961994
39.13954126069906
60.480829928987546
45.12292598354573
14.551838693084626
52.559556308212
8.15781810674973
62.3007084078246
11.40915170639176
21.989735975892863
22.574020206297362
48.912038522033775
43.678384985794025
63.045048075468785
57.385725668035825
14.583728376378147
48.37440148313576
8.598273512062669
22.43062994959007
8.451256245678067
31.715092920706383
59.46806667307972
12.626943065828478
7.543252458348569
63.701847616211694
26.80003349966006
44.96339083996818
50.73317059573272
0.6931365678176604
62.30175326396712
45.02267423176886
55.32395601763649
47.81452989966739
44.50205423790509
56.50309779675327
31.3089332206683
62.17755097395208
56.44961184778779
43.82700214841674
34.65353643559945
47.58285985540199
58.4165347650928
47.72165565202009
15.163657997477799
50.156546793820475
49.282232811153804
21.449351985764338
44.56163275546669
44.22682267366844
47.507039556699496
40.84354958595765
6.445438203565111
20.449953502104748
48.29782890001539
44.6348695271636
14.329820747308652
7.952301531814896
49.75967040620171
54.07089191913204
45.14353730058916
35.0357384496651
63.00014816595428
16.9659741449508
32.92513215116472
24.33522564786805
62.386505273884325
15.525723759709742
44.666208165811945
28.78683893320435
59.425453986056155
14.506560152138917
30.536863411836038
34.310708998028815
48.86981321254641
56.31510632939858
21.60214578906001
41.545879731412825
45.89788338284785
19.369018069928714
20.161082852771905
32.684544983652955
15.04812496661301
53.60496113054086
35.489044675632755
61.56911368186214
20.667707726181384
47.72926363402222
5.664793059701786
54.689886314292636
33.24213763754935
26.721725511414505
35.567889861489434
21.78796591511069
63.2869808120663
47.706669168148736
56.490067706518765
48.3123122422103
54.167763243708634
29.134277493975027
21.988974919426028
59.35592166063262
28.826594799202525
51.586964041421716
29.470568142078427
51.373542269658174
37.62100638507638
56.4664195936286
55.360768450234914
38.53594631803918
11.892638317488448
42.28606917601735
57.477043433993664
50.30427730991561
29.860289105576925
53.74645160743716
48.03542962748363
34.6024115147989
32.038305647820025
59.09239678538724
7.085620918494179
56.74144337260005
8.097847627547281
21.357506486432108
61.458351522033695
55.829548227491486
20.072532628363717
41.79096587468132
39.498765474259606
52.83785128324993
53.16187464794202
62.96983511658411
46.46155572835908
62.79561570142291
55.06025215609437
40.85143316570245
30.80629448311916
27.635617507800923
58.33977302043395
63.108553373714294
38.82922067761194
58.25630336080352
30.7722800122799
7.973125170536029
6.090543351719241
42.313500014597764
32.01060331176056
39.543599928437715
34.21101765435252
35.2307844340074
12.750793291549535
9.82516937025818
51.86519852362564
16.115939947067382
53.182655826133825
49.10765678710281
33.11572680534842
40.43639564265064
39.3751648753686
32.654860303951494
39.457912924086486
40.32252679310217
59.37550979361097
58.527957252923365
3.7481193206022922
37.05958701774338
49.82644126561842
23.04894456692709
39.387510166392
13.214194373769182
19.01010596603512
26.244092179264428
49.51421104652751
59.4402885834709
56.93945646234325
43.417327352782976
40.762989080224855
43.62318785976229
49.402115686684816
47.951546107714265
61.11330611424511
30.47952988202288
35.28363861002776
50.545830544055754
19.273534046601682
28.79945874211758
57.32256607532568
46.50788686990393
32.04083044133391
0.3328159766959047
38.566209618789024
54.77021423443381
56.155546956203494
29.847010554758015
13.508629734838628
33.50605507122167
35.772296270643245
51.555605928265436
62.415058057008316
56.04889156470748
34.78507146007746
51.481802208928805
60.299415406097275
22.459613848634582
37.990079017974764
20.55613293555374
35.445457790173734
49.4122219862819
50.30560324253364
48.70629599455911
30.954818610825356
26.604875420345586
61.13235316567328
51.70041587567169
13.817829482241379
43.401066176639986
52.6593268367372
40.543150283459084
57.443676954817136
5.290986528031262
34.36646410524013
46.325982805176444
40.001593571484676
54.45243752758521
15.024223363528208
46.37593181674606
34.18242374437151
8.578118829201259
46.115341545744826
22.54763967112853
56.49487268022682
39.92107415566802
49.213811388398554
22.409342753119205
19.659348401597626
23.586212305786766
27.983879679538767
18.82546051464601
51.237483954844585
49.69986208446771
54.196691963974864
17.636746207832267
53.520476569381714
15.796893802943416
50.29025551766484
36.4025934540126
35.82382326441082
51.136911498798945
30.360502889174953
55.74925964392687
35.87259228557206
41.548928848688774
13.704911870369706
50.13606064692119
59.81472858597568
30.17372814630577
50.71016876481863
37.04450371203097
47.44970257575926
31.02364892124185
21.655314348282104
58.89252924554974
13.338193300225996
24.131584287953437
32.000137142358966
49.20851988717389
6.005423041295344
48.90938522829558
23.275830017629083
57.893864324841694
32.24897755564236
27.01656898945923
61.28076634609102
11.219804508322966
44.16669998868808
24.610823595031214
52.9667189344336
22.646572062853302
40.8433898075794
38.124532203020365
59.65277740063595
32.08125540468093
30.806648273787296
45.60119831041811
14.950448219388662
25.485716786703982
43.16356731824694
43.9927638222934
45.841393044961194
52.65475133714414
10.428014798223586
52.411633405474916
62.295456469746114
45.11087605751173
17.120115562112588
23.650175461718476
19.044598739560122
57.55676633976497
21.319144501944074
35.02879974443522
54.621626403185914
26.436092743437165
48.20971595039295
62.54267527624593
39.08292718593871
61.87698443132001
30.020893000679507
51.00599726283835
45.6694804313737
45.453358443350524
36.23551759144431
34.04585703139135
44.891209302552745
19.71856376563106
53.28438004290846
57.86036223171818
41.204801369379
45.88127407222292
35.060008522556444
16.21567106659272
2.0133577941698704
36.177343192934366
41.16106757759664
25.651658291140485
9.774051377916166
51.12923260050596
61.652553812434824
49.911716081515955
28.907458173785813
23.926610223553006
54.757681852087835
6.814485276935841
11.324942815116039
45.745616642887796
46.66830992393035
32.459102232556205
25.85575733934906
42.1539672565078
55.95077151180213
59.49846157098759
61.24956771032603
12.718840127396291
