399.39944910719345
383.93025540551173
248.28419505643237
161.14018695354264
269.7112080789041
313.0794701133893
364.5857696588901
220.82615354173112
140.45198343972493
373.04487871967126
464.33038977358933
349.45328244885434
369.4000411537506
473.8282006250151
493.12456807384353
346.393143927049
414.56603021894546
209.2414207055537
271.894344840125
256.618420430534
350.11334433453635
110.22946791897573
403.99359966634927
1.8463644783755058
499.0651586217127
372.5276738185664
487.2189859432829
297.2658851798087
156.45731313236564
478.45858505550194
66.9772936612357
411.711240249771
100.14065097281593
400.52329234377726
472.56360995946943
380.07763333461287
419.73460120707665
350.7231257743307
28.36827014923773
297.52220532894
330.4172544520467
410.5278812089342
301.2331538923513
405.59810280744347
111.80840430103524
474.3950825794915
228.0373481588989
113.33660939214434
329.78109802179495
365.7558248435887
247.9852216083937
284.6138153308682
416.0034805234108
137.63123274741469
311.91564824609907
362.49602408724445
176.37544249963366
219.53022079431668
321.76703712889423
126.44092405307589
292.4038778733416
204.31069157863323
241.61315987401656
329.68465687826347
394.1500683292386
360.31440483312014
117.77843485670888
470.8747806522424
431.80254269873774
384.5984089295505
92.19517477716204
418.7524198132202
419.57323896217804
108.7734817687703
204.6960121228389
136.5117563960418
384.26540576991545
178.39522416035965
104.39112964109438
308.10705834592176
395.6002676320368
118.0744386577079
268.000185521571
295.81018784636467
424.391751913396
364.6574709636444
173.62795261315347
488.01062903478487
478.17770758852726
353.730232829603
436.1410238353242
265.3609822416927
51.37062617055335
0.9601244328137
387.7177953070928
401.02436339917784
456.35060082454424
13.216828643899703
49.04020935976695
233.12386803847028
173.70790859977876
339.421028191312
395.70505971425285
472.9689772337854
497.3982484063789
97.23605797319021
353.11581578319965
479.58397453834857
491.04280516152505
236.63528813639783
392.77703300324004
497.045358280035
346.5307905863493
164.13973412268922
275.177232083782
406.5790555111507
278.37626518600194
453.0539568464188
245.75386727898086
392.5514152087152
101.20004501501597
268.45260967716536
459.99754031287574
272.8307100846663
363.8221627783251
420.96141203700927
108.37076711559564
165.30014707612713
40.176629488857884
113.48709765656577
98.6448302716646
205.50897799284905
215.77680570644986
268.3983636218089
439.7021008524561
432.3155272454633
491.88029068464107
139.47844163270054
387.46787817599693
231.8163699519808
111.87227867636494
358.169893411841
293.4451025591429
378.6820548293285
426.93609761047855
102.2354625153834
76.7113616038975
101.28761959186102
361.20944081663936
415.4196338383341
275.1252791770461
448.48102482190615
256.7933903081706
138.7468752108074
417.1611671893711
253.75124203394913
451.8663454642979
201.3631405573483
259.385680611178
429.7137879131075
212.435989692315
312.0651206695162
398.13954810373326
493.924769963959
480.0603631110629
265.67001761766915
148.9278679704451
372.9280255761935
192.92143048956382
319.76290161381183
313.5747920124801
353.3483092419318
187.5070831375918
144.5108643223162
440.65058103450264
452.8371702998175
403.45956491120506
383.1290830453642
390.8608464804501
399.79813026318936
383.36182558005805
444.7682235306754
306.3262675485566
436.82972486349155
369.45323844376014
30.268796583666244
280.27419637071233
311.90506897703995
230.2118799555663
412.32278629461354
449.58674532078095
458.16316947120686
242.8202071124743
392.3848408800543
60.91693641292278
409.81568749801073
210.94757275601643
359.9917070973406
194.6636147051653
329.1086648875355
240.4713271520328
410.78752684190135
271.52448658381377
211.00913363891658
84.09301302819023
445.5882832112766
488.6842962846997
266.501921256469
428.88000535353177
252.028600896467
448.88046639654266
364.00706483800354
315.8231684657792
404.5063489103773
399.12970371979986
250.67675417921012
421.99797627801837
22.409119707823265
491.26410083132174
272.8452704431462
327.0528953663546
32.701088321444104
425.9241649710169
375.4279678876438
249.98349588989956
357.5098540681013
427.4432752443058
352.47820768190286
253.96320025114534
45.609553937508394
314.009983929535
205.52755929084577
442.41884245326116
369.92581098022197
228.98033852177008
454.85852707806714
199.69023750991704
388.48568578997947
107.4633750198011
186.7822873884279
213.03211656828478
110.49123551097807
273.36040975154293
260.9134005066228
410.00480052087977
232.74377913577496
182.70377202832918
252.80800591708484
471.1898201614251
438.1794807692953
237.4843505846224
397.5524422201063
390.84920971198835
376.32443938663346
108.61983434507118
416.84541465340516
353.37950892974106
148.56632421227857
451.9364022259301
377.16112762576927
256.0982390069496
463.0871887989769
461.45663139885545
479.55712443806107
130.68483482281187
481.51595211452104
143.3186076272287
397.60164567678925
388.24720561518734
393.0082154295478
497.92427323557166
148.08950232913264
277.38868147806056
405.6669627815885
429.6757524737718
183.42049331591568
410.43073905804977
98.4945936154744
395.9573275843937
424.66917298192686
329.3693139854807
482.98852574755387
93.3353496095371
168.65699307461944
380.80540173040094
392.1141355209201
395.3058814664704
470.1925126944641
167.66262199601454
203.64136425212592
410.8689508579659
428.1840643863493
498.0675515553208
255.5171203720845
450.3766570567821
473.0407805611498
269.26141504766383
289.2810344870999
130.88550731930917
109.09439176235918
312.2504507745222
131.5904921593147
424.5403635974706
176.59979316338467
181.88315713160443
84.10648687228894
297.26682859449454
439.8293818285695
246.01646612585535
268.2201402492138
468.73153733890103
424.061611224132
331.37945770209757
337.7049162646845
37.808890971669655
105.37142263932702
473.1451940736717
495.0784052780167
184.92333876682943
445.7809705724343
137.32163176659827
259.6483661829317
394.971256961769
220.2137523462514
274.4977308051954
44.375754704776796
286.55184986267636
401.38869059092644
431.99264841743314
451.4444666155063
414.6992575398267
362.44548723831804
132.3936846843277
430.4585630529677
225.36694455528084
494.1486747832949
442.4024108848561
468.32862344614546
296.01093584466054
484.57501864496686
373.3570905748918
223.43387688100267
305.91163264914854
107.472536963891
452.45849180092296
351.193025647225
118.32875621047066
437.1010274443886
460.92095071971835
427.13567968625694
363.5626407802806
360.2947412359958
242.4684852168366
414.34088566557807
438.8549054257494
325.1755345054503
265.11057633912833
486.67609627794513
17.307666469861545
409.87063137864783
