104.73088542977575
314.92149989373405
235.72428091443504
490.36478283537593
336.45814320717693
177.50689512721868
223.28705557385229
284.7839077449179
498.05157124982577
207.9363303416917
241.985564196177
360.4462888447902
348.9856122745904
238.42225199872183
383.4511577060641
463.9342436693045
242.54042882507662
351.86449845936727
478.28526936501214
419.4749115849288
234.3102377685883
3.040539859159253
477.59841552208457
15.085216105310622
384.57213767811845
273.3416002052336
450.9103937094139
324.01268304623113
138.35761589572041
472.6309806423978
475.6127136113912
187.4329802671599
404.8245755271127
308.9968434773868
454.7735486982077
237.54058172755458
137.0814769669255
370.34155562847127
142.69390264911652
390.53985703261424
248.99345120097067
222.60816589319973
74.28113606831357
390.6646515415939
460.38666083983685
493.8545412833565
93.99261214813424
384.82934473522715
144.04734139711468
226.34460204657444
457.84912027671
151.64736231401247
92.39236872390808
31.73351483526625
252.58993484738778
354.2187461104128
480.7316311103132
118.6308020242488
475.50095429343105
240.4941240136243
395.7488096515435
332.4849144642304
330.6466726895234
255.0128968715127
145.41754974573007
304.63256306595787
237.45713515166307
285.4505298010723
475.9705643021633
352.6621449684919
262.97192513514386
161.3146277843353
130.40260346561297
370.5796645979496
119.34475296743005
453.7470506428967
225.58542487575158
201.34370340541903
239.03096309116358
478.3045769721538
497.5880948424803
434.91382221805554
314.2869701796177
232.94657392452416
196.6063637202547
69.00292712664725
484.13434956579755
161.51643622434892
160.6393068258784
480.3823696792977
323.8770876600335
397.3462959915084
270.3747898412962
433.93174274482527
491.1287457369998
476.69187331827595
401.592799510089
429.1299433311537
358.7164332050958
235.4780764167167
349.0251759376931
99.38852162742972
499.18854452289895
242.6620780349677
306.80807011416323
269.9902488370037
324.343493115274
313.3010410426048
479.63691696887327
422.39673497189534
220.12863620496245
216.46231255052533
221.04982588253927
339.22052548872955
437.84607439995466
334.28475864248287
484.5529800989501
85.78667593534948
87.1783212843659
323.1418321465701
156.73500885944674
320.71641190834094
294.65178811283283
275.2277949432285
105.57530074729772
270.5474956942269
255.31932797564173
465.136390335044
491.85099564583186
73.11909441001728
490.68279040141704
322.00029031650706
219.52794759490882
310.4917720750879
367.9784518755005
123.37210825088044
436.61803085311425
320.31476354255364
422.2254798720131
380.8762697680824
36.466795536696
253.52285931410597
402.4033430523906
330.86317258770896
414.8444688581772
171.59005533520394
190.07552738185814
291.54449609469003
135.47351326378475
199.18991417642246
391.0256336124778
400.35854067480625
345.6954434978338
452.50265059354865
294.9971044555515
459.85053481893107
311.66556628064797
298.9754192654935
477.2093449650205
166.70442868852973
333.4909596179547
336.84070002174747
369.18765508298424
247.35005470714012
403.7001727901502
346.73283240948587
463.7869779928288
87.6753096413326
173.05950261444735
456.3550775636584
417.4374244643585
130.6951402062425
358.75939729673087
484.546157538915
485.59160928867016
320.007796437274
289.5156743724036
152.0917269142618
424.4178050093462
440.6349114797255
418.9900081553517
183.68095387344562
381.45261381878055
176.99500722126248
273.2364169619666
203.80896509522796
346.8946749554824
372.3229118275665
305.3982849988673
416.12030982942304
467.92685676861714
210.0239008587116
472.478881963712
373.1593873212487
354.39765333335566
252.6603476092987
324.01572371648365
72.77828295791198
372.9104600378675
334.48311709786867
182.5008030566085
367.59524874985675
411.7565836925886
408.0037940141542
450.37977720254696
357.95063408134405
168.60002359617704
386.8740394177129
177.39260392812452
463.16912701101546
246.28970134539583
288.5576993749437
454.3394147310652
300.9730602839875
126.72547024398534
261.516872483427
462.54507460822526
207.10409645157557
463.5450403520541
357.62127515207595
355.35987285975636
444.7160395565744
293.73153463999915
232.33877358134032
435.06600206376663
287.42097837485505
319.64969081251286
121.28334699921993
456.1497417159362
304.2799766737369
412.27216948151175
288.2317465519559
91.45099975808557
314.8846980683131
250.34583789844268
408.4929028634073
339.3666813177067
356.9072975634817
418.9547418313699
373.2789319037141
393.90311699568286
306.3469718306803
349.6872567005183
479.10474374005867
80.93650504146609
50.33442649414752
186.750088870456
109.255726286048
52.57779192044262
97.70174203069803
75.06028299561751
420.21181615474126
192.70992265867386
279.30324998295595
300.2724786628645
176.54891639786274
443.2985768083174
488.2327339617995
282.8420402944488
291.8427058767695
170.3679929249438
443.9756643987217
219.49221169701906
396.10600259405817
55.68300352982595
344.5429206201699
352.3287051747236
152.1145756955309
240.40491487768702
312.7461843007271
496.67004297230835
292.33386804293696
493.06152026082617
453.3724582160131
63.98003759720524
152.29142338028595
379.16912005563137
479.6467922788497
436.8420221582724
311.3842327362961
412.6274173614708
464.94907398502045
445.96847395999
487.89517412431974
55.42164717797988
430.80393051682006
107.23418953097934
474.20296744470335
324.6592393472716
399.5261305748384
450.9655997047775
324.3072134087638
478.16001378722524
217.6432279889179
410.5905711867773
473.80918235611114
152.234288697056
323.8528821871253
353.6477264504766
129.10694471166823
87.07646355713041
241.39479763008347
488.35468177456363
230.39709677480346
96.74078850983824
289.2742739936155
370.3119356142165
424.3515103717159
354.64645341115136
455.10898953497383
189.7589839368162
466.03435655152816
301.18391592022067
479.58910720872115
459.43988214634066
476.29725253311807
286.2830897132879
236.5390107504653
284.052807259871
487.9855351234774
329.7764716348767
460.9220853748703
315.2356412589618
200.00466282718844
307.88340579767544
334.61100573079693
458.24318384383076
410.4687027677635
489.38300364628964
427.17202719354725
162.19678946662293
353.35657596756676
486.99275511557886
278.9992619548578
363.29314405518403
179.39129380588065
478.62456229678156
276.84078961299167
471.07523522951806
192.09412908796247
333.33245125028776
450.1358737344324
379.2205729549511
386.832108958183
422.5224478980879
170.2492463791868
158.4622961603929
241.58023721230683
346.7258366127565
402.48690916028374
481.8084368491195
112.26747066036648
49.7557081012593
234.34804870892708
471.9356218659449
252.88705857553202
260.20424657720673
148.30533261641415
254.26797446724743
461.0755549500535
