217.22364712469692
82.09327237987821
183.96559488022075
363.39738628023474
307.6437849896197
59.86566118993892
244.29871234357506
321.93126591257914
418.44841801851294
362.1589140659881
204.39029758671398
258.4571468022774
315.6037149195837
138.23997771518765
366.67289977623824
223.30839082353157
219.72382137089562
300.2476397809468
426.11689490183517
440.22351200602304
499.7768414670046
359.61622723331465
451.9704040693104
324.7330778275611
382.05656932935216
200.96091312832357
80.86018336454669
263.3667500174904
205.06760228498746
425.58860993713034
465.3087832772758
447.1747991332305
234.89461188483426
313.31182059049297
400.4914595022627
316.4254165390372
312.7471451918673
173.6475652685496
291.4550520902525
476.71576322905923
22.72570919176883
27.164512221130337
121.32381563046278
441.4280534565368
477.73235682893807
324.9585487289429
495.56483097138727
178.24412350132133
476.50021534569873
390.41817212557226
489.4796220638407
170.21609612689662
495.26859103799063
113.77053745092684
496.24615841216394
261.67186934103563
395.4367272213036
84.61472309407253
387.7304604437188
471.49592219302986
428.9020136156476
294.90367206494534
135.33070544852143
419.856313741575
12.853282357632793
478.33167362327526
449.2782696864923
212.29525795349213
342.03676566307934
386.42091556856235
277.804262851692
290.4217984140174
441.6111219848616
295.63546032193005
253.4847798375718
34.7244152534837
468.76878325551615
372.9091251920846
453.47315105044754
465.9264167434613
195.926573353754
168.74914655702327
290.003898563632
276.34212444333843
82.55813617602485
355.33989369597964
327.23677071265877
482.615922404114
332.5887391552702
297.9901120979118
459.104825180282
385.4669250726108
431.5233102614786
311.4833634753193
356.47175918707507
21.931067933792633
451.6842302630117
491.9631041182742
479.62334855875434
214.5988575338535
335.74724653187974
121.21612248335668
173.32902454069836
223.4469712395828
57.362627752975584
125.2369294012492
463.6583783147025
328.57347836240734
110.89766995251892
202.84322407002054
169.0690147630649
393.6712673112478
291.0068950072288
289.9862296033807
330.0019662653942
406.9406937074449
179.16992040828075
2.8829377301575505
296.8428454821884
353.8154402511342
499.9986671258453
409.2311893556466
262.05700878197524
329.59770194966586
424.09954623080597
56.05485523746097
39.33353359147526
296.8660367195334
414.21972960914036
464.18709224250074
402.4911627933596
321.4441652999395
288.1552040781793
471.9806246020064
450.1549904489348
4.360187667586445
325.398823627725
473.04665161406456
498.3666665057497
127.25760402811244
370.40677322258205
427.9517929515571
407.8115311874454
246.05570494158746
327.34880373019956
473.9469868564156
352.12216040606904
294.9276369776569
478.5075915150352
416.5301321384291
233.09730678661242
450.5843675160661
328.87376633737193
80.48084231313624
461.42926304224244
121.67630796425789
473.08714763719274
299.68828470922926
354.070482223738
369.1667293307704
319.2160338752851
472.3050409507399
280.97412120024967
131.45549063946447
262.9766113418126
419.74866074420294
233.19013070757927
447.2412767782397
439.5980769881711
202.96778011828513
481.76520961795933
194.28192873143672
450.0793246248862
301.8579778203088
121.60967967224349
58.80484297750451
316.256225991008
162.7609902950698
411.9985298198825
499.9106269092817
423.1703971699264
103.23564280731614
287.75710322452903
467.44545152444516
175.29803710313354
411.1675663458557
288.0382449839544
454.12886106123733
454.3887155721711
474.15901241534993
29.139524897409842
471.16464344795196
313.52495964958655
471.08947495476855
439.06510607829443
55.45947556463892
199.6448029988851
417.765740873469
450.5288656916516
123.36788493186452
277.75807312628785
461.984429379645
170.73236701682316
272.8064363058678
194.57062540927
198.4780975197924
267.0852376761535
367.4066617068229
494.7271924423513
237.8627994896886
492.15315922431967
477.6528165164435
353.92759346388516
254.02749007913357
155.6321819909286
367.27856764372916
307.9493258644882
312.9978426637854
415.7191104742959
212.7782741278188
481.20958819379854
229.47039605217554
257.4248633275912
471.9050730991598
473.07925406136184
389.8740623843427
478.6729026375035
323.47069438779477
364.4222492417522
408.57322273968646
151.96433470012244
369.1018692618429
338.61705765725753
243.16021441949613
139.536432653884
272.01887005123194
208.27396920851885
341.8565707760812
292.0763307647544
301.03694895415913
449.1031023443159
2.6976279882122753
164.8790965171836
353.91563100889186
358.1375586813623
401.22243508988686
268.47508905465946
273.56429550045584
217.49859001632137
462.20689437612316
163.87141361888018
140.4807645813135
432.92199174052223
449.25200098599873
145.78378078500998
296.8481546537879
389.73689175108524
268.63099617665534
494.9416002825208
353.010764002137
131.9403044219464
283.7100296390273
376.6179573021317
414.3042715576338
382.91607407548156
335.19650879358664
185.0828767981813
312.88624279320305
418.61773335126867
394.1282458045315
264.8428641199855
462.40900485420127
392.82034638499636
294.95530805747154
124.38848222922707
331.55058584216874
168.85726564028073
253.8033322288133
445.04129776087353
342.7916852794501
11.068046871467743
202.32540197556216
488.11772460536196
216.59885640883982
394.7006145955512
476.00049417551537
366.53663507964313
415.69763183175183
339.6922254586333
448.6714645044515
150.83918145042924
68.88724591660855
449.8906326962059
227.04404949571892
275.093716035558
137.6340387635828
279.81887461097915
481.6914259899466
422.45192348614404
468.3043282685451
499.26330029873435
462.2138230450933
438.47554615043913
377.3910068829532
407.0832161071621
428.42587155978543
331.30666237522064
235.67646866518447
443.9509634321641
268.43182287076945
374.28954404855807
498.06492278170725
454.46959389012835
305.8409121236367
466.96172780613983
412.7338888896244
268.2907594771671
435.9620701101535
434.8856974726798
331.83883072135853
404.10122974113096
465.8066319466766
261.8765754937797
492.5258037231672
405.76273037083405
174.37585105704068
387.7161216921025
174.8696415578935
318.81785621342476
457.0725898661848
448.89413735557594
409.7715219305759
463.77360178730726
336.7311197433454
296.178094142793
358.0601381850539
370.549505144077
414.2117978743294
448.89897445963595
381.54968665803267
95.35986093790791
132.00332486187153
241.87632451066992
227.77461702125726
419.8620981544848
346.44177971073657
455.53308894859606
473.6454332080475
235.29659678773697
379.36961858321524
338.59636593135167
192.38712358692436
130.63005871817148
417.9793375402869
488.7730645028035
287.2483263992376
456.00718064520925
245.35021578784324
443.5757263844195
440.1573287004055
