385.00999647255793
267.289279840352
363.0108184079254
144.8852060857668
103.25589881663245
485.7395333243944
298.7114669864115
344.2372784313369
484.4102153326245
426.2065284044808
251.47894523122372
472.8982467722449
196.25984427801387
297.8682155541379
206.2685249885477
99.48236424109314
385.4011945105318
52.02199185815738
486.908339617564
345.4833219279095
479.27739690347664
480.35152897314555
265.19955764303336
455.81311168053645
123.93322047290684
474.29035416639164
319.06542976230924
473.80833510521376
484.7699505295974
292.7088897405546
254.20614069843626
235.5120891100001
384.6338951527942
217.25860916531735
326.2846792596498
115.29447527209533
118.10158375815291
333.69370273937204
158.37432564291987
219.8661953600141
472.6612431519056
314.5483811131224
276.6451065705305
462.50762180895083
185.8867942840655
378.5782811079224
481.57611784849144
491.67971406155783
350.60732289874636
383.6460647634251
149.30353496602248
280.271099351124
217.76296354025595
495.89252648258446
434.4985939115058
415.5668787565012
249.07134085170907
281.67255629200906
86.53852683467801
389.35194810332695
153.70817783137107
267.01883039893613
293.4190777706759
74.14143042792381
205.86373428376538
161.4073014721406
113.0512531717082
449.37098535692644
219.0034690512341
478.2129933328134
456.5439992312106
409.1394666703588
396.2886019469591
155.51915444336743
481.47711864257843
394.4977530860455
72.81775771064343
466.6862530317757
274.7110716101756
254.61764851216697
354.69923796731996
99.91619789081346
378.0886225395111
115.06999236140706
492.9498003552215
358.7291406451809
409.38083633268576
372.36896012921227
466.83053405094626
497.1001781301865
322.2217180114858
261.89890831043886
312.95280620474966
460.60294238795734
112.14612257376149
54.11477595655623
375.9921446906054
430.5131505338896
460.9646937497542
210.68302746126028
308.42645976271655
159.5217216841446
244.64689992015613
127.45555094338545
292.90608974835015
386.6083893250428
399.70924778295335
99.22800183398931
410.11328638299074
316.7178970451584
158.65794617332278
0.02257805032070337
92.58521481938647
488.19576003831037
347.148329392323
447.8929093990785
256.10355291155884
261.39911101589985
409.2833823266536
403.858235071133
347.3941745233141
42.95290042184314
89.35476950884043
251.21309403658998
230.48867408846132
442.35938831261404
428.8318253580245
487.5853356156409
142.14188635526415
263.55370797834576
300.3551805560678
315.4448332672074
367.70877748151537
475.673521600088
432.5917132976953
347.1830708013405
385.6250526178192
334.80833469096956
490.0373470665964
479.0949572838788
74.34486988646023
186.52384907338478
334.9197362670375
240.45396049128777
377.09323491754134
373.79915729447805
222.77190732543085
327.65025495310385
411.7492349030483
250.77082774586427
489.21701219766163
344.27816319626777
367.5266812499983
492.3542110756617
322.34376481724144
306.49870903302485
467.5542105096816
429.11705756169994
178.06680056855623
300.69853409570044
375.8497693509095
262.09698821741017
277.2151488598247
390.3327325693698
453.5806467839682
337.7747722089189
431.1962114375795
475.1296760429965
360.39317463199296
364.96626157024036
408.06134441621055
431.8147809939154
262.75701154895245
419.05866431521815
451.28327394900555
379.86601893204903
350.3342002686617
399.60917225991403
246.4294664042925
390.8004492465568
342.51723137081547
323.2314513482653
358.07897891496276
293.0326760267816
435.32484140621455
494.5750501892119
238.20602842399836
370.9861369816905
227.02032847960197
233.32767955373583
382.1192954283335
497.8549422035898
395.948570417939
498.45078762102855
312.6550961122296
384.914879256668
462.0894316684678
483.6302691815079
470.8723756151731
444.05225341708467
155.86333350979066
406.312160814365
486.99047900915593
367.2173172062363
305.4458130826748
98.36215523703396
316.60250605306055
332.6868512952738
349.9199670753632
417.90638707051767
286.16400264937874
478.92354328710627
189.21040033642367
398.79926916843704
481.3921358721834
4.205089210690915
117.61008100682147
404.1405231768394
436.0821546236667
121.645969570001
402.97870102599063
35.321619210487654
431.07662696677784
443.34675843729127
404.56696292718897
362.9330045325787
13.845863559237955
316.8938648648036
391.3012431308525
5.671950563120788
421.28740294234626
276.8723660083134
380.90622514746445
348.8097583229402
169.46202171237138
474.61741419002374
375.07329673707306
362.10989201267967
341.3548343406365
150.8653479884332
450.74092233026397
242.2031740901047
402.8016067253467
223.6987298870797
278.70515465297353
137.90829916609624
420.5334269072729
484.57795435575093
432.9085880078167
346.0878570954041
120.26996145337108
491.82558099382504
360.00728035899726
425.88702748611655
345.83917239277855
334.7590993376529
321.5274045657955
207.7518672286588
498.8932746371576
268.9263897673732
203.02710997586956
282.3078206626361
327.27222029954936
156.85759130953693
470.3259444782713
26.63712459785711
380.7434745274053
216.84572182677937
195.6236583288789
497.902726878042
498.21607689222355
459.5115254512806
229.7173931857684
448.2959347444434
367.9013988339708
431.6910114226398
382.03763829579015
485.5264003113809
479.8899357432556
26.746249304016715
213.8160120755873
319.88079681819636
251.3131385597002
300.02389284864887
464.48521406093613
486.24882101339927
412.7457883979991
395.7369134877002
280.6560051558054
411.66696317634853
363.2163098923048
468.2488786288259
390.20831767488255
392.51968976812896
250.486751463307
304.4552878149236
289.650692576031
158.99552551513847
45.85204487934948
443.94586910306754
383.51899805822256
125.79169214822144
304.9614478946102
271.88557597547054
285.83931955866444
377.4213402172403
144.51785158298765
462.8915835140519
373.2849245909124
222.33337467525922
190.55108443603882
125.40197468278541
443.60611380872837
176.2447738078393
389.30926874890486
158.31771320087142
314.6397637046805
426.3044181409059
191.20601112750182
395.7584543483641
137.46859833487827
128.3306795747689
210.16176476638043
391.1101562901228
382.21575788372047
443.37738059663627
479.662924414799
177.63212372147075
463.9537898093619
319.97120008766615
188.96702167907273
383.7950712330702
459.46758283323226
385.759188537389
224.1332480042331
492.55036794906454
399.2960114921803
315.9905139050368
301.2825951942898
189.47632596971278
407.3331001751452
33.50702627036702
123.40299923593363
12.699491972808346
126.67326864819506
275.63049902785764
358.254941879718
496.39989321735663
416.05057181956323
283.9402495571509
169.79049208957508
472.7409609656936
266.3236690363226
360.230889882867
344.38537883852547
306.65210091374104
446.56184053363893
262.74444459847246
415.7636008919757
374.40648064125685
