387.78193053469744
234.9102650256305
23.97085966417569
316.73271898888754
370.66473986690295
5.2861455750298205
430.845784785465
475.0476345641674
464.40590541469027
237.2609307992596
343.21010859006583
327.4637154959829
399.09198974721215
254.1382643411672
445.8746689097612
485.03738332072265
91.0033024009756
17.551089917971694
423.397994067619
316.4186977923117
173.9403021515716
116.48860180027111
203.38382626439858
81.44094088059956
265.8352511107262
350.8962121746923
352.9915464105899
195.01329763075154
297.1639989224327
337.64113732280305
259.2121423301892
432.6845695604383
402.53821880046644
391.22690264815606
302.5665976796546
469.55809808298824
38.66270018699515
249.15851055137
362.79611452578655
118.80457605997515
337.1801720783348
387.43317831214745
329.0144537503003
451.40650483197595
144.67631299408987
318.9921854312722
348.2986621916956
410.7933121309534
294.5965711579409
294.2801323116446
491.45734209077193
306.4172635626722
468.85828343059984
196.90683210873237
493.1450703524153
127.97039037426094
106.9236704168797
254.5567554729261
103.99499072761427
453.4866742658407
447.2685594357723
406.0794571981979
499.28576733339816
474.8519654618896
308.1070420305332
474.40523680688284
454.18392712936867
60.78699359159992
139.77836060700366
493.91506726973023
458.19604092911334
486.0803741599168
160.85820285393862
284.3752657935561
314.3298500685248
460.1955409011267
152.39087743772035
381.80241133863206
336.34466427814044
315.70917538394144
314.94904485051575
202.63144912116815
472.7371156830385
128.76262849520538
244.3891486029415
241.6802255281018
86.06981879844011
337.64517842640066
300.48528317803107
339.7074337914445
444.4604418855682
480.46293520951366
354.44110831225385
61.0919508028864
486.88871403388
398.74156768792363
146.0298897115477
222.74460383927425
498.5935003326682
191.46054612574528
51.293074673864965
264.31040725557295
284.0554529482068
446.18214774742535
395.40739149053945
308.8457429806273
99.50605821463404
393.29343530284683
312.6031552421448
442.7719099306609
483.153806544894
392.9964798422761
490.4274633795536
388.1418562921234
85.73605811005501
215.0788155772105
355.0119961895143
166.29225382838405
409.3291188709379
325.2980292046076
451.97790381875365
259.8579602316829
187.58591642704192
48.103640991740576
407.89508329124277
388.07863382652505
95.03735552577831
201.2813930939226
274.4298706561916
267.68953321785284
357.85911922995945
412.31747336966396
425.54225538775137
205.00420018593843
340.0137378507277
230.27223689635167
165.07532728819712
149.9814264587174
237.43112031559326
481.0200225113119
396.48528396199947
335.1021945863213
320.9858303199949
494.0360445568488
275.33227596473137
193.71528322161282
217.70472321760138
249.6756534601843
453.48413251343214
233.2934919889907
170.01019181563368
217.26920170744074
39.82885293011725
290.3117305567495
446.0980990614319
118.54647463036014
498.43869216771446
311.10143754516275
443.20341565649625
278.38827762513597
413.13548882274415
234.45207902035145
396.55663653182006
340.8338288324402
444.54753404776716
391.38844436635327
449.2934629288749
421.14332636128665
361.9710291643853
495.7883824395725
166.0632245920467
78.04806251206679
293.14752715944735
179.4564623239611
394.2888093323057
157.3174394509944
351.95596882921166
432.93819697756607
137.02387460189874
385.3629054692756
136.9820547987158
461.8384552064514
406.36673585795376
240.64415135597102
252.30314324816726
438.46700984460585
467.4287672449594
316.7910807208442
298.0587698821457
138.5771383306335
260.2202198362072
267.9510560255596
281.745542017414
415.2492097052858
485.4460453911712
212.5514377130233
328.7374991352732
417.39029074657924
92.03762272502354
260.35447048608705
469.3638659418257
288.28597002628265
192.59065082746946
300.00876229194273
13.097296947008203
68.03937160187525
239.95580335426638
445.77016642379124
496.0602363456454
25.361450998987664
219.74458625397006
426.3204623323741
328.47229638853
287.63203125052314
1.856761966924978
377.9217908797284
225.097940196649
301.81175120106894
275.49347780445066
495.51935659538094
144.8392202272194
460.1307989698878
74.77920228393526
269.2600402926216
44.01177628430872
295.9991327239236
151.70768773924158
384.9147113481455
205.00359378054316
354.6544885387817
39.27182282921768
327.4247973772737
485.7695844157232
297.9140529839507
331.9572639118204
110.61054219022128
427.27137116053495
387.55313659275987
26.931001085612138
474.8667213540511
251.16111410288332
296.74287189308114
353.97185754662087
422.5404566721978
440.06170639286603
133.01833533836538
496.72720629729565
313.5249419845087
285.3737634846993
443.55359611849906
465.70633874341354
493.63696727580816
340.94071769433475
319.22171186856826
400.4312651191013
417.26796466384127
393.6644825674985
222.6086492426603
302.3257680312882
123.72797628697981
172.7603274381492
420.48135853112
247.86889004135014
410.2614251299373
490.1973573636303
260.27569842199074
237.44873488422127
108.45936386403628
379.2087954131296
273.77909178620394
432.59605731461335
157.55077310780132
380.7359914783079
477.26070384943483
107.78919963444952
201.73490496616438
355.4713443109922
359.6036444725729
371.8295047407602
394.99778821956204
471.7852532774719
6.536316315370982
399.48686028423134
229.38432345595749
247.05618436441756
439.66948207686085
226.85849516951242
207.81790662612235
317.03642027429646
266.73373700870434
131.50310251605578
193.44579401714373
243.33491188943208
196.3053494483819
485.53237291037226
361.51137300850644
459.50629337042704
56.086208190680054
412.8503177876315
332.55524312623055
435.7672835684239
434.2103536582256
241.37911619409493
60.98221836675748
372.93089391045856
256.1465721609254
357.5524534997187
261.6895074759982
379.72599531050025
348.85464350285554
321.1857513328676
460.4002781550518
280.49346815815375
271.1756104023102
247.89158776740712
320.6821247930252
370.7350660641956
355.7782382361367
321.47146065959623
177.33567683802636
413.0492023516959
29.163714919053177
174.1284069637486
444.18720717919564
130.17883287755132
412.3953155977779
464.63625001081584
400.9907307924809
189.87661465121448
334.9220850453528
80.09785716534765
434.39009347460427
57.24199835921979
222.14723337920543
494.55120245701056
72.92378433407549
424.1105113927948
479.6302830253769
494.85326472105055
418.59706493200923
96.00749537995415
204.95591600710623
484.3764895643088
266.9828041487677
257.9929305909237
48.95360269117566
337.59439230262115
240.6374355160371
346.1460495423356
312.6932414068443
394.265040503397
455.2143695706256
446.29222767249087
301.57438346549026
338.38399190574813
108.7451493305789
347.71919913134406
158.6371685448974
113.05746091929956
173.3692765774013
