153.2093224077284
370.5033672041918
101.59653295178299
137.62098205065422
266.91738916831173
326.51426922291
319.6606382718198
352.87822837725656
487.38198400555535
416.10165762745316
482.61394467494694
352.506634615066
352.7723612575103
136.53908932184828
455.79914810153286
305.1415456772854
339.19745429237287
19.181466723577785
391.5005666219544
342.54774532544013
444.43379125919165
138.70073112745087
314.5109294590219
375.00655716243506
242.4368885223265
470.62648934554255
7.787131817812792
257.73303038004616
411.0363409221966
338.585292709098
291.50559468769995
376.06136485521165
196.3677604630755
383.31837078310923
280.6738469354839
469.2400014303521
405.61818870872065
481.98304693627944
140.8140684863434
429.64724257835815
310.5320960395147
411.9449921896032
169.84919463040387
448.5155392764762
469.23228534753457
214.57418153340694
341.659839039591
222.3980488684291
117.46360296891379
401.1501570888523
377.56727566351196
335.2317025031281
463.99664403240695
251.51742880390603
476.9742138902647
497.52458029660664
220.71349374592563
423.0850008439319
474.30690548930727
278.07461728555995
494.1658529161716
448.1638759593597
242.0743396253182
428.8560548773273
330.34086233551324
216.66986278278125
427.82880563340734
464.845658536918
35.287347494206756
35.112547816321126
340.4971912537367
497.73932078479373
281.4493220661313
214.16459184783815
400.6229155855076
416.38332588411305
400.0752222092926
86.69175834046877
493.594765857221
2.646706094451588
439.8445175593348
424.98725889951345
333.60399612532404
487.59180816357053
390.2625818718074
380.70632211288796
179.61195030866492
116.76456412186099
129.87373543309621
386.9130295206322
340.49996719433443
101.71029125766597
163.83661572054444
18.73511433399159
320.17669729571946
159.79927754951092
376.5555612080928
465.8813592765112
458.8689100989879
32.81705354734447
473.69872150078976
136.52834050336008
418.4638535146601
242.71507114197675
59.66796425208412
219.09143069366286
308.8975979482492
115.27453733372147
302.9902341952302
115.59373337337786
295.35773831245496
248.77228224598957
313.57500655789465
45.4650938150358
334.25522647332684
404.15663157147225
17.37493646671561
72.96725220015139
461.394966777193
467.5677750413505
391.50502741040486
321.30325401249905
222.5040771204679
379.40540277892677
445.9366713047499
255.5715489700623
406.2436345453022
11.398142590414182
360.21570310467865
200.86068323581253
260.6876262864787
286.34150772238024
261.9007477142102
281.7516636223254
355.78726265354567
495.8206007264258
433.50813512703246
371.1937844621534
301.746686211484
414.06165342875937
227.39251359999827
72.42386907221686
290.07509516371454
146.99106509008828
412.7015129439186
177.41988747693097
118.04666821854079
238.39009903688424
426.2821775472009
298.79859728597387
483.74588077467746
420.1887030043057
397.7960957009893
198.42851617222487
254.28958300690482
405.06504077133866
134.90989549758393
294.4196871116206
196.7378554394872
355.9337940933575
456.34679470814694
269.55969212403824
297.11850393068875
454.47279830185903
402.28764001804973
300.88675390548997
329.41238817938915
418.9222790232593
91.64081676502713
466.20498424843026
477.03862667543194
289.15556246583253
132.9489670073031
172.76781761782547
160.49077734955466
107.33400416578456
468.7271779782092
333.32830954307065
492.8965938072996
398.9326919660208
448.0285986849659
360.3003979453328
378.36871113469596
460.61008395452654
493.96335089815324
318.18017890878116
271.57233038471634
487.32948904627597
192.95516359543967
246.10453508441233
327.28549717535134
394.65058825068
370.01899529642395
429.40710710418995
299.1325869210233
269.73840505209773
351.62152495941746
361.22025716389544
361.6637028926426
336.1841954631932
378.44726170494636
410.5863375729121
334.28291892599304
92.01636335670145
136.34890136940373
342.9085202583654
384.73451596785173
402.05817815714215
353.91128102501864
358.5872157321435
185.02694907379794
439.7528332178148
492.96263869675073
9.328768235388793
284.44282637910663
195.43692781301394
359.88131248727575
495.5639315523072
252.69526377239575
114.97222307871664
490.26891920853865
421.1219408115144
321.4079532448935
491.9099324754758
483.7515483999466
100.94668926387152
96.10226503192757
446.7951933424478
302.59641625396955
320.6279744162368
451.5452350083066
257.1675787565232
257.70339913685086
373.27878352642665
269.4635067189981
460.67611105544967
379.9649238975419
427.25974572902015
425.6645102860309
327.3778651233792
393.3819363170942
424.70387195579906
201.6595682129855
342.80929989055994
51.59850759461699
382.31458973085574
72.81076285035584
141.50059703767442
235.37566804650788
404.84556755388184
405.257744406179
432.2253285438247
462.2283808348117
106.61756239645877
152.51273869223292
327.64485324785164
124.46696360258153
391.7393755821315
489.4946184252717
51.57977635272448
106.60283681889939
113.46004528763262
397.4344718940502
239.09858682885016
466.28758332353084
420.8805054832048
365.36621393763653
463.0502081818785
320.4473345886654
343.9412359278533
160.36801229623677
354.13877664259167
429.26986431245734
461.3337551519515
409.73100268765796
257.7827826036412
399.70674299241864
376.1251978449295
352.2060025618083
298.76442365653224
488.7107526220951
488.55120007082246
262.07489176505305
189.64237565473138
416.7555124119969
485.89344193572896
494.41794162665957
283.904385733818
495.5400198931349
409.5860365955522
423.2311939925628
363.5116351328321
203.07619027919947
246.22304044330835
39.81527714091851
191.3486244546238
313.90028594797104
402.1815988106823
256.2891694281045
49.69927728141357
462.5414931474464
486.38274883199733
384.35476126083216
171.6690111236282
385.55459780371353
433.5753343365741
247.9781142266672
419.6116704181073
246.75599631005755
29.18642303203893
296.60222369420217
153.63728154942947
405.5883599262555
165.8725371042895
97.84116730088891
383.7980943874301
187.19275384129133
399.5727047956192
67.4659286642493
385.2094298841385
159.30835702911133
64.40609444724276
205.77251152543562
178.79194478931095
488.3360980880707
216.7588942754042
364.01957932941843
238.2071708644013
200.13878700581404
480.1374994866822
194.20968061516692
273.74106224709305
386.5271144005799
420.8569972549982
440.9265798578231
220.36333504784864
260.6576937707075
155.96803975642496
491.70235054707814
312.93271267562
468.82831015430486
454.59553093535163
349.0225119292919
337.1626660591064
415.7092467382938
423.6322746098773
157.9839161198555
381.3004978909221
157.5263062425326
195.2573643882775
447.9893166602614
332.42235658740714
196.9310944557434
339.5632162960238
435.25113912143195
313.8339659086703
273.8067722497434
418.47763969976677
238.17608602293438
377.5481279147228
