217.16684486733914
366.6825865706468
344.4909370610667
213.92335865855813
109.55704620056605
75.83413626273597
189.4648338933257
483.43211226026494
399.95863212828016
80.27953398995089
95.31106015869733
4.2245103079428645
107.09092848560982
334.0439850858083
424.89912497888093
478.1014987157178
449.9743228865874
108.2987141194962
313.39155606459894
248.23627550157514
430.2467865428089
184.00368426962694
379.5576462842779
335.90285598798084
318.2078115659697
274.0094294009991
65.36117110993388
382.89075454051675
172.50169400505922
269.73363556249313
346.1788744944754
472.5477357792458
324.07832421858853
222.40651860061087
357.69709833543527
358.8750700480976
379.12727724533056
194.34330450452427
242.2557668846129
350.76840969832006
186.07806031957892
440.1498625350842
460.4754195254097
402.67751619249555
321.7951447574637
270.18993171474915
404.42371169616183
368.1466353303782
324.92504242043367
373.62626422121764
491.65977149387936
128.090217325619
495.0332294249406
102.03838775847265
270.1829860245326
428.2960297140314
415.77077253226867
461.1874789982734
180.6887647024388
423.67074883531916
228.5174779804742
102.70961384712058
399.74862734991393
369.37086467375934
253.78716440606436
457.3769752829927
464.2850539694235
492.062573300845
385.48092694029685
336.59488593753264
18.60106403633091
206.1409155929066
25.12195881920934
365.75652482235
391.26639751374637
464.0500956527022
276.8001597157622
494.8677585446094
484.87520242117273
435.45723751539725
310.6186180462096
162.60103681205095
468.3890056373748
370.3903904165627
410.068338888794
145.8617703121123
335.3560278637798
462.6163123883781
439.03158323118566
455.6691292448165
292.640183208813
403.201134253482
353.0343699498761
450.80401119731374
393.7547625477391
394.7484074007069
367.27170970875693
389.14749817232394
137.55519087328884
37.31688971371693
398.049393642017
241.77232307377494
367.0439805449889
372.936408895225
294.903184130255
151.15134971398152
261.24600624192504
144.72367097362326
366.4730328539507
236.12848906868982
224.43182228769604
183.2024555576475
298.72807762861186
182.51562679361905
405.0278603272226
182.49420625292288
416.9609828470284
409.530485105665
443.1784015504412
467.79109531944096
356.75702779643825
461.01261442622445
404.8936123827526
286.46105882755137
260.1306963193008
376.1575625527195
355.58504499899084
219.69957698124864
381.44476436058847
389.7676602150854
333.15858081144086
70.44887805895422
261.5041407254843
478.1862302859596
404.7595656540188
60.73460940057652
100.96758923650947
472.30504443477713
449.28438385357526
303.8341184071844
338.41612351738644
332.7658376134938
236.93671524228859
147.8078579964972
428.05981209367275
133.53682935705706
469.09410451256775
407.7189844177711
345.7763382223379
177.86800267873082
243.1724561315831
373.49717807610546
291.03916149959787
125.06311580302037
406.47754763977434
26.440070705704727
393.8005983648286
311.8036110299014
240.4489514406589
496.20083530694495
436.5793481487493
157.38084491039626
309.91914745718964
128.14350951475546
93.95234945052175
19.583691850883383
483.3357271399459
167.23823635948543
352.84722177479995
318.0226755043249
429.55906389734463
217.41756751911583
369.08683371823923
403.7256551536889
471.14056838071684
450.87320666758046
74.714397736124
250.81686048437217
214.17832914206446
341.11610245791724
235.50670337354268
126.39174386073927
349.5269233408248
454.0081217899571
353.882194691159
113.32745661343267
183.87675767338635
376.8411596629138
384.17659258066004
386.3775070251411
339.4225696650654
188.86064417505497
208.06416279476827
391.91391944303683
380.6591319610166
52.17040133753983
461.07460320111574
247.2538490648513
235.28596125854818
248.50343167212733
466.6611348060427
288.5008042249043
429.4162961446749
317.98232548112225
81.02940384382339
471.1478110216172
102.47303833601063
347.5037121354934
470.0835824740719
172.40522287804106
288.16621531027977
473.83915226797416
323.3955059939143
222.91606248195632
432.7124967822833
486.13355685523277
475.64782039912126
253.2264885925144
271.79426313940684
250.84210351381637
243.8762196588268
69.21232653798677
123.41799294887903
174.95174341960217
476.0161316184224
498.4426627671012
93.79744066236799
389.68711824782065
19.89209461871843
342.56543370691213
298.41993542766807
402.6436452215428
416.57522340193503
374.0569998448922
440.5978694095133
483.490681575135
249.2589306420455
382.0289901525047
90.10281620563524
450.4381128791663
466.7569782548434
383.8811992820251
265.0117641049088
429.1896905144134
425.81592441393195
345.6441792787923
341.8858813939578
417.99985589408806
487.3142884045098
384.11970241804073
381.9174475005071
271.28577147763144
71.19723175362492
307.47615132983066
369.6383381575453
360.145697512369
358.86941657860785
352.1662768154546
344.7374471190576
484.35347105114084
432.6101704907185
384.69210952429864
466.22328341843155
392.03022700663627
409.9328221172828
425.7474935486915
382.6391838725989
485.1604685607179
329.00710670730484
29.461161093856276
387.7606465681166
260.254345309412
429.6715697774647
234.95466616474033
487.27122849610697
325.1613216290707
351.69247140118324
221.09538340155837
252.61152924236163
367.06775106709915
268.16666904240014
127.18959484528324
146.77110576204615
158.21944172392602
284.80618792194076
303.7138395959148
284.98966230341506
71.80725578833363
483.3538891159195
114.87173508401986
265.22720791686584
282.4574897315747
386.4398584815448
258.0746381908399
492.2436828438905
461.2711622486087
450.48107886187046
194.3178638045943
405.2811636758786
45.001594398071745
475.8256898098493
155.7992401753849
464.21183077466225
441.37222449083293
283.6479322425889
340.19568525974773
381.671889926628
240.45128052253477
482.564819076943
360.82721189048686
448.86990160285137
240.75521068123754
90.23623754922505
416.87721001647617
158.08107334731665
138.3552522359078
103.91046060978255
481.13288810946295
405.973183124599
202.34602836989944
253.92145298052785
455.7497022349141
3.769091494648592
319.81128281707174
299.2995111267719
115.57478563014553
69.82513923758631
414.88381149110785
45.51008742513221
201.60287889185838
135.34771012224888
162.71839100922693
136.16245099333594
292.41307702102534
170.21205930987088
85.21802603857253
342.9262151615817
361.9670978411741
464.156983455296
406.6897107376218
179.3052290015491
405.09257424242236
336.7125739483031
286.815137936116
479.7943126015231
248.3796040926768
398.6234278694169
334.69942331388415
407.79902399171476
281.64845607445625
53.18016552432539
453.5597482827399
178.73231328522814
399.29846329906263
306.8228086051802
110.28456122062863
469.002604698523
486.62222617430467
142.32021114042595
436.4099281404696
