245.7202309016133
47.16413787769392
398.27067269516886
208.70156476391236
227.79540359940967
250.47725619481903
270.971910710893
302.5429125262074
496.0110102989514
297.17903338779263
465.7036948892924
289.9925889414543
18.30391441102381
417.54860455146974
358.6583828809094
443.1343601266225
243.78725302262922
489.5007626239088
395.4101089674593
111.6424367256069
109.4947630890693
258.8533558198315
314.8361108971262
340.21776113785336
82.58265768329568
201.51132094390118
431.62066684791387
387.08668423831676
336.6983710090884
280.71651158029533
313.29508018488843
242.16611910234388
250.46076051207555
39.76750821255905
65.58481676190723
410.6431055634209
494.409986881267
119.07766790211855
485.83415662237906
208.94914549828474
274.9214624642286
313.63099817032236
367.63486830089585
373.93065897334395
408.71864168818297
402.9325674181197
332.1606152313818
52.77736873719533
306.83776927014287
378.20040056916497
487.9402102756023
449.31850596956406
153.9400953650454
379.96413033774985
436.3122860756423
79.70934064469589
349.80320981931095
211.41586686033565
86.11136046306194
202.78476381899094
230.6505990564832
311.4492646254881
492.94745052452777
18.798315057749505
340.39746490336915
226.0220297862727
232.52895746710936
474.05082859628294
263.06808411041766
254.38025638179687
124.36329021414059
19.894775004481744
419.4343657069088
344.34107542217436
493.5826241654466
74.26361384535818
438.29340374330957
385.75750822280213
303.7283792198024
392.37448604809026
489.4449087075047
474.70948696458817
183.073720068115
378.6114948936516
413.8122098337464
379.4051965314364
437.6786440120222
481.5588345367078
380.1104000564054
357.56876702124157
237.50619657259432
447.8080321193239
143.06787350261158
242.08793806705665
259.3056172422806
200.55435458771132
384.4396557589839
185.82058933747504
469.0077680269087
440.72691110108997
440.6149456517102
232.61600653742147
46.99224227825806
310.55551140526825
397.86115655148774
438.3972942362078
259.33196368047686
299.1314117855586
309.7572627545857
296.5272245583483
419.68557763099284
465.0898845466334
476.10431592390563
491.54243890303144
443.0410994893316
330.52004524147384
421.3129665985413
489.5065817896698
224.35271542344123
475.81538463415535
151.72574649738527
486.1890143731636
306.6362126753329
325.12046359417724
159.66917992848693
233.25317045900925
347.0499893746011
127.62123422309469
423.5389118876658
432.68469347076086
449.693410620059
381.42752403859856
335.1038720663781
334.4280323638294
413.70757667537674
341.1463576904165
402.57285974248055
434.7677247469051
280.21819158604796
261.74413210561283
432.1575322910558
399.57390216616386
290.7747454518159
374.06105670745376
480.33898973069535
490.6136136651521
360.6161949592575
387.5909168125421
385.1894604830961
342.0434459649931
488.3485069652397
462.26451426717523
312.8307731653957
402.31616023904354
436.03529142239756
263.7110195494028
200.15994232820276
312.20343440961364
408.56158400739696
161.0659263887461
394.2268161237769
129.5807357657763
16.590093338875363
320.8941250593923
397.7539938199356
169.62306380053514
253.55416071429391
25.038861443700966
497.40294415028364
275.99902548141904
440.5234036211061
431.2800345988435
363.32409242329436
310.35323735657676
251.8917451818501
337.264107709021
146.94693455649377
404.97303889090125
232.93463694090764
356.8782754814324
76.10548141374085
419.83055249633867
271.3234188740435
418.3224229037355
161.65390335307166
406.5437399773272
336.1890297789106
288.4237053060132
448.5481772649213
464.85231093085895
162.22652614364063
474.6336982609483
237.08189498478401
386.67018998460634
468.67154268675256
253.74447799757536
448.65160416569154
347.5482894893642
467.1353958303983
378.7490805345057
262.1293733494888
396.4841340187684
478.8795435508038
462.7651103080522
46.95008892830555
392.7131559688603
81.0934752251768
394.2613878393621
372.1918872495969
353.7683715078771
411.6764560499319
434.86118071818055
150.93202822313617
411.1341419193659
380.1782949894585
303.4660101732747
329.0858930988089
45.33321885960925
208.24316183969427
379.1518996180703
275.98960785374595
355.0247261451772
289.7024907574686
432.8246853552441
325.7558255214749
394.7966000580511
455.5670410617848
414.9382999349948
300.8345591186369
400.83966033606157
83.38191613353894
261.5446149737998
465.23959404640885
349.09349119822366
452.13105536602836
348.2311390372084
207.0562283287461
69.26434986209745
94.10915495568582
340.8947385696781
252.80800593547087
466.7965663310974
385.35737122377134
113.7601260648346
482.9831178595698
362.79475293266853
439.7665694541293
450.7036371981992
312.7434205597126
46.24217992014832
250.26922012959884
14.772226453780206
272.2885460275845
490.85948447179874
364.2907023547251
405.59584975328573
275.9976896814776
450.3274597494805
392.86948773273366
434.6144955326659
275.0036283221857
458.2923530846413
100.25805112367937
195.37697888756185
301.25500437891696
321.65110815520995
359.5857020309362
130.69733853035285
426.6641096271029
336.0633872212314
47.9395214649054
406.4228495683685
293.416844933568
432.25187814555716
292.0897055125188
330.7746257368851
379.4189570721942
248.89579970519443
404.3756738446029
294.28767397151637
86.8979519493763
215.59289728792436
334.51965789503197
377.4985531867573
337.76464409804964
31.917419358241318
452.4276133249948
249.95063235807262
495.9675757936742
92.1549727592676
377.35493228122755
462.20432872629056
463.2233685102707
463.09283403744837
322.25283739519966
495.52370337038406
403.5826825360285
87.45852481515351
277.3315862985795
448.1593813784708
450.82152128493686
330.36111806484234
378.87224552619665
380.46551965419945
88.59334455214656
362.3835554418728
440.72775085696185
285.7936852506506
362.54401786602307
300.7706612214864
491.0718732565562
408.4226444563986
356.4090878927877
92.22289528544832
139.17306704656926
365.9561483088645
227.73866946149883
278.95708589640657
452.6537113141324
356.8589732065375
338.1480202664993
305.24825038066183
89.90898994460775
443.6896673149822
481.0589914324969
240.66031861283136
128.3711292006899
249.8607970351595
307.7673489890755
311.31900252638695
492.87768540453766
413.30323168050745
94.80481234987167
390.8071706963437
186.73273356737576
124.67185357869084
187.42555972397548
259.2719967912095
394.8115507786377
275.8905865334617
412.24792781676854
445.25648879452547
346.88260871012346
127.80439678137503
310.4124284457664
257.85981950834497
126.48369872472182
88.90100011686098
251.16588534793806
409.296799992782
239.03777359093203
174.9818424816208
330.03975754492626
112.54368483655492
149.8749523779759
194.75561959385584
215.70609373829973
168.44803264113403
268.1003901657989
216.83709957511547
