362.02679672329947
288.0739170975711
57.623675299456465
476.5860885186413
149.78679054341126
209.38361347599727
432.8398312491463
348.9469698772698
332.6766594439519
476.17444550898836
403.0362359688304
97.84924410507932
9.290545235112688
448.15456589571414
224.1476456571778
79.74996728061177
41.38892869213481
261.7866217075781
250.99809861209755
148.52947211073842
278.625139643753
420.4867651373028
480.46247507716214
186.02175454161608
186.89032818950136
399.8571244816014
337.80063569421395
237.45995289893693
237.19095909298017
361.463296963645
408.46786680581806
380.304928559693
29.32430474222565
277.99764685259163
359.68434756595815
266.85741435632565
419.5877260197381
169.6166527671512
139.98845148359356
302.0093957455292
440.8233158788712
48.20745153397803
180.29350118496768
495.70144438977155
285.00678706326687
389.68224333159947
130.11980535674314
259.1659334483949
361.23514000223014
360.6423304661799
224.4883570382973
113.44909363902985
440.83701827546815
449.01322176923884
305.5048112524995
472.27000098623296
58.06272434674213
488.49431647502325
233.99578953385964
381.23728084673644
463.60805733742205
328.6527092633744
238.27292691070193
416.4059435325029
121.00114713991769
175.92132140556492
431.4385819973642
394.21704645339923
87.60167044081533
492.8752738221384
359.267106512975
386.7370535390952
349.14938958153823
492.32957022702686
303.1971423113944
299.49513619058484
99.97675503218812
295.23524310248206
205.41219858013193
477.26602022423083
408.4230910590786
450.44553809117394
370.36596462308546
134.0458214467685
299.26233296186535
321.24840182098234
269.4213705752812
173.85615039260023
96.11856873458493
477.9320673681273
492.71375800208466
153.20407882070697
272.3092103977215
39.098702062026746
406.1939804548653
183.22337842275164
360.8766100290602
283.4148680786169
404.95484822393837
59.09222951201326
448.3502239361242
373.2856867317433
470.920312538114
66.00900689756594
432.4701917462086
429.72825531407506
478.31453541904733
293.72549203475637
391.1431180572375
454.12597820847344
238.9962086117717
462.7772127219578
210.93230786558934
315.86604117465527
134.5758671093589
404.78728879939894
370.6681135853971
328.4375108499204
133.28346901375937
240.82904165560268
427.8404878264183
316.2344457698681
384.5012334775421
102.3428710145796
126.04324223337858
368.7673405592399
288.9938804495009
285.4716486009298
306.884339043412
208.8232413854589
351.55496086310416
454.42797002919224
320.8561644871676
335.7288354546937
469.18032836444286
202.44580336297207
308.4192672601449
424.91417616171054
272.74783720931083
385.7084857063319
68.95113824650855
499.79510527804575
393.3059053893192
381.1652168704436
196.95115552622707
149.6674835234939
338.2678201572146
68.63196249633023
433.5063321957935
482.1688190018914
224.00898013300485
456.22821211944836
171.55109452286916
466.8993486908279
389.7280771335524
242.218037491671
27.090309460819867
159.8697056229085
127.71871851876182
393.74135509161
408.92207089250616
210.82702101915186
477.4872815145374
348.7629788112488
183.60885272765353
462.585364101917
351.5194107795364
401.8047760203464
375.3666444426421
387.498632036632
467.9162128468229
494.5226821617962
291.876791849704
304.4367744042097
195.6061409486619
329.17360627273644
260.4475290879999
451.828338245388
458.58105334527
426.5773130102901
463.6334223924002
202.2909537824326
363.41994020147104
315.9041882084648
216.33888010831697
279.4103101094661
360.18322958690715
278.0195380988316
429.7227216591672
472.3479949044938
146.85152474100818
398.76473556959525
314.5903827688124
84.96121014426251
178.74810488361072
288.41079808931886
244.97380858831986
394.80302705177525
376.29005105359414
336.56819973377515
278.5674209948811
471.56109063991426
495.9239175473486
352.7563109357958
422.7229353539292
255.25709649995622
255.20551030445148
257.8563677174657
331.7186578294852
298.1641157788041
437.93907757718404
231.29238689254294
63.832643138137826
171.3369549890698
406.61193845481296
239.67025516734697
466.4521531123921
295.6911384512034
373.51865014126037
305.5283874037077
397.73392865343
105.97100049810479
319.53749748344796
112.25556483048513
484.9512343235439
327.5644470559588
144.7750399830315
269.97006515269754
88.4711608280258
487.194189736338
272.56323639295897
120.75903377481876
149.6351192192488
106.78672884404068
287.98125129369487
488.8431306372706
20.37376183460003
472.6551526825494
283.502123827547
369.625111344894
340.4231118234385
426.7346893663183
495.4109022030168
437.1336893072118
65.66670008283552
426.7059943083675
293.67469668005754
456.9404763797584
239.38244884450216
369.9150342654857
487.9845573716043
275.6434636293057
411.92611167287004
441.9041812814719
67.06346111889167
452.44544432281407
318.2545767865155
443.2915574761714
266.0637640949757
460.5322029114325
496.40164701415864
309.85720688264433
385.65061514217774
390.3823475995347
294.28817259402166
408.68518820367797
229.41457866964782
191.75819659065115
403.55249262371774
474.6647071009624
388.59900282698607
203.1333603142906
434.7689965062226
344.8613810808728
362.97622666949906
159.17269030282944
343.9941474500595
277.07468486836876
283.53443991231126
121.51420322778705
388.97961618658286
242.18170789835563
360.57506315119986
375.8923716280524
404.4505661285314
322.8157664596913
461.65635919098884
440.2768703198145
92.19009288895847
454.11351771769756
261.034382693255
349.407730472181
177.0870370853903
305.14443408191977
39.53204520079703
401.962753236401
273.3040178105139
453.4366620965577
339.6204605035868
480.84589280229346
457.38483962471184
344.31560634749906
93.93523422052243
438.16548844783455
222.695050402147
460.3812819864418
156.96376160504025
71.85513681317326
496.8395699214298
328.9189106136083
364.39335919354727
363.6494935427719
206.8608895643718
484.295179528031
201.82475884756292
239.73965603636816
478.90873472912284
366.35682498225225
273.1504345058119
284.7834418852393
344.0076771108719
430.0475554494375
460.76789202396617
118.92130756081735
230.79226319265484
248.31862213916554
320.431274852142
36.253426536600784
121.33065264373602
409.5332415593892
467.52742906561605
216.45960425509264
481.93135231652
348.1037936031886
483.7618864407112
452.0247524952798
426.8407917406634
425.41038699429623
349.40958986707403
488.7716111106916
329.58374516445156
339.1325478873958
294.36630980369034
347.07812160849016
485.0841342103993
382.2428367782586
491.1745735709155
308.1310856678395
275.65123640369933
448.3062828834624
241.82737889755083
342.2793074574686
383.1493945041659
260.8971663790802
432.756472542901
66.8808511221319
156.9238738696704
365.50917463727774
315.07317358922455
461.39332952120026
