50.895240116819316
39.93682084458509
51.431618510961066
41.43001008572766
40.84533248975751
63.56741644161229
53.740211801322786
48.28549021059539
34.11198667196592
4.763586696253817
56.34970032201504
42.5370163533743
42.57778471178163
8.31338737628002
55.116695944129404
51.41784077157543
6.253426766707506
63.07660208706236
42.51029091346494
21.647589855717037
33.19835327120358
56.41639372350439
37.60808421176826
61.822035532627574
51.0791005370339
33.92904620412365
43.496157951889465
55.32927152812165
54.14106612947025
13.292381924660368
45.611836043238384
21.095282585534733
54.49781685576245
52.45792689285629
29.174636975984768
23.890204948859456
5.707030388857632
25.183630984746628
58.56656470803593
62.306187019442795
25.09768829036073
6.20167555054946
40.86373574073768
52.38437646836145
48.011023256319234
59.73002410004161
56.2895866522651
40.547432618540086
31.02266207304617
36.33633289708495
12.656522771923271
30.05136406614166
43.38283965902899
29.29292421979774
29.987874735930333
24.61721321223724
19.796133005320847
26.645473495475635
32.377736877722
48.55923971082894
12.437709517896351
50.05775760368047
2.050079433488655
24.07709048273862
27.164056146662332
41.733712281914364
34.41604406336738
49.734171450285785
59.20432067407762
21.67191638070237
47.27044744028887
42.8926023629632
49.59719393686989
24.809433759133697
40.89972742021983
1.7389534314415016
27.909461306445735
54.20979621665868
45.71889027302787
58.14701123560271
35.986840402976384
46.55282484379626
58.63818467797056
28.87725619103316
48.14381439015442
62.490980999374365
54.14731845535407
54.31906677451689
54.00172400753972
51.24235644930316
19.927342949361226
44.65764135065649
60.9032319094502
44.275960892172876
35.109107751303036
14.357529618782173
30.181271462247253
54.85638967296207
46.94770329708358
21.64572549762869
18.74606863252034
58.60483397989336
24.99573222760185
61.68036928303174
1.621537240010646
22.294051092581604
35.68588571652688
31.815092775093724
32.80377177147822
58.49898564610139
35.329499287019374
21.051483270388246
30.797675364392482
61.77524193160495
60.0756330032364
25.29673343071559
31.24098206143637
39.478681120665826
39.153926083870346
63.16900060055177
27.927421291897957
55.04284006482611
49.531476049335275
45.72926991932158
58.45145412160639
13.30226707535958
28.26282581033805
18.080307452394088
30.087450194173357
16.72638095587577
12.938259817129612
7.52582239881734
12.517275051514133
38.476476930757144
60.334685922219315
4.8365932920801455
59.843006388485364
53.90262927321521
54.78844868606659
53.78577569069735
34.67644341027269
52.79025487155413
34.259744992415875
26.45824814397912
63.192811317561805
22.613865702589422
52.34360091115301
23.33485725656746
49.62400161874742
45.64833015469836
62.59098117385325
55.46478192598216
56.021040152060074
57.05290753685523
55.2046544261406
57.51304798712069
35.15808951798853
19.903369044029873
24.876164881675557
25.428799275910187
56.17509367687316
34.40287822527622
36.67636502065814
22.632685299620682
59.35991023474446
19.02257643243913
14.309141118014686
26.994417535732083
62.553203531889636
45.2180203285689
56.878258915301366
61.19612152009906
51.09006053374692
37.96237999973525
15.551492277208297
28.434799783018498
20.120879882708117
46.56521087217811
17.011940325149574
17.346963301713828
55.264449277779555
44.879766516469346
58.423375591274
61.82160428101316
60.462164593313425
38.77726887765841
46.71460965022143
38.61760748722429
25.21840338139826
39.44573516910965
35.69996190781633
14.116429498269852
58.73819919226354
36.22211661360987
35.73608472125165
42.66874158208957
26.36878987903104
46.39623395855874
39.810884781365644
17.93865688485355
61.62654109898835
35.044893787450285
52.12372644202646
20.226228758945005
49.48768220838042
26.315545120245957
59.11130467370233
62.92203684965239
56.71449711484932
6.203845110846451
24.548215788625754
59.57331679653815
50.587710029831584
1.8551977489233025
7.969862463474833
60.63190647026664
35.513532252916875
52.68313821477925
37.93485224184184
55.76990190489327
38.0610285040616
54.03628833419891
22.009746500811623
37.32555824733589
43.13796961863162
60.214065741637384
31.735083887967882
50.31184068266815
57.367968123803486
28.852490273038043
30.886948257448367
41.684024776588174
61.49022527929697
21.451960244649932
51.973271836499514
60.69575175083541
30.322420214145055
43.48053622189826
32.47121196278335
63.62829953142948
6.100540563772782
47.470233139546856
29.4743533909975
33.43363030520052
19.850689238524417
3.1613328816836415
59.30201895570334
43.79052811832727
42.03239286898243
11.52766038068497
17.215685669861372
51.85951919681483
58.8605769577292
45.08002017252393
57.92255471768104
60.91312328356951
49.41183414818308
52.00087570847056
58.80012109621101
21.200781059077258
44.199409426300065
52.41495959437569
21.004504752101255
38.958723041529886
23.90363153212305
51.90320158695077
45.27453219880677
58.128545696658364
25.166985790043547
33.42810236528421
45.83482509782698
52.18138269590508
26.396379914379587
32.038409284539085
31.156441833720528
52.775499608922665
41.015359900913296
27.02758745987284
25.190620767128927
34.233712118778804
50.187047819204786
37.969055214705946
10.724594584127999
44.83554935879906
45.224457747651414
13.102679605309909
43.174637443022796
22.91054528596281
31.53772296446307
12.318503680920536
50.94211016184882
58.735803993944145
19.420432327628177
56.753821272408096
57.09006465549913
31.66720579063346
28.2515307697917
30.77227828981455
58.20755210602025
53.50616972657853
22.78251484714699
57.38682740374035
5.286329880987019
45.02429664789983
29.25917373812058
31.74005628151039
47.76571018225089
57.87105663943167
29.410454185997075
53.08275474919875
24.296649304268698
55.318138164898066
11.03009078764105
41.71724299179073
48.489015762548746
57.02283585934033
46.73887796296212
61.70608701852053
34.03944619287108
46.52177938926654
35.85022748934574
57.10870695830717
60.98323981819445
47.9908854555506
33.33105588670363
48.89274880035954
26.81020115255957
13.239786444427928
62.47516132631554
15.968054480326572
43.22714217747678
36.35604443383326
31.616346391100066
58.711328468872416
28.120083185970586
43.14469581134361
46.529486659529184
46.07496387704597
51.02711032684577
46.99994888595677
61.92191403125001
30.576806997263965
7.489984591223262
35.974560514700684
34.70649843549589
50.3147929255331
49.71821762154249
62.15004976931589
44.34918483217887
60.35297240706899
60.796567963407135
46.61095375855163
14.371129062768404
60.47946854401451
49.88229173717629
9.08815861383659
33.296911036220294
27.628021134127692
30.910141239226604
32.100702090019766
