39.395748685590775
19.06870198001853
34.650038750890076
41.19498301218884
40.17134724848148
41.886215544874915
18.16008881656846
42.61187229012114
39.55014630614417
14.675115426155934
49.90974063179305
60.46573305335489
21.310313967814814
62.853633439544495
53.07041641200439
34.84355377671418
37.86801575803863
52.528037268078634
19.69615171193955
48.806296756686685
37.81439435431187
2.876804238742011
57.1071639656728
26.35684591372585
60.52718448804059
34.198772599575534
53.78125936980458
33.88850401134023
33.088973981590314
23.491726299455763
49.81313389863436
16.8686661449133
24.312796154805774
19.833488848626494
54.16393129915667
43.12098857584804
52.94548312237398
60.35673560733575
56.43447604716541
45.81182767377254
58.40679078586965
32.4696115478004
47.79139287549786
17.531294717955085
46.06343324938257
31.818650752315847
17.74527822094369
39.68563297240032
39.692756352576204
58.25799054613731
41.46861644930376
43.1673196095098
58.82294645020983
36.0678501899522
51.41038213184539
18.06652040049186
52.887074204912714
55.660828766528965
21.986024205781952
43.65916473201794
39.75671898335666
55.15125088332714
56.02505848363489
60.83108466451913
22.639296772236463
41.78050360236432
27.578264742456682
45.65339071299256
50.66706322416579
59.3979423567045
61.81149693864262
17.174468458014587
46.22109302261228
33.08789113166816
5.453959971314056
30.19826115784781
47.9201617475323
63.421930044050846
24.684259255257388
51.621048417799436
34.0771670590146
45.9212073316027
36.83421421836191
7.194837878214095
4.7054091714665205
24.52676766267834
44.20172678786287
20.495363492145344
30.421080080201804
53.924928722895466
25.409557193304323
51.54247929750669
33.47738787091414
32.02688635577678
41.97141870236058
8.433098691077923
34.972776461107344
59.6143888160466
20.848005121254708
42.41536865876411
1.5578466585389066
3.8706197036402585
61.20150403675967
51.26014893203519
42.5489134292926
57.73813382098494
35.73900432396792
52.170514458485194
31.664294387800176
13.15223102640207
52.00180341862334
34.64773018820999
14.608905340091795
63.81952237972122
58.44799370363648
53.45442243215888
62.45584206569935
33.52531053023659
53.23612026397667
38.710049888683685
22.51535794104003
58.45933414668382
52.42873302722353
46.331095599243945
35.59467188251414
8.559417860759048
4.111323999545327
55.5301406743736
43.43756052906727
57.83991125051105
38.6421210695394
60.594930696849666
62.72897031528094
52.701928921571245
18.32004126227997
57.32044709325332
42.686525152765554
52.717660458983545
51.809309582090776
33.386394418433554
54.35658479253757
41.53257206969836
26.066492830015655
29.787374181625445
16.47932806908134
49.65181973828416
49.54488819894419
58.607257452162436
10.854085808813878
59.92261360723168
55.32595882956548
53.017774087889485
42.87346478713165
10.91186325925706
60.528212851753885
27.860472153932804
25.678262295513974
43.20288424325867
63.75019394277923
30.689651058675373
3.397221409650065
56.361524030441224
56.30786234879097
48.942708662145456
22.18814727252981
60.573778403741805
56.948837547245276
33.64237104926782
48.40086181216556
3.1754290177754996
54.37736267478833
41.76638227786472
9.76481829423954
26.001759057797713
34.9029092219781
27.968926785378684
40.774846101859175
25.98622588993956
60.306534603030336
20.5662136315619
57.35924133020179
34.18348777845615
56.12996061541164
33.57575014346529
11.672626270675053
25.773895674157842
56.27642401631938
35.008291061484144
48.408088037244376
43.02798617186096
50.39240900914091
46.033837509835244
30.979994933374307
62.00798491873121
62.32293560948602
5.7080664957746805
48.91464686916011
32.36279853727032
45.52816693069839
60.12076583138938
32.0985200350784
32.86309369279166
48.48508521179686
43.967126698083604
40.75140672215143
57.44235976997701
7.614807872535927
44.2729140124041
35.42752832077191
11.237967948107368
57.41100920253376
17.06687774955317
41.05724723494198
54.46958817319252
52.956528656272
21.916748986461712
57.208920728986065
34.59524477875359
47.26811392630587
7.490335327140535
55.70508025417974
30.73054349275217
37.36029505378875
42.65411219285339
4.461859886169314
18.64190313447491
8.213426151818886
40.4833837941543
15.303089569667257
36.99324992396353
44.880221984774565
10.29111717825409
54.71237894157257
56.598346198583315
45.26923712198253
4.9852945913540125
33.918306340460305
29.35542252352863
49.8090083034161
42.193957294512884
51.05326482828844
12.386184804853258
2.229990256460141
13.166653580479682
47.37310165207842
33.70625604765862
45.75644743962522
24.75521484660736
56.77001551524836
42.47359574165506
57.85705806504277
47.51781846269387
27.9055829725446
36.14492805007804
61.0140401438337
34.92119849690403
53.84273506063737
56.998681985839866
44.64210298571362
41.761356155920154
14.42028547975643
56.24480434856447
60.586655664723466
9.365838943783942
62.008823773798284
57.77795957548843
53.60990618173796
37.07374296875726
59.84777514449497
56.55325222604178
11.788917310439878
61.54048313199921
46.9413151005746
37.15040229738121
52.83992213291941
50.019816000223926
61.81063266087592
58.64798517442056
15.55424067416783
47.73764636126282
58.15243144036848
20.699206630832172
38.90034710113062
22.638305717390168
33.60374809881574
43.25721926171158
50.71986206066501
21.227805761985522
44.166004796014775
41.331992864623025
41.66763290789935
50.781107221012945
43.37060413058222
36.028901841674546
54.799819014989595
62.00554749337128
61.3479270946925
63.04204319116497
36.61411240520767
45.202198222234166
51.913267962524635
39.31904330445212
50.42446489714236
38.650867118639184
59.91201927145187
46.44482333321699
10.68536482565694
49.37606419126326
25.786061322657538
58.26908656613809
20.611332155306172
19.913080438642794
58.408798010778185
51.57803091505141
19.841160408111733
50.835578313399765
41.96359170974627
3.18736355284711
44.28792177672371
53.43069136788928
39.34275550866863
6.111055082705079
37.93277903533486
60.60103441953343
57.453947329383624
63.815195687961776
25.962537340255125
12.734854328504689
44.942653982645055
4.226610831946232
54.320271054974505
0.011733078159586796
49.42772141074918
34.555589694351156
36.1647346859868
55.28910448505164
48.39219388706819
35.41111206064272
6.555685869007554
60.79662941452586
53.17730234961916
26.408027348984646
26.072162227292743
29.201657541648565
42.6274821150934
52.69964742269381
39.0820924986522
62.96240402728411
28.316857701661604
37.411284330594626
34.38849579669419
16.085607713528383
46.04660946061291
54.705889168003125
20.084971688012907
63.454491797574
27.127438278959836
39.91738988081905
46.1077887510236
51.288233158938695
