61.86195426408488
12.266459315983447
60.74105336108705
38.77965390640286
20.218888115606852
6.045613867762256
57.28211189689298
56.408724123537766
20.65430450129356
25.773826981518198
42.05920369528621
13.176437306876139
44.00462094942141
59.892828662685176
63.09966299823079
58.099971299537955
17.654110149081937
51.62678089423927
62.46574340917725
63.59048393733255
63.11849964200005
61.38939380541789
33.756307849538544
8.752520505041375
54.01752814424481
60.497772006951784
56.66695905020867
51.80813312932457
58.572124932852866
15.8186422456411
12.102084595817068
53.5670715655186
17.932289915201615
51.412569961320244
10.442236878541756
34.46986290982567
28.197181134717084
39.48814460084971
9.317849964994082
59.793658800025135
49.97646381938053
20.06000063591906
58.574510886565974
12.975808567698245
12.99111939060164
31.120466786297555
58.64719110463621
47.32580182917804
34.30066162392386
43.58632297161049
61.0517138127926
32.39368698126088
43.59607826849022
60.69232003056168
61.556205545449124
47.30821637454984
59.403490850333576
58.23140409911448
47.60738369329062
49.23769508967524
60.04655439702287
26.232665904583016
16.659010969203166
47.97836841653489
25.118305072685864
4.580045138122934
61.11120903652216
20.88124395214352
55.84976139278
13.140470736494976
18.15404069047858
55.628278242064695
31.50405700512796
51.764057306868146
31.73919680116765
45.19939044930608
46.27529116639153
58.802094351284886
61.75440262897965
41.49268202517697
50.07307750643178
60.994135483847856
32.034768092230664
38.24146223154722
25.48068510364355
42.82925340748572
54.47692344433256
16.045642008292376
32.43740925557782
43.08364074754502
20.481297032241713
46.96726303163906
31.565966482650182
44.31850024600256
44.42202781732307
7.718147506234757
42.846989625554286
23.51602003467064
15.067300542654358
37.43720972622495
46.026645142925304
49.742532467316224
28.820929795232132
56.533420485875595
26.369699145195575
57.641950552675354
54.05356266252812
58.40997748062864
26.755602744517148
18.16863587614668
41.86392096804866
35.945137602267195
28.546948551370328
60.7103193327392
60.090560669513245
22.94922084239594
47.444724672351285
8.192935958977621
12.495891899925098
48.33828538121729
47.48552940350646
27.123275710495655
17.097470606430115
51.95230004316927
37.05526747635862
40.32366988531252
48.76356714021166
50.583479466426816
36.26804612006203
35.254793913207294
36.400735379908014
36.55251636256633
45.69765378213917
24.76681698927778
35.25879335857108
51.03178083202422
14.980815351261619
52.432517575917814
10.211836877642178
52.87013664515144
19.8644128672019
23.412624817668082
29.91862122649681
34.409974383986714
42.65567219709307
55.659482434320495
50.788888748698625
50.59825871676135
44.542278341848686
41.443625024041566
44.57148129642239
44.15540617916899
39.640702426782326
54.02219160730515
29.819157402845626
2.219671571216395
37.256846660793954
32.71657381139394
45.03111686595575
44.87057925227825
43.5954829923331
34.51519217057458
39.182423358715184
22.824458784168726
7.3557246896735435
44.989304079556234
28.31726082285968
26.39976698931865
25.89124788896622
59.35296695377773
50.33572845731325
23.896223915034504
52.693041242615884
52.96862798037186
52.788470937089244
28.19036808202351
56.541029317487684
36.90599447352978
53.65932679233417
56.29297164563158
16.028193869785618
37.739050534320825
7.921161350812056
37.45308530064834
32.168122792519355
63.30152165983311
18.517840097335217
36.65735367565664
2.9683081407290146
34.79979277713228
52.04797283283466
62.534842701027024
47.298272228872676
44.87508107990669
48.97429718535322
41.710989586652765
51.113301555623984
43.85513928006057
41.272560542586014
57.003204633742016
59.94418971652241
40.46905686639283
34.54391772053144
52.9119010682928
60.57811141746823
40.94197662924631
54.78190910732074
24.717123896551435
58.99166589075204
48.01075783058345
61.80480992552745
32.23048993476054
17.724885890894456
34.504745756042766
43.339746832518216
60.6632989138686
61.18180462943827
14.122716760526139
32.54039951678523
20.754250215335098
51.43767084400782
18.07453005690634
51.938784800138436
14.159834925891566
8.736319551105304
60.37296136970654
36.10881255106503
32.485164639345975
56.45541375771757
58.16594967803349
34.3526583592302
13.855540522624018
62.2308706706499
38.597722612395536
31.250208059513447
55.945378982764055
25.914358043861426
27.766416121978672
20.86177222053646
48.476005090617505
60.429020185175425
60.15519271364752
45.85003607583368
54.43522346036035
57.992875972904926
63.44933278630876
62.03830659732935
21.106352796758586
49.25250990844309
58.74929196373547
33.45413284639993
61.95852643227031
18.948352077394937
60.554759309981236
34.35501987117956
43.50225016311296
52.97938364763499
7.549566836924271
24.806115762029663
35.401648582938236
60.883553713981854
26.821690632962934
59.75556909444758
44.622784408153755
4.871441254605514
51.7781462683289
37.95566148162995
58.47950872333787
47.969846064475846
6.72339374458398
61.40752735592533
63.24347583604122
6.046984191892776
49.98532582961148
62.74208881332938
47.549252668362556
52.57619284192063
29.96702143242971
58.19973363393772
33.52740954100476
32.17584107243101
29.820591944187328
62.17193913780098
8.65005472787783
36.81275875105162
55.05442881375515
63.698931058054434
51.08762377734233
52.97427420954365
19.037075062834703
56.836326026692106
50.12023438986341
47.04913990015445
23.091005229230383
44.29043086198604
56.54987271734259
63.719055287848605
53.80409323395546
34.79013864025907
60.863439275551634
62.68751491188096
55.220076518117445
47.69713766111094
53.773931900292496
40.14668820147462
5.985480574511058
49.94736249655518
14.981280175017297
29.80779594952189
40.805883324780226
61.57004954009114
47.562437195829034
28.697031645177702
50.48765072345862
35.3163440153761
61.29019981322719
22.58929141572419
50.02772062363909
41.71073364543824
61.06162854267765
56.51868923209965
52.23307665344936
18.814761378780226
40.0267612164328
41.53310652476464
47.0166141952396
53.02545033685702
49.31161121248588
20.212860306536577
43.08983264581417
23.83328047686082
27.66161885837127
32.61996007939452
17.372345460701425
37.23637001933169
43.670039553688916
28.67827691544
4.605457024304187
4.07487148584913
35.81518354110706
29.984800651932062
27.292150098944504
46.12564431911064
45.114557002673536
39.67728276326327
35.81634326843992
55.629153865086266
2.848721737419801
51.70504602218881
17.413590227808044
47.65401276342021
50.23558157128923
33.843968754448525
53.35559149394647
33.76901260419088
60.14629246807035
35.145293117678136
42.85933859863138
22.705410716424304
17.554720079420555
