35.07856739942109
35.27591189510622
24.34308101783605
47.724215784863745
46.54542512466435
32.84677796295191
59.967985938201124
38.414802576352386
29.780702344013413
47.07503868900394
33.68887862741124
63.87745140524384
51.74066042500698
43.59756827046583
21.936450356692205
58.40778282010011
62.02881687724759
48.75483147224124
52.45910451751771
40.541282366251494
56.66777259713132
50.302744827871294
28.442948940242275
49.30944753711457
57.224108160767116
57.85859524268974
46.24175580769625
6.552422214753612
55.62217228013013
32.20840734140656
54.42546578907997
4.289995176321952
36.882316424338654
48.45848036926314
33.8689821425896
5.9329811822698275
60.403454172591175
24.079129509760612
46.75143887340637
33.79254168717151
54.84559285466831
27.507399503066374
55.36374785261527
60.03536373828065
38.38459844566799
24.69574392895342
14.528528862274669
30.176472979484764
51.37346074749464
49.087148611794575
54.86932081697593
57.31752236036802
13.780154081780438
27.08177738874118
50.01829479767525
42.879601005747865
33.945348166083136
58.3054314096668
57.008145231804924
60.77466422294291
0.08408926775130254
59.82014857894972
55.036434754390655
33.15349198378716
48.47047065800194
34.41525580780733
21.660052794960016
51.88743085030535
42.85196929824969
39.892019138252586
56.90044789297618
13.093877748392728
1.9135402096293177
28.15670394340529
16.28249408323729
33.34344817805673
23.174981485220528
7.755749062032137
18.619607661709594
42.581823213872106
51.828467566108614
43.06378008213751
52.73703362611116
59.740984555576205
12.497841114722668
36.85505949864415
31.362009983046413
51.8776805804519
29.790023412208335
48.29600940904807
45.61775947350471
25.881375877386382
57.10963416127664
31.037297405913534
55.494492924059784
12.15791989494894
62.06480199419784
54.90688471098364
62.82054572132823
54.12551439335197
19.500665551120598
30.689625458729253
47.327626296299925
57.11864345114968
44.88199759905159
41.45831642745807
43.467716768528476
10.09441269830927
50.111178428716926
23.281440770263444
53.63038427542257
30.01931674683975
29.850545527206464
7.245674321392805
25.02960788852713
57.17385822317759
42.10528644770003
37.499678696118025
54.4567053101598
59.04756379550279
43.30440525406213
33.55072043795266
41.326441934118975
59.65939856928019
12.843269709643963
55.2813889215552
15.221764034704826
57.963911341091375
34.06557776282239
51.65488930404929
57.43879487011229
63.45705637765303
62.03827707879656
28.407364245688875
58.06645841749096
37.18377274133282
51.97506306408786
58.491991965895366
49.13844740122978
6.030442507545018
57.258902364145506
17.145699754300594
31.755605574627026
50.229517057852995
21.82202826708565
62.831629210580374
8.906660063646946
53.80330683543947
45.686587209424204
2.383398068208244
53.68474722343562
36.33757023645821
35.745224420737316
34.04524437562046
60.74803434032988
62.68478747706548
41.38857461787682
50.262036356386126
57.772165040247685
39.170583702335634
47.105124724648654
23.28737762080892
53.95626714986156
54.72416912132702
31.81758584573491
4.414188721948975
43.81941559097921
41.505696492160396
50.808844022835
34.18185411698227
34.793290642353554
28.578936307540424
39.17293329692024
51.2905815197593
21.086580317819724
47.94488413310758
61.896692255099765
60.93701362727882
42.78486820484697
33.01848266227431
47.24934411116466
23.899034452439125
30.645043231983507
58.08139195973797
45.17774248401773
62.05498386522817
33.732595619108366
28.73290497531078
16.11573383192316
40.46011575308473
38.09994109851216
56.6733437213902
57.57638175815306
57.086056645446064
63.219775869315384
4.209415572481866
46.89254127732082
49.24801317192138
55.071204793529105
31.016006956988214
61.48926521705463
42.22285000495927
47.337280248841054
35.40944255492677
62.111117933484294
62.99310320184335
35.635528109357764
51.87935374228821
6.184718987052854
1.964179829416004
37.5595226009506
27.588638273346447
57.13602283117003
4.1877407854463655
61.375313380890255
5.340469154505875
43.474929769370135
62.416004053875255
35.48869678618052
58.21029586317393
56.12764137057977
46.65756429173914
20.586164804737678
29.396603240304216
8.366243059398137
57.60110901206173
17.316801824816643
60.56717943946577
42.105008324610026
29.184616577367258
34.20242478721802
50.48149484818313
49.527841135673285
26.618994685903814
55.413409427931676
31.920979743033044
49.307625761457885
62.99305887411225
47.37165141175183
63.30043803815868
38.47917691087938
29.88789958108042
62.72482084670524
47.9831786847225
44.135379770686974
30.597156105241176
41.992150661851696
59.84551763912119
31.08019453145411
18.891932569970713
43.706098481387556
52.28572089828499
40.59260649579543
29.287618176108765
44.661028515562634
63.94029854825442
26.838962144856822
57.66728843880636
21.975897891060036
24.87103499304859
32.785318221767625
24.04120115097112
15.631219350200347
56.228918945820226
12.716205302970366
34.00840826498299
57.244873614835114
60.62972339959404
29.326579237508348
51.129342192637125
8.316811661763097
29.6864816101578
26.331152840245515
56.44899611736098
21.136556024295373
21.50458291679103
57.28579080066795
40.55082154639374
61.229232923069254
31.819547260614172
34.176369050815715
50.12463276898793
47.63295999835504
25.40351537807573
54.60753853329227
19.529740665835476
9.816602748493438
43.32086550565502
54.21548780402223
41.15021459101995
36.662495765494015
14.83118165289931
27.166503578010555
55.34484748155357
44.31811722294171
43.70678395720128
59.18454498874796
28.235959517770965
44.81100317335668
63.59642030422905
42.00702905100772
32.18235551545624
27.196266950251577
37.31993335661256
42.56052899052632
40.936531936744785
63.44979773624032
43.983706399368344
46.39451667055825
61.294948329664166
63.14381171158062
35.88545267195588
46.009335742705574
25.070739179043727
10.841129743724238
62.118641646981104
50.34380465963334
58.422666877976255
22.108726530801043
58.624259319276796
63.99672565281532
2.1152656194830826
55.383780535784496
32.049242426982744
6.365388551778814
60.63334437748158
52.67745696894173
57.52096498719539
35.940973162295265
53.14624083193398
44.89535724669838
34.281838637742425
52.71105604066548
61.668099204463815
39.104719004029604
62.3519163961096
48.084650540054014
62.765726764329884
54.915333359642815
41.57146085335418
27.357854017050805
27.12548745448982
48.28309262448977
49.86167650814863
36.82652687224395
35.215020568756174
27.739469907317527
57.02588343982364
22.543067522581637
54.0371560536104
14.318495361222148
41.47245484203194
20.675280883187654
2.671976252581615
42.056203257113005
17.32166469779804
28.33411696918335
59.18072808994805
24.53759717037925
6.736147078227582
