54.642815614707466
61.162142788805696
17.181365908753456
53.066123809212264
36.547979050933364
54.53641633197056
54.67572611814204
30.664135502320704
60.889019532282454
59.87113589670666
36.89195290686675
31.627681617324917
24.27866979510872
52.53823113565649
7.770880482588005
56.29699893254155
21.586235135068726
61.254253321000704
58.90676530315267
22.701127595799697
54.76090713459823
10.323118671132107
55.19412060411514
62.449523835853874
30.71032492110826
37.523284593221746
63.59550531178927
21.78715916596105
11.176213814176236
29.665535122460163
55.80754786373341
11.566593118751307
45.97397980267169
61.0042482184664
15.949950823355046
26.383331375782383
20.43593891116064
60.70290694725034
41.79252069730762
60.08232889022452
10.222936415474528
54.600243012504194
44.453494263159854
34.64498071711962
30.4334597729121
47.18188944318641
36.27303299728364
52.30883250476563
52.76772232788003
45.54223420295443
7.631510563373318
62.56066344844823
33.151686667237
62.579030967417836
35.52804758798812
18.99236543331481
63.80833710372945
15.020773034502938
62.09138359519336
47.526163002632934
57.785069425471264
44.30616676169177
10.688524398609083
22.983787497400073
58.92539900138634
46.30155279149982
42.43274476495587
47.74883379532359
55.79892231674686
21.604935232099926
14.262071341403953
27.464169222890312
24.92680008718805
38.175539891282874
34.872678031064304
29.193027897917865
49.12724143364808
47.8137637885163
14.90191998868844
5.457410672636712
43.52457559149171
60.51762677126492
32.20240090782813
19.15415877099816
54.352646704828715
44.72479152117721
12.469873430393157
56.44943628171574
60.74478966250487
18.627683176255104
35.58326645516391
53.89399410125438
58.30922688086699
58.585861629142606
63.61032788157244
58.48498533050359
18.590963623275442
30.550509996482
33.08455249146169
8.413156436364837
9.690319305264836
14.4842696685552
55.447682496318876
52.35386744480534
18.54084728448227
34.9411771837688
18.008982031992275
59.64973326411903
52.203741791728646
46.010487574886014
58.10084689668534
14.959321894728824
60.51800407954289
47.443574627680846
62.50066130161694
41.76111563235905
63.15092847894841
20.591545210019895
56.468731421620205
46.56048153787725
44.310129034979425
33.409843164076975
15.090001313421538
30.229412543398105
63.51127773429927
59.406402299915335
58.096094900346344
40.190003843626165
22.93899290618719
46.72722058213901
60.75446312045368
55.96705553334636
63.8473735481204
41.07775213285039
53.14382507832745
54.23843254931842
49.10735652091961
49.808258822862456
46.384177466267786
39.28904162753807
52.24602779467358
21.757410864729962
50.24767442814239
26.11300716262368
52.94432449566259
23.58587430184017
53.62186742811808
38.48352333517002
63.530285838662415
48.612910996624485
34.385396128586144
18.56389729820725
37.362668799916406
50.48721344554054
40.99015045577339
8.570716920996787
20.995112462458472
43.63220225660782
57.44899222776986
20.64016554777418
33.170738654557056
20.186137340608227
38.14641800184484
56.82153223981804
13.264101528848023
46.150865449441
52.72445776289902
46.16800405895898
61.13869237736321
42.924461065965374
22.95440058668136
32.029571539736295
52.073507577545804
56.36540618514563
48.69835687877581
35.13976189706196
47.220864735639154
50.36854634577733
50.38091951631841
34.75224835820568
24.444906241089257
54.62966112031519
52.814291288671804
51.275750036251395
26.797671176289903
40.46642085410227
23.59796004529067
58.77453533873501
6.707839061006084
49.824348504313136
35.13008415636823
37.21205439300692
61.32295853495011
29.271480789011832
36.841306366446524
55.88558631161972
49.11762363277977
52.25158094241161
16.368493841144073
56.74544648868245
46.619912726768945
59.68252479184186
25.972600566231073
54.49196516929039
53.023791972804666
21.34734846135988
58.95720155733314
38.23303614415455
1.6641916511831525
52.516044456379056
42.74034532976154
56.707806398764376
18.21058463731658
21.682019771350333
48.928724763285175
36.05342381814618
60.595177760855236
38.73170805405928
45.903246705465065
37.82883338547746
28.216624675885534
24.90941639493643
39.897565316637696
15.756439751827287
43.49514929538209
52.420120324795384
41.268218551781715
25.697515295772263
58.62781389864973
12.38471188403463
58.699698779145244
39.33391393601012
46.5388631390303
28.414392302585462
54.23309856937554
47.68451079451361
63.80055052140716
20.321610193142526
48.95858013532099
10.601766349898575
2.894666432789265
40.51003638714481
25.781106461780084
28.17459853493539
53.75605385224668
29.791366516863967
55.03311640081538
59.70468226923133
38.451121807841744
25.208402127415198
43.63948314403918
11.247368196183203
38.27434501905062
48.864282996255966
23.09711925216503
44.704850138996264
46.13729573450317
43.54598330271806
17.173072257246723
38.052181611202684
27.002096974630156
49.713568083194836
49.413952026782994
34.30059567805998
31.696794645722775
56.15722173427621
32.29103224417031
29.086462267491335
2.7053076458551857
49.17265866335059
44.58651240663526
48.05605160754807
14.475031278602984
61.7261702163637
27.527801439393052
56.8680374779869
8.71430051140134
16.955599029047256
45.060065259630576
36.41554164374119
23.639895513248163
4.759624971898575
30.963841220276578
25.87349883165512
9.110171804863604
50.12375287121104
19.12148155630672
2.8679917287814334
33.02192151108291
29.91073556276357
3.3043504488293394
26.31504654564528
17.182017760636306
11.730715318217598
32.636239123328714
13.992378342485644
31.97287974932997
14.193471716751262
60.610945367836905
47.6609892955381
26.816336043816364
54.23408305560762
5.14214813979487
60.81066547764025
62.449605242880935
26.95813792485641
38.7601898910676
37.66095246357397
46.09171155662609
59.370236559806116
0.34976575672494903
34.998806844678626
2.051256143038671
18.22636381946476
12.423543647880848
50.144474092437484
25.992552318369363
56.49887828268363
34.514536377453744
35.631457446097656
33.09731363230996
43.325003746003034
50.26698879489455
34.275364152918506
37.878033023330886
29.299949168748455
26.397615516785905
55.76567345304322
3.1901938305998456
8.662348355506786
46.03141338545027
63.89234553150796
59.46327694980408
27.09588567136462
34.409509870664635
17.708557158644794
32.63729179635067
15.530399229973057
60.252091009500575
22.334487773798443
49.28262094940645
58.684294858373875
28.466423914309118
3.6706037555404762
37.84270068498154
27.016196021646316
23.163627556940263
40.46121366266574
58.33360688677124
13.229715392324294
37.3528838217315
30.336895443954795
28.70830122910541
33.46123014619218
42.578588421319495
54.10507978613383
61.106825555506674
28.96027123675188
51.15132668717058
53.85559635016307
