43.17197881327074
15.240968981241522
10.756968069182534
55.43864305942279
57.79269860783785
40.615131563451556
62.00050356728663
57.854284907097885
59.11007415620559
13.439130004514297
61.48273054658217
62.99673525383749
24.069582859576826
34.727691872428124
30.129157944657102
22.003617455997478
59.26093169293392
13.040979000619274
58.57831622877907
54.28296566579186
44.49839890094858
62.51746673194864
48.86286014213638
4.240237612839387
25.378194239708513
46.67096142019528
9.40179763510703
29.362299179673016
19.639729032214092
10.467767174807392
39.76834461853038
23.2772541858702
38.87296159230202
59.78878587688844
31.65314897056067
48.1197679441572
51.78908900370816
8.194998134180125
53.61615567879404
41.832357923719286
42.59767904040622
37.2826193007227
24.456554031128334
50.1954276095057
25.47919048441404
14.69905765764598
55.053532094908476
28.999309683727212
26.669353844085897
55.19851602523669
58.968474623966024
47.72292547436992
54.89425212171791
34.58585796289496
43.273637848633186
47.554450067631606
48.36294527162758
39.48542664903189
19.832556610168155
53.25605226313503
33.04973964806929
11.552870028378578
12.178557617308222
60.22075126259907
31.790603250319045
53.05020840909263
40.75723137666302
56.8262857694708
30.42871784144357
17.483203376665962
26.44635666565391
49.81686456074405
39.636051972841344
29.451801447659427
54.709258558348786
2.298294000217396
24.73493521534003
48.696245366655596
60.508112230157316
53.943752366444784
17.005096408495014
63.27889631181689
63.19689784430954
1.9855430687266917
41.94195911529401
37.310594593364236
63.48968301620231
2.7568358134741473
53.23178627553307
54.68232990087584
58.21879877043869
50.3851021245436
62.582075673556155
33.853120703054465
25.515994682116187
35.979982392120704
27.168940685165808
35.5394915061244
49.79037054966305
50.463622279004795
25.849117732506677
7.913351959090903
6.9312837492656385
50.83916612389946
30.911684566801995
49.985497463054664
10.20087369019302
54.3013818585735
31.349590180338403
51.81633594859947
6.596360616227436
60.06722307630374
12.777253611808739
0.30285821397045964
18.002138721202805
49.61250048553922
49.47480483315242
23.855271843561752
56.200372759706454
61.350813377916985
62.2866151938007
25.175267480490774
61.99109233836886
22.530799399397026
59.451771513388024
63.51559586573025
60.41782182840924
40.95643522787942
51.81463886535109
53.76149852154301
41.089252510258504
47.24138565631056
44.779610463221786
3.1627506370852956
32.288812565142834
61.96307415844577
55.60487007274107
9.7695868046696
47.45340059335961
62.65595331842471
17.999593823806187
49.04398804853288
18.166745519202827
41.5374004942197
27.457758117125984
42.24509056443835
14.430126863126794
54.819398300313125
28.744476922252282
33.27952243107519
49.37597998703792
61.66764013715118
63.66904478259984
40.12459700860836
55.53286137104156
28.27807136775619
12.474669736293194
12.717630261784791
32.88206211156627
3.9298407641198096
62.02202611805967
37.1543896152384
44.93056802486113
17.819030789191224
24.519465394866174
63.05439220879541
28.87506475865078
19.06690815425975
59.4089193048632
32.995464945322794
24.959355445407866
20.67889136330215
62.60486175926272
56.00254670669783
14.184700011533522
62.54684214339595
46.06068319612439
18.20466081385098
55.372319557702276
26.452793436363997
50.442824681990615
49.98432445695397
45.28355668436352
36.500284748003324
41.37375919308239
4.2815541904435435
45.027179790095026
58.05667462345437
42.428175887938934
56.35710091323096
45.735807098217116
35.61685054100591
59.36867101829468
33.71314091927299
27.818745758137894
58.82008607310378
39.73232414178236
53.10587318539684
21.649170183276233
23.336212404754995
47.452433670359135
46.486913789149426
58.693809025845404
16.67337230627617
58.357440090555734
30.298320907302966
46.295583162807304
36.31863554445614
44.58104517702988
58.21888569947322
4.154657370151149
44.623741411814706
38.41082554162044
34.59299628565721
39.93245489659871
33.1204109124618
43.36325155053517
32.3708960057878
45.63495033650989
28.983143145753317
49.64615184146218
14.704982845119169
27.07373038512162
23.534418207419982
58.00069410167706
53.26766252325456
34.500642214986826
38.650058536184744
33.76050181520523
37.263544164448824
26.247999835382025
46.80551793773398
58.26583504452214
52.45740422240681
33.09193049800641
57.67205107593487
47.845093468847
54.88807225074178
42.09102528078379
41.78710725155658
47.034108016981065
45.887158057561415
59.28000189759573
42.13083681063463
61.160137746251635
47.924173275489665
60.880112045874824
63.04203285454121
25.702008445905136
34.314756014916405
2.5477902873687768
53.642062797084634
13.183967339105386
6.244840296088817
59.596051323481
33.35246247402925
44.61484445830925
42.017663191277634
55.53337786076543
43.475195004769176
47.36159775270315
27.62911199115606
22.94720520715355
16.32677977084097
58.634857231456984
39.28964048928452
40.78343670582415
47.72997992729276
52.547828529650026
43.71292705091432
39.88567593860692
50.958985728381734
25.3446200643561
25.96953761585189
61.73383811586164
47.607859340926005
53.75838156246307
49.421348797563795
7.264598866747782
49.9130087372243
62.83653979820209
59.885294880545445
53.28223730444098
56.51589020330936
62.096842861968994
4.636765292906766
46.06438594644395
58.11436367062883
28.67533139811571
63.50450019676864
14.980118863701058
10.994126293171774
33.20795490738866
45.32931558593698
43.187286299996416
44.48645497890735
59.94819668363629
37.54396375943398
38.041859561393736
45.461332765380455
8.687699335359525
47.49325164952372
31.624573106866727
42.09766607112667
53.90756538544825
47.69072592630562
63.378800165111976
34.744476933557884
6.6545367165415
56.22675161524297
59.909742739028225
61.243117204869996
46.84600004172229
35.51279031800304
63.1099333312216
39.216408861982984
5.733829715122106
56.00038983060419
29.12435301137384
0.8696074423149653
59.84974310660632
38.77468350379618
37.7217856241448
45.26271277857493
51.76907139711833
26.551926552442794
20.056441773414235
57.1351410960339
59.46984567307256
58.755487415482555
32.18468406030007
34.86498059337429
21.592762335224535
41.88925854511524
35.10219664103003
2.686064213432232
55.14983732890121
49.12249473203484
29.82074881931284
39.24814979795232
14.64879560302569
52.412640809541315
57.662731306857175
12.480597760186434
31.34005620887131
42.37656310334808
56.241969014717185
53.24815989915461
29.265680862891536
60.53676251690589
55.09895098614142
48.87812902526948
50.285602806412165
47.78729524630929
47.651196275269434
29.744764053880935
48.78342112709221
60.58888940236492
40.91910808994612
56.39574891044332
