14.864320878710075
58.60160558657181
54.548459428263584
62.21287588656554
25.26808791601416
46.33077214373842
40.855305306732916
63.97837650462966
17.770819331064033
1.6043679606584007
51.84427843513525
60.408473117093855
22.913672618908137
40.712761341975536
63.16014158486275
39.56213555334876
44.18932819653225
25.11316214247521
23.73405850971409
10.742410038919893
51.53110701723295
22.221534611436816
12.807649775297591
27.825335657954042
61.93967076097173
63.61688568836883
48.99408153001379
58.257732984954266
24.721734630363294
23.099238971868026
0.6527892190158653
47.92890939624692
3.1653854593542476
52.17307433103812
54.85424022908359
19.213972602159984
14.847721213416179
24.63494154530406
54.43766965465747
58.73579155408775
55.48864560213231
58.770117475882586
25.609910410571388
53.14560633509167
36.700344078380525
19.86815714927755
55.28641601283699
12.674333825941453
59.89066854020395
38.98992931651894
50.93521922716518
61.30344939253665
7.570512816593329
51.780595103404416
62.44057494143555
59.54479580365635
57.543606455383866
31.264058216686287
54.82781632597577
28.56116650557771
56.40417608668053
2.358010603030742
48.65467379286769
51.874887734943414
40.08962068838848
61.52858541985255
37.96693095911844
16.12144445659822
14.696155024947934
31.018195071909375
60.85762865995537
44.19256124600093
4.86013763753153
42.10386377004314
34.16805525690175
51.85001032523539
63.44379216850295
36.398598462416295
54.089635604661275
58.362735748786065
54.31346437179033
54.961536818802664
41.67910175128816
33.035799090638776
36.241416568953895
35.340594144731966
60.92890917610223
42.92747941925318
37.83066013807779
50.55591504509464
47.22566200888164
60.16469005733452
39.196297776697826
28.0126497617984
53.23255342944758
59.97307463565791
19.365088389120807
52.863525926115926
55.59843228730357
30.67745850396014
49.49755829047588
62.414427499126504
44.6430549321348
52.7285235299415
56.89282595936486
22.80230268931703
48.52207582578428
30.343519137572336
28.36765020998442
36.67138444612148
25.710404366340597
38.485670320468415
43.73547250892095
52.343027020305335
62.16361066819293
28.2814305566013
43.78273571066404
60.887176898278135
60.021674382010566
61.26796521810366
54.53639120924149
60.43165796497228
54.23892015313724
26.81906209632482
48.98480326883373
34.75616747779472
63.30488340017815
49.96636066538683
61.58577687365942
29.023025779865343
48.13870292641946
57.48066910133108
32.926596412925306
51.53989771626687
61.507925899085976
44.64166250047347
38.07186740416529
63.51713352702335
39.90731052565671
54.36472018743418
29.676666617323356
38.1397373214282
18.701021661839356
19.074224828161874
56.86692494769279
21.04550382820436
32.3848027750237
54.09704169141311
50.34163526516013
61.90171105897681
44.4209782312149
63.91140996300306
20.600557793517076
55.83813755006298
31.95346578977035
49.84115158584387
56.96514001092971
31.62126881976959
14.004251716707536
48.64214194361877
9.011819725614089
20.55912272887194
53.059349089311326
24.44049129784341
14.831826144130055
17.478650102756816
46.023307206178266
14.157369562854669
47.96552051559218
22.932393183714353
45.807538483852476
53.55696538143787
54.7399892200314
36.18225033057307
4.7873147599609
48.11830692172407
49.15999865896323
59.99264845195444
4.14467066960875
58.44276908014079
45.065304593264884
24.11959047500357
7.562860304240566
50.76319505520542
62.22156280348807
36.51340588909579
38.53332326389613
37.112058626442234
60.029959849953734
48.81007911022939
38.73541618857364
49.71496419142511
30.40653681290032
62.64433616620088
31.28720091858972
53.05132725009993
56.0664511973865
36.42103732787054
15.624712001149334
38.25490040806281
62.26963378524875
47.46712602240501
61.069951770879854
6.10948980700752
37.26726258894462
39.007998137874864
36.677717692264075
63.020696213066735
38.135299680156834
23.460106741182067
44.132745444581204
17.51355841610021
51.36336228699364
55.974337439142666
11.872919852580303
12.694048899025304
41.33232662385626
55.85061605412317
20.486135454837537
57.201264570903334
3.8263019708209427
60.76838807587562
53.8687185527673
62.81094681004982
41.67001832106321
44.199988996137975
23.404625222911655
8.207682538419412
2.3213733061795736
29.540467580926936
18.512318728546283
0.4486038699913948
48.03171808579745
36.843261211741506
40.36366604176206
22.694154785714943
60.72043475935737
53.27127301199316
34.40167323493499
39.06679841514574
39.465682214647494
59.87967281692712
54.4296860528412
19.536692603792893
31.030538036956585
40.01474720213112
37.93064194228478
43.7348098234102
0.9302576537169145
23.978856064783365
57.1832538156158
56.190481657198426
21.297442163854143
46.82249702742982
50.797087193026016
61.69350214920647
36.23928366929634
20.486384591622063
21.82708276231981
40.33635186141144
33.33087642745413
57.53489780615711
28.441142420306207
32.69097836660969
44.95494860042366
58.415669722083365
42.07675230496214
56.004224118352774
36.93349047142948
52.165706978820054
29.3920688948685
37.38343284950846
5.666370113242152
58.24011110030685
56.52598230742898
25.74040362582894
22.591502270540694
11.75348982823634
4.318628991409106
25.743725974318323
27.390497363275458
15.176888731455051
58.42718811237217
50.46212923983373
20.559806935626675
50.312572971848375
54.91980490580427
45.70786195194931
25.276151999354177
46.313969491473095
26.160692370786045
31.37519197047086
33.51175786938332
61.88958671882099
29.837204786679834
19.482239157371808
57.73910489007017
35.49627612510733
61.18184983399604
26.750878504154066
25.201144517495983
39.9553235687153
30.732771454268494
43.47931432896418
23.380682302632124
48.52982679168557
57.07311728767681
49.454526468533174
38.659465611960556
50.876742968955874
20.861706667135984
10.355326155807347
37.22864574263933
35.53369336680855
51.82889396257891
27.290634447260516
58.491406719308245
63.29616031561404
46.69324307184691
32.76561808756324
47.47639544764842
58.33927450370048
30.59333531716694
34.47583123096179
22.63532027468564
23.74147507179609
40.96575486613396
38.4974918207175
32.62890017104778
23.524850896853614
51.64510399583712
51.37033499728863
48.34820305271702
8.013782668760534
34.743799846639035
13.697006797565301
41.542066075909716
54.154619475469346
59.25303274212965
62.08686600432448
31.955927693939195
43.726932933396995
46.44835309906412
12.473502691274945
39.648269417891704
40.600321190165346
58.84866259390487
42.23922659181751
38.2253767240843
62.464715390541485
42.074982592883984
18.881573457320293
59.66905207200838
47.26044961158979
62.714125089736044
43.68620557514282
21.061191189342892
21.883830181354497
43.0608392995807
51.5910510406734
