60.53195220959242
59.37896114182447
60.42378796329045
59.45520979884912
60.843889416336935
59.934204247960615
59.75118251078949
59.84838629555256
60.348918708118354
60.08552819364459
60.36438849006339
60.83299698511677
59.767184310907815
59.381525617338646
62.82508892219555
57.92127703604065
59.34278939096743
59.860359673344526
60.464106869833444
59.52699625106795
61.16885191550402
60.34129744898699
58.547824566347145
60.755805342204894
61.014044830606814
58.97409122369349
59.61298362324972
60.384843085007276
59.70951978481341
60.54325226430938
60.37132625546534
59.783726534023145
59.995869354071175
60.636238621482526
61.39231384162211
60.49085585461917
59.139944625905684
59.90867119776776
59.62293356694185
59.6260384109727
60.689439677785316
61.08120895063802
60.76584050480903
60.05937944125837
59.33530135294225
58.654823236975105
62.58866617822298
60.07464419336473
61.18751367578031
58.98727739121121
60.036438391965326
60.90380931888643
60.951768969289425
59.34960546554266
60.026893341231904
61.90256391795444
61.40925776031119
60.72451650040219
60.924056198410604
60.37629291501562
59.886272781325914
61.1147297141301
59.9471666789731
61.37305865608967
62.254416364692744
61.58170234014135
59.325334424424035
60.62204522642331
61.056404645728165
59.81327673974536
60.59518621140924
60.5344494836336
59.55166321116529
60.194716671012635
59.12994548381423
59.587749681106104
59.66816128700533
61.19711200227711
60.680493297301005
60.714325355918284
59.812112439774836
62.35337851845998
60.76977148263085
60.89140714216167
61.60405075624104
60.640164009922486
58.73550728492512
60.53710792252432
60.67866765172058
60.074249347631905
61.52404068827358
60.60258612596882
63.778552244807074
60.64249383558436
60.06228310862771
58.85113358871282
59.001059887580645
59.342623586131346
60.369491505643744
62.11214474625189
60.31267046713268
59.43814586499622
61.13959810891884
60.96079417193753
60.42489680437694
59.64859402709872
58.827938163712375
61.50706592888136
59.6038442761627
61.016008029708885
59.89695251356373
58.843507243272725
60.47755374612106
61.032616975459575
61.02274263002335
59.700484116063876
61.384627307970476
61.7975131752785
60.42151642709849
59.21313763957749
61.991714048488475
58.5164909715034
61.66417008427422
59.87844061571516
60.15999509370287
60.73420152322824
59.09485762527532
59.76773568560775
60.8288756444179
60.10774243896922
60.14600671138093
60.17705472550372
59.70208219109656
60.405204612019
61.14024579990136
61.3421500306931
60.66432078943263
59.526078308277235
59.330564319623456
59.29411221871157
60.519471519316355
61.11825188159095
59.47609560356443
60.52612728902454
60.68610058470942
61.58784554388383
61.130601468231234
59.7729569188869
59.76743127357973
59.389659228394535
60.72039158164164
62.41242255230293
61.09003184433603
61.187854920616374
61.33162908579652
59.43369865617681
58.79031683921079
60.8599540078495
62.360146919547866
61.61659054045778
61.077364451070494
60.368209932339276
60.30225802702258
60.734176859876605
60.23883412695925
59.925379168113416
60.849435010023456
61.274051774247475
59.21012170672432
60.37219441656322
60.52159625969439
60.799664549753544
61.12714575115857
60.849330515251516
60.22103940804986
59.44039546762403
59.40866915927547
59.766244596751
60.86273001831946
61.077015285650646
60.46730042597018
62.032938115485756
60.80622483543231
60.61310921814169
60.76511712704889
59.108333615868176
62.56318557357134
59.67710069215163
60.098877619295585
60.172309823455656
60.95797717724296
60.44748197078312
60.10250385605746
59.28732348765066
61.16949732602178
60.01975417949309
59.14868484030571
60.106528949021964
59.70717268124257
61.14761040809975
60.42761469957593
60.03455257350967
61.464374266850356
59.16180429881827
61.87449832474211
61.84125279108424
61.73615264811387
60.501348578664356
60.119353396509354
62.06836519563563
60.64163648805571
59.0536947606579
61.062986835872046
60.447165113798135
60.12070405253737
61.404965617551454
61.95050726751584
60.6356835973572
60.743701704363815
62.11228935127276
60.6075868586513
60.42496893994326
60.9315897687079
60.13343005290431
61.394203111329425
60.35394739469439
62.49581626208242
59.6930322069936
60.76044760092787
58.8374437867748
59.024924260920244
58.91845540101018
58.503700163624515
61.22367435503978
62.494857354698176
61.629200810908515
59.151478002670764
59.58586526012044
59.5020859233226
60.77800038987065
62.06259135017997
61.39043697820069
58.794786511948416
60.53649574272993
60.593952660240674
60.11230449758633
61.253524838024255
59.34964894727711
61.69183556171711
58.45471286206546
59.964417419028265
59.77035044555193
60.62352042227025
60.15002930094605
60.01890854196933
62.57057693741605
61.388368016248116
62.28901255374626
60.083905957700935
60.13616788032945
61.855423739760276
59.9694565452248
61.43762786408676
61.333746913724575
59.10894036536291
59.77689657366425
59.184572515524366
61.00380736495741
60.754185023500376
59.49789029421896
58.76400893845377
58.83756510954091
59.99275969360386
62.548121417688996
60.60932617932466
60.748879889064625
58.83016819656078
58.76657008085914
61.643883130698384
60.380954786580205
61.69809001283063
61.89240733886781
61.73772887042659
60.5378439827931
60.98673425378149
59.62130823109415
61.61616609876854
60.102181372847184
61.05501935848141
59.418003543713056
59.749561442066685
61.39630020243087
60.89134075414179
60.64704079737906
61.534004602281904
60.5933864033099
59.88538952532503
60.899172686991015
59.9786915370763
61.315179144411864
60.9077949258906
61.361257532050594
60.51742019457489
60.02391696133269
60.21777917310655
61.54783195118067
60.365901440529825
61.17919981564334
60.865333579635724
60.4950113214674
60.42581235701727
60.78228122147906
59.72189704851821
61.33743303690413
57.63463971132669
58.856019726220886
59.861044373320404
59.22613259453889
60.740581861446465
59.497010424231085
59.5729834346176
60.82245930910297
59.81712648028299
61.00539313974395
61.261570730245005
60.320897923591296
59.97851260221907
59.95434733090693
59.75952492012255
62.37662127444382
61.44551326061413
60.19522530439962
59.40656932685169
60.00066042174444
59.06516526000764
60.9662775234759
61.10179168118829
59.68587756019598
61.76759733082546
58.90296346380964
59.68428528653736
60.72771780654485
60.602380864859065
58.42227772121349
60.309457561674705
60.28670033371252
60.36591425268278
61.68048771621728
59.289040324794236
60.97676987423797
61.082339659313334
60.963784606989485
60.42982405440859
60.891311157007486
60.986262024026864
57.92665997388698
61.36396004527527
60.25543962086468
60.50686405452144
60.2143238986211
