10.92855630065116
58.19256682320263
6.166838355107302
7.189383873686545
56.96839252167458
51.10141779575599
40.85302792192415
46.737080796688375
25.75355453970888
57.39578023000309
27.977271304160276
35.86126264396839
62.079664224711706
29.92840770147204
40.099366452491196
48.28487159183482
24.509450177388402
12.780420824634454
32.756593099200984
35.595890620603676
4.66957729486257
54.72216922261185
10.470877598553223
50.81890087178882
15.140091122819683
46.54024868212974
46.16313196450797
34.30180075300933
53.36648064585303
44.89550182363402
8.674127207375925
29.705927104125536
55.69092734242653
62.018152600521475
49.88601965628466
40.20011342055028
2.48839685932937
53.75684701062039
26.641030467714607
13.994571611055932
0.9603905454821273
58.07467856238563
50.99058649503782
15.501886108984827
53.21670847341145
1.6513452404925957
60.076385235802654
32.740418838048164
27.221979379087593
39.12189729340881
33.84936406818205
36.63324124740351
30.94734326262084
53.53093455029904
20.56937091737609
63.325761319540774
27.527799993387482
53.10566434697854
36.132611762984155
46.27598965647062
61.437111815336344
57.96699902337301
52.06607590651692
48.85813369956671
0.3772583754434464
10.10656760598475
56.75536750069196
51.396884269200875
21.990864100418108
15.293014471007183
32.11265163759913
51.5103360200578
33.013233780367315
59.419307139225545
21.272602535085163
60.680013559167016
26.270127723255108
44.02326741255432
60.59876647224663
38.22199456321824
49.13518771271384
35.570920773426224
30.70093052423337
60.599518985852846
6.9882636270339304
62.83192887223169
2.0800427824008523
50.27156877035909
57.69258882828672
52.05484198317771
36.425358767852316
63.736075820005176
17.6829303936198
63.87885979744152
32.27080223614671
55.48099135702216
51.602554118363216
63.62979768608524
54.2117023759408
13.778378900478621
50.932377739520376
50.75858701201422
1.3831632058395869
54.42926681989473
42.913896624300484
55.35088102522893
23.39416198160888
20.01421776867039
27.24690562131625
17.405598457106635
16.428686367504753
38.55091077688545
30.722821333045346
28.75336382150097
49.804847458729874
48.578155396401186
51.82242887387396
58.438017768895406
47.99867387637693
53.736869351244486
47.02964523756808
61.291634059896495
56.843536152920755
49.40848308295644
52.24652876652285
36.8296958806
49.04472626961831
4.137598294392319
4.347552038834436
37.277923812230426
62.703997300322364
52.41801995759894
31.62763591879296
51.497452684633544
32.41625906122999
57.506701548841015
11.857367739753556
21.66015283932935
48.29273525757195
23.25843508677221
39.74688675120214
38.01454372004103
41.86357246786517
10.906945825004684
11.360837181288488
42.28331701767242
55.276414566635424
47.36520510921834
63.43012755002029
37.18010685647279
34.42802934871544
25.884545858335272
36.509487030107124
24.715919582059016
54.36910214431319
58.432218405295764
52.92091132891007
39.80449680869952
55.203754083285666
49.374185453311114
24.781866210842352
60.85687238771188
42.44600157347597
37.86833954660152
34.75031578533399
61.56149330841175
25.812143727407012
12.409388734824603
58.05455548621354
15.418709602612566
40.90064392363304
39.56152956188719
17.15404236747286
46.0005739030959
51.44176951831938
36.686412227222334
41.43363291656753
46.037735004115596
33.96139997524007
53.19733054883152
20.668893455416857
33.6127996615252
42.58058881814878
34.92899679683956
56.56353667452395
37.66185296064289
20.373857637429374
55.2120910889155
21.979192860720943
23.489229966826073
46.6206475019576
32.16166573950816
59.96174919636911
45.3688545658957
26.57939445132473
34.60279795073657
28.292255423849753
63.36311942353627
17.022362867383166
61.15373474989553
16.364573393860724
5.656095673003755
40.41646540912939
20.772180964630166
24.85808027373853
22.69326493164398
39.47941296662982
26.47992955725151
62.50913795310305
59.9549287138854
14.886705773555732
58.27940110912504
61.12357909362248
61.29743020808599
31.860587090086455
46.94506000044184
62.38510593962236
60.17380934938011
27.116356593277104
35.763168180087995
42.64477219936198
46.092242418524265
47.54398101704103
16.25854845059547
16.063309778153027
37.067176507132636
52.117712931684736
59.43048829035204
21.408303769215415
5.7397532193162135
28.457543513270267
14.806847697855694
37.67896578345014
47.014320425485025
57.57993590114924
26.52140745440181
55.102627204226735
9.7022348649093
38.815435612936426
40.89901626725951
58.806009850670364
14.63879332510605
26.497567148626096
46.54546946540435
45.86420282339155
35.445910167106014
24.64706113801511
43.10691527861886
49.67796315160462
45.73877118059126
23.026286683942935
34.27959582240865
22.503559448950234
49.17377122780784
34.383240603591645
48.92831843614396
8.67684631605075
32.16356624763266
40.18671480765126
38.14775746648951
8.145935101001228
23.76423733637978
40.41266883495936
46.72448608634497
56.39942853428902
58.784821667631675
8.89839533759055
37.24116746825605
45.31452351563636
57.65765604332585
29.841126142669545
59.73199497358011
58.418369066796785
3.374465953025428
20.455952614240708
18.436879777508608
63.49863098149623
47.20687057429758
54.42067694985839
47.794071238940774
37.22271307671668
46.86414068335469
55.129995774164186
47.34519467692071
56.3342957498907
11.893011380522431
44.23287786669587
63.584689223777225
41.00864079410988
7.566908391928031
61.415825122503875
6.546797947187251
36.594743392185734
14.98599255066194
31.728177286892674
0.815605395914595
11.741189714718686
38.85406885274644
42.00113824904801
35.52126653900766
48.150206961493886
7.768435344241645
58.62279768344099
53.73984848020175
54.13182368279683
1.008483103142865
14.008292617400983
45.557735415562476
62.114289994106855
35.74897794243819
17.485856066006406
36.17414861988875
55.54189110101679
56.55830406228609
52.18771699790654
53.28703389014968
10.42653790150949
19.032955933948763
37.560180919323656
21.760963116356734
30.181695277599616
54.933776969614314
48.94460607698681
41.70888684770894
62.07742069087374
26.65146559689024
54.461895352239225
19.537097882401717
9.525740774236532
53.68848586872798
58.11517061917306
18.82295943754037
56.588351538425066
46.078371775896784
2.7385847679256656
53.00833189087195
63.5407971287883
59.2321697209544
56.20731528381373
55.73251791048381
35.50344285370545
34.63812298289363
60.98683790876606
36.253512398378206
47.99024158479372
19.644873280897933
9.081361241860343
25.366479488333425
12.351483413147584
51.782054914881975
45.62429189791643
48.82424092936793
59.399805225690805
53.9833340187038
56.84660558280438
16.995396736539135
61.95838859305248
29.516311528285804
23.251372136286015
54.5386475655114
2.0613590399790453
46.93526896812352
52.67000596462943
43.772791650086496
63.072193273199005
19.424652704848533
26.731797370906335
46.10010978041526
55.18014670976996
26.752305582353678
40.87166673259949
2.0912151275448423
0.966328982379622
56.81619979236657
57.703172419248745
46.9625700264114
16.015601372399907
44.25351516589026
59.49349802951008
22.297053066145047
61.6393879311273
26.50433783459983
31.430112445619812
42.58693848654588
55.56518778831491
28.415160615220316
42.59448690205833
57.57633971691716
38.86719010158235
20.42897930013553
32.177858064481214
52.89199642768222
28.76249463784663
47.60824372314535
44.78896625645501
57.944969040264716
58.20532414256644
52.82571891761866
52.80961168131951
28.40626783798097
45.06187432268101
25.398575487377528
42.85824444639172
53.474184593145885
26.064963746449088
41.19272715435874
50.31480887338147
25.087155327810848
38.86862828100698
1.0675211783108196
44.00482130889697
48.514209786591806
33.359490137446414
47.14147869313213
27.806069348158374
36.242682949121274
57.50751089182142
52.479497928417025
7.350576309963152
30.217212683355534
32.92871467496795
7.9170920407539995
46.089899393677584
41.3063536878105
48.837906379383305
42.02865911195029
36.76667110842466
44.84375006490185
42.78103825182143
31.565484257362677
21.29149209633831
35.2229157781182
22.771255759116023
29.530909621329123
25.790959445067465
12.23055792951687
14.250060947916019
20.65832459019967
49.04310204764697
31.866582191307494
6.129452851554667
47.626530785555545
41.56681146877012
40.749356085248465
37.41100299915743
30.097862971533594
15.747868615819272
50.41062112505825
58.35973718413651
8.411273206370737
43.46891369094965
56.55821824932364
27.37622753528784
53.639405570715184
63.748605322195345
55.44579253814232
54.35331253682319
58.81801280508751
37.205147073104996
62.63569003753466
50.77573775903126
41.51264357491695
61.02908892803432
26.80005141128599
62.31724435454702
47.56351621246013
11.091626962258324
30.978526959070606
32.0896036274281
3.1899504417814697
55.39436091886755
62.88208953548989
52.43456863695126
57.36669221223866
51.994893499098765
10.544292523638873
35.73633075611016
58.13618276227398
30.824862861812782
10.572478136128815
28.296741438001803
4.755904557194221
45.58924819697923
29.02170937578854
18.56598528655835
46.911854463746174
62.575423675722924
52.68175756650636
49.82413713878066
50.99728252426387
55.48771920577944
45.0308358370486
36.10092374784574
38.52176822047701
63.13097027707662
24.824773403901318
41.57469658685959
56.75766564925401
37.51169168750013
21.603619524397764
19.816081155804966
7.39469089213857
22.393759948316564
57.78924921484757
18.58636051954533
55.94910306529768
10.684267166923192
52.933231882716896
31.477338478404775
51.773486986867645
56.85659560102474
59.45362115274093
23.6371542496
45.134001173017985
59.05296960581072
51.33573125593747
23.425573929870772
63.529979510407614
2.000382608732302
59.57618545906751
53.74888422711401
39.537752395556176
39.14851571283021
43.657222437730056
60.64544605180756
11.716450320527997
28.28608625558043
43.85471138212866
48.864185931225656
63.661895845233026
60.04428063611232
16.200793545850736
33.17166517524031
16.490575929295176
19.341792091379595
45.63446524603515
45.215222735349826
54.64210425128604
49.674425429203566
42.35203635357089
20.643199606334832
55.174691412061094
29.603794683743203
0.8269391127385575
33.360292513046105
56.76327343580573
49.87055621860313
42.25931359266104
33.87612415734654
15.15269244393842
16.66460761335602
57.80358251262575
28.20063745241709
57.844271585371736
19.55194651212711
51.67408042441876
38.870411845905764
45.052078893965614
40.45484492389539
36.55600222070309
47.79174998600135
29.464456284794963
44.96290117798979
52.28024939720182
53.846466805501294
27.3775879778834
49.426849449508644
35.026402404642134
49.85273577910819
48.401266902558376
46.68348719443018
43.68919784261588
43.447794155405184
46.237309575131796
28.899696073998022
53.163301968051826
51.414215935653885
31.232923240922858
56.53630188336747
52.1618869058491
61.886126709290565
55.94903445260825
46.42122705034332
42.68581218166442
23.906401467852362
58.17408511519946
52.29174043154487
52.08167733479114
63.36989725348531
0.5805360550818719
8.512037445361237
56.794327572163056
62.82706376239511
59.898620593396544
53.82326946220226
47.79783544863536
23.835450715685205
54.84342771495349
39.58583866447004
35.81213674856694
24.139929243686765
58.84361730325779
61.468493279634714
43.2027071354521
38.26344239084617
43.27507915166086
59.64847252556986
47.757341552561215
14.740830743285585
51.7279715076912
33.61486479517656
52.63936083743823
35.986637637127146
50.071764065616605
34.96125517948272
61.09902081776884
42.22125545353277
25.309335175923195
27.957297530063364
56.768386658888616
36.124126923470854
48.71865665920173
32.30342048856507
33.314892463581444
44.93265097830627
61.01723894962982
57.48470981006573
48.40787480620853
41.75884613380303
16.53211052146201
54.53287112127964
40.54844118813433
55.21218267931666
18.349534576821625
34.29868988814926
57.44797204367548
47.23668648001776
24.44901658653118
34.77572196257181
51.943417477649334
40.654660866469484
16.97438946933127
46.964607733179456
44.46061714656853
47.469496007728885
52.589760824856185
62.28479597311591
37.67246093718006
39.00507803829639
28.697449953288462
36.26395766272161
3.2163026007788673
58.28683307768151
20.710965686280623
25.74688915210512
15.288181244726701
57.48708469534731
55.36146067702552
33.938941599374616
49.92296330304689
48.48122076921232
23.796037700076546
5.335286391298375
42.98818406824043
55.635271506834684
27.232215903858425
11.606544624648635
39.79654256176187
26.453187143254702
56.790972856781025
38.727597067712914
57.815417772988305
37.20115351023977
5.292627986415802
43.23479350495971
49.12276381820097
45.496099229248514
55.52880999137598
61.535169810491
26.02717794993879
27.275267551348016
52.965543798026225
7.566604639938845
37.59451131990464
57.11401570135796
17.245474316102595
56.55470830787277
58.79543095499836
30.42347558386801
54.88143293711146
46.913862575495514
60.358955719963994
62.55099066198
2.922571425151851
29.017332129397438
63.093059255885855
28.01992658851656
43.502650253923875
57.279657801654096
35.430106008882476
50.4567265884895
39.687285290239885
62.31855372966013
27.40562713563132
50.538695137859136
44.94634328973892
62.7887833073726
63.74721021465426
4.467361554205482
61.43256246679021
54.086207660373844
46.52669623126348
42.48460512222464
47.34376298495383
43.34980059011447
25.411331029765094
9.878245305418183
60.3113884028897
31.410887179093336
38.075461263016045
29.16813955576871
16.667084784163364
41.18382147939239
12.490069014997545
63.57799510007664
19.79987293673564
50.163869943534394
37.84934116772788
32.40841723116021
38.69488034949465
39.20178680389071
26.281069964228642
59.817483734259355
58.1188420034303
21.697011029575812
13.845125782610516
63.343189643025106
5.980792354357703
34.26637047315635
46.02729346024031
54.46208511751252
19.863776120101925
28.729731251505477
36.479393438542026
58.84889639315144
56.695461842351364
63.49308389384662
40.40995206501924
12.780843626611095
34.63328804559845
61.031842766496176
37.076259959805995
3.915661669483839
4.435848622822149
63.38105565082703
37.59494032841382
26.58855357968615
24.643102630699957
20.571937744653354
61.35821281735998
46.8427567594648
14.429549284633275
48.536900883966034
19.6355875695415
57.39926512902505
54.66441214437487
47.839088252613095
31.73156946169891
46.1786817066815
39.18847694786344
28.497135278213285
32.44815909642419
18.58957444221769
44.69328862090131
31.202283718549516
12.144528958056611
48.383685902278536
18.574352308331896
21.97206797429768
55.21690422474261
45.41144033066965
44.945053069854495
35.26692614536948
31.372094890545327
50.08405485879251
34.36995386356943
21.979248609228847
62.51846552648295
53.651197306090054
1.7726488721458225
43.164240809276535
48.37753452085646
50.72949122854289
62.597035599285725
33.8333793243307
20.700325725587753
52.29007083831358
17.379522274958305
44.10599834222906
47.731181144023964
49.902699236854005
36.01936585893099
42.87631865725561
62.81596117773611
0.08126741753669364
47.96631564249638
59.36764156878449
42.580039282713074
38.758288588754525
37.77029811053096
24.399195705607674
8.417653564593003
35.5131386747659
49.40178898646136
49.80304470388076
53.16996967439129
39.65895172888824
43.373063165143805
54.101281171118124
24.132726673581132
40.13882677108971
19.3008616672112
31.35071457027034
50.140983982297016
45.33679664963835
61.07120738128985
59.9899712268649
22.574251530625872
48.12187580628572
22.133865119046995
63.54240716378998
31.820134654062308
43.80009392164911
36.463166671135696
37.78396100398733
32.37971046441327
39.99787602163501
41.85036576330633
27.180642061650026
6.221809112396038
48.852682726405575
31.421019335229666
27.532766556116016
35.811097573138696
55.84720407050088
2.0419714076410926
60.33450519374064
32.81706267072505
18.796318123928003
43.9367934867407
38.75726085634159
31.094975763629506
9.994310221208195
18.887958099217585
7.653518052768177
53.61557146162734
45.62792713086919
52.36124205806525
51.20608290222487
42.04388553232548
12.984296721730082
61.89101953005975
42.10329326589858
41.33160083457237
62.12417513981213
10.249449439154837
40.51105282017474
48.44106624612003
58.960333470048035
15.871275411996152
37.20262754330392
37.65883861745495
40.261228870989456
35.82424234125672
49.31418516105997
31.83981701782306
58.63859487692614
45.621626068740525
63.92271980819699
52.94222715742594
53.44204558635981
51.02406481817971
53.217556045216035
6.567400628620192
23.86053828208835
12.210640347230282
62.381252292469966
57.524790857298086
40.618148086591134
2.515361195782262
27.836871594989
30.751781286779206
60.40198032787175
34.9042222306048
55.03361971298526
10.770035853156422
53.1545551641039
56.90698590998454
28.95202583288362
5.992094942626551
35.66193094945761
24.727790688243594
40.647354016094454
43.12980873444895
20.369658249231314
27.536394393751145
62.658966166676315
17.296477652110994
31.6304788643069
57.31085472404878
39.05148284162135
34.65271597782025
46.18817921200012
56.984319245654085
50.282994912465384
55.09055062909169
40.239391741640766
62.90063128750914
22.365754089197438
33.09355755124275
19.01749454424131
44.72034792819199
17.980673783598768
30.162867178940452
50.90158056848693
62.08507446933099
54.74345023217186
54.81125089894225
39.576436107490565
51.021361522794386
29.09638034010996
58.562910260090526
21.853690923236506
11.757768440313264
8.530006391291685
49.165533499655254
62.85436438272373
10.621110140209097
63.1666222406017
30.438814182494525
14.743040861429733
58.99332992151538
45.65501269227941
62.236040706373885
52.4696580964397
56.41612071557481
45.287640406155816
18.38035468740695
25.11902611421631
32.0927524224432
25.12743203446557
37.49962620180106
53.21427743697962
43.61517251439632
6.2670481562589515
30.84184641378352
24.964770381867424
57.439283283946594
31.146156702782335
55.31950117089689
27.262986998326042
55.76212365302646
51.559453911389646
34.39851907910798
15.604903001412026
63.326516803809696
29.021258889470296
31.866721539822834
40.69311151941304
51.49972288290688
37.02200023104744
58.37877744421202
55.83772414710182
2.10705535002527
57.4736190009048
54.73650667674352
58.98111088567435
43.96927029479484
56.23314302971712
13.573984563364682
58.62691509790372
60.133062517204465
8.722832396730134
47.86005265647891
56.18202511234857
9.739006425991477
1.9050289507209897
32.86484378526395
42.06397463266549
19.61499923229472
38.22532355126751
53.876893128109245
19.178056708899412
59.72176889971013
19.48034116172021
45.876853205629146
29.62068147690467
43.02686409303448
50.43831293305373
59.28905680693504
28.79500083917398
2.6491862697831934
48.57336519267462
41.5074774747101
63.14374235106663
51.47451619764187
47.48553206911198
14.068234583828314
38.21758386533494
21.41931059662666
50.87009555071085
6.455117512634466
40.011389669427146
35.1449885981842
44.38880523261716
45.841306785813686
29.26319203920987
58.955649990185265
60.22359028196449
52.437996424571125
24.361864949526854
48.77172339321102
18.29918827103969
32.820678319717956
47.41943361381093
40.95330073125878
57.64682934305299
50.128931546360675
24.760794508309004
61.11891255625956
56.63671726082497
15.672685996451044
49.0824331379814
61.48085893463026
45.2310009776955
23.463931892472544
0.039675479238475475
54.178422270993174
44.063581631391116
48.566758099204506
45.1846963685243
6.4007145680086595
8.39372149619274
61.70378553328115
56.38898384800598
38.13889816221631
44.91233231923953
62.849142068102495
32.076336380194746
51.27420996154775
4.0824502233049245
42.9997048370492
55.21191517991551
54.698492507236104
46.24475268004599
31.975620567532793
22.546751474395762
43.78047918742665
28.53976431968688
58.509341995070564
55.3037588809966
22.69727965179306
35.75981744249874
37.03813666801335
41.205542736884254
45.508546278712046
58.908338199716
54.375000718062665
9.690259105689584
36.14525956472661
35.142346218188
33.900486301930584
57.483654500185196
38.14420209592565
53.04872257235248
28.26427779130581
38.69120697682911
20.42140595876127
32.516754330768165
45.869244413665626
37.80113366116794
20.064156702558513
45.870821783858936
49.838457114085195
59.038006378511994
26.84219460153983
63.28575184120401
50.20484664591716
45.33195755780349
58.31012843872214
42.48379690006115
23.987259368880594
25.549395398643206
22.14250891249722
6.017119361792226
55.734920662599976
23.74584998198872
36.66176834691392
15.199175634581252
39.48436087237815
51.239754386236356
56.216210010451036
31.499788401340787
19.21096490146315
30.11789875535881
41.31544844368062
26.13312436435831
13.843132280253045
37.518554639284375
15.09650719685986
50.713935561605595
30.431914429847993
56.249562585233
55.17454334727272
4.5499222450491885
62.87400980209452
49.82739883411148
25.0435095114507
60.92536840266467
63.64557902847474
25.717760103384734
35.935916037862285
55.878335958859
32.308834287329866
30.646970092315613
51.64648211615885
27.745650582521776
37.40632608783096
15.723383908747394
30.432400242773326
61.68528474541408
47.023390984296626
34.90502450081529
25.76443035285667
39.868254158366156
21.44167529398065
62.700928589947985
58.16318708003477
18.399684635300808
23.4779533562211
47.030091791231314
59.00282915865274
61.441753511734156
29.11898817845796
42.48057791832048
29.902237100790288
25.75670641357123
28.43739416626986
7.4182929965746425
56.37220785359474
23.717360463456636
40.13315753044641
36.24062048009678
31.130134930975508
37.24832446964611
39.51807902406089
49.45642225717197
33.492803001389646
56.116266019880236
45.86758355653316
54.02716281780842
16.823212671660997
54.34303600180016
10.333465998075923
17.056020057561852
53.8238810391088
20.376756849069352
11.550958375496492
33.11642174333092
31.46782286574925
33.615820877663275
57.41595811764532
31.429933574858232
40.95999800096282
32.64423397764866
11.859910022085984
50.49785469114533
55.20814546430313
57.497694079140906
45.22073678362828
51.65591136972425
57.549343957665336
26.873028798869903
16.951582373265424
16.303467054705308
19.133535348817524
31.462725632208254
49.267708997428144
35.1490000608932
62.11297412889172
27.869807988570898
28.761257191924393
58.491729281787826
25.934022259021603
62.30990541536135
59.08547417680255
49.75621259018329
50.65976803943325
59.703902880672956
53.12839306102145
36.874097648977184
43.523785979799314
59.82019108704785
15.712236257236682
42.89389662443538
41.56437664461431
58.95312473052447
40.760695351152435
47.80043432012489
41.627690837625146
22.532794199906718
56.79984000634155
47.621166130125815
36.616875696715844
55.95011563951557
63.615201371131676
43.278602029991745
35.00211932986253
59.01378060048678
18.33112937833635
61.58050490631609
5.322427148447858
60.69078590924833
60.96279291919121
62.78938491978227
47.41026175745819
62.32902152166775
54.90487129139285
47.29639391838742
41.37085821710576
50.24754746335405
49.22797755088811
24.953281738013203
46.98811623343662
41.3008279663472
56.191813312317656
35.9377106628132
51.90565356603011
22.857471719311768
59.0907626718466
30.21575221459633
48.82590687817409
58.76496600321174
20.07167896911873
57.76459381074041
39.25339266259667
49.642553165514485
3.6343089144291696
51.68965407525057
17.876245675715936
16.4415579404667
55.91563849878423
54.79557570807843
40.74222675008636
58.320038959380234
52.298137041951875
14.457668377317958
55.480363146458544
35.23117240509937
23.25054008179596
29.87325374871908
55.39430861149582
57.26103828878453
55.717698025437514
50.13822886000036
62.03557446954905
24.51636654853825
34.06449271323438
61.283336148898734
45.18229281941271
61.12549704034227
48.40399521324334
43.99175144775121
43.88803868369652
42.71712459316885
57.96139008232843
35.55290926741408
51.11354219776067
28.658777780782124
2.125228516311111
50.24906457002859
28.543187633212483
22.859705432915653
47.87582340188453
38.65775005322509
33.13803321163342
34.46765110079852
43.91749190710682
49.83278818541468
56.39398542862846
62.94438053640014
33.54820302790196
32.09408391874841
52.68297427854012
46.981127661174185
51.10100314901359
45.62128044237602
25.97087289131865
59.364718795027024
25.3155208623484
18.576150505411334
40.04060433994661
46.57287085741057
8.42585605137046
24.283867562904682
47.35218879231788
32.72635986420694
30.868825288199815
48.448904254090344
55.02083524886566
22.00414181356099
56.464015861984194
53.21898521037663
35.387013649878156
12.546448717039247
1.8119923412589287
62.99581569523416
55.99044097101971
23.597951954025383
53.59791005585805
41.86809124038881
61.44045444882598
59.449723342388296
49.165479211874775
61.38021454427536
36.69541441688236
44.671465243811525
13.612015105863883
60.96917091256491
16.462829160851363
36.03511561887272
52.72809801724581
26.435603354226117
28.20166460669479
7.1311382328145285
26.23870665057104
24.750367643477873
46.60173469221277
52.942562293244386
55.24284020420562
40.98410604429873
31.84136979691207
40.690955840073904
9.918566782706826
61.25600758454199
62.17455223684182
4.146730264067287
26.728422821602997
55.85498244112636
60.393209457019886
52.10432914522299
50.162305233834836
15.127648727747285
54.33572123739584
34.04533996977793
24.38262354561857
14.780447750094105
54.22594969058666
50.12839874790713
53.31593941053524
39.26222688346566
42.711386164704905
36.28462228442157
53.783179975326476
42.54565528690522
25.756201858991524
51.1959783033778
40.95728414825474
60.67714897434149
45.67228376286786
57.55973865062665
39.02407322316301
49.5899381376899
34.29256282513025
56.945916368413464
40.81471534284074
55.91148359852823
51.349293707084954
32.34943600224744
30.71356643527922
44.80382185863665
41.889606310391905
51.787477170939425
13.011382651868246
40.19885169998065
21.02956789299087
37.484313935513704
56.070629779119464
59.45533402942513
48.268086289165495
25.963965081137175
50.814190603922654
46.5882191757138
8.165058606507415
25.774069024867906
51.187269616501084
35.194471817673694
44.85001657086517
34.43173945176683
54.72611863023309
41.11309013833728
21.84483373777922
55.46939926504221
57.4858275657682
1.8816500263053157
34.85117379978644
46.98380481022652
63.17618322523155
43.040810369977095
29.537138224156138
40.18337774385961
33.03311420430992
28.27538195828881
33.44222091192556
24.330291976208784
35.57021669063144
32.57135739529869
42.04327024205955
33.00706457345137
11.04519673764515
37.406041755734336
43.06448787343436
55.169231840275714
51.839523337827345
13.43069712604165
62.58599055915773
9.882329630939076
39.16772081020373
36.73670917318978
31.251627814233252
58.82267513007714
37.42787454393771
50.487128990451914
17.668193698299177
34.442773902632894
62.36462943087421
57.199719918327254
51.582653415604554
29.451307360338618
31.531389996086247
46.58603848278072
58.401014303369585
41.98245112653342
45.65234412465995
45.29310416693754
44.658985199342155
34.147213773037585
61.533957226494024
28.923614431734116
61.20673263031522
46.30784834590051
52.6874330388445
32.49939465914939
47.2915570349123
59.230008933468426
47.65102039482303
29.22724826577896
62.21630357345585
33.68688235564176
24.41676907245384
60.097790079976804
37.24312108047626
17.923202077202937
41.49005837204649
36.348113740578924
53.83110196902912
12.115642643807846
57.43743639808204
51.4629057358386
53.59106403639359
28.72210534839048
39.42515305147586
31.549822971602303
48.30539706991948
27.136720271930493
56.63271869454069
56.86888703143534
45.43856695626134
42.476085876180065
37.326627770070964
61.82742691294391
56.15585032116477
21.177609987410477
19.329795432152288
21.12230536821516
61.89279742329936
37.23378949641113
57.65182095622683
30.04883498516876
15.252433579282403
27.012049795562845
61.038765003857556
52.835458397032156
54.8898268590179
21.282695260434643
60.03790259645087
14.184242041746408
58.8478414532532
62.84648817873316
38.20253745383329
54.42033092413806
39.961963148609726
63.67922360786296
56.92111035513751
11.370981927544094
3.8704530931256187
62.940299098073766
20.453870215859155
46.709739044628904
58.5082875691089
46.345625955170476
29.98596104535713
39.17615854765636
18.652843382692716
10.954456915924304
3.605459261749999
60.44295922170086
8.329829039964117
13.074273790925709
60.67462476842437
56.63901226260904
58.173338308009136
35.931790577849256
12.425931331534265
33.57199217129542
22.552433008521575
34.5578815230181
9.264860401262254
56.00530836481915
43.99624484057283
13.977400005628837
60.8679959960775
47.20164661719131
26.88765213606061
55.92673707962029
55.997582864850266
58.57716352664438
57.266747479985845
55.070291119770474
60.29062167780797
63.81589419367764
11.431275969733228
48.0167303922919
46.55174279906439
10.390277373511267
34.4922856069107
5.514453046956511
63.61663126580232
20.4767832350078
38.493817282707724
8.756814976148746
56.842140860321756
49.75347387931029
58.984732319528234
60.76659776238597
48.19651980414865
54.488103241577825
59.08426711798599
24.80173806722169
49.51041947600827
40.05724158170371
29.41579447511787
24.396760477693107
41.402688925757204
51.66487645045497
57.778539753365024
47.4389320372692
44.37064120014162
47.78042803037043
53.049601853343674
10.411493222894109
38.067767630230335
44.1744459600431
58.7257443740042
21.374999919495714
51.4413487282408
43.65642416474505
59.89435896246603
50.287837102109
59.708855038639385
56.67043469971932
60.57795827004926
48.348230678903576
25.20943984160936
62.166978075438465
41.48321375613692
51.78301720769404
24.783800617311194
6.410296056544553
31.4533738612433
49.71193963906219
59.35057809969399
32.0476356396829
46.12653305602317
19.733995830980497
22.222916010090337
10.90880809087433
11.88188167288233
39.67755593088248
47.75888947632315
53.53508801377238
37.108396019379605
37.27767076577187
59.90438503821568
14.597843949583435
61.00780554593617
63.623137835229336
17.401235956898176
46.94678606099822
43.1166104676017
16.206168255251455
53.69753826677803
57.092918858528414
42.5517645668189
63.034922373060304
47.19137350459188
55.7066616514039
48.936246599105516
44.024568326492485
37.73766425579438
10.093410620317293
24.12207039841254
62.403921789165935
46.005875327231166
15.990277297815616
38.601534138818934
25.610579174852823
51.38350582606492
32.257216828645504
47.40991244525744
48.043889426688985
43.149397298175245
26.18025318281299
11.86742111468385
2.860353193662
38.80975807007754
31.941645169498216
62.40798271521046
13.644881365926565
62.168791091211105
1.3761887497321297
47.244320751160586
37.01480192398209
48.184799192046334
16.95433670538913
32.53641850594355
34.35939898242688
48.11144824109602
61.17660090895771
36.18599185013561
57.879031603616795
29.50572224377735
37.603292597171055
46.03300847323893
15.378821284978457
27.27103635697314
63.08766379001643
62.450159193135974
50.02550988501535
21.826899529711064
48.603080739164795
62.04793805044847
34.38699567125548
43.357822971122424
1.765398850147804
38.44608775648905
56.23820580876462
48.280451383053894
37.896305093520155
7.773619413270424
42.04506449137233
40.49540480712631
51.074036015929
4.580023760770388
53.740331241175895
28.73320792358846
60.73561212103192
8.514956590590408
58.221372194253604
47.302164410016914
34.53449739391394
18.80993003353177
62.82964658326443
50.513715746159754
49.460711058854095
61.039964553907474
60.56873953795831
40.9725686985715
8.494473343944605
33.905612246422436
56.28048482475104
41.140385512030456
53.84176169540068
22.967100720625332
39.43918277998965
57.71143690263402
37.01554417916568
39.292970868954654
43.51911640056899
11.049045329994023
45.14017916122938
60.071859055735466
30.222289966233866
40.8161473756186
39.20193747943823
25.68223681767075
61.413256988191485
40.607467732131795
43.855510243404794
43.135511232568945
51.83858757661687
62.040516149490614
3.6554526549973474
56.4948264449938
55.45150965464215
35.404417607943046
57.10008628272332
42.50715926346018
51.74187373315393
34.815272207168405
52.134624017448914
24.547709642719262
37.148825354597506
47.33983096471787
35.823125530258636
45.549806685350674
24.274681414305384
52.75779491909262
16.650632632870234
32.24954953200282
26.92440741000845
56.731868087638325
36.23405481633607
25.071913371405664
52.18901878014712
47.45227873877106
41.85562624260045
48.33001836541323
22.14126903685787
63.89239619244826
14.408199862696584
35.58394710001113
54.47517493890184
45.346169612098336
14.245776667692574
6.024854029770729
39.61585719992419
16.337790835945782
39.60319475435657
53.028983317310065
51.32197699769645
48.38362749147724
57.56664950313831
45.38487320583546
17.528641953093477
40.33197659513671
30.570707757726353
62.357255368933636
41.85921872369386
62.017559220323626
60.015778581375244
58.45442406033643
54.818720088730416
46.305024208902154
60.52980027196066
60.19929129288695
8.713680812302663
21.132801505636564
20.015249618959423
29.59296194163111
61.95026379251918
28.782671116805858
56.17621770957597
51.19432043346246
43.48787568482541
62.85625782914714
18.443106830864423
8.131172469857958
53.32425669482252
25.84204847615375
58.75100453453124
41.487335454605784
38.26434279702999
52.66161552293762
54.016770636016474
35.233600195685966
41.34569788993744
47.90883536546764
63.31233073631888
36.27178759942742
58.46955098263246
61.58042342844033
23.920449307508896
63.384660791701855
30.60136852475327
27.403094221386503
36.43783183857428
53.37389155977621
38.13715692021759
36.192810237273875
50.667019212933695
41.200779091632924
10.666547437321569
36.51341774132398
42.03426055968693
32.59281024410409
63.603548828932496
50.146864174648286
38.34598483999109
21.48688814558861
63.310344662564674
36.144479693882666
33.27708403045125
61.38447315192159
57.09451680156
59.152795997588996
57.40417640691216
39.49195147989079
36.978535768283024
1.2238467121682177
59.93216337143161
58.42175941756876
45.821711695648744
60.06492338246881
27.10524623853032
47.82385390618737
48.30739368581532
48.91902114671764
59.95609984728593
25.870680599537728
39.16153519221226
21.20941562926754
54.487054893978204
0.7932164997281461
58.161794248278234
26.28475781497538
52.736102771043726
53.296280332527736
7.301401476650781
58.219777919863
21.737807334993533
1.9501751700391736
8.954116913115193
20.51073541299474
49.934882258378224
13.415766696287754
20.88150903841023
22.806288086754172
47.081688445708046
61.9890470072053
52.278780428748554
39.11920318535636
27.4838602232182
49.65404994208676
60.591917179813706
54.46123352364308
15.288271521241526
31.270844578260345
18.36145783330857
21.60996844156133
52.71481996327992
55.913054876703065
46.90465831170079
19.989093278615215
60.14495139447434
48.42160101501764
17.63073694949025
48.041023096498364
32.11969397064384
35.6393284057078
56.79451285906515
56.98654817767486
39.4201924917388
21.621959286946932
28.44903479647577
62.119662326231136
44.59040341805536
22.905422145339173
20.8766420798799
20.24818359891689
37.14135254742338
35.81797332058232
62.2554088327108
58.7185271961716
14.91032732777736
31.997109326154067
16.524220489745417
25.548140401491665
26.971454253809398
32.76760582099523
49.285174992445306
17.02312672131775
34.62208928227608
62.353065246747896
40.38114227243311
60.15387703854106
13.585294962571595
36.007405895126254
29.19652071000739
63.290821272211176
54.52317504755822
25.723335575420535
3.4125748672662723
22.506035611562396
59.070419922367684
14.448069094161902
60.433064700983856
0.27115884172084037
36.42439057542005
59.62416909931127
49.15217472076351
20.489041838310392
35.62429642882541
47.44649440657705
36.83579768204963
28.267540094290553
37.04267578726604
50.33201364792881
37.46634090421742
52.552415914081095
30.790280462771698
46.116507874058925
52.5564325220951
52.948338450330496
30.355352393297288
52.5395520203987
17.218962605737502
61.28538671204567
53.21932829368075
45.38687253431516
25.329453178220156
57.30424174046057
59.923766718921996
39.19797821601618
59.562471848671095
50.98120007711009
58.352486793059256
37.03366142781614
46.91866090041428
43.59297602462708
3.636489188814302
63.21307918943201
52.01756457439232
11.096117918139946
43.63411780592957
26.066235784048303
28.78825462152365
23.286004375511233
56.17177934624131
26.953938287802913
8.003814122187535
44.68512784601896
57.64952144892566
57.639474587435544
40.602231392554174
43.7049121581893
17.346420765094273
62.50282038825124
20.876782446366903
41.64819754694693
43.6997139326634
45.7132463212281
58.81786589400711
47.99108896427839
48.222389471816555
33.493867079305225
61.828389718154206
62.08460346192933
58.02910747557208
59.57003357976341
51.59824571098941
17.904540410373627
9.490370694034162
1.58627760906856
19.786534497691704
33.28742121825859
37.44136743226704
59.56257790499143
54.76700281840537
51.80369778304403
45.566137906913525
39.109395827861405
27.879783215154468
43.04091872633743
14.933659339209335
36.8608190581904
41.19472088882773
47.79451432763126
59.13818408803804
25.60705987468281
27.53822152413595
53.248123373555565
48.00553990302491
35.38947352837571
23.304400659231675
47.40364566048057
8.049670115193926
44.77880436425201
29.185232492560438
32.66862500820686
62.605033147827235
46.70822507882571
60.33131568361174
53.48024976375053
13.013195008467278
62.833541030015425
40.849464222342284
60.73459496748814
58.58301368082292
58.163851135106775
30.295734341178466
47.56531836058136
61.73432083755796
57.8576576459188
52.22417618356669
53.432911386442655
55.99263393574589
31.228039951893066
36.759390202022544
17.9546607111223
50.70064294975219
58.81894813052406
59.45357719324943
10.264217571934772
37.00435801656113
43.114900696293745
51.97752002058591
39.08659880572789
29.239438105523504
1.5749702671422767
57.93927233905433
39.148688267594444
47.16188505434491
49.42200272461413
15.428504303036249
29.687997723678848
27.75850701110408
42.7918977415968
35.72102030661463
52.67733905271889
53.13196029233887
60.10870029878279
22.845615701272514
30.098607959218093
58.64230745660808
37.35793417071791
29.07811594201837
46.940712787140555
56.87798962077649
62.87926145861018
28.76008192408409
46.43268741830905
54.69631948507224
56.61347710668259
58.43064492669928
30.216824825507658
53.26010446299171
20.136561498292878
48.9273123032358
53.71457742662258
51.6151817712142
37.14007900878734
51.56161448962539
33.12902984834723
35.83427322327655
56.780464556606034
52.582176258265406
29.65387265901098
37.41103953756415
58.47075540150148
39.56647200458058
22.242465125290508
22.54860632793917
23.816378417567286
47.72282298482376
40.36855286658916
17.579163544416353
56.684380630011866
56.40010898581707
46.444976977705764
28.020825881927273
44.075608897489005
62.891347674369484
28.175997805091704
36.84322509984696
62.483355911671936
7.78910209244345
9.309802189765605
21.45425747791505
35.09274285140515
5.1520994003905045
51.37937586466954
33.008825677456684
63.93182987301238
61.22963520687634
54.11722022729872
26.422094494956006
39.06578696313018
39.6896168408239
59.97543919871357
61.32519055996677
53.0423954159153
48.47310766056496
48.81929047057769
23.93252004990621
47.76300900804418
52.359330485347535
33.91907165600184
51.99233743751684
49.89637612666351
16.60210142968132
43.80412795293549
37.0016411116717
57.57946417916063
43.6796719375587
51.567900347802194
41.95151855402798
27.554947968961116
58.46516470363016
44.0353186762708
9.411890446885927
28.92945183449452
52.984135314686824
5.927938626494708
50.46398223564729
23.07600828832725
54.325271110240955
33.05856699693196
31.598622114591116
61.65397500299863
11.788181274360213
61.181109704757546
11.076920640187637
28.88261048941775
13.705229283660394
48.1928135155957
9.747105529620654
0.7113666240462848
43.53348690626171
58.194208185611465
59.77923065528085
56.68421480520333
38.50272702016451
63.893334393955016
48.29659608422586
13.26622822540994
45.97115433862926
51.16514614634153
9.762884748311933
21.844626709620883
36.076078138822155
60.13042572843568
60.504949360481405
10.690435027289446
18.690870623660203
25.155882201032718
22.690437736486793
56.751760920724486
26.871268279427653
23.371579089331824
