37.21439545263175
32.4030453723112
29.484178363645093
52.03656959356458
61.088147856964184
46.551885917617845
61.663206823237225
40.45571394739732
57.216083445061436
56.444718022168374
35.17867805657459
33.5027660780834
44.44807463523911
45.55576686961636
17.866671422924973
51.948608293226435
55.01987580447716
40.203993803231285
21.915262542579725
61.611512881153445
32.84817418161242
57.74471605724591
54.91325001807897
35.10132608598368
54.50585609699726
53.03854933975401
59.03616679240689
51.5264389823991
48.37290077447367
35.37173101015259
56.92983109769476
34.26348174620023
15.304363483256019
47.79333204476396
47.73590483824766
53.22693661800207
51.53892188608947
53.055686594022106
39.853785634945325
36.851080579393994
50.25675325666006
52.10049659978279
54.15493998029582
35.856384303865184
23.68017073535478
58.60962500694676
61.15289185245543
26.869240794949164
21.538978486802286
26.231191333371427
27.49791946774311
28.858020069653577
45.70456481876796
30.17349215825201
59.96910625124516
23.420916255877074
56.7010774682719
37.80798712686395
0.09616241347188037
16.47359610459614
42.786884729161315
52.01389181721377
19.55456801503098
34.37765996479311
24.517352054576442
54.39121293764452
15.844673916543769
60.90135093088495
4.003548428852952
57.66625202568911
37.13755900843637
17.137135449692835
44.067584709406326
54.60325974203569
2.2106464003823447
60.04326368158915
20.615369723666504
50.96531733523682
53.67441571745758
61.36630210007333
34.10312385926778
55.566476690426896
9.045398730735961
22.72076633630776
29.306809219900416
19.748140864581146
56.40060750674708
46.38626125853449
14.176762894712802
25.40033312889166
15.767898022383577
63.32665816556576
47.62406230570309
5.1761927116615425
40.888557262026666
47.128948657157885
47.91425084015208
32.77352756988199
6.968036429177168
54.29334577725719
24.3131533341759
53.02930451126777
0.1327684211036555
47.70434867394139
62.78616638578004
55.176105150538234
57.73324528171908
31.40704233171263
49.15107559420287
34.54549226466456
55.36870642115798
54.663227861004465
45.0513707871998
56.954669473307575
43.859834786374854
53.45147170660645
36.92769400643399
50.03629432717883
41.06845649736835
46.36740060131501
54.191435013310105
57.92572647463379
46.383636502859886
43.54871945673352
21.423895654018338
22.816974397956507
30.96631912983208
35.25089986434534
19.761897733236275
7.633845663476791
16.21533268560232
55.94850944457513
42.23773935240839
59.13791711754503
17.815512026335057
63.290716117109845
27.164417137516224
40.113257520071215
41.24945713819185
49.01516804510971
23.062114205616687
43.83216088118279
57.43189828461148
36.108546725729255
45.77985899780093
42.55209061303829
62.513666483527906
57.33845119303843
57.53315527264187
35.67436665628908
15.900928819536972
52.07093747518972
51.14889857854063
48.432168160669654
52.12719949368909
10.430215077230663
45.971269719587106
34.247587930651534
60.650045517282564
15.425341255596173
2.34074954630762
51.269037457002256
45.66386994717837
53.27200781816235
58.05006466105016
30.63752811443227
35.777164888039465
49.98873574724298
62.729694330062955
54.255062492329
38.915519525424074
9.543278045123905
4.888173000178476
48.31499368547673
6.887959029885906
47.24556921884562
38.93848860112121
55.85266045196502
60.68804075979826
46.957578652572494
42.58356639049504
62.44979281372542
59.46385070105259
56.40453608737943
35.71985578780395
42.35773286996789
21.467683818704117
55.64169755371728
44.16340484092721
41.84364418508919
47.64970253650194
56.40022712600467
41.14936785811558
60.98752081203558
49.19634840715585
38.68646761686307
63.62752362033261
39.66205502295814
45.00142626586181
43.77678463647031
54.125753399487955
50.33335454709507
63.237297678749776
11.940015360004693
18.904069362576287
40.944862464821696
23.50739669752108
25.026726313097974
30.967611981016788
37.590517871143206
35.3158963376684
9.76898812169292
53.34159915403005
46.23605935436058
50.6442362654994
49.66717588359332
14.709704072149727
55.22196188483052
2.7561352171967854
42.484760865890976
32.21018299531411
3.820429301518395
33.0197076444212
40.90568705888403
9.567811611099842
52.82736784739737
54.1449124711539
59.16807542253929
63.501773179361976
16.956350428098162
16.614762734499337
16.24662583434693
35.05126245840317
12.94807745362575
26.305307023472785
57.06388270639126
31.165658793740825
38.62507749584125
12.292062523752982
52.087113682840254
60.3739859375638
51.43644167143901
39.48824761034658
17.58700334066085
53.54459019492851
2.37175456953824
20.00274390387934
19.229357038281684
31.672064872229896
51.557810057496056
27.74252980035765
61.2157559806433
46.51636940220218
10.410065527950366
51.00926629867591
37.68422477653523
63.51690268869676
41.63326631972926
30.66843024530221
1.5807305245149834
40.44582256295056
41.37331985318336
56.63963329358851
61.81534818241052
28.28114522670826
57.479220750708585
55.23813445740125
30.78391638306897
5.0122660284912115
17.877633973187862
42.69927960261581
60.632231286115626
63.52593781426033
42.379915771374456
60.237883556695664
7.6976452105283
46.982591451616294
25.122536840039544
62.2803877409273
43.111110633830876
60.87245284151705
17.283350130327044
45.158753096642755
48.602031133931995
51.87655948689816
28.928959592606475
56.699504414044874
54.707551263369794
30.05300332080369
14.49519147857454
46.54640529276542
53.8807372697861
50.37191760099724
53.869210157448656
42.290598153652674
37.54679396950094
43.621414722684214
43.279676027567334
16.6603532575849
43.93635340473224
39.671599663243775
51.598531783959274
31.773258176075387
22.963197821858564
60.44682741856145
38.814654262063584
8.815736590462372
61.64853119243275
52.559073286330204
47.63759555054233
61.5297627463282
0.3218681299861643
14.687602949077508
45.398056411419546
56.31220902530707
32.90936592780531
39.757659584738136
21.904071176680695
37.33444313752457
40.58685657992643
11.212880422609189
49.18365592389184
54.8036445333326
49.07719241814304
59.06548666665277
6.810928798277416
43.254979542330844
46.485228946393775
45.27494708991853
47.13580939624467
22.972560176992367
42.97123836305481
63.18453756976169
29.90852138686933
62.6543390726318
20.48900451587913
60.205161820199955
16.153817724350283
16.298838990328214
37.93820365476305
50.26818195088303
13.641066901169424
26.413697123779187
23.566462088315852
9.080549907124116
42.89437286917787
63.80216559837661
47.3425243827092
55.17452703796111
43.23346969136662
18.803534440905835
58.23709870062841
57.71783268726114
27.653506905697675
17.689387804967325
52.5301423304853
50.67443195143081
57.30309121376666
44.07776696735823
35.23259324986239
61.10860683402643
33.239150277155105
39.18075858972385
33.38870886904131
54.94138733820298
37.5671304139974
40.90276361829148
35.8043379063686
58.38647167933969
61.95132243911052
49.9649055264812
37.16308769216954
43.11313191173837
41.12006537114763
25.747423436763476
52.47420761411878
53.60747750559445
27.257452214776556
56.97440597828157
17.614451149214688
34.97363330966235
20.734929259208812
61.99388024350325
27.01792496170623
38.526417595744704
50.01839519465836
60.62895390466896
60.56695647153186
42.60991759820641
38.81956307325701
24.42481223563987
48.82889265764063
16.944537288892434
48.5641382193596
59.99538350822762
34.87453726906897
40.19758331408118
56.418934223839884
55.087696029952426
28.70193953368682
35.537500631689085
61.584571745148985
52.44941314887774
60.31357892981236
48.86585026115707
39.37880905283417
59.97241416652267
17.795653807133135
12.216855046400212
40.35028596678947
38.91370816027701
47.649442802267075
47.1945735611912
40.048539018011795
60.63084325328984
50.76784727766547
62.401437795355946
54.46441070413146
20.741966605054607
35.13912148306194
51.7799698602618
44.12839235951761
31.823011822854177
50.92646682779464
25.247117782135497
28.923108155491327
45.914041868892205
50.860450035550045
41.60622165555113
48.298257117397995
59.23764230170018
60.46271024924103
35.859336191792366
44.55589959076754
23.727863109010777
29.199214507589573
35.56722349515837
25.991480336578256
2.339987187447953
17.411881398931563
61.74839227425176
57.51746500460646
24.59277913855024
3.5779203669355795
27.169400599383998
16.666750655633578
61.055620647408745
45.31998528008211
16.4269524925919
37.09109572259108
25.249486214120516
51.73003992841371
45.50543913069236
20.776448969472135
47.839790086103555
60.993871503537655
42.277187305881235
30.347292638302413
53.39422527074575
45.50677727268507
43.93831752065687
12.550012864848156
43.24472366900737
54.074018744327745
44.42490980661147
54.96304812057791
33.30725121752284
26.198944169735576
59.05448507633826
58.65970159206075
52.93106962740416
42.507758256080756
39.541601735800235
44.96597083838658
36.343318813421234
58.87502011337081
56.1805430182429
60.95110348712852
44.7027843741251
52.520015751835146
12.064326175947137
44.69294895411659
20.46837124475909
31.10778985681206
35.95196265266141
18.230506387574813
5.422111482780636
30.91073644089127
45.87125377102872
17.19599629056212
5.872838476689601
47.81063691875012
58.94551109012302
47.888930368193186
51.232622424402436
37.74581976894151
46.91994079599496
28.33797400774342
18.74791160432863
35.26494093969798
23.352605466197055
37.37347676383793
57.638691859763185
46.75735459359784
63.68465943932318
57.02609923670421
24.288002108069115
44.522175945555375
31.646602486366547
32.476214330471066
21.23700017794752
59.60682761706244
26.675832882542984
47.307089602755084
58.1649070875342
19.45560982783544
18.665542943938163
46.57369620265173
52.015475311429334
60.12363926269739
35.162211859052654
56.42396835103056
48.83204211585571
62.308562251642684
5.2836634385876025
60.726259705199
30.14133616669575
20.344628445122574
45.15206284194677
63.024581671489614
50.78516289984169
48.57449983970218
59.268787418173915
3.405897789094567
51.76290452809168
50.5688606959164
52.67644334088918
33.93769515208001
19.339975550813698
57.07043473778611
63.61944793498469
18.01223300441209
30.22611022948856
59.747495082164406
35.14835967704498
50.80986166054346
61.311203934292
40.60624163707827
23.3995825107825
8.41989621753391
29.416441077093303
45.13965501726207
6.677883827558979
63.09740497815517
57.221513031451835
0.22637576819769833
52.403969696387634
36.45349206361684
21.0446158489342
25.82819225766849
51.21659707186329
22.59920416771066
43.63830840902449
54.07346375464564
57.261520025401516
46.75982420202534
60.27475255174278
57.58798794203812
13.55148340949944
44.91541840199595
38.10845034627039
38.45907263745491
62.82598710618123
43.04735140652551
26.81591695497268
28.0301437421244
47.398814560652376
16.380030212658667
47.07197803738801
51.768361531347225
50.95394470898473
41.71431743485719
47.56733079533768
52.88214092458955
52.465673864999935
56.94705611223367
1.1364248466510745
47.189448206780085
14.151856929695661
24.49510334988568
38.414235032732506
43.24420279145191
57.15287810782505
38.95222118440077
49.55725958191884
17.990827024548587
59.10961122588135
57.02140773287413
48.61826131631
10.83302811235712
51.161317385536684
32.190021560595596
39.55938027654533
53.56469072164055
42.44823772250544
7.720361843731986
34.42234623263222
62.15585345098467
31.52487395319274
33.01896829000521
27.099274442546367
42.52690589510327
25.730877627363974
44.96603315023171
42.83823727341429
25.033224685506397
60.83115962935073
10.385533092322412
28.69534988772481
52.51524898828083
58.631618522503274
16.911127908354686
52.14299887257171
30.498467448467146
41.62583547771635
21.5225927444639
45.86656442024433
58.27322814248763
4.200287422697805
34.0594373651757
3.4848413215585765
46.951333991244965
58.124135951479374
2.598885176791164
40.22270921031412
38.3954645614085
17.847787901342656
52.14747916537539
34.11367988156468
46.05568603952014
58.350612618629874
26.171195502778872
59.85049467278115
29.32773400013066
20.10875828649101
36.695684373275256
47.71114233382015
52.24570208221512
28.344621989926566
6.388779615866781
28.29586194088379
43.67641444234283
27.541487768323947
16.14267321087432
62.43237832469912
59.21362720145264
63.75130569787138
46.04464572867653
32.63739779353633
43.16537645857561
41.16701060877696
52.90635616780563
2.359712547044019
62.282297226857146
53.69453663466078
9.172053002632097
30.617925316845344
16.812463127104934
3.244013802017996
30.372241462042155
56.40105666480298
32.016600119288896
56.79279539434877
31.33884096344753
63.92626042351853
63.604872250920415
35.22870483676961
47.92936567919392
53.64184994519913
60.984276566002336
42.6004706861731
9.246315386904442
58.21272093016929
60.95385391670621
31.636973252239613
42.57974029087106
61.50239636212608
38.64270436771217
44.402145304499925
20.508422155697396
61.748234531058664
35.77225843884336
24.04839842252261
50.60830006918337
25.19047829264961
14.30069047849782
27.810753684365828
58.100212002352606
44.81139970103703
56.84192828956327
60.68551690839283
46.5237569351391
43.548188468684685
44.918377066271816
13.985015796526483
61.64878109262245
15.896495980281045
55.446191716979015
45.64303913148984
46.14873533961111
37.42196550594252
38.15777239182512
35.76295776418057
20.39047210291597
62.50093126437816
31.85986516642528
63.46510293459639
32.2469477824841
52.397258985149556
61.69174824168081
37.47962121180721
41.11796164995677
31.002991689963373
27.24206986927787
24.803206890916123
49.392161161374645
52.77579229127567
33.56721968331051
45.25659920179953
25.518003464612114
47.45539796302365
55.3199886016122
46.20367513919483
58.083416810406774
30.69445803354845
30.554272904072278
3.354796309238587
55.49421026723725
56.289155856214535
44.62872991665507
18.99870283614043
62.8617065348607
54.603456257062724
61.10999991173758
32.93624902432203
5.981860920669391
41.00336916182418
25.08073823256909
47.74473349236709
53.80448851273472
18.804051135262668
45.43156557073313
50.54596252190909
60.282394161011695
47.65669081520032
55.157646257968686
58.35864344768511
62.60030701396354
30.061707666673584
60.85679561969643
50.93697796393858
49.276501859221966
31.031550645294175
48.99540259230049
12.732561227354758
47.40537165777152
28.297665115430263
56.735004464802884
37.343120614686796
22.28336637320467
47.78199105236492
48.175346005121035
38.18568737781023
60.00449516751316
41.94108318299963
43.92255426982139
42.98861305036081
22.50288053287796
58.37101188185781
57.09477389312868
4.302954745699424
19.666838828381174
54.246724019383386
50.17438160513176
54.02687617111036
58.72047818276758
15.021813357972896
42.94179816327778
47.20212578848147
15.887565621552852
22.46084244855689
30.815043228586504
32.13950637741483
40.37191460948151
49.32786515877885
36.80069507674624
47.651830961585674
51.28024033538678
41.782286044233444
61.86941480612602
44.80588038757953
47.62110650045996
55.69586002423431
43.36503163129036
62.85689013721777
28.974859068191456
53.10480943949298
56.405140958714824
26.29181132498492
31.0971280485823
10.207801973519231
12.620122656244057
13.51109414485122
19.717303439990125
40.40425098385903
28.4640977718583
44.13324031012121
43.10605300318332
50.602014022435164
16.854988676080758
42.52748547330515
43.00270135039149
62.38628737961958
48.55733921709894
23.12290083880422
62.34792027387411
45.09243085692955
46.348548183889505
38.6510670748189
11.893733860167032
53.95976959950299
34.85941706615955
18.89212773243792
34.55790357242671
49.677066965479554
58.18613028085523
63.240115342836624
51.1413819032559
26.388222319174837
52.75065736245293
34.71177681673277
33.97265725672449
1.4474362557275668
61.01557606323464
62.1007308029563
9.598453926864714
30.502573886638608
25.93331628946902
46.76321253538114
7.3404970471648525
43.25928213714005
10.967956510655334
8.41548594568468
36.73970378045115
60.48063010557538
16.615276025194
54.67646109259607
46.4785927943687
25.491775582280184
49.32244914822356
19.47757269648396
36.833874648483246
40.74534518599906
60.05609114390279
45.26290852950753
58.657438584274196
44.374854058245916
26.488507566083825
21.529125292488764
46.13252202871329
25.825990442818366
42.82900915513761
39.481481347510766
59.20463500091902
41.47167222024437
50.296722890850006
38.477766951219174
34.80723882657469
39.953057825491115
27.434873693036963
59.03654397313703
30.730274146985423
61.862232132844525
57.61118265120048
44.620819532216125
13.31770838002467
46.56726477484167
53.268453698073095
15.200363067176973
54.602593479032805
52.405807138705754
30.794448575984674
38.46006129191555
53.290819295659524
62.0315755268844
21.98577184896937
34.32515154793147
19.51954543696828
26.68955049491172
34.40274356306392
42.25828539685101
58.492233832210644
40.48037995510765
41.58903464973224
60.9192228215303
21.66536383534155
55.65434995729551
56.1257275878965
37.85108149434673
55.5355900625414
59.82420416000235
51.78915211206835
47.775365343506834
37.63555809541609
20.26366703703136
16.014620408928096
13.757409788041826
38.26328969939196
48.365133860552234
20.507579374817702
40.42651033221149
51.318367896405015
41.306791101222316
39.5909560428654
36.87874948264857
29.19786899389606
47.10755875942258
27.97431527254617
33.8568486073051
39.237434381965194
32.36091216640277
22.617502098912638
28.184636628092242
49.2718617675409
50.47814270085154
63.11994046220546
53.11457269465978
59.047023031513994
23.133980324768622
14.167922351909276
20.171068848857857
30.592059915193005
63.7553718580148
30.663721245065176
18.741774766520848
18.738783077063452
48.02547027976271
36.27333657239518
59.76230039170523
57.406700006193525
45.2470673217926
38.7995036003727
13.532336069078283
44.59263910297101
26.975916394817837
47.83554534479878
16.72465408127526
52.12862893095543
26.796923507836347
32.33915682914271
28.44178129695252
31.464975167422217
49.679073092477886
20.897964922453703
36.77854042809429
54.85577388400012
11.258706163221625
52.131203813813414
55.696810981946925
25.14837100705902
63.592515631800396
29.565326431406767
54.05926341338117
62.81934136463504
14.20824316443479
46.17194470008531
43.388080637071695
25.280869569587786
56.72130137745418
7.622015213851924
15.345051617156415
57.97396067650152
28.973193387642596
34.18018800820323
44.76298375669165
58.81366546950153
43.62257355556572
50.126524338645424
32.63048719810384
3.7988849495073396
63.65936384513306
28.3985499939306
62.72010143770989
22.788738700799463
62.534599781482
52.29969611333365
38.01569364753179
35.10035115626127
62.90933742170643
54.08165155539291
24.958434674304527
36.768711465810284
9.59766432351632
40.88527176669207
40.04885848270259
63.505276052628105
36.353555505817
43.552557862663654
57.143931838587434
13.666853528546248
51.047243352922656
59.35808701706908
63.268543125892144
52.86119888713665
33.49976981742172
19.270267381229303
12.469285223255596
20.946699611557257
44.6090802543774
27.44693907001959
45.56440970212655
63.67206431849218
53.75927459393678
23.59158679088892
14.308021985197804
20.381307549346886
36.93284639910543
38.26090164048027
55.71842890721015
46.27842370494301
40.20928054015724
53.03851958138346
26.060274477189296
33.3404671823918
28.233096446569014
20.35574129605419
50.43012952578945
11.585955214903834
61.52083317666725
59.0012440831231
36.51894475987059
62.73388227861672
3.86159873814902
62.47092159219946
46.35169144382226
41.65288577841443
59.33707226601711
48.94948129374615
19.46110357567872
35.54985865702247
55.782388289045336
33.15029842766182
56.19989442024096
32.23709532485603
51.70111233404021
59.49557289362277
23.366284420729635
63.17590543496548
54.87807939760827
60.61567646006129
30.556430995957754
47.93412602809194
55.15632823324039
20.5940130469234
56.62692587925656
58.20613805022269
56.65126312068767
58.64583326228374
63.80652374101128
54.26502932227332
32.00851428393651
11.659849142958457
51.27654381366618
30.92836022761898
57.113869724118544
53.335456048099644
61.85601772035245
30.038524079159544
52.16024043440931
13.737001568614502
42.73982266637477
52.586418587364165
25.8992210626036
46.262324396541516
41.04224942313611
39.77791797897832
46.2521434025939
52.353133073522926
59.741698154949525
38.761563706147996
11.394364267360608
44.28595362491685
36.17878898720498
38.893306576890595
46.991440598944806
60.5309735217147
38.008037198935476
48.15016270759589
60.76316906858611
31.41626242684397
62.34244126348013
39.02695426053288
60.322723854426215
54.76799001094143
9.165152130147497
24.472125625982024
45.745007399387276
28.67811623357857
26.3322685894223
50.19833739277863
26.4939843905927
42.49059454444258
44.364648185692204
58.47033841682283
25.411417713720923
62.725005923785126
29.331369727319668
10.339250175760945
38.17056524787904
0.39754332411219906
54.937985913995036
37.06436855649849
44.92688674189696
24.376346275582094
39.61651473557367
61.98634694046836
47.130372390813875
35.50637920771028
50.809499205338895
34.27104841464335
56.796914306784906
51.32901804708942
63.043676753237314
57.23731986281038
34.63662210189508
45.327440769117175
43.32436390868621
56.18436840160576
6.7353875807243
30.892434436410078
27.048555147450777
46.60810726789772
46.75270966734183
60.41523943268495
17.521137154515436
33.04420200418299
39.42513177258347
57.51665639291487
61.12194131525942
49.13141790720387
43.6861793786291
22.435566392406948
29.96366280773058
50.99004820985612
30.88928827465751
12.736685645765611
44.05364879609205
43.96259704900032
55.40271545198427
59.45285303060277
39.23567553941926
63.233089403830704
39.70965374978711
27.793424719606996
14.059525650757578
52.875657546620694
50.206162167260786
54.842595271992664
27.449009175459864
35.29321698390231
60.67462892593041
22.12034373931798
51.219474981579765
34.02367331947687
51.07955052147984
34.55258434748966
10.436025174147638
2.4673110049522364
18.523852189104517
13.631915717350509
3.9023561802954276
39.408428718714504
22.42639282953224
38.13615239597419
40.227323634541705
61.127677331603614
56.85793847455042
57.834026143309835
34.16247890114832
55.9601824203955
55.111312279335024
44.43559706412523
50.1018857147798
19.219014716488175
36.86276461764271
54.88934320213439
45.367242898501345
31.219793702525266
41.16308201396757
21.078537028433175
38.73336758280745
38.15243740964639
39.238525087912066
54.750308868751375
51.73087147775884
29.92871098337241
58.64620464336605
53.96183494336269
47.32904915912081
16.668868154293868
56.46886779164854
63.050039612823845
36.27549664692554
50.952494754053035
52.18864878185955
28.07061326638256
1.851174336415859
60.21958659439418
61.62799565927346
22.753345907997243
15.617352790581279
57.770429536175044
60.075044000366546
46.60928086567295
62.48337895705684
42.41516166840711
53.072612372070516
34.77091239811256
62.56519075164327
55.93931731303304
47.90069654567107
49.82582831528492
63.41714366599644
28.066178940385235
33.71299706451294
31.913138137106202
22.0474331121712
38.942100227362744
44.780551680627205
38.04271296676029
62.73520189550357
49.52426005395973
29.178415361699805
25.17136520280814
40.59468872303584
53.36015447981828
28.20438179389403
57.77607712290496
28.073108013388364
57.15778382522839
33.764429735975845
25.541942449284804
3.616353163903561
26.408893078960233
58.10362792317832
30.398325163863902
63.79362659733361
49.2538899874413
30.685359781546175
56.32807621099232
35.8894149388465
55.725070649086604
55.87274167948424
62.052298678796966
22.70686289586086
63.33973272074405
21.817593004977034
15.766598892599333
48.70122593059391
33.42128076492047
41.471714718526385
25.46739042676313
42.97595850066601
16.829787471384726
61.648263208433335
36.071570089107965
35.156947395991935
38.77802687215562
17.800748058715705
5.875200252393547
54.332502288888854
57.80126928732601
49.51437500693712
7.141459505389477
49.85177108403108
26.86957104365596
56.21566891895772
61.37708665122662
36.01968994029126
48.24498681608463
26.87675193749469
4.290060332918863
28.05380953202004
60.88342477522153
31.57033889808197
51.230481256211164
63.08597508560511
40.29878324509306
56.682547278475674
25.831920266035084
45.93296701153188
10.267269589091597
45.30055351801346
53.38801628713385
61.586467848432264
14.977890911725297
52.99743223696763
55.293241806138894
47.31865976885117
53.0294901082937
62.4187682834366
49.229700615953526
57.716163989014674
58.03145848078091
39.14710264408298
52.220788752126865
26.824000389769573
58.276490826531976
51.897366116649664
26.106467005185472
62.19504244965156
58.503793095845126
20.205670449806725
20.76119416192857
24.546024496135338
42.97479364476918
55.70829630391469
32.29237755483254
55.22093697406538
43.44164477221423
7.699374265746833
7.552721982922172
50.80052986616249
61.226732043253975
50.83216653565151
40.84049764669023
52.449425445952684
33.35576629026089
53.108542253112724
19.90489893049503
62.38431203345944
39.780802886970534
9.057750170718911
35.20716998683017
30.790803238021063
17.001252426037574
62.998870747920705
40.453742040771075
12.022489011090869
54.713550112696204
59.45893308977184
52.80317019918962
50.76935915240733
57.497145996594654
37.064602894989456
47.625543652165554
45.7978349263057
42.899671835359996
28.667327810270443
34.422409077836384
59.233159875474676
4.803465874784273
50.64514993122631
27.545679516373077
0.5560704165833883
53.57675399887037
10.143152805915058
56.05369104206549
5.64611332501255
42.32606487731091
40.50128707939561
16.835793062706955
22.61586997071705
42.699354826364
26.519157800716116
36.42022907627003
44.50622778656995
54.81611476921546
57.44707944783698
41.16405543160335
6.77328536431763
37.81604399695999
11.184595383412983
26.966390352412077
45.39363027732065
57.54995085709986
45.54825281106709
43.54699509339253
58.00267656568261
16.656648768885596
29.777458731648423
62.11304528476669
24.709270570061513
1.3480796891900297
19.15971750069629
20.067207606142823
43.96245518613233
15.77472696214614
37.963677802722486
28.064326041852055
46.34862759086568
4.59535466666636
59.95085780870966
55.296135385116145
63.20339861405831
60.85049857678457
10.425624326750267
51.7204382520083
59.71811766740495
63.87828877301427
48.13940470188125
54.67146000691635
38.64522624384131
59.766117085022636
51.77662932362808
36.36679536114494
60.64679275115639
38.63796540019466
46.03119853313751
38.49948296141304
60.79441632403306
22.88903843928358
54.85211305942188
35.8672353258405
46.766056958544056
15.872393612448867
54.236552792881135
21.51903461047735
61.28047650541883
47.7663690077832
55.68208915900742
43.77586261552674
22.26783349857473
51.3395306496089
11.009170302514363
34.68676617051793
41.86074281466274
41.59835670873986
28.36793790917251
45.44872057258709
48.68102004979957
44.11646312674954
24.381152946894616
62.544805195653524
44.273993719299185
50.61038530574697
58.55318710691078
45.20924905127643
49.775665403233305
52.32917702901373
30.436200134726043
27.154226228971417
60.68830552229214
55.55762879290544
26.44503381034609
38.19000731442539
51.23349511957337
62.41909136658314
22.16983445999653
42.2842920626001
38.271974974052576
17.576569242131285
5.271130178762533
62.20666294440435
27.04239113900806
50.97005212662322
39.339472388235805
17.523273362816795
50.27242998607353
59.099897241112544
62.931836570685824
49.48482539022305
12.884847027862733
48.052151165232445
55.96423049919325
61.83064064303047
54.61720544522872
49.25783681233243
17.428726302258326
37.45022065158069
26.7656234596596
45.609981278473704
39.55605572907085
13.71830114086238
48.46610688020962
36.498160284395574
20.812633423673375
27.061862155018495
45.3584116052441
50.05854114034262
53.05164187911815
37.63976941798572
50.31614109359807
44.97395436703983
54.18129564415493
25.695653603692726
15.65650157789532
58.84427644605903
51.158215696165776
60.64179530995556
48.60705281676791
52.134924321070216
48.78270115916947
62.650797688313304
28.41860275685446
8.981287410082011
63.30051858614223
42.645888682804895
52.18455975618393
60.1678324431338
40.005140360968554
63.988160423656396
56.76453479987184
55.53123697165261
37.69624673391185
29.29102726172288
32.241084221504664
20.638775670753752
14.128365569405041
16.131348878404772
14.388796114318112
59.96456324922381
38.37862472712105
52.5025802093194
1.7559577609834136
1.4836339563809986
38.9716378962646
59.153393168609966
63.28083282597404
58.07169904597176
55.11204790438576
53.02460332885275
30.681740575683968
36.825375227483974
62.095376083762716
17.37336946846871
10.927057779402062
49.41115140337851
53.59681582149486
52.898256650999066
54.865148281269505
27.115724206265362
60.018465976736806
63.56777892875755
61.031081745286194
56.87939271889427
39.33242116240014
58.62650257519806
54.54998649256112
29.32628593226182
22.759953701750163
61.0905873181254
30.042838447777065
55.19271969480785
54.593950749816045
60.5137339140934
6.880743895599629
30.86922496475411
34.65965394144132
35.44835486658376
61.33653719963073
62.53137841840787
20.046723094710508
8.462077961829678
23.462830621727463
50.55085616452326
58.82833999556469
25.134354872447446
61.31178339173087
48.29030864347936
26.56536867654429
49.91867001083197
35.77477155064946
38.154024163222736
18.626431071811083
7.438338789468162
61.057794903293484
21.762027587791792
55.408011196869836
47.809034055570265
48.34002270322369
54.7935777846495
52.43506564645752
52.46504062855489
36.95051055482527
59.84979640702302
60.24636580756689
49.21424584843071
63.580182142903894
45.62740991565495
60.686835538121116
51.77470419818612
57.53342620962306
61.19581873217112
43.020056956103936
26.525430180592537
59.18141775661688
14.95969739956005
43.80267920660734
50.38419365493504
18.93629496569079
51.674647419507906
48.22737567295481
40.58769981051292
38.033872860072705
54.2274740434208
45.54238386219453
34.76590810815059
27.583927800037188
26.990467241763632
46.998636733466896
56.473099809503935
61.70334563446924
49.880026128499026
61.917048814034665
16.31334545089682
49.74408679065501
58.04363843906832
42.605557542727524
33.1912506849595
55.31336309340654
13.201859558475178
48.533600328071294
20.818590885935286
43.214562359447726
35.159670079242815
36.729543958441894
41.501951681458436
38.43601133477439
18.89343543634346
52.84184962899102
34.911025448827374
29.28961716637872
63.70572662938008
54.95280471451893
16.997802119169073
43.20242266144176
27.520437384197265
15.363473062401738
13.030190240463945
21.87608654483212
35.80784499732239
51.61849149782845
60.327173792504595
63.1001366947296
22.12917745629435
10.059836757140417
60.93486172259717
35.927972964364535
40.812024261626775
50.04753023026805
34.39069736430241
58.874060799567644
5.350513229817949
63.05066369016752
52.2830762020737
24.52753926568218
34.1950760456882
32.545453795692616
55.6698680473864
5.576802295666511
44.48480496680472
12.777343621388468
34.26173995402057
26.930729350234664
56.83734882121862
59.74410712080705
51.905345420343906
13.567421471319413
9.32102094543825
15.327806906633448
62.929617779085284
39.92369660770913
6.6784657377636165
53.4814869076925
38.57444852632692
17.60446401064941
47.00941519456546
27.106321404487844
42.419519487764376
4.664231613107624
62.811612986317826
60.692235770164025
14.23906065004796
55.65022461844768
52.145030955878134
51.617829031748215
7.013131328437055
23.077383354830197
27.720593935074213
31.49415073872683
42.73157342283917
63.8267868645644
47.344445408128635
50.25801168962458
56.5020863086261
58.138159290247444
25.35490604806177
60.96750143956008
33.60983870551644
57.151888912724196
28.084141810664335
44.18063184387959
29.34346879155119
33.26312425743089
52.081386176104886
60.322784289175544
25.638373317430485
28.125210160207125
47.489845668116715
51.860160274011825
27.46946746836526
52.88409190148589
33.236970226435375
22.4955028343147
61.40837184047668
39.127718285273204
54.070757069016366
27.51069981829565
63.47138000961034
60.47762781070929
24.36617888663124
23.55901337796702
19.05056388571021
40.61328155737093
31.343916352584714
4.888530162986342
57.95605520907162
15.464536667843767
55.3770081760392
54.62698751949198
54.36142862217909
60.678912195839914
59.243311290110086
25.83571065151778
63.693772813049506
15.504550850408187
33.359331327118
27.563274232726158
30.841335645653075
51.115918309152676
28.612528241952532
44.76748820492415
6.570306536825555
56.6843565608806
60.04218264931193
16.36281414545944
1.8377501643917924
45.72616597046736
60.813123986391325
40.98016237766085
54.19154007542865
54.32696537164578
17.07637570740765
45.880116250506674
49.2941902558828
44.18879233033765
60.60705864785271
59.20634349978314
45.31573216536664
39.62835972456474
50.57990856581009
25.86328971493093
33.262748329526275
48.350092963929214
11.577221238602178
42.12359498141091
38.750716145310875
22.780041939371976
13.003649111979946
56.07110838931557
17.347166039700888
31.332891062761746
57.97497163129835
0.3743935606902298
61.55878199981603
59.00813853898538
27.731675692805922
49.24506718244189
16.07875445151811
43.37187321787114
60.3349636655211
48.11824926067961
38.89264606158825
58.648802611883
43.33408852267364
37.91828440225035
60.173998617250696
33.639191831554
10.663427791478497
59.86621203631793
44.33025492684551
16.027311646059808
27.16865936416267
58.68108264028974
4.354485456564845
41.6599910069456
44.50465426151057
34.08817418687401
27.246707728495117
2.634506501531831
11.524491882423995
34.36106501613932
32.11436792969701
57.25978221306598
25.668239325631582
60.587399377028824
25.862091169614793
63.58840602911298
57.9629937131971
61.77292290738938
62.88526511742691
2.979221897052973
59.499290399269945
49.96421840056151
52.38265266185516
52.53537398381248
39.32383391521644
53.971623547536495
43.45771331990188
22.552453185999433
19.99132273286226
62.57684756787743
55.62510543163472
31.546390814660292
59.03610020790368
29.770724622594905
55.71920505497008
50.657981459598055
44.701096731405144
56.68506002088729
34.508960804506856
61.41605910358133
21.825860164232125
47.27407551673842
47.88360837560976
29.248756370274876
53.626190948859175
2.2281088803772775
39.32713010790256
59.92506803834428
56.66090527225874
18.70267247824107
59.79277195926852
45.52494029513815
1.7884288050211623
49.57748739894757
39.80822209016424
34.64148949536556
33.27759803316315
42.5103868341848
19.148447447110904
39.00536914585821
29.254041015868673
48.14950276613335
18.297753839426612
36.311180676874486
46.90488164942426
57.30533925180988
59.17302065321832
63.6063779268287
50.0906377473632
10.300027313444623
29.549011214890136
38.49143031645174
35.00706409438552
18.824517380371454
22.017802007561876
31.842388501573595
4.50203276658155
39.06241389195168
7.562156413543768
43.5539464440904
49.98896414034672
49.02050698072244
56.139077427933614
59.13931666098453
43.09134826588972
42.781077093330474
2.1062751614593225
27.372850221800533
33.360037416478434
39.50676438164129
34.49392787600486
52.239042547712955
15.384964360815808
49.96039815950117
12.291850607089962
56.74004427205482
37.860140955561405
45.71290684482906
42.91278986037076
55.775338097387426
12.811976711993104
55.38012664753728
59.538944771730065
36.06335564694517
56.258875010090144
48.48057990902997
55.845312031775634
39.392907444084635
25.31088041793371
26.784759191875366
30.364632717826417
25.72728906268585
54.16796826480859
49.64508284630457
54.88044285355966
11.267233264139968
31.810000889478083
62.289040368174824
47.37729481826912
59.78076601583354
56.5717185524989
31.703369010701508
35.05296381149158
20.53322336012453
50.84313065793611
47.04931704959511
45.29477307716233
52.77394869022699
28.048978273313658
51.48541017617474
26.53773229684021
29.441364198040965
52.17822231448022
47.323748350208206
61.7518663636886
29.34648465068858
8.204199584971846
51.962392100775
37.487630054165464
40.072526010380116
11.785904206621112
50.744709310652915
6.083489909505587
1.7198384127973867
46.0845359260757
16.251403973134238
7.610674814129993
33.83136304622356
42.913030056786745
27.189104129616673
7.644222147395979
17.970781343065013
30.385427408414415
36.291318240691325
60.669160537961595
57.32878395100524
43.00807306357078
45.909082778560204
44.598905818339006
10.535384682794493
22.17983667812647
17.105873807890497
21.249125204726134
29.221349838662526
53.83800981800655
41.46307223194006
25.304398310376754
43.70834962561719
21.35110051395167
19.86769803885818
45.85347595304388
20.169609022044767
60.37906950065825
32.94332452757983
34.3417038656477
52.907412543415276
3.969674269438727
61.15282567111271
51.83053210453931
47.83442960114165
43.26909736087555
42.870191896806816
1.0974822781565763
44.661792567873675
63.14849895757894
42.648125319055595
61.76593499240397
57.022757682752896
47.87802855364646
60.98426795315948
61.544365282577076
63.60809557981737
56.102943894816335
47.75195888985712
1.3795228309145102
40.0873888225959
53.367208000475294
12.695421048676607
14.104717935976261
62.680244652090465
55.92860005720813
51.4530099252006
53.112721026172075
59.524996360395654
13.231448270236832
55.2944143676488
12.74732937224313
58.80256095494604
35.92939371425739
32.92362574294296
38.87321466420872
63.623822419576314
17.625289913896296
46.68528971579226
63.049687781651556
42.74574227998764
48.200236939801925
59.84535908047608
29.545387360106524
50.213299993650374
11.339800585692622
34.73401102525561
59.792979608175735
8.156526431792479
26.996919596687405
50.11224471642986
52.515303046995314
61.06961522761577
23.392810433597198
33.54197112719794
50.548191800911646
25.48653575743375
24.33426834403805
31.663907633127387
54.55950834700528
0.010355715281050948
15.897364347964519
0.5464178539512616
40.09983741604259
33.24852236687856
63.86199885801741
8.368175261597827
57.095576065830144
18.973015234022938
47.434977969399654
55.73157625302775
51.13464197264745
38.92568183828335
19.877681689975496
20.665965623083103
59.14254411873464
46.8290630016664
35.74527848873645
38.25635703665529
16.94524198796306
36.08032465009441
52.151682421231456
52.587393383915504
39.588329407795165
32.326595010567154
47.16174343876299
56.12993393125274
26.467374048025675
39.08186254507636
62.129025617675694
63.56095061082346
46.55699040198961
32.07190871550861
34.814195976932226
17.039014539822446
26.877649773338455
51.6038942361478
32.88824245263889
59.537737173673946
52.237261295839865
19.187411838847723
48.99410256488788
51.230122014841925
40.41681876213534
10.967806932678698
35.14543172933633
35.08046594658224
52.13917630230911
13.15873586723228
31.261503989000133
55.916265466329406
47.93282989684283
52.12848153914361
60.06904475756047
26.7960856264787
53.18605036187169
25.510697901381512
45.95897502229814
51.173844445030774
57.98553679355314
26.296755716688075
60.21510043429262
60.261944841692014
26.226028817512365
58.338841730151124
52.79729939833571
23.852148658959415
52.42622684753137
6.139672982121212
42.42125081074246
51.40139696080885
45.082829798487595
12.429608830995342
58.79000714488135
63.86779738258938
43.64842755515873
23.314295363502474
50.12435556869862
43.045513646648615
33.38741068156786
43.26461881080619
15.504599484494008
26.414795885739757
46.65439568876985
33.20804629073024
57.70063672214032
38.252565946641226
26.327447319322097
51.92300840025765
24.595952070072478
5.805393109389584
26.103213916558566
26.687534334524166
50.56452534126414
10.113516869423755
15.22789767993595
39.69871509414277
16.700447140069173
48.93889050683923
34.37846234952012
12.916439597514362
33.84219379638256
13.609957280440277
42.05552813117957
40.394337563165195
39.30884558049473
41.371496895166466
46.06251283607601
27.807815032988543
15.457906780775929
61.99798581657992
53.70834910962706
50.45473367750735
50.45452440099746
62.264927577922954
49.72413950085357
37.81752495556969
60.738843651286196
60.07484631944311
46.08957654500006
50.59958780066726
57.35179896119523
59.941551573113735
61.69744217943748
52.57964600452115
27.5939803204869
63.93927268326691
29.68027777498427
62.72534066418794
43.24829745149571
16.648623067159306
13.577846576010579
