29.145677749281433
17.851968240853097
42.563948460443136
50.841894901006036
9.687690639918948
62.86680671681423
27.83534117399161
59.9885546041048
21.22781728308935
20.393648956329145
23.841706566565783
51.122195843135465
1.8213050471018448
51.94362639124404
25.79805023375284
16.924872619737044
50.26659839529058
28.00103590741066
59.826763291952744
43.201097542116294
38.571778888582514
47.84160060184233
54.59190677559978
43.04767909060344
31.438755768848587
45.29601276764605
59.63329398048702
15.259495643354363
12.638169791041825
27.54425573021861
40.93055147112677
11.244982511926317
31.60000845207164
49.13673311406377
44.249322645096115
56.83545584261812
51.79385127356025
51.59876180587282
15.873924122696515
49.7598440913385
29.255055589247696
12.47394669239349
54.23932569190389
62.94796126700131
38.64012654537545
60.775185265958235
52.12604123234287
29.38045537372745
23.337668307439934
32.06136258723691
55.367568299952154
55.27384158314182
54.8689204810039
24.586026956007686
44.60260459062998
35.38530977412236
5.696555046747015
50.29551642239727
26.02415380407843
57.916608400129086
59.01047147034714
57.26253746537744
56.36536681423212
56.43045850864127
22.64907932651419
22.612217054040947
24.61364205575436
61.54463527052275
16.61171468280834
58.01967287974943
51.37656344058237
2.582715802999978
55.270697819223166
41.93520508440645
47.59340381187817
45.623343062325475
54.43322503740443
58.34534269581707
39.62193374622154
49.7757715527477
48.47685577627477
42.270796586292775
20.746581360989012
17.05889988093906
46.35531172831334
60.27042255798991
63.904300765876826
20.660691403427606
47.79295017148823
21.35504830460929
33.25013586977302
45.35627357125228
44.31440599375091
49.84473559979805
46.664162137114545
43.20772278177494
16.022345225159896
23.637550653939385
63.62853787095301
32.34269426840431
26.54179945596278
51.55252417261236
13.037011838049409
35.16666223624298
5.631336045699484
36.231926014419216
47.64606352637206
44.33644237162471
56.95586231546194
48.8169850472003
59.92441965415516
63.300734113970194
28.354397635668704
20.02644417868474
54.84751132002894
62.74190766125796
56.77214502497559
44.50065973213261
40.9550285084145
23.142232586605232
24.112096449269863
58.27796133358556
10.848773516413694
25.142206155444377
60.5187297621482
39.88789416780944
57.14425902925376
33.147463251441465
62.27634652096857
56.16119483469851
11.254963303334613
36.30624395358031
28.626999361232706
40.863069668117454
58.30054214334071
30.78792178552127
41.32696075763536
23.829408413961843
38.19700364573028
3.6192329423727685
61.06029023811188
43.73529049227227
53.25651015129632
47.359409673348885
53.2231454200625
61.266711198452285
47.276741782307596
62.113485639456165
29.35625507778233
51.916414105313514
42.57478420752405
49.30228258651236
56.9987769144503
45.96539486044088
39.77047801883464
50.57628869665052
57.837788530454006
63.18336169799372
8.182496758653059
60.12777973550848
4.209268848028806
38.5904773206172
54.097126222098424
44.062346175943176
5.127582672753327
55.44370409140135
16.881853367964553
41.957333301076986
57.58067273718224
25.037050762742943
7.85438375821829
47.29166084835977
48.87877337797102
54.825632175701664
45.00447962938928
59.45806350353296
12.387002123684155
59.32293420479756
38.29341734085534
14.807987856397148
21.863255815956606
61.844564175030825
29.18427614510589
54.50662002243847
60.836779804483385
24.501425758029846
45.58238791012773
61.49289902007501
2.3445578162030714
40.34877669826509
42.57511270745499
59.023325953724
39.759868679499675
61.15535497706442
46.620505143018406
56.55956474728018
50.22272240904093
48.18053966828894
53.235558680750415
23.874319283049253
41.47970333923309
58.3172153378532
45.73759061024394
59.38274393240047
25.936007020323032
52.93253072665067
55.083356804368236
52.29862627126744
16.893466967600745
43.11990301002938
26.931525664620395
34.74952111583025
43.90506419015237
42.53025691189218
40.78461505476519
50.238645475992826
5.737761823617859
35.11129150464062
36.34768453425375
30.79988146784885
24.78550763690118
9.963391830895553
38.727081026210456
54.92695036270818
43.40869188709533
43.156095782997525
47.01285333570749
62.91583358358205
32.32324319975724
49.400177661181026
47.939043702457326
16.093802090432398
56.642197817398575
59.510019576701026
50.26884168546601
2.1546804320654047
16.625751844415063
54.472848864219955
43.389303922817994
45.09436246781966
24.699556207631538
52.31265460060962
32.885806204830054
63.683116691406845
50.81437781321313
19.207788257588597
58.3142583222874
26.867445211187324
37.57945306651571
62.93439946895919
62.83972997201878
60.31499491681658
32.4843288911363
25.847608494653805
52.296165677280186
15.879687951182781
29.563340619356694
5.692056036670927
58.89898509630379
60.81487469593211
63.3022251986113
58.7721431016943
50.20876405463174
59.530958827575716
24.189217444152106
13.974903088112598
9.496897021586513
28.856455106416654
45.5346882711376
28.231038594402854
52.57804544376277
37.30730945703995
26.179996978458107
16.939493429448227
33.90578823457578
45.13483648200381
47.00970038468982
37.760860970914024
50.036671186961755
30.800474512089274
38.90717052012429
59.172535156942914
28.409484991688537
46.66303298437509
55.93647554756543
55.7799561237658
16.65321583262132
38.072774957274426
52.1749241798335
52.81523096681023
50.927104166169656
60.24781186649242
37.1193727197227
41.80342580590855
2.866877497028753
37.32491298757918
47.037799717929204
29.72014728735182
53.07683823706732
38.36030845183235
31.6172441824355
41.80823677224949
27.35697774071204
61.81932233403676
52.26699306865899
45.90496517378645
22.066454425751424
44.3713779267135
45.85506315332102
58.67937592995522
20.817030626850908
18.41882707666754
51.57068849402168
42.03924759844698
30.577926521542125
48.11865270398861
61.64017799482715
49.93532715991067
27.162479603728762
24.759712332282696
63.633917559948856
42.597693340572015
41.588518888946716
14.064177276096352
61.751655632300924
63.04654180834029
46.64039330621051
18.042239247124144
48.3440487457347
55.06516306919933
17.723078498026098
49.25600742100355
50.499167847426875
44.65627388421075
41.25199020748245
50.98335282483648
40.11279037134497
58.03260315736589
55.643585353885186
6.380321747441876
58.37314255927734
29.06825259540782
7.145658746109838
47.40739853174624
44.85007895990255
38.30326616124243
46.156800775879205
42.75182411477283
19.298886591514375
61.90989951116258
9.283323538158385
58.45096246868784
26.46020239271271
10.567700148053902
48.63168643209514
47.773649280655675
35.53993833461482
19.397551654339196
45.94811200376081
49.60051617615401
57.29032564473507
15.317114862343821
43.828308669654234
15.285310781213688
36.15978200204387
8.883686943347094
45.00709454563678
26.57306756897021
63.169740369040326
42.26135303168216
49.72207906074438
22.945224994832046
34.194743541136944
31.764983854551403
35.29022389738522
58.654653738487276
21.295697781665204
57.94156043842723
55.66295084244864
60.7230999040678
10.377003045862729
53.8896993754055
44.50374903429854
49.4446473772492
57.023569249655615
12.769953434580131
48.95702163756414
30.264029244547338
62.95306200786638
57.971968417197665
53.51865295413171
15.993590167094034
46.92806111625804
37.502412148579
53.274424215679325
19.872362127529605
53.836480749885325
63.41916964643562
5.457099562390255
63.61302564485732
23.335548907401197
59.324318826187266
23.806224503440134
36.44100381748414
44.79738568744786
55.76015044641581
62.778968467929786
13.439663672453193
20.965853255715984
48.943522586301
45.29034481239188
28.32296873804627
29.191855071017265
15.60616158381449
38.04410633871757
17.37093658978148
44.4392147580581
44.12840136032397
61.813887669519076
57.21278209444176
45.65603432561032
38.89166025691826
11.894113136725565
43.88940143849179
12.50651384203114
43.716325227697055
52.25513682358629
9.311893969253859
2.7684621535230747
36.63477598957863
31.632277103823057
35.940336298715735
36.832711719941685
25.712878194654692
41.53997367904667
53.23279984520045
37.29509458741786
54.123808855296794
45.525539736884646
60.681185334060125
56.507944797326616
41.508954686049876
63.263020761663036
34.70526881117396
46.37507328098294
38.29809494103823
22.317588216626696
30.14481888834539
9.562056713483187
45.83736795942048
57.852215690984906
54.834852824486674
8.623579764907618
57.67631547781093
56.6634776715956
59.36229427020746
62.32755029298805
28.735190183395098
50.82388400529676
60.95982109522197
55.91755114239421
51.62485728116757
30.069450903892346
41.44002721480291
8.332968451305291
19.565396978051226
22.4588227620359
19.97762305152503
22.473698858809108
36.52988418482392
19.928693074346853
21.503142366489755
19.800236212065435
8.173542762192724
59.24787250047496
37.71486322393103
55.278235759906835
45.44110509544204
36.62017211490638
39.90767924288708
8.267813648768858
46.11094526404895
55.910802172459796
3.626359929517882
28.009925609196934
38.20137810309564
35.246718520096366
30.083747637551376
41.419914834364796
38.19467812856316
63.60366174840323
63.16085633500689
41.41438455950481
0.14874117612369275
38.12205646929252
37.816338147264176
50.34019446739997
28.69366222372785
41.7882767522277
45.41103781636865
61.4373206357353
34.81449474662915
41.040549695704186
20.214949166789154
62.72137325168689
53.707292271838575
50.8372823955649
20.487591858382523
61.35431168054642
24.771298105450697
62.4691190887569
34.45941726012916
35.200558551680174
59.6742857068424
19.34183722972238
52.70950561822645
4.376717989917125
40.89931733644255
24.88659154788104
7.3886475915223
41.83163790808436
56.62409765950589
62.69377979578129
31.431135397959835
49.488116817309596
58.696739458525684
40.65708104437989
14.856168298653621
21.916030339929634
27.433781176173156
49.4046567066565
49.14778083406645
34.75857976068556
57.659534253880366
42.57759591905524
15.357473550629592
7.23624949195559
16.469189899347498
34.69935402024777
48.838665240590196
60.725342023178534
38.24230820432881
48.91899187354216
60.99021220506988
19.21376543255898
60.72571692451312
35.06672350628304
14.642137390839139
31.014920228625485
46.68504056613156
56.14378827633508
36.88193898777242
63.96474375527786
27.587618764901016
39.52918845367893
43.708067947323286
39.65927116253115
50.02778065008991
33.350460174253996
59.19177466146232
52.66246688087344
35.65731482951497
51.92178590672142
40.285670505002344
36.4100535316918
54.90792998914407
44.494169384849215
24.387865821741812
19.42023743782277
57.69633729983234
44.44826149106177
14.7832060549214
2.7041727835431786
40.901073754484315
42.28735517001951
38.11004589497011
24.326661745927574
61.910352952807216
10.103294193689571
40.7641455588122
61.927950482188436
63.87322935729705
55.209840064248056
33.90175861206956
29.47556132277237
49.85893693184297
60.602583677585585
34.80083140728432
48.5706938540116
43.68802401964304
52.64242799510697
9.945712840818643
12.070886701394599
32.218388480130756
43.562446236806025
40.10769719905701
40.3491702849997
60.96443632928808
29.65717802176475
42.44833319290207
25.009830337486278
17.58041632475266
8.130384365578507
35.97863877085592
62.72783706134197
41.403496849858314
60.35884463361285
57.00400801670706
35.70643427030331
60.039197950068576
35.17336163066622
39.24736748682657
56.79687618772331
0.6116042308956295
16.23965888610183
15.01704471505957
1.326025830079594
47.429270373997284
23.907719296730512
52.887924859242744
25.74336335809432
42.318944394241186
2.748105691004156
34.736650361232776
47.975112723298565
14.06622875338222
53.149040793955876
45.420021711812694
31.42916775902834
45.858832254951345
26.84543721933884
23.605523429395994
54.47874844011859
51.923113226244496
59.793238927554825
34.45697738000703
45.847850807644605
23.18958283533098
17.76783587834729
61.02323660730291
34.650167036461156
33.8257139542671
57.30831633627875
35.86734557168705
3.8818097119740216
38.51101932753366
1.09750417655885
57.32203974297611
52.95986649664246
27.578327059403335
17.137480973665703
37.343601203521466
44.47926078280305
46.93353195065933
55.46839054412909
62.30267975966766
27.081375208929344
59.817411938900165
60.27835360214071
17.216961307474037
1.8988357822461879
55.851518930721184
9.203074262134663
43.70745196398573
45.58474809977053
41.647364069325235
19.504861038307396
17.673305995063693
19.23423950165681
58.364023706146156
11.62593294161666
62.998647605658256
44.76079063178548
38.01699967110724
40.15213664351459
30.046606789821297
36.00993180481631
36.91955294097827
43.144702670966375
49.469013599316014
50.511645236773525
51.657374192064495
29.850193302370634
34.96413951578228
43.73324778722186
12.922100491898846
32.756238526741086
42.958821196878844
59.43865313488417
37.360184143649455
47.18801722461234
46.79739219167736
51.75991628261544
55.99870857134637
30.29527839432827
49.08716495098495
54.7038400237507
44.858431123270165
62.93123498683521
32.48135442111641
19.31517796026243
36.67204870111591
41.34648282544529
50.791091544478945
43.758439924391325
39.101537297791424
33.82783090910636
40.422581981012726
46.84682727764973
0.008489171348308844
43.87102338069013
61.50720162199062
49.89943767312887
39.797574634329735
44.03823061143669
40.403463088339294
44.07867620642196
8.078627446814174
56.37150205242678
45.54841555432829
49.61727073037149
55.69955967071817
20.8145674895177
53.50752587874434
54.06329830259966
51.991367428776584
54.77015574704481
18.192588293045546
59.15075263786162
54.802985560890484
57.63443243523626
41.43175319303833
48.15784129358852
53.44780095933139
54.951156393172724
39.54851269529236
41.651930552155605
44.574215279349794
41.25945930167251
58.59351145490564
53.957112974669954
60.811447581082675
37.22439320017492
48.0734968712128
16.796091884239523
33.578266801736916
38.56440355711409
48.69256044254243
55.55631045925742
54.71435941588073
54.294741988676236
23.244392144187337
13.621462058274936
55.310423186734546
57.23900575403548
51.144183108217334
3.0719232115218063
32.18186007623261
44.64286453866507
42.071289211839556
31.787126427710163
30.134693629114423
63.720074338634085
47.13814765220303
27.121070475950056
0.15163040684184637
44.36014625028746
61.611674973552944
35.161197818676904
45.14064035723199
37.86242722903461
47.80060718536573
32.13029870337664
51.27405524018624
38.1514584763334
53.84837726521028
58.874705139010885
46.120693002624314
59.482656611095635
7.451269592011826
41.34215501623368
5.730777800855968
62.577824120570746
24.492969593702732
25.31089291006314
57.037960403538314
30.85055124935483
10.088647935177676
40.33660803854724
38.80125485068215
15.726526181716117
20.675228315714712
32.80026904112336
23.534822590210034
38.4931126610469
43.757131153286025
52.87498108340193
16.99150931123682
0.2856564990931787
50.1941836364572
10.331294144317567
52.56750272019854
41.59429285612702
30.46496204621105
16.658561692051876
28.431043647587522
50.153135244153205
54.24427399122296
57.99429008562775
24.911346487586428
62.255448351055186
51.93475242151829
41.25936872321675
25.139669373803493
13.374731647087735
26.495808077175376
49.487022796250386
12.549462066856329
59.34338078946544
33.908854080379655
19.316621514019268
57.32442231344446
41.0799399867091
41.4509623472764
63.79808723960541
50.834954967347464
28.86132073090586
61.30042675206522
46.32597750885502
60.10111428992186
51.35369378037636
54.683349943499685
3.421757486876629
9.941573161855878
37.288425651007145
53.930171142097194
51.646403042888934
1.4846743912260578
44.18153220792562
46.57538823367538
10.981221563456863
40.01935053425288
49.341169155817155
9.493340706895417
53.71471746227403
56.402527041911604
7.9518997428118325
27.60381293232082
14.439238508175883
58.148516666215215
48.02343375982102
12.312800890801007
45.63970270547549
10.125106353069299
36.44250681164678
16.8850688037408
22.652744783982975
27.926738433110124
11.779072953682878
47.35818153509403
25.871160871376972
47.06482314645568
42.633854102251306
46.768808754228324
5.933567459674734
24.37317377739133
31.382978095055897
27.267055398700855
45.104900014877316
22.966550709178364
43.12280331532641
61.865928215120526
61.80445711868873
23.430238697919563
48.15396744734247
18.154885311028053
25.503511449971143
45.82630095596493
28.646249590255614
61.54451357568458
43.69282696006576
44.04675073115942
42.288586077550235
51.76051338054091
39.362051013806564
61.84341329611456
8.476655294739544
30.384967621937577
58.35564692107274
62.450299204847056
41.80588445533516
40.21246576959275
45.32311911142283
30.89228936718758
51.04250896187046
12.233589761935036
55.31321523951093
49.50801638971871
38.196223420243044
61.20959762155171
35.99723596028923
57.74260417938168
9.96965925084696
25.52733956742634
44.335926405876855
49.48386969999818
60.26407806345321
31.217136660921
41.554962196391244
52.93214615766986
61.39030203053082
57.131922852431806
31.047737259498682
51.488068569327055
0.32392620887650736
19.04190896493145
63.309562543824605
12.828357298956476
62.831982191961565
32.89912397665943
49.01544099694641
61.733381037294485
4.468278448478181
23.442685142925114
48.32274103416465
62.39290044207935
1.824886517061877
63.65969506989002
25.620115661679442
50.92855313573092
25.948725639639306
27.306766157236645
23.539489019699722
32.66782229283902
55.75416010593964
19.134985936383934
46.686293845430654
56.85358724339846
1.154384444448624
47.281057551828
21.04070291851147
34.15928215781232
28.172218641687977
58.209095464669204
24.753582632111637
44.21579095762471
21.118906750968264
32.82603844426121
57.473267704079134
18.788022058289734
44.88175582603313
39.967642453637765
24.16802537514318
43.71933863361721
41.28597456442973
34.47133996791212
25.7660469989328
48.760379200633565
49.234719190258524
24.627444047561525
21.979017685591884
56.083115171543504
59.087388388498994
40.737320790563146
47.93281718305843
59.63119047754184
60.48738158369647
63.03040652179704
28.409476536883524
57.27810588587509
53.27471274213637
51.96439706245582
12.954705966728142
35.63567262264813
56.1876691691932
27.48108895333788
58.24661104856625
45.028909345751735
54.444174063845765
61.10093474207899
17.833865252691346
24.24547202322453
43.22852668801266
16.35915612621742
24.999488198125952
33.37326581725941
30.13011393213295
44.57129999317029
26.970646154104827
25.996764459247764
42.94579588198421
59.746006392849544
27.952343234097626
38.446701312500416
63.51397077064579
31.70563268653367
35.49850740466967
57.44580263323093
52.65580002581365
35.16565550133562
43.36810431111447
34.104625594604194
45.735422422673906
62.93222880242911
53.98059521608982
31.956969704635206
54.05095276760166
30.409129748986246
2.1370536479633415
31.409387445916664
27.872266334013503
54.292199402536355
34.639036840627796
34.47059019848436
32.0596273832771
48.55835663625078
43.398584620124886
63.3468011148107
56.24775257042228
58.12737151211705
18.329810652180015
61.1267511874776
63.26140308105351
24.62119329865373
56.17799670210567
58.4286989578458
5.9937917881754
44.04359452450885
52.54282118483488
46.82913990454925
4.903400663425096
35.299117880154625
54.89805095913246
30.15388676246512
27.80938590803737
7.648541801310309
20.193034690145026
3.9376620479069118
40.89555432692431
28.181467801174684
61.966034056861496
28.429136414266317
47.76415101303992
62.22943744689554
42.82833844490773
42.61791094692236
19.77638469084762
46.366059298488
41.41642846539102
8.369034939338363
32.707058817066866
42.79888281979498
3.9361859367989496
32.362322554242056
44.86711601144911
43.93573510589607
20.492463497260125
36.582510422672776
60.64674591109577
43.49062558124824
3.2523007306065352
33.50399150445786
33.551760689517664
55.15377396635592
49.60991200608956
21.14707280111513
43.308714157935356
42.44870953736159
60.411687515066674
11.91856311639664
56.70383362979911
10.51294166261782
54.74549641412769
45.84974845112015
63.76919336488004
57.65614341322183
54.34538611136425
30.98429507477733
2.9356921343952678
3.3213730067935643
30.08477580329086
54.04773373566741
49.32733970125081
25.642545022852374
43.09050155384452
34.728198849096415
56.262164196284
15.315978293697235
53.45731521063534
28.98526620549626
43.68211871093628
54.36915692701368
32.576125463883436
33.22572503729873
21.66016239405385
16.20504019022978
17.12737317235952
55.99141198601492
56.28189458299738
62.49791254766553
44.184683408305595
35.45760075806507
32.111108731037476
32.573908112712076
33.80218044377138
35.44326155461735
46.805783690629156
34.644104661337416
12.83868001096068
49.1408240280937
14.94509090306736
59.03994003888148
30.64046612569686
61.84361146425193
57.39064576282934
12.493501912089975
14.107548163787726
55.49268910758239
56.643422874458594
34.21207043858397
0.47698159245342
0.3936168159553759
57.682289476756736
12.466230450963941
51.42240453305968
2.837940724921033
57.856648446616795
39.70573478720286
52.05144284883485
57.92590521571943
37.27802226825709
57.32100508340665
15.85598474288512
45.86998673765321
41.2930548292071
50.045924790303815
47.0304170954071
53.435892008919346
19.878006602862904
45.91526127985969
24.68813338568154
60.93365424311859
55.09824447053934
6.214561941092342
51.444869904686044
41.40750070330086
60.77640302600155
59.10007832815133
29.903393615191135
8.558092271779145
53.960214337340894
58.911163324879716
52.38814308178426
23.45339236496578
31.815892443511444
61.721923539372106
53.2617697107775
28.41598091810188
39.76776096728566
40.81270227026319
20.474906159428954
63.03825426238679
56.85169294642358
22.19474962718691
55.556290647403536
15.845516920629024
33.92271477456403
37.85733605934228
44.80026351726421
30.853555781783804
32.355025415205205
5.831432367347304
2.933252436254456
56.366299365006206
34.879213962820415
35.49380158989423
34.38562095056966
55.174188200375355
35.5776014487011
34.03254050140908
56.949107593039834
16.711348746591824
20.43790666251502
51.44895847681366
9.53256828481939
57.515069447604674
39.17065046450503
33.344882256019396
33.95186936617196
40.71161953120054
52.763882554526205
14.311873208305357
51.21621308066024
56.79698996287967
57.89469675877574
45.905757618895436
40.13686090642355
58.728746411218694
13.496221052452569
18.851653259792066
63.01007618335061
31.6149697342341
47.36963046751414
36.808940213493194
37.44363859633049
10.963557747343039
26.312567909697435
13.798219416919693
11.294173689870242
32.98991775491503
42.0899383718119
57.06617435060604
53.629754779587955
36.30178760088105
21.090212662044095
14.280937340539815
3.8931115152227065
18.815831074549187
20.819853947538064
60.93106640760192
60.96684461960505
37.18933691126185
37.620243757587275
50.460043045963914
21.48231606354338
38.02937434976937
15.2743165314318
0.7943849648718668
51.23389610737637
33.69644505477352
62.935851844667546
42.64720470399576
55.99598249724285
55.39455628546608
58.32371031615475
47.002242735289656
28.4299830043689
54.08637176587433
29.924502670720578
10.31174079180979
56.655479814046416
31.059865222057347
53.80497479033674
22.239381843619555
19.865954143273655
7.395027173945827
31.709504765110204
57.609958952806
52.89372327179994
52.91859543073341
63.02851563636051
50.64593783769635
50.55100541864829
57.89055832113215
30.340292802283955
27.695420999323026
13.447217355296395
47.901955580166344
53.443273678885156
7.48909526057782
29.32195930542796
38.51581816258985
0.9201117504696299
54.641387778693996
56.776370643688715
39.21138290347861
28.698415369064982
61.1996489802763
44.664256351467024
53.211485777882615
7.017978151604467
62.33553828195851
60.87322926346139
50.692052482374365
38.143468144859156
34.341732675771084
53.56215550955621
53.68925641751942
11.87660044317738
53.51411622719363
56.31588117337604
28.96095325542572
19.353791552439255
53.761778733942
50.257570273006934
48.85678500399952
45.06189463365733
34.224158659155705
49.55259477858424
49.78983946391885
24.64985728303259
59.92076487452062
38.37613313806861
13.39580904029686
46.82510915733709
62.32111414978054
34.89812843386822
33.759778649672334
45.39075445718356
63.714315651535635
15.757583458896171
50.87456892545686
55.38324991235006
17.579105194089692
45.72481985656334
58.805710213700216
57.10238386450021
21.423856952983023
25.1451350900647
62.052178666729965
48.99766699870452
18.592238316806018
30.277085853275807
58.00835299373435
31.68707513393531
33.60406814532783
62.66014032961402
6.187718095456319
57.3748409841184
58.80960199948122
59.38593045352284
26.52561210905133
46.263312279854944
56.9482645054736
52.51574188765641
58.59923615516859
60.47437855630782
63.953404122668715
39.07253984725007
19.937314095182806
32.86445871447677
30.53302047551562
26.446982225987462
11.49402746389751
49.82800462631145
31.211596911622102
50.803964188076606
48.74704480786052
50.36633129387191
38.250330170173285
47.66335801586696
52.98708500699244
16.637986959609975
13.851320530809659
42.93951705916531
41.13327632043486
63.92733123293691
44.78535275800023
50.03428365305207
1.9752406308075123
40.61612416083992
36.835542445356616
47.576138495330625
60.34825849591581
54.84044064024957
62.215994677213146
61.153184224201866
30.81718195538602
12.828473331424412
55.642084697800634
31.864076182075422
25.870757360853773
41.19423245826934
61.4465240684324
34.346864847920024
31.16196320043059
12.53285933377012
47.47146671404465
29.816090914294023
54.35787313158294
25.49719769686046
50.47507313815446
38.785134311845695
55.40986259952177
42.253469109949435
44.1414715682419
35.08826726870741
26.100724470531482
12.296777504144956
45.771924383811864
40.40102369139608
41.19888017304509
60.903888252949045
61.360738851607316
51.4079727302749
27.536057912126168
22.18334903989281
41.2374522064101
44.04924224482849
23.3507002376177
58.18435438669537
50.80267975007398
61.2543427384498
11.096260970418676
37.29636462505071
47.086140860291835
14.859331773098766
52.11020909632675
60.77228575636248
61.47081851121771
38.74230853451314
42.9855383462957
51.512276889656164
45.04349145603818
36.49710489547573
51.09946815000017
52.590994841689295
14.65057908692868
47.21783408113161
45.7901536742456
30.095793139635617
38.34912343719741
57.3992897711029
29.844268737657053
19.478294784862854
37.45952410117803
53.29026200369049
28.792907797916534
55.30181907553181
57.11838542801315
58.68219998358525
44.57290450941251
22.86724305511462
31.5461880505308
54.04525979570971
55.19105982960495
58.47493583311725
35.910727374090456
50.93823774415319
33.39623903058316
27.539524632294963
32.36733064888282
51.442023599171954
51.217359772743364
61.18241451835173
5.290270112918392
42.374568361375154
42.54836573919991
49.081661979552116
29.373266909883498
46.330892672541346
14.093192695929595
58.79342615215775
55.58924101309586
36.61277422876901
22.748970611328964
34.206909082606394
47.45449795662404
49.99591347051022
21.777830264330248
49.654786650314165
14.669364134072886
48.55783365304654
63.54366906681468
57.57167488213262
43.26939938305787
43.11775431969247
6.74431807348401
32.80653275926237
12.371812064092317
31.843425166642426
39.413961690530044
52.93455673497199
59.90968452733872
48.25735000367865
46.90764121341761
61.552284653994
7.3489800423949845
43.174860252863326
52.15074559838977
3.433131025317458
29.52638666427572
47.76922024744829
52.41595600715916
54.95156100524921
53.13222762457583
33.197099731202314
15.863619003374374
27.285739445561866
59.68381254659581
55.54330685075251
21.71361460783561
35.07395339391798
32.85373090934267
33.449720746187126
32.724305613365814
10.208691531526284
54.90936237017473
26.10869067422466
39.98349631060532
30.016905153443297
58.190650490798404
45.29336496219595
53.33780266640453
27.94741243465179
32.73326930930354
30.756699351149614
58.57650967875694
50.64675309647514
8.948994631001305
50.585581952137225
57.45255330038736
41.58120544430327
45.28118509558507
42.37812026901079
18.6324469068678
50.42382396654731
31.467185113461426
38.773936790407646
53.58528221250414
18.161323089433616
7.695890998039786
27.328034104736695
19.191205945383928
50.48593086914963
59.52708428131702
50.63689969072911
55.39942811726522
35.057811884766764
13.56917904647868
13.139604733618292
13.243991791348321
56.2595634567576
32.69226692620617
1.801030351629727
59.28256213475316
62.07825809879891
48.31265321437895
54.88458928771776
41.501112122283686
44.01300736046879
56.8074951166746
54.60726514231382
55.68532461623637
41.06230987339745
62.6863623053197
57.239203615168954
21.655803444516245
40.41187668070299
35.08565593267013
22.30828635018134
25.33000807764092
62.16488185120986
27.473793281543493
40.64552250935406
54.81465774679455
39.10429326169364
30.51886563197212
40.8106098833114
7.243649867297904
42.93721739359965
46.81310219108182
47.06558410325158
49.44173514958778
56.65587218785811
41.84219856964678
26.17468383027108
48.77379436332837
26.857573738406728
4.099428739573391
9.721657554629402
27.01332587212886
56.664984075288515
52.44288753583034
45.20123829401869
43.93943941030068
25.505100689574967
42.119797822801054
55.95668971215761
39.09076220611714
51.21591644440484
27.562438108943738
38.24691879396998
53.19922390556445
13.223227159620421
55.325063586702726
38.66805148156065
9.945146915415215
44.43013490703565
15.493166813384242
24.4543267701614
23.544568838143874
56.662460081413684
14.14010085574845
52.31416284780748
47.811405527027375
15.496616804315472
39.262203777684746
32.659999607590706
38.78097095013089
15.813869057555522
39.66622083117532
51.86053334985854
53.087641350810785
4.700243738128634
17.606587242751743
51.9924732193889
11.500784617617569
47.30913767545258
54.26530213289264
32.95145843521867
63.35501993230341
61.67012705424918
15.424873438583745
1.376725333035651
36.03705182608902
25.1149041425356
19.120094913211325
17.330456022984976
1.8464990039507612
60.72026965172802
26.059045785286905
17.11368007978116
53.05946168459942
42.469727465526006
55.057513862790145
43.42337440989395
18.08809014131006
35.035852098770505
18.256008176506086
53.430136214301086
47.23185872423157
36.45329058981326
52.35926914987435
58.72954102633156
27.946693734822865
36.19780737918677
38.842676432018365
52.624750537369025
22.318991328628883
53.68919852499997
52.063190666555805
59.73882133921537
54.02501127122923
56.21658932193663
62.64369416092633
33.59193069809096
33.286627690331244
33.05960301302038
14.210809496462616
54.012064903441235
45.320369757266704
41.65255228908789
41.88167221749178
50.661464667573426
26.568897116255762
49.5626461591599
61.377741332406835
42.58494092957023
22.126149354269465
46.911865595103734
52.34128072381837
29.594560965575702
47.020104013478246
58.143059552117506
62.62398153885117
1.0821918359912743
37.84232483153111
58.573354231794454
14.321449484318485
23.088200283836564
22.474775524027095
39.928016822862645
22.786457645230357
58.90547016166268
1.382967149276162
39.49600373270205
45.98386437405988
51.87423542826498
33.16617974313279
58.554527790978284
15.992836238924703
44.94389969017492
28.184103449008624
21.648632649711026
56.98856875363836
33.97615796039614
39.01598072595194
27.48104227711014
51.89063783954938
52.22368195583073
38.942865118411106
47.24735743996755
36.73683076739829
56.536158585123225
53.07965474530403
36.176555872840936
58.92377779070911
59.09463348296151
56.587732030098145
46.212841672623526
19.743782148569593
3.9813055209978288
57.529814734676364
33.21947284441147
59.37628634724366
25.41770710474639
31.255863406070127
56.71599108116548
0.22041360580296754
45.43170005676498
59.97972248345122
60.106574885715766
46.70852019655224
63.35261608582391
40.782616629157715
45.169080777398335
34.23451646677199
59.85125993972048
50.17038050348075
10.961387648445395
56.73846118709093
41.08247369817502
3.2246612082633845
10.351522143135504
28.47142817609752
55.80742660578545
58.64705585141172
23.40872492848868
6.628559010176609
13.824155923433707
15.634843866817093
56.62822950489184
32.0630257957724
10.739205191697792
38.817867310380464
58.99828835410845
43.01478341711824
35.69651818486476
1.48070981766854
57.84437336005257
5.958847525426897
28.795720296556667
14.745184290304415
39.42063801323196
34.81046498482591
47.51413690138655
62.55352635066745
54.043128298180356
61.42205162453335
18.970741371148968
14.047412884851916
38.88551548081165
59.86044148977013
34.93673699380078
42.28968296025599
55.536533785819266
53.014989767347004
38.39383276256973
54.13709644176644
19.610293308051517
17.445638281592338
56.093178328984
10.858801283135008
17.95173963312783
42.20193755956756
45.054549621417536
60.48566557995148
53.532801915897366
57.66375380957386
46.9262867290594
53.7752027115197
32.35710832047177
29.623136883642204
52.390343567704946
21.368361003060315
40.97199910009776
4.492182151597483
15.749100880950913
7.489656911856464
62.88385514364716
52.90194094806928
50.652559564871915
56.29457914388224
32.9615983956738
52.573888924625074
55.652578792480966
39.83180941171372
38.332033975796634
38.000883047654106
31.951193962369977
21.56685587599337
27.52400842159681
41.456240642249654
22.83959558628255
34.81583168889472
60.57538439199775
46.60120687975767
40.78679416356742
10.070511035608952
49.05015348802773
46.08901633653481
15.53392354768254
45.536989392428374
33.7349029314688
30.82300716947654
55.45459858531991
24.13164001515566
1.1615965842753013
59.76059259224322
55.93562717916572
50.76489106203107
22.315411326008253
33.83447432519125
52.486375229356995
5.004940662470254
41.66389435193499
8.12062178841365
58.41308669087019
32.93290597488222
1.195609696548118
24.939844809930044
23.86588203771901
40.32616445666036
7.561295620802419
45.03953350963005
5.455270589841106
53.05268886664362
58.03437986955401
45.53336306286349
60.29740137209151
37.567635540011764
42.05643192887892
47.12083762473766
37.847749686840736
10.407631691373595
36.27198566331029
61.03359223199579
16.89719830878242
40.80736972495809
33.515588729214315
49.9762641297234
50.896815227271574
50.05131998117824
28.5043582809309
0.3618164257328118
48.381647535526994
4.06561798494225
48.346190015512775
8.439279999056673
56.79055776170495
59.62592367747553
45.01375209187746
51.431649945956266
40.727591864456116
19.769719023087376
52.76120037440185
11.751957719823707
44.315237699057036
56.000221724117296
36.03107801848692
45.36222060550612
52.421018189226196
45.26161760045519
34.946051277009104
6.762692573233203
52.74908525410577
53.30212568997732
49.01517414419416
0.024838383490660476
9.794688035000306
58.358641798222216
47.6932825973541
58.526595616933726
44.303917000556794
36.93057047586693
6.004729987294304
56.32727449075732
31.476357209072283
36.07166575749882
56.88269459536736
40.70751491892703
61.34974447441585
36.03600804101772
59.536163477364745
26.804490265891673
37.688748496907266
30.15908128336001
36.73419037965958
29.649832685757126
46.069374895253446
37.09025295249599
39.68725632627752
37.75961474212242
14.781677855226064
55.63120581988815
49.21470699129914
39.903819077438335
58.80092349151436
45.709183906434674
30.715446143180465
15.066261507778144
18.075088677337888
33.86714996208758
54.96471565811102
47.7295921505267
63.06409037309089
60.53507769992506
43.956034458801795
60.18630893701976
19.89960245398182
38.78251143903879
42.19063183667882
40.716942191009636
24.82095870552503
60.76284759713376
4.001266331779227
20.81242784721792
33.33491229374745
34.07805722660234
24.507347709140824
31.288269398905058
57.39547200708124
27.68860538908001
11.0020871994721
34.04192085960233
33.66220676100402
26.89537208837504
24.4637372845229
16.521540661001033
42.12947914250359
60.32490986545202
60.753133796264144
59.22916525138651
34.04709339904188
53.68950196302272
54.93964911068259
27.67262947859905
24.792517269338212
38.402784659756364
14.13349434223229
28.14306311891034
41.04375141989638
21.461100405743068
44.54419177320973
61.0228204703454
6.784523243612142
43.28377377221713
27.58942112405878
36.46201816995632
47.87967458001843
60.13265655603306
18.719260143297518
33.47925390147513
32.21181709088033
59.588042990914055
57.776463267895046
62.1497064399125
53.95489380703265
55.77782003301584
34.008043080944475
54.5353790845935
62.37234272421401
30.53370285257791
17.63183582849844
41.79554628481931
26.993376253294713
4.209887577310042
47.95793496595558
52.89618434510764
42.50592134020949
56.05067929060819
46.026926991047176
54.23743350804965
12.269434993162875
47.12474507743954
58.91635140827505
54.91321711313191
59.42690859606252
50.00110654482925
52.472532612276
32.46224534955197
34.852129120789364
30.69324207680659
41.981205559486654
2.2061087756243154
48.833785395397406
18.114612807893934
54.607037013408046
32.55071545531601
39.209664636677985
54.62374100871085
59.018392537780656
41.12306927351797
54.71672985887186
44.66839591065391
48.25134974865001
56.668364309621694
61.09553359263533
58.19975672128505
40.59096885911222
20.46322869172522
49.2390122606453
58.990712272667906
1.692336355277547
52.82352923868907
27.841612180006507
19.455643161549062
34.85358717863819
54.475886325624174
61.13647911976902
58.28100530455998
26.96207579254291
60.79489840239255
47.599961819808435
57.85164660200999
28.217224249017455
32.93852609687052
61.896838409521294
37.131596501492666
56.01430958278399
19.920494638603387
62.33716505693415
56.33173353628499
49.51531997580717
53.891568692091745
38.95822810807811
2.437995856355954
47.12184397581686
21.974147287047067
12.550035602966744
52.39052459057561
45.61101316730792
31.7584506345501
45.42819359438995
46.06894419036958
17.256360263089796
7.727932113614543
52.329436786484756
48.80692116564078
57.815532837925964
60.08244778085993
34.42137073344608
47.177950237202616
47.10847312452744
50.63652605997696
51.7982997874342
3.6783835478299522
22.955579226737505
30.46973600580825
50.30746184317008
58.83230627360196
28.866697690731243
54.558194880478
48.06843495882966
56.726359076064895
31.641809436269455
44.371166187934875
55.39226288068802
5.495925869193194
30.662151467126314
50.75575372013649
49.90003617926726
32.942072570415775
39.10637798618686
8.253224753415964
55.630968589377346
58.77632355964413
59.066004841791155
41.04072605297621
29.127261846838614
41.411239599280876
27.490145608044173
63.685246669898234
60.49449805587395
38.14650906292974
22.43590320628207
50.74870646716748
31.76842890342941
51.774277614054085
27.24623727107506
47.930571137830015
48.1684172768897
53.232694417612265
59.562020175778486
24.6050685958908
61.765744689926386
11.797361272135184
30.985635773436186
61.75217300230704
9.894341661608088
61.82552948555201
52.00094528025232
47.817032631164196
23.468403663731493
18.42146241370923
51.14494504047059
49.26965480629574
36.413114642168715
39.67049266498176
34.471380848282266
9.91498509505307
42.03181797095753
54.843373410829386
32.705139346208504
21.557533471137354
25.2452199326491
7.947030892481365
19.441452567706087
49.42441244788291
50.85752055179199
49.346896271925004
58.18735773775131
62.38689467736149
60.54665167848149
39.811798670401956
61.16770480094756
62.5983056845506
58.51286866176525
59.170296049134784
40.568711765931326
58.67485175447443
47.69126706343195
55.605858270491915
16.997413157701644
45.78404461688185
61.41345446956414
7.743940332840431
20.223130967250235
63.7899423465211
46.40621369193734
5.165379944795738
37.776733075446614
54.49512096482243
12.044666795059136
58.57258963912676
26.96821122663883
57.70035843545669
28.113325639311384
22.595724879769094
59.20196963917177
59.626866777605755
1.6722292249182544
21.586441857880523
49.68821710190242
47.94439698789611
49.818549566977865
60.857003302789366
61.49553607376713
44.279633952660774
62.79004981260135
20.78929334190402
18.566839521495908
24.857179402551658
22.043016432081018
20.89486490948292
12.101758761651766
50.61011935844845
35.6300483406917
38.966597480273435
26.82336658452568
61.07021022923993
60.85463345177759
58.60562658952996
6.157916317366215
53.12342470329723
62.797627080472935
55.83814909043102
37.765813498107775
50.73182392653866
