61.15897561584315
49.93975112413392
56.02322173962306
51.802481935006085
55.15086291588345
30.461877194809595
24.47116698427402
61.383212435128215
7.231710694653103
44.92068725397846
7.792851157420145
48.57416124280705
57.86692747114821
3.4968296042362397
38.669925198043735
37.29268052796563
9.947035314828284
28.41587268408088
35.21359717188592
50.7087123345041
51.275930098601016
44.18853948403115
25.2886513511153
56.62007954769953
39.497433100066345
43.27648189508656
48.367271463926784
38.309309759624384
0.6593421843500309
30.301720496239206
16.810082908030743
63.13783404891905
21.738912220932704
56.042706763379506
48.460922064266185
50.25441127479756
29.876127371312833
49.566962747730585
52.30329114262908
40.975235704218946
12.7707291929407
49.973175576576025
52.36037552149596
15.035714376328464
40.4951803197946
60.51726762874299
29.92448522389322
62.25845900637386
61.60393069433028
30.54895256473403
51.48101640570653
52.19158369968709
24.21039221843204
0.11752800696755372
40.20508814637145
46.519713653570065
58.793652123985346
37.182253993402675
21.86871744916956
41.92357351262969
62.892879049400705
13.33752887270333
24.264953116958942
18.292947341122037
43.769840862731044
41.284709369696905
61.592569370142456
40.317737911068726
54.66252809483624
52.48623091150878
53.065344418769484
25.800040757103076
37.906327308370116
0.7498322436196361
13.500365381020401
11.894078839108282
44.14782773535393
37.96058195016421
58.88708265303715
32.30390405128958
52.503012048518706
24.101836818342008
48.677047237426265
59.18568840983387
32.82005458196435
59.45645786736008
60.301299716759814
33.84625268286363
55.569442781319346
18.504092708752196
22.35597176041776
48.09184073891394
51.42022495053178
36.28384735484817
47.073420296449015
10.574918995856734
48.99946791621966
25.55352591448768
56.24732302172408
40.55388774106237
17.565387369641535
54.91920463296097
25.534048937096948
30.499707946160548
10.519532245352543
38.55269756746428
21.58765745256232
16.507973790548064
45.25716225708992
55.61001874582246
25.085004958975915
61.473885950048995
11.534723293852913
60.33676516541466
13.411009523405468
54.94011279949747
53.01182219944455
53.66413460591543
23.028853037334876
1.744848389180767
55.0329811790083
40.40779730362485
59.87769445434177
51.333003274105366
18.41713858151052
37.21640784825237
18.533703567792607
13.832038477921103
58.99212316022913
32.25664769225626
37.90605072533927
45.99210027807658
45.728298446731635
24.103065090261396
57.84512303839382
18.385053965281863
9.825145839339207
59.81735644433144
12.176416840367935
31.23313543316153
36.89519435099193
56.11755731476124
52.48129066510105
32.472946251817746
28.69862645566173
55.27765524701941
35.79893770258994
44.62329937353013
62.793456100432635
37.986133931039085
18.613182232630784
51.48789974062513
10.897805690781368
63.311466170394624
30.722078657329142
52.8762154372091
32.11313474520037
60.27968608478119
47.55501793880576
32.21088615021262
52.79902257000353
45.16090854666177
46.75079720091513
47.08096217565657
55.79466164247704
43.12014869177307
54.15595803055051
60.76500430471027
59.31711779367376
43.13552527766717
41.72051703142994
44.103100059295244
24.58398084560927
49.803119836969074
15.367220408689626
26.69001425057707
31.560309981617365
47.75333497256074
26.68784311323207
17.978765385931396
29.26369329749828
42.49402384359851
30.236396002674013
26.208875785991246
37.23123284947921
41.88143189574062
34.59579021945707
54.474447858680136
30.3331775207107
29.596506995730607
58.17690056520797
56.77721554678032
57.0833019619189
56.06634702445062
53.41820301015198
39.44257348872908
37.53727623220747
45.777801076600895
60.29681852083501
16.87844590011089
42.63921444620495
26.13335654493315
41.0461137033483
60.67389124783191
9.59758663349131
20.641237505948887
59.94685415040125
27.35391384459671
60.82281725519167
21.54739954930561
45.21552873877241
53.570587664417246
27.15610479817566
61.556153380510786
7.0546272734628275
61.1285086086044
15.760064392364256
30.554173541442104
35.77547374083241
44.99329488282711
13.952075027734821
57.761669291037094
44.65081467080181
40.80324979982815
41.68776174065726
57.66837274119861
38.83114766028978
63.772307310220086
56.81932102766012
59.641923813570244
7.553443900584341
47.35556008908864
34.33855378008677
17.63686579233142
31.632150018061523
24.774140408455217
57.24014406015357
27.33892814113669
63.480464301269286
50.693491247204065
55.635704854557765
56.22559461875516
58.570662226532086
38.22199694524821
56.49170966191045
29.740509368069567
28.98473885237295
61.00036689555688
47.75582010980139
40.50616655209242
48.066105829297406
61.30711410425625
63.8896197435522
43.46570307804333
10.531058533791153
48.71312718670118
45.84800106337535
55.51510292648624
29.486396306845023
35.925087631016865
52.76790519312684
31.9221625998688
5.74796041758637
6.669363735696038
58.41665853869021
48.63699633667901
30.762983123240275
63.10305550586265
18.504086009386825
55.71351068994989
56.93091714318631
57.06883254039717
20.639901851128805
45.639983161081666
45.713428956813175
42.370605471140465
24.006411821039016
31.286084735380037
47.099157721903715
11.57726660228726
38.46833261376424
23.905223831601447
23.549230706204845
62.01254642429475
29.715422570886474
47.51448506050828
46.52995035638706
57.96930171148765
20.834489092206503
38.907118099672005
60.641333512168536
62.995323754592235
54.76577264967488
6.509440829989856
7.674444784456462
14.724017541454053
27.404540137070548
50.86364651553165
42.16803198709138
43.531863687774944
56.497982413467504
53.51053727453079
12.452023557026365
25.28318841188443
63.552954628896885
52.47436665875763
62.08857007588363
62.35696209918625
21.455991499825835
25.478286433588053
4.180965995257118
17.113212105724486
49.89549048074662
53.922602780640524
61.13964323788838
57.39913512289024
49.09485651546175
24.731306977896246
39.36444697942804
33.632233837713606
40.75209935287411
41.3598226929623
18.87092882866149
39.85082923921618
10.039950156509178
48.917241997946476
27.750475855265343
28.609251443679696
23.32659498230123
56.308317664335966
63.04791508687854
44.31042995892582
21.285824107299987
31.479656776753842
51.94580719895352
57.14684829607847
41.49443528793769
41.86097902432353
29.794577039631477
50.799331464851264
47.49957376808526
34.88318242607588
63.61007666941579
38.81381492777078
23.112320138668842
54.01579305722257
45.86351619334319
58.14396624092955
29.93126285093794
47.54931204180039
59.7961925732159
19.03041784090361
23.801011057673882
28.05496945654
54.7279792726627
30.207885115412267
55.28360219300918
21.330422814292994
36.06324116658647
39.10808550359041
52.9549655967834
62.360156326240876
24.793543747927394
37.99174984720395
60.55594691040957
63.142922913173706
56.57105587714527
60.226805541358516
42.71698669731536
16.657260287010928
29.61181466442295
58.05391053574674
31.30475741677065
47.94463359440766
51.986266987093614
41.81700999020701
57.75724448495595
59.85729206707111
55.65161985442483
62.14658367941157
31.94825430007137
4.810657088812938
44.511173266873776
43.816283840668106
36.93567079327575
2.9288026534683382
58.29703874937363
10.33156778952975
61.161304701688024
21.919848471658213
26.559925764450774
38.12915288635722
21.68381944049176
32.38606877698457
26.98866106000731
50.259508052916345
46.29553696602737
61.8858610901365
34.851566146113356
42.2211286745834
59.7112161868207
63.68639582610966
18.939427984181016
10.890171649456285
32.689677646518334
25.93784298507566
54.19206723315877
30.71426162155835
44.40932812802563
24.093149161412782
45.38438050168331
56.05670883911688
45.65569241248072
47.40395143991175
9.429908188737471
27.042017232170494
34.85216862612444
54.53613415081
50.67256393690087
43.34625868733551
23.06027105712326
18.581108011698362
62.775832530460306
57.3804421204632
39.973250073055496
10.905783311671982
23.324730970184405
49.648291782641174
57.18768235410171
25.031251405946506
39.556961692098966
58.70291861862707
57.01878791837283
44.13916990986578
23.508717891481055
40.888824729123066
41.19566741198162
60.463171493261605
49.3975404390063
58.364289217205226
26.274887996316806
39.66869176442434
9.559382957344972
62.73409131767874
23.717728893423796
33.38973394113525
53.50624452196818
60.50931914523318
54.20889076813634
8.801578495477166
46.255078882744584
19.281106670580158
43.15917433827616
49.69542548018261
59.141751540926904
44.95682213443007
12.032846868923613
60.90225963845412
41.11181040264641
57.44270779544675
56.03502946891018
17.442110798798865
50.247593443038255
9.808148060867332
55.62113499819129
25.15382327062612
12.507043533387112
38.38052177973343
17.619886356874034
21.5604159694862
49.09364652491763
61.552186350984094
11.279591975164436
44.217044668164704
10.651941299253458
54.02279049270578
30.108570113993373
49.28649768824244
34.57846575482808
60.715317456230444
49.8047841657342
3.905854280634628
43.36892685722644
42.75638008408937
47.3010653235864
38.413851151426655
50.27093330369184
56.359902503741814
16.402717058700738
53.21547580010675
48.045133881378455
48.92227226710048
32.081672121265704
56.74962909562751
43.20653325222041
14.611583638788979
41.24165008978464
32.29822327136544
18.145125865972005
43.32354313134313
61.09499067520373
44.058235638322415
29.468806067782644
49.76201242582702
35.30046547781379
32.440570522994186
16.778741879998734
7.653100240664131
52.97651008515183
35.40486662933691
52.87050697694776
31.90752570473734
37.30876601386585
29.499338130205444
36.53913733264329
17.24031707429784
32.60741329150436
62.379478592452514
12.43841706183455
32.099329474373626
60.550477415161936
46.45424498460383
52.01952341034996
52.20084152683985
50.75398548651891
40.032826656176844
61.45407751933515
14.901766347726436
24.430095380811018
26.21914544163549
29.8408477880092
47.874324214749315
18.194621701483676
60.06022049691214
31.278782276934592
58.12773086977612
52.75491996995789
23.358797293535808
31.323026278520608
30.935714821795692
44.987063212357086
62.129213494391806
53.41398732431034
34.860006424424704
32.756726126395435
55.4625984955517
57.97517759621489
12.8684114738749
61.33188536824913
10.121275715270805
48.468492957090355
63.02664184988934
23.908866005339014
59.269762786710544
37.84515219051491
29.5113115367349
10.430315209846775
46.58172287475573
42.22354796547863
54.992056568336636
54.99758436121066
45.84865836076288
55.10428079279753
21.016996846492546
61.05155826530079
27.35082608793976
40.107752227342075
40.4653705654258
46.6130537839759
46.60367570051643
0.6240688655309441
39.15300450846607
42.90518123349412
55.113093067769924
17.814807319493127
13.561660897215774
43.77197508569692
42.11379412175468
51.93909310751814
50.83978254367887
61.90797402032358
59.209402382719645
41.20209679165427
3.6943984819548135
38.34371733024935
37.40547458672878
58.23979029846637
40.870219816303106
57.64150393162541
63.59970598497111
23.329918879017377
25.577641108216802
41.248654271683435
25.044574472225356
28.700656298410195
59.273256586790005
63.11478707995621
51.95525965801554
29.819049888667564
51.794911376071234
17.696488953697575
16.882792242023292
36.37458697599636
52.05016137341283
48.17776432809229
31.029357109175763
61.36570839712901
1.5284700310446766
51.07294946370889
43.44971032744974
25.16696571631733
27.773696593139285
7.13826406984542
59.59806520422406
33.53436741929746
34.660912583863464
52.79175889726473
59.767661023247
16.899335592165436
53.704238035446835
39.7690771714572
30.867091670258255
25.858968747346893
29.580121729238435
29.02590078424693
51.10669218038681
33.3375693296623
11.448006296085602
14.166915743060358
46.00598241830323
34.061091602509734
7.585130368072264
41.88295218509054
53.94743866696292
49.55085775410197
55.9266004568849
38.11922560196985
41.15320440648773
60.55024791977286
45.86564063181664
40.888838464953835
15.473597065263142
55.37377108036471
61.759465330287114
61.94084306501855
52.52374951405821
63.00214369030381
46.58742485872836
56.599326318027
2.590079337307664
61.56145399283364
20.05113959659976
36.32227196935426
58.45259442479952
20.180048586036825
31.40655344870123
46.34135737937922
47.702087944251346
59.624743467416394
38.15873182375033
28.981000540402263
19.176935221138613
29.634887521017852
54.21810030925439
21.679161628559292
43.7548189231346
34.520868370908275
41.52253331524213
32.79463267883351
61.092082280396404
39.74176840914407
49.56329023626594
57.69130547699393
26.705933911397786
22.120468135103074
7.045455790751049
46.45218923272439
63.24757146864322
46.06250481364579
38.23512434637344
61.56143483229931
57.70719846359923
46.14670622604025
37.67401923351792
20.370110398314615
2.9381305068518273
53.998969328062174
35.889378841700335
31.15639039275038
46.525363864848956
46.470941114826786
47.679688034355735
29.598565990712913
26.292010804244292
17.030006966854337
56.91923757149426
47.93551796866516
60.64250928281854
2.9726313813237297
53.205082753308346
32.89059378578578
44.82641164664159
40.627392224681984
61.75897371519413
30.08749955674432
51.46590943342589
58.42621990001662
46.88963721867329
2.734630166565168
37.95691154538825
43.18156098516036
35.52663837014525
53.877948192333236
57.11574955249952
59.333121112112444
40.72868524031509
40.58804826872338
43.65955471733034
56.73425527050477
51.7027213367044
13.36199922714463
29.21849731416419
20.461057963181773
20.20179084289755
50.3674884231721
36.83333888907724
18.241368969811568
57.7763278645176
20.820324815439918
24.343006453491256
39.9902607457398
60.47449966133893
31.660792945583502
50.820483096798924
62.904420549074004
34.73013121749116
36.491694677738
21.08808244282084
55.66032813644874
48.89750505474641
22.846017470841687
56.84715920433433
1.9690424064960936
16.946564778109426
59.98755536832319
52.118625659011876
2.4760073619189313
46.01428147384734
34.02015984434341
50.2133515081829
48.346048562477456
32.89194394635794
23.82337933996591
60.014395073835686
44.60523296748865
51.716145149009655
50.424259410249526
34.9292493431224
3.942252174031168
63.819252838706674
28.745527545566972
60.95610087218365
35.49005399707684
0.08878550750708314
39.78709172187448
50.37029830953961
50.56015893044367
24.94372211226966
52.06043371972711
62.81457175979625
49.48411963082596
40.24517578843698
49.341487673966135
19.111144095722253
27.831545199166563
60.21823166785218
13.740601612363072
52.29380246050123
42.20292035004589
44.508513077238945
37.05320368753742
51.16588293577888
15.00432617368746
43.69097218436464
62.90433528600911
42.85254806511593
36.98490009736141
60.53931551603225
51.40973260942572
19.741622380852462
50.30437654145491
3.637239048310768
22.11815429583239
62.98255152215327
52.410803378010385
42.6972357903209
60.74073105471958
40.10587107207461
20.90242001112059
10.05269368237721
19.108058494282503
23.439816309197575
21.934153482050043
28.37623246995451
28.03270576171616
36.89728165378352
46.585142433685164
1.5633403923053208
33.91910764425264
43.795630485905136
32.94477167069874
36.51933448531675
63.34410227248111
51.60911283154855
17.303927678286357
58.5125868229384
7.8327369141504235
18.410085651925094
45.75105330405414
34.089410028083435
41.34812447207571
37.22941015387731
44.2458483998106
63.27156905019461
27.86627961130567
18.19425422526868
49.585446406696654
40.39811749052362
54.09880776524676
63.821252469519635
53.84759205770321
23.95603102490503
44.498187411055426
48.47907750369096
52.12933848199667
58.08794416065985
37.47111251705131
51.1240019056598
40.5675132853883
30.440829440390857
47.99815927580102
57.31266660884744
48.8344850960034
28.882591344656547
62.06907109249523
10.119030235842239
54.32249526753182
30.906788588602303
55.75178216239007
43.45692289456599
58.81259326503648
18.151945112476852
24.444500067617106
42.67836910959266
23.38093812917669
47.9670141794213
52.67716931763381
54.5917363302007
60.221132818815704
33.16377863847178
57.30341034371701
36.99542666469374
49.34360676057488
16.572300545686034
55.81088201990151
50.68396729075599
61.27969967259433
7.420979049186144
54.42800078488356
0.13083554787147733
32.70757124803363
16.29771807745749
52.92350898651557
47.73533224195555
35.36957958284894
56.9696401251179
56.04669290379623
9.010444230948345
35.027238125765905
8.384890048525534
44.28104850097165
28.140719105168138
17.466743244774214
53.081590378850194
46.474512670916255
63.39291317726374
62.37602896637657
47.03398545526255
41.20002945351836
37.76417565324427
55.071554840619754
30.352559504966386
25.50628399208196
61.967363108366996
57.155563183408255
45.33940679048598
61.20813790682936
56.7494957452291
48.41128752742744
55.96476854002701
44.43703050978385
54.0893596306775
48.61758000022836
8.26987422596057
18.919444899391827
23.07570045184577
56.946251572644734
51.18103524814966
18.70595408322825
12.487029228212208
31.516584720210595
60.987505936678495
41.09478667122596
34.68343382582462
26.182502830289245
55.11988563367463
32.674073168004824
26.662790987628483
11.552367693925987
46.24065485739314
43.88041626611316
33.56963766895094
43.33979275295657
38.08090115622154
16.881906141528752
8.24739135490912
29.714458748546498
59.17110313536983
43.139191017797295
25.468294834104533
30.153332145564093
12.717558541131723
49.217582174586
36.59486708541826
31.959742516902466
56.03892129515922
2.49759513391826
12.99647835125181
7.846628016593172
56.92477184679944
23.49239181004149
39.57772837299968
9.519832339469176
60.67903021888129
44.48822829898792
45.721258256293495
62.81555519810411
52.406407693127015
55.07945194192157
42.716456457560135
20.556588119176247
53.91898297661995
21.087556571697256
24.6412741728563
9.571680463084832
9.386591995548777
61.86364119766189
50.2782819563682
40.586509438030575
17.10540346248412
23.19545635298877
18.883142681677683
41.915753999118856
13.988991403173415
37.5094004259652
45.090464424840086
55.930194522807646
11.075935486498828
47.371997111177954
44.58689133943621
16.374479812418556
19.383345328682438
24.223996938452395
36.80000175626607
55.06029618370501
52.69467662213284
47.11419852870014
16.066624363608682
60.650700905547204
40.87731072365767
18.456305138825947
46.53138009330924
43.36368403377686
22.631113964998235
58.38769178016487
4.671971871852747
59.82518277083326
20.55709575310403
43.52470489093494
38.60058676484766
30.008888668967295
57.67390716965979
55.33268822332037
54.45719588772343
40.74635810998728
15.419604157948278
60.17790201279501
33.67264186729963
50.357543477301384
40.105722626550374
41.42303291152374
28.02908319000172
48.15080286027512
53.11278434676896
58.89373335475372
35.22372590530634
51.405854804435315
60.02992034821321
59.75374143852453
52.99322274383057
36.33818504889671
53.4483289500447
37.35399386165504
49.79800776681388
45.683525791337715
43.665589353919344
35.59934753959089
39.22127527445165
35.21482524520814
21.856123507912315
61.47459785061004
54.552316346400524
55.673901910784124
60.56986798537319
35.258748772922885
52.28955375071873
56.655743774408286
55.01283530713732
61.702487130462515
42.187177672554306
23.46570042429552
33.851026968279825
51.3488132173002
40.33208363415788
36.2500907855011
43.02334973414392
19.977171241037354
55.95945530349764
41.39537355805537
39.13763424650222
26.4378395398984
55.36730576875582
23.60143369494333
52.00069318433377
38.02094145271669
45.07444046127583
4.489033413251185
41.73845024926975
43.06285722223876
55.78710156825665
59.60810062436323
50.44240013020602
12.311823345644619
61.943213900192795
51.992807755926805
50.64446461056977
41.962258495674874
23.097681891960733
48.78365638017821
9.945326112592028
44.78683450708101
33.094729644719195
42.74783070523429
21.10416537405149
38.865109921636616
21.092617564414276
34.619575245264116
59.67147443294483
41.60831180139873
59.22707216532659
16.97882377817593
40.01505114159564
61.1601581531217
39.52132577368482
58.34010595492841
1.1156120872370963
13.519933654284465
53.07634687264249
39.135440556303124
55.130780799414964
58.57339847766983
62.22351539880861
53.530983643976555
63.993111910221856
46.21666534308558
63.40146430498608
35.877233494189966
51.826028534931176
2.1599122206830543
41.415889761447616
31.61444420575603
23.009370949440026
32.14443785653154
42.93332232555913
19.439404470388496
52.05779475376533
55.92855977514768
30.337542682803488
47.93391538167876
15.143790594120354
56.950011124406416
52.88844619887544
58.46116470723241
34.23040889072989
25.191322233557663
16.15974385139384
8.588109798953774
60.41960154595236
39.76756166804329
45.75704205998126
25.26621945655227
19.727177826822476
29.005181815971305
28.197294073126862
11.297307250390801
36.182154654927814
45.371215896772
52.495188623705396
63.555998812162635
16.78722241630622
39.47481547789817
53.449267317673865
9.54784868445386
4.119364549923951
23.39009752388756
62.988014735151275
58.404550003708465
33.915987393735335
44.57916999773886
47.62285876156319
27.4000892201924
26.16785660373096
53.901069062014386
46.46004499105372
38.83724556009693
40.40019200588026
63.813058018427505
55.397330542280564
45.99971780608425
60.68089341257869
30.783366832284003
46.53039503398578
1.558017126933997
33.296244246516785
9.57580591034732
47.65911292012985
27.303831688185653
61.09678283041377
34.60575321769768
63.23988523505823
18.220325727934352
32.62884464129004
63.80469828828658
55.4017201851548
24.46050971366717
60.64365278622997
59.089021276094094
37.17430345845479
13.282722327953763
41.71840558907998
48.69057507022417
37.07118121340271
26.44469085782864
63.61117362288855
60.37775428344889
58.979828622556134
44.30136433074604
10.250576415213118
38.90824539183548
35.06046134277962
57.44622160690711
11.082889952544122
45.8679516527087
26.913842470726074
44.66073738616032
50.58510021064029
22.88939981277138
61.05877892186464
9.735819772566337
23.595900898032895
62.48963658098994
47.10873947691529
4.607478434423399
23.270654524120026
39.05901802224702
2.2770929067011423
38.449091956177114
3.1421842940604208
29.261847076137414
60.070193617824664
8.107191381758582
52.89447778078257
50.97313998380258
40.15000346387498
36.066421370597745
40.1773455843134
52.16974883503045
4.535092726909035
49.193143532306365
43.9774255608243
33.651983551980095
45.80298907286054
29.11777078293011
23.368077864287024
0.9790999710969928
21.883616394389968
62.85372943687207
25.180469061896744
52.033907189802804
25.920229299433906
47.97640409064434
58.307425709588976
12.729342969663278
39.785782540771535
57.24027546980764
53.7246194282285
12.321123575627539
54.67674137373891
13.234469000058368
13.500294609220163
48.231740464544565
33.19970584443833
40.428749677200386
60.332209779326355
49.661144641917474
46.098208461024626
56.78514948309994
63.40949806778638
37.004318021771795
41.63658518832935
40.07117475684339
31.492718921007956
33.09200207821114
56.88898280132579
11.572522033121615
17.534927980924195
23.160640209735853
63.72950607420334
46.0911629489452
58.7886203354938
49.362286065645
44.4541037226304
31.266484744638262
32.50022835089273
32.71374272077789
59.44564586426124
31.834160174883735
34.18106283227654
9.880359280080832
43.732194374247
22.97816608937594
50.44686706588219
29.342664362225406
33.10785519949923
30.405329214259467
33.20228051020874
24.309228079453725
24.33996503750619
41.215745638501375
27.968130634258976
19.935656584427868
30.24009925867425
56.009271408097085
50.891506270707836
56.17931599089839
55.444586959099
43.85753322888194
56.832141057694045
32.942730893131866
61.856542737205814
29.92669358501326
19.187008455628444
13.155580047565984
50.395683220440006
34.10318662646607
27.18893151234473
61.96745666909241
51.24545896631925
24.90592468148897
53.38359621278656
44.62615047923637
25.59508992435339
53.09306591757669
47.940253706439975
58.23234145629436
55.232423112982175
33.16373698017964
60.37337320922616
51.60258417238261
11.691635091485274
28.64442580219498
46.308242625359654
26.54165668203266
25.983791444853352
54.733103586060615
18.173216805607495
60.77418262597594
51.11735489305147
52.67837290358965
46.86973642890792
61.946039216420715
54.14289332561745
22.140307544766728
27.69067018269407
10.987100576623476
45.59693178651709
57.88552452241369
48.608293604275985
13.129219560536008
37.52483260760514
17.216310099513777
44.84585976767157
59.953825144235815
62.292456790299
1.7049063437881955
54.42091072228884
37.28142192528695
29.849828993631675
23.298425560827674
61.21602207211048
52.925468470980846
48.07504904964769
50.779897061012804
22.54363987080596
38.94549672453489
20.596970392066744
32.28036677144801
18.393843893755317
60.972854896451224
60.66447631882576
7.560949897775579
29.49932096912807
4.594933298384298
47.082048342688935
33.47963021450259
17.722621897842394
12.147314998422488
48.34406357636589
38.919038565738866
53.80354409069375
61.106012795743865
60.812423808753934
22.884121501488004
47.30776835044263
48.667067884285174
43.41814343925429
50.741599398910424
25.768746017035184
53.64589995010425
27.227012693779244
60.925829745110676
42.68893627653272
50.685631090008904
22.914621183607828
23.322061075529184
29.52029481034611
9.933615476369702
24.096837829572465
45.07996604798281
45.79110776222589
63.49524995072651
54.266965481575035
31.60379277009548
46.045841723830804
59.87110835364597
55.22919223520899
44.872829363641614
50.466663159010075
36.22815386519666
26.923616258606792
47.41921168348692
14.54633850182929
35.63658736374515
56.367636892852765
57.13113806578268
63.096904823456164
59.80737534630476
14.335766108467162
45.97475378049359
15.04569819184966
54.87502885999156
7.012666793222955
52.19433433871174
61.92789032188031
39.86342318334148
58.969510884747606
47.230779092206404
54.64149311286814
25.0356267694551
35.644258747892096
59.05604885263384
58.58047769307222
49.74547625385078
59.040274763183405
41.709441498470675
44.96662622627707
53.553960226331405
35.50891709678103
47.77826512653833
20.112301241895643
43.754190812247586
49.75978695677205
37.26040497637849
61.32218094171536
45.306366342794036
62.79515583006055
51.75741167065149
51.81522093594522
48.93571898750818
53.91959351039215
8.19359665732734
34.609353054859085
34.5357948756339
52.67258102484119
32.65901799232367
62.244677215760966
40.63368658996673
28.16627935481629
50.25410969614424
54.527823248052826
61.27198671080615
63.46190986366623
50.31239484305041
11.268122607337183
50.549700680335874
58.18654407154409
29.34674184723763
60.77165373650687
41.24904906684051
59.73677351031675
21.648290115375474
30.4140937457967
49.26472048933306
55.5343285471218
62.4944580121595
56.624588420629266
54.56910940337073
26.483894322012993
51.93333370755627
32.81588197009604
33.302954854664364
12.934776600918283
45.25010143109064
37.34243809179412
47.01946540693356
12.195741805958228
1.1289511498199332
36.36634816665688
51.04654477407911
32.5882786868538
36.4199882704949
39.152985275107966
41.92492614431923
50.50843742529997
37.85859729799577
21.21561842910115
18.294595196378225
49.88136922555502
38.28927757865459
29.371261287343266
42.246989650549416
56.858809940841404
56.446793974228854
57.60227556220741
48.91410037772984
25.536447070537108
62.94676335221846
56.82480837621742
34.49556022299208
58.66457968079171
38.23649788604045
62.542955686771364
13.183347155654772
44.19049717267431
52.268185031044794
34.18141221270892
20.16943306329089
30.825824165278725
35.130023252052005
11.302580064760576
5.305591462050067
15.173293686166907
37.83163323215816
63.368972426321434
55.37714993555137
55.953074629506595
35.524621925190495
53.55287967806525
59.48953982243759
33.980396928664504
60.88614030428127
18.852230695155164
23.394730984842596
27.077483350514157
41.65571758271503
51.591654972085216
39.495394504901974
57.95553629579104
19.196420333773254
60.03052974640653
55.74073669087617
56.44905223845544
62.69695162491008
48.18561393883367
44.77297706149101
35.24906841050378
38.654152148134386
12.948328999815274
48.24873742574985
39.16059938790407
54.05916205967737
1.6195255719538082
52.7799718326393
58.34976925719005
41.60529847427442
54.49212657674677
54.351135353165056
52.48616774798281
21.036326115974745
50.034127016128885
33.48827393897656
53.598530958990956
1.7144725024719918
15.844394352955057
36.38872940441169
33.41927507809902
49.356839624853635
31.153878104247298
59.42339222799392
44.74535583790812
60.3124112734327
62.14568324098778
49.17832331322369
34.88307365264165
36.88812748908681
43.62817050414394
63.04995331208728
31.738739397594095
41.32762474211357
37.25832035639728
36.15048163606588
27.7662053411553
16.03905807202125
34.93577909316339
59.43914622059985
15.296638455685205
40.150453450797585
49.948019510624924
60.47069812979853
59.11309195836067
20.519414356852906
57.11996445778863
59.00817719393377
51.801096148427405
40.15200263422474
43.32945468806834
0.8442911451907236
38.32289527560468
2.4473658757795604
11.65037283921805
48.52824720314618
12.47763428698454
43.3989244700892
50.95066448801495
11.183644149807144
30.44568972131968
49.486819520246
36.566877160420205
63.479742205860155
59.9317872057632
55.981431623596166
38.513220114323744
4.812242998051154
51.71192711051674
43.73251095531135
51.89520421134307
20.68573956069435
59.35243103753315
36.90367701687267
36.86241841886397
35.09113379030995
39.741386315815326
40.118777848514696
12.708668452422721
20.111622759077406
26.194357895885226
45.32272215448742
48.339890904107655
31.2457738652599
44.70784017907265
61.97405228092487
51.04130188076063
21.72639648341314
46.53039006918513
28.12042339003704
58.302884444598924
36.125713052243896
30.952841828714817
56.42321037467208
9.192587304185537
51.26049805382483
48.67279479314446
55.9257302171682
60.05878082980803
61.83690837713248
60.87377262729201
27.564564719432163
22.534842278968867
53.23685134641093
30.380872959017452
0.7175763700391116
20.147040535212113
25.269795108960906
48.828750832385694
58.2606591225533
3.770406851237894
17.63547496939055
56.43608968894561
19.548344574930162
59.90259439240118
13.293527506292435
16.430223270955693
7.704647758545903
39.94011202589293
30.28118193415328
51.65936288975098
27.022547460356613
26.198032608596193
0.9304004603088742
39.54460278147245
57.13037391763318
35.9648955284529
32.33191499176291
1.1876557640358598
41.83374619504583
20.153819931089075
50.639730111006344
35.073375665827385
62.15930657345237
49.31930970691073
17.173445975798934
56.84081049282738
46.36936020337716
56.75143049622082
46.13637374576559
35.12933311646104
50.723584165222455
52.91526999822273
48.52289611758926
48.023666724475696
63.706430395952346
55.301115423464424
62.36286820756656
55.48027527693595
29.3653547634457
35.74329017513875
60.27970471143316
51.56616820184608
27.482714034995375
63.88294499095923
45.73574581037994
58.49907576044138
53.914396339922234
23.16159363000564
40.036452517942095
14.044301838963229
35.29645353605578
59.89081951134314
50.17820374015527
61.679450800342856
45.449233521092935
47.11411916523125
62.00092749207001
42.05381350070256
29.4000409502216
41.0232554718893
33.50747192824328
9.5849464900501
37.8681063515136
26.380487562127257
29.46554380847391
32.85340453455283
7.355959094676287
52.66854871622091
40.92585116432825
43.01270811406377
27.716931322021914
24.45318487924363
43.91330008206377
51.37176949320879
33.45243136673766
18.597040725616125
43.3420125697535
41.01528210995317
54.76503841413758
37.057007302809055
21.46431225299994
56.47851922745079
56.735005313808315
47.37846448233428
55.61664301248419
32.189443298015064
40.62111960196107
51.137902115009695
43.465858570328784
4.542267167631309
61.51998367626385
5.349384865511439
56.23351186825268
54.950825485685755
34.97361270942585
32.61462498010259
56.30893005945596
63.67809559807919
39.426818421675215
28.983741455482786
43.735048360170154
56.414896010022254
62.94774072596031
63.34458739266497
43.76478732931383
58.17754040399506
56.48898047804743
28.502669564639596
40.23918106160528
19.415586565391713
13.762500091872838
37.93474608432502
42.55811885229001
31.889629518476177
39.61995669749973
44.08488314891383
47.69981032732032
30.290914031739476
15.950462623878934
21.183153782543258
55.72835014018153
51.432317202467274
47.83107789635355
30.649634219962827
11.050793390828531
17.583634747367178
37.24391828963266
28.492337223373845
53.93263286256245
54.98373191773669
28.098989700273997
17.527058676420076
55.47430424313693
50.235992946848576
25.245647154370566
49.75708689518689
10.397816956647532
35.17273515008315
39.30001707482711
36.53667284651489
49.56321962671777
52.9362500019403
63.72314843898631
13.292727648812757
29.583610456430016
32.52217438586127
3.1187756789089107
38.30899944134899
48.854094818659014
46.075427999302164
14.931212879186994
38.3098278272262
57.62525978000161
45.35655070397023
63.292663662053755
51.33227894332223
48.56508586274174
41.84310697429504
41.68480042199212
52.92081162489035
16.11333257849398
59.343423842288864
20.31707719308904
10.917010586987736
38.8696915339224
25.242013912818464
57.03150031787227
20.867671254456404
36.20765083313384
5.382819399739503
46.01656167800167
37.45306632359162
26.576147479661024
45.27616249378927
26.330825174175594
45.365786403902504
44.0837824398469
62.27627599832251
48.234545457033036
63.81984760766767
57.30935514113942
35.29655736973379
29.972026122202912
12.353925380775955
58.52485985034418
43.52251831219779
46.6492974239746
29.878541956611947
42.48450379238855
60.611455958920686
21.018244470034716
2.767793069325144
52.35956723614399
39.028074861990454
46.28387610990761
24.3204369488935
15.65949190960697
45.989561796148834
34.08561177758362
20.5759621298321
40.546453228625865
25.86285650834263
55.99632622613976
6.883281719015734
37.3608669488363
57.80847092455266
4.719595092829209
36.1913521024616
47.546423717077104
49.256043676240004
23.879482107446265
39.13214458842884
10.231434830233503
59.6172675898169
46.02794258553058
17.748894198135616
12.649152194775446
40.29778541965696
22.654066943868457
20.456356595948584
32.38521785576424
46.02706217282662
17.60549247647571
56.97100847853887
31.90874510690839
34.79419389433967
54.35364992719199
31.262029056190777
6.270976315860267
51.83137906898685
47.11481316494513
46.4119010977642
42.2945252962235
61.3499736005156
57.1423245352206
48.23264168688469
31.793891542869204
17.752669733103765
52.116430275783074
10.656222452616511
40.76667738571933
41.66510018802211
25.132636957911444
38.958714002427016
42.786219101514185
28.227864443718282
52.91092792349602
47.5230773853654
43.551852455138885
33.10960002308564
42.04122974708608
32.927991539462525
32.19545557302092
36.39444491941326
30.512552287758993
36.96824375555887
10.611252215323795
50.55064591604285
34.07356590590459
27.106296859803827
39.166594067240595
50.265235670111494
41.721023333641654
16.317461752324412
40.646952197518694
43.49194476264724
56.12089125016417
33.967816303001484
29.544093331923605
25.08496902552715
22.013769011739797
58.39309135773738
21.737659001766403
52.71909257412952
17.242559402251167
50.95022657743296
44.91625698961944
0.19549802713560638
48.37234860629998
23.18851686552329
25.22878255902561
42.380639999525464
45.14107876936235
29.459081329948518
49.06297558292175
23.055736358021
24.91333452474958
44.356967057922645
62.4700977965946
35.87288683205412
59.10344093792254
37.32969817402754
36.956507190288676
31.020640192399803
58.70143732725691
30.736059131769217
21.756366913742006
53.77231024199523
46.14072226796051
55.125548710549474
47.937649217801436
30.762810886411827
52.32721198860993
32.03027799397303
20.932739749774925
46.875018143429486
24.83920992771364
52.842072836118554
48.216037959505925
57.132510386082764
31.89815336390067
53.93731580542086
39.85659639710008
53.89533026532264
23.152126710770368
63.8450991614991
21.03922298840815
45.34673613521795
22.02000006542385
17.23248291663132
35.25813999141161
42.87446891207686
11.492789126157888
57.81116494648311
62.311803299969014
30.048643236507033
2.281258177146448
46.721138224740116
51.38591927046668
54.72428551833985
60.53152796069638
37.37253865107162
40.83973824672617
24.985910399038175
55.43175610193521
3.024086418373571
53.087705027558606
61.523256838980146
43.63612893838864
60.83583233939987
33.806953448830924
18.59769467635693
54.280871210276366
40.99442460630712
33.60567459931394
12.944423615220629
60.46564281401674
23.350848488635194
51.084524763431936
3.5199384545872547
2.8106199432667722
37.21999532562322
63.51924259218562
50.29843030369258
9.637497987852619
63.23101016446642
46.47164602818086
61.289252424866724
63.96653837673798
42.277972341351344
35.87555530523085
34.82176287465266
49.01450164722461
47.093062489501136
57.740281228476036
38.57011658238954
41.92372740886268
37.21388927564174
37.07611503613785
57.46766678519369
46.71670463544142
38.50208597357585
45.893283534738735
40.12206000864983
40.872193614716764
40.70375116568412
18.128059759064435
62.57342627989496
24.152082094777924
6.486321308364914
56.54307841479939
42.331357457393366
36.683134403714206
58.924473934378426
43.20019774054805
46.79373891649148
28.079453400837565
34.09563741274313
58.89939032509851
23.706874802763345
23.158341986907026
61.80601165566751
18.79200319564616
63.98851580023487
42.32828586714152
4.289049845324087
21.42061853799293
16.561528165673195
59.756892066648845
48.548876307527735
23.680421603220452
45.895218712339286
63.73690087182367
62.7708030377556
20.6086282327363
56.22088984555851
30.878577914021562
42.29596817854515
42.08518981474019
43.04944721649641
33.77478344565074
61.963440716064696
33.644632653297585
49.5702698219519
45.51467646447344
41.86531148931011
36.267179214120844
10.245528237106122
25.330946178864266
63.40182883069355
6.9775516399082065
37.140501888605456
61.77024488151597
36.10816605774802
54.177659741446945
55.06840943412634
56.08625790815202
51.59188967488813
24.064326085174976
50.01848378050542
24.436794111551343
60.600091775583834
42.833098887446084
46.02631822706016
49.270975473837154
55.656341662757434
56.29112860675649
63.03775639164428
34.04080928005514
9.672191418824987
46.9472305128903
20.175137544536106
48.888818553377206
36.933153562113574
50.600799484829054
33.17495576452599
61.20373988861837
14.290996544451666
42.66859136471378
9.821497301622678
59.6444579095846
18.525697404672442
16.104221306409187
26.55193983892176
42.571760557331686
46.09885661352524
53.8516605963516
33.55265877725499
54.076372228313154
50.29033464410324
29.551863520136422
17.80866573406543
62.24716489422107
31.774447852011996
52.056173075023146
56.95703959781511
57.08784585017777
46.49649727494825
48.38177184967232
45.861726547846786
41.12417781627268
14.403128547647206
34.072616956304195
23.712364147763466
3.2763382601378055
53.10368641659941
28.598218512717366
25.64870638462134
30.455266629250154
56.09926814488118
55.208498642062004
42.000914477324095
14.357755901941893
10.511898850581886
33.986497872741374
55.11550403182754
49.22950729131216
41.059405484067156
38.560467412972194
40.078547533922944
60.866892537534014
39.19027756500311
2.2498200372913573
39.42105775831773
16.150609014710568
51.229045504575055
54.96557262043713
27.572150636070887
13.06786005910557
56.908076222537716
41.31471027993597
42.22199468662193
11.442020688301497
47.293740215705654
56.43916139622583
54.759527303718706
54.63696859833588
57.242897440140915
35.50639915010265
55.52259638897246
16.401133507950952
8.329927743897677
50.19358092567913
26.782674929534146
27.36556051907197
22.771734229972708
57.095008513490455
34.255858197880244
22.550253848659075
13.461337520831925
23.600060241418348
59.15688382229166
61.52580600189568
10.244251685202144
41.52778310511881
54.87941152964101
11.856358063345517
44.89169651214242
54.24809030774345
44.013180072828206
38.94128087066092
51.25330346510821
43.9604718039192
24.12393570264304
27.9265777291223
51.58548550248657
44.98032205149177
38.25088401513517
59.69556017280051
40.53558825606694
33.00670915132572
55.81681122921869
45.03685463405112
22.79782265792801
