21.31122466818367
40.04171294311543
51.6479689112829
32.43090872478548
57.683061052531556
47.34080240465636
60.307922671138044
60.170445385532915
39.20476813964177
60.29345608990346
55.17604600020538
37.16670512412347
55.329839103370595
31.864777750460952
35.7766354852768
52.112837114733125
9.347331509134179
51.28943884473508
44.55820577031689
53.47101537452313
61.848886055995784
60.196244988500176
54.22822989130124
49.70990922311625
34.29767996322029
9.354500692198862
5.1802360162003325
7.9791969238919975
30.95459292074576
33.84445879706378
44.778257364612784
57.6293428208794
32.23850779558805
13.238994977777175
24.020658312654504
57.38411348963974
36.00950426424976
51.15091375636873
0.629999478995714
34.12185374535845
56.09121050747373
28.12987703278192
42.940381125278016
43.0150692034242
27.92383643986725
27.421788822430543
34.712181596624774
52.59069649639357
52.4994213649039
38.279657255386695
5.488956616976324
37.18742103713895
32.881651130466224
33.79058268657617
19.50222098343442
63.816975219755335
63.02557951386337
59.14676499424899
45.80678216197866
53.204381526251495
60.75942350251264
16.737116075017475
25.39197553971715
25.897013488196514
61.167934046221816
28.448975563901726
37.645996942873396
46.7345594837656
17.6276162375908
22.93777251298463
17.94850840839741
46.447768944996895
16.639861530641774
52.89264650730647
49.90815405612225
52.55760653659482
57.51844351997067
59.013190887917034
10.375238104325568
60.819582454597196
43.89098919076875
60.251490649975565
50.76445992833453
44.62638666306522
35.562238021160326
1.2872386180460964
45.74395787987909
34.77111668248038
7.783750064354415
59.28851444324218
4.177394667797401
18.09711255317319
36.99251100103497
47.86938730032653
41.12114563213055
35.95068491281623
22.851294480609972
34.5383490815977
48.48467113217253
35.53978222351672
62.10938730104681
18.09755426983112
42.897450018690854
60.10242619414076
43.46187613168867
52.572091351734386
58.54249034672599
11.05739955589177
34.530551076156385
46.65104860596215
60.236246168067694
31.771090674759748
42.16139232448536
9.043214835866586
20.753730798416264
19.515527628986412
49.30227976603176
28.669153738609843
61.05266869810584
29.670107439615677
36.04059314915331
16.31632782560957
52.76405016469718
50.602674871860984
50.392325917093096
10.340136441732966
57.95747004313614
17.63635480487114
62.51554227929241
4.906626751169021
31.356200819993063
45.08065974612088
62.14275080255788
31.78053261729751
60.35726833395371
57.80648133920843
21.02663948862856
24.693574059682817
61.70089220812331
39.24911840650296
55.937703890417325
40.51143335069084
35.48115299135385
43.81117951324269
16.067892178252237
47.76225572694686
56.337744644556075
48.6485685409133
54.344279982483044
3.930292040497605
9.41192065557587
12.616957614810836
63.976405562650115
56.98479880855896
58.997809926419194
37.41592743227271
51.287802033094195
60.415782011100845
60.75607089485051
38.00918786673904
35.812502947093435
36.26153603074213
24.271087259891203
36.03210472560944
24.899171341515697
16.472727940078386
51.88646783238086
33.50785190828367
52.23881264640739
25.950828248812662
51.77558492257204
52.759623782347276
55.35490827209928
63.69181553447363
30.51775419047052
43.79772411516926
61.871992841992665
49.84799422765383
27.8422095496973
35.32906022999054
58.63814933972162
53.62038226069051
32.814610893758534
35.19888770987873
62.721747465807454
33.305360504073356
43.97759454937409
47.760627919165486
16.083073678401213
36.478941416589436
45.0083042755512
26.397665055295022
53.19769627801591
27.0734999733169
47.41267070181416
43.06971126721062
58.71891202370061
10.140370543766657
40.989183224177964
10.049408978348822
63.93325849270134
51.61780453178192
54.317532541628545
42.6116725916733
25.98496446936924
9.279352239190743
24.982150663692664
17.295018455937964
46.48535024666337
29.799843945337592
63.554259652757956
42.56479897583428
47.19497539318797
39.29274648531638
56.801324377622585
47.8396765547227
49.3792312452052
52.94509312660004
3.4706593608602887
31.314746352591
38.283352671582215
48.53746117674263
1.8032255580238044
26.561937014575527
52.169184132509606
12.593505107312836
16.63510196630306
39.781720020603586
60.49407912659229
52.2395747314924
23.813532449797762
57.70645408031838
55.97769201601551
48.649834834456726
29.26705711792615
57.168086431052295
46.28147056633448
55.086669457767876
51.537477574877336
63.8163186870647
28.118276189987604
19.81080103996652
34.733221285280166
60.079185567002526
44.27123562515683
9.679203910584654
48.6591304103938
38.80864678090565
46.45697031544912
55.78272439726234
36.35973454537843
36.80887561466181
51.088206680009364
50.02572977864975
62.63736142992538
48.435461760317686
43.76408375852124
63.126620831431794
14.686647368059965
59.85431535978263
46.581914662947625
52.36857810286443
11.888448672694906
47.71548919638325
59.66583747533103
49.25080606187802
60.46721015337436
56.09712251222445
27.487238034983477
40.129777999824285
62.10875440584587
29.13146953992763
62.644127208752025
14.030448417490085
37.03197713706659
57.99019498691502
21.872555324082292
59.879805888253905
16.204727482675494
52.23516151148352
18.07391504123536
31.80153524475068
32.87079011907639
53.73801123710592
48.84382335546701
55.51034853999503
29.460162942076174
63.44870020657863
63.86287808125221
36.152560380265
47.47705747009729
22.695135800800934
29.643359444340412
58.516759621980356
36.42958540526573
20.880775642513946
25.13518739887615
55.08240469267448
54.40743478429767
44.51239460166073
61.881134165598894
51.2142884836468
63.647179537497934
37.730309372625
37.94117801477198
23.74654987648941
47.83853513633165
35.892879585392635
22.251909350554314
38.6302164470404
62.53523495427176
26.507828427844515
11.304053523699253
51.67645689558841
31.96391773903916
38.01201800033842
55.32572398809398
51.445312201486615
23.14371926278315
54.05921943037792
27.997850596724966
48.4129511344777
56.396836839774345
55.745077756225854
51.966272579419936
35.277168415955
8.51575049779165
53.12458584544095
11.463314926792002
17.918987662575994
57.72145891534094
48.491643907476174
49.360866076571426
56.88797387145799
60.89295576669673
63.20907013406933
51.35946221473546
35.835377963901024
31.924060251376446
56.03213750904919
40.780155872760886
18.96512858019988
6.6333959413603125
62.031923382538565
12.783206950094986
57.8379497905601
49.98141166000411
43.96852461674621
53.757857649494106
53.11917255000615
20.918465297414485
9.892307957239552
52.21783927094257
14.546402471611145
50.954146956767765
38.116626073119704
57.94405513173037
35.49508345868816
56.20948477781989
37.68574380966416
47.11558175413387
52.95785801002081
55.05864550540096
50.46663663806597
46.78869757407833
43.31550519214461
53.960904828843894
62.33044708138201
44.56237929549457
58.22450045839048
54.38283009177348
51.42955557585229
24.329638836660678
54.576632580462
49.27154320887611
46.192227195577196
48.89889866442622
35.94665090504476
25.570746287461
62.06684987199639
36.104315126706666
28.08859502182441
23.94980961055262
28.797447863429525
58.23305101819568
6.473212084191758
32.662487879045
49.397641709762524
26.908151460812476
54.88345813634837
40.52383241970696
15.557883634173422
37.610037445255266
47.69785076202716
46.72719209407307
45.579975063174714
33.39389750608938
50.43607230599124
45.032753498424256
6.649503290520329
51.290258631906454
27.373251119573865
31.638522087908868
55.72586158743897
39.26784617328359
31.032055208752496
21.559149955104196
42.41074378463533
6.450987418880388
30.11264742592372
60.6295854736649
41.99365584908206
25.087373504844585
38.5168019138827
40.85719989354386
54.10614397682768
43.713454543095445
32.003010156454636
18.934085176532555
41.9759805787935
45.44920620058578
31.722878604859623
43.285044068493576
29.637834245888605
41.559713264041065
59.59428741468093
25.604107438137518
56.23119611359905
34.49509003795599
43.01039760387611
61.53256440051745
60.81813243337816
58.40712211249136
62.917907864478586
13.201192394180651
52.09132643316595
34.830983958789616
7.305459808143553
17.641737379150342
10.572133499329126
58.6344552664776
48.12912742872391
60.29393464087441
44.52404239325813
35.0262311304363
57.045280527067185
39.752733811264065
5.011160791920005
52.70426370409799
10.906356893708768
57.214178500984644
39.12337252160577
36.990374396416485
11.336444066055414
9.72317412205311
23.251612501373025
16.40712740485641
52.33057653290322
60.39285523766959
40.76512580235989
52.579172284754335
42.44073398215227
8.661278781195485
30.503533654717167
18.1289117643691
10.872579324882558
35.37045783405962
49.23233065058451
29.90063606831795
51.249531389657264
34.03874286584055
47.391467385332405
52.89958974707054
27.357969017720833
34.568496652398274
52.83871767960313
33.579358021168716
18.302617970886267
47.19381249153918
18.527892381796164
39.77606403744751
62.995519079717006
34.08037962264097
15.764033495063693
23.334978594062918
34.170898114928306
24.153816134800934
55.27476686098865
47.64002931644601
62.442650796308534
3.198977009120348
16.56863985691546
57.74460572750161
54.18207710466913
46.613495229606926
24.066527557088456
41.49892054726773
37.793149524991534
62.18746880804521
28.471374503179618
60.52798433059647
49.29815662633257
39.52513273227092
47.40440427846935
9.792259787074364
20.31237876312788
17.696985144623405
61.7953932139688
58.2459795413804
37.10896101125033
25.417041270846568
28.945665968499263
45.272699233840655
36.76784442202728
37.4469976330719
23.243299859756085
43.921814509801685
38.87259248754711
63.71127268365639
61.51692676005408
51.70206790859707
50.50839590991333
36.03058732289892
62.77921224017449
48.72282884559574
48.22788039025765
46.75712309595394
29.18340056928482
42.30329618281269
55.00871816888883
17.28628065086673
25.253821629005188
26.372851046153713
35.91775208973326
41.53085562253791
51.53168478751716
29.57944503038872
49.00471123402345
24.249988919284746
37.90109315983683
62.618747007259486
63.31357620327387
60.31686795186933
4.918578001837766
16.705705576006935
37.81136060239132
18.05555407872174
23.744555586417228
46.66558879712184
60.52500835516863
59.901021387295536
51.1667357534959
46.83417324810714
2.343990273557978
43.02083288320549
55.691505241316555
21.359982778547447
46.73530945288782
42.84591435838601
19.242967739790643
50.475058360221496
59.71925423362766
40.77215694139196
51.37832531997577
50.19388936715394
49.62974969987242
22.396317430453458
18.38159642038358
10.924887204764964
63.772492282636186
44.754407486766056
43.85972735121918
63.785181232788716
8.961016269427532
55.476729640139745
61.082315842675044
41.16361887428001
27.57560682486644
58.7260740234549
21.22019639255197
60.78751511731436
4.368343810939379
38.204607137841194
60.47673830158652
57.71398719129673
19.725846534032762
4.064036000692383
51.20540015135267
53.42592389188112
49.20072645757469
49.4675487617466
49.73961525706545
26.258766479057584
20.15256968761436
27.988222260109218
9.809839468333806
48.50509863796967
57.21544030301552
36.74841081259411
20.452279756813546
50.6064421472522
43.30454675663983
46.56533234137443
1.987549943297637
18.037778330740068
50.30025496522724
23.122154741700456
35.08733541761314
40.82765464731864
51.52842325814781
31.28975375067352
44.25757569155993
63.675567597988895
14.409784881498616
33.58151801348491
13.380439208294398
58.67736587171759
59.84330520125454
24.227875952600932
39.32378500679585
32.19749198343426
49.68781878737499
59.81736504735538
45.38200419827071
59.33797878135532
45.75270340928705
32.011311093325645
55.75594580080796
57.18445420391503
53.90112288182664
45.83610363753323
5.39354982678536
33.15325896593679
2.506552758638165
56.667738551224005
25.5529693274137
53.053019763718524
35.24425167343853
16.2746022011303
23.580272595477012
19.769053787361834
50.216781975336474
47.04010561237006
47.86627349880165
37.705698746668084
49.50757603421607
36.38552200401942
50.309234307086854
32.320381683849725
54.694777646734366
53.27360923078677
33.2338071418764
29.414472745956985
24.40123424459844
41.359838860244636
42.414040645051614
50.74863296420907
58.03027663849679
57.24737308811982
60.44656901023114
33.65513002436977
48.792365882175126
54.734217490770725
43.05404371676224
12.15836354449813
47.76392852086818
49.32941000486176
4.680471036344059
27.79646923614346
56.85445027579137
54.742963973481544
59.00931203736921
7.725991323891542
54.88083288804391
42.91692436291085
35.67748230838294
25.451244564668897
61.156930875419405
16.556181290379932
32.768775835579646
46.50267708713713
54.810964954008355
1.4954062966819421
59.131281124646925
37.93847715055093
34.118086159695956
57.07519109781863
26.720536267135557
50.20865723178037
35.84548147938044
20.512173242211475
36.79272433095717
52.19640278648558
34.701669757263076
11.63946551868056
30.084204736596952
5.491257674260105
59.89761129515763
39.38314901348417
61.19582220637742
45.525243381971144
42.02011275500219
57.327471607692125
48.37026397555457
25.342752527366486
11.431854266676282
7.001363810002054
62.02822174095065
63.92758436639596
27.42530913658655
14.374060429314355
22.08751939359791
55.74578638562976
50.14424424924453
46.71809116403266
25.77308137740384
30.53164984440486
42.00553405508877
20.129554054505824
0.8736545894307426
25.025830678853218
49.31451547840651
39.50519495005336
8.733867460476084
63.50060865503376
36.35686186633167
59.40901256401121
62.9384969611034
54.8814284350122
57.11872242951019
7.421176305400749
57.79202791129643
40.823501665744615
40.87477738122079
57.40979887924731
55.84500889590177
44.79074502941367
51.23467591380433
44.25135830062334
24.568128067776264
48.65785475879399
0.4677095807400633
10.936134482115406
31.418646844576344
25.915062421625244
18.713713592837003
31.78439443645174
33.1229034673745
37.81557653562621
42.47587608694083
60.575029036241105
53.1775061796621
56.7805860301447
53.07811947755275
41.161489124937745
47.747424051991736
53.371027340092894
54.7091043697687
26.526308571071205
11.258562280152844
33.0936159132493
20.76547246908393
27.42580188553648
21.772438500125148
61.021205505228764
7.252993724181827
43.8064321093847
28.409164958404972
33.467529639958265
31.917486943869207
43.915846336474345
63.48125032572964
42.60657578489989
51.51644166701793
52.65730992776858
42.61646203627633
49.3877674257627
25.489406742113303
30.423309015334937
47.32341032427297
43.844526692475185
61.386932346919735
60.61298819332707
50.86103916035803
47.169112799609714
57.29331150796937
51.648566760013296
38.06470012642059
52.74085949638901
26.663172631004144
41.006106764231774
38.21755373802188
61.233874906836604
61.1272795401832
43.39057357583614
30.516010586905153
41.50279779537264
38.151383141606345
17.134705476966694
59.2683223720064
49.213590992650474
30.293448255664487
8.324215709983847
31.146651701054004
45.99239198788479
61.660795194823486
21.432037865912918
40.795838826805124
24.019870839765346
57.93870083772402
58.924600043903894
28.17011269084538
37.49112155760527
11.374883495712652
17.702965466934117
37.69736744071603
37.70765002760545
54.06780966824488
39.75772283356042
43.53611658935222
62.21461400700822
44.04489761908633
31.89453459518569
30.32415084099395
61.79287792378412
21.498857353946498
26.790281097609906
34.540594014589644
28.54147569099731
49.663259314594725
46.645951913325334
28.693154546792215
55.59088062040406
14.441139504460295
38.30956652138083
43.02354653538097
60.57870052910816
0.6600098368156466
50.63049469310806
31.491223137985706
35.81028128270037
40.034076568925855
2.8300291833792173
51.89799175735583
46.57619296825348
26.4870065867482
53.247805427723534
27.610176191291025
5.584032835519864
39.40913110821739
21.871382537531524
48.98492468714287
38.46716410992502
6.543252341778647
52.12530099851066
52.65250051288567
51.173439830323176
29.172900726440965
38.83020652757623
52.37502685921153
32.87835339319639
56.37818104198158
40.854484074469795
43.13928501132892
23.972937020465693
53.98394401321304
37.362703216743185
30.862129096103615
23.911420643051684
56.669260693354474
13.668224509276733
58.297628127238454
18.70436263658599
50.948036154323646
27.884119181605925
7.928269146461474
58.91345850742407
62.914263117336674
62.139334706574864
41.7018429039005
32.086945226360655
38.783824195791084
60.736548118625834
29.374114062019054
30.026453794157803
14.069725861357526
26.85328551368937
61.901085458946106
34.68696522756354
52.689215196281296
61.42287946978108
42.78563354418143
1.6831214402979597
34.27155977975653
32.778840356483244
49.77141545984878
43.369793244392966
23.760644774346467
33.7816011943014
44.33897121212307
8.864376196612362
36.05081614525598
26.67280209790615
42.013032922153826
58.06600951998707
28.081657163998365
50.91913073973709
53.5924520678295
51.27060022284961
39.124019442753536
40.83303141606444
60.074122157870974
46.57648722693486
49.07551713415219
21.878513431899755
21.40100695532395
51.96178616795852
34.019386241165286
24.403168139821958
20.501008537167415
54.47996626017822
26.099136339552672
16.14956051138578
39.229064645177395
42.069173197384146
40.123289362679195
17.129957504264354
63.12412662334551
57.392891262613155
32.95803429334932
54.503654421989474
20.2210525206156
54.75213134057281
59.822233612357195
30.61259987003247
62.47532673162051
32.600141510319744
0.7547875853713748
40.819048558995185
57.2866358831627
59.691310626409205
36.73415766030164
4.060103360299699
46.917004833439435
37.732430158318095
46.59082923514647
8.636337952400694
58.80889195873516
51.65063963578186
13.569093497784571
56.5062859247904
15.528711233198791
61.516561918615366
52.32782020434997
47.680303464900064
17.373381749118593
45.27739748092292
39.19232314325388
26.269772496303425
50.776219974388255
41.903310922605684
36.07120237764778
38.55980216401662
11.06939068250724
56.353730544705506
55.61221409964233
42.62303285370601
36.3994769603446
50.410824329850584
22.903481098004754
30.62307345767659
50.828269748416865
21.614306152887757
17.13160870955879
26.338653257548017
8.236115205974137
54.1952397883397
24.041902278696348
6.0513238499598145
61.30116623177123
24.910638714840864
6.671856342992321
45.14796367514214
30.98717561471443
35.75242879626749
51.909760455401994
4.804652767713129
28.804712485035417
4.876584856571505
56.6622935743918
43.581905406254236
62.03438199528735
43.175066997178014
40.023659543226074
43.99816968874466
29.863519487844783
51.04960340226694
56.03611820862119
34.861681375930765
35.73666996181123
45.27061295832267
61.446457188133884
56.04091265808593
44.23168805048384
45.72123057065022
45.28109944672866
58.298989000896256
61.64042833353017
56.70609823946146
42.16181367409095
50.07997329455742
31.642357948171863
45.35004040691754
60.01410925668329
24.758163356350572
59.173201920797155
61.300287925730885
40.34964281012462
52.230065148099854
26.09979836328735
15.767802238879725
41.77151121733816
22.172883571175817
55.5935743397896
63.35679672820532
58.346090012002186
60.79900965448287
49.63630647259011
17.984868646863674
21.1124028934723
27.346819967643988
11.528521710375877
45.01252524164144
35.96313013292757
56.94470395940725
62.74813438166974
38.97401948189312
56.612901754641555
59.13690038728964
44.788365277941864
41.00199976126742
41.65207635730068
26.661929341412154
59.11422462903578
7.356294377263723
41.107303718348305
30.906861492277514
15.989041391846861
57.93994531426221
31.800409806213125
52.74370505842795
61.21678334107354
44.40472262198689
22.950732949240503
37.67277847054198
35.91504545325341
62.25708980955818
51.71263389987446
57.798448911443465
32.656239774938726
29.979614255676644
56.31321619122481
55.145862364854025
48.203629151021524
34.45244251092719
63.78253715658189
42.782139636800196
18.635100760700233
46.09548872058921
43.61130106525986
39.64202396204547
22.853742487824718
37.40200134814394
62.3447073263575
37.73699479923965
5.399684589505696
2.8449384610640607
60.442012240388
33.98868191104249
55.37487531576053
44.193731767180026
39.00201130338813
43.07041064791623
58.91232593560776
42.73436986100973
51.79200406962621
57.36908220158837
42.096229625929666
48.65107014695698
44.69914847495731
35.625685640972556
11.34297070856612
47.839518440144516
51.84120623341791
45.85757190189115
32.46101039365304
58.32705696313962
56.326219340013616
54.417695237631214
44.16887775462027
43.04484333487508
53.08522715059035
49.921127712237634
6.389769522140291
60.568699911193995
12.039050284444258
58.197579145563765
8.783151865987271
48.58080586375459
52.674274092900276
46.9399488937972
57.555412563551975
11.877674812603317
48.666189846881025
13.88154340129909
23.400855859726754
37.02220071780261
40.53960686295946
18.00869207886369
32.634042154154066
62.1392320856203
43.06794176406166
52.38157340484335
36.95417418222901
48.86302329968573
58.49271533123949
57.85330909287034
31.509559593636325
38.59670745814883
62.21966334590317
36.626647937998726
51.46149516240203
6.708808467342635
24.794893261841295
54.364501986769206
49.79944848765359
38.443999600034346
53.57049338090826
61.87726863693547
25.62503140435163
61.20482313854732
54.548531571694035
57.108367564486116
45.795108443618105
52.681857022554624
59.16686560408238
48.8347276946289
50.82680759899029
54.057002383490484
62.1781612256716
63.777711540510005
22.980397520725766
49.64341903905971
45.27000052008079
53.21597273884458
42.72671307354779
62.33852033984522
20.423139437230063
58.0786294439287
61.28294164359228
15.59425216179556
15.402529843443965
19.523211611383914
63.4988619907911
59.769885940682855
51.45418084309081
61.944048042441096
34.026434134748634
52.54820122940735
54.06033146818408
24.943662099369973
4.66042597456314
56.0555857465923
60.14601938115593
60.520152791318935
35.564513337955745
47.23438932721275
37.59631439064658
36.85606890164484
57.72924381687142
60.56985492964337
26.212631962623078
8.8436335087776
39.684651764950075
62.62673280411387
38.699469574177805
54.45457517169664
55.87941887740972
17.168188768232092
23.936832914758142
44.79739971505867
49.185474479157065
9.906932583704169
61.05308202406022
39.98395234484595
15.874528235018573
20.65371066176798
30.470953934991115
36.1094378196681
42.087716215633975
54.731063198448254
30.54646390840424
62.42199183341908
61.825513795031846
63.44650861095415
49.590011227459186
29.00868890518246
6.732920806710766
40.82817114811063
16.844865419078324
42.299506812634675
37.74527929356135
56.372552120228924
58.13874469929938
19.160965787192694
58.03907632425879
27.116404292046248
3.218739850922006
51.38260876190989
48.03606974802625
21.15698143281074
60.0853871688442
53.47383134451886
22.719697458806785
39.96416269487774
42.36060163023973
47.43816630655701
50.577078588861895
6.815193674003879
50.54722185281816
63.123620470553874
29.99485390233601
59.93283114815666
27.565114654091737
53.26226060051293
61.45775460480575
54.85191416532075
44.75305821844242
45.821518093812045
14.412178268397334
18.41163766073071
57.16072931031468
52.67880799741211
53.368488468149145
60.97483631781415
21.424585827637422
15.012274108502766
19.688181763176026
55.44168701314445
34.64492757438724
48.585346706933755
48.215054883811106
51.13197594779848
41.38172866232576
28.352678542187725
6.52111765621995
28.975229597393756
51.12054117740378
63.33005827178413
29.355793309108343
26.332688395804354
58.781786370284166
11.198748079591631
52.50909807927024
29.50849763529238
46.265320106001695
53.53672574699326
37.52774996342842
15.908584757470173
18.663961649838534
59.119487471328455
34.24396121811277
48.512572727318926
47.737620917630025
49.01562398848703
62.70969204554991
56.11286628789389
14.709346411386356
0.09542463705643911
37.53119526770331
29.627274909984138
41.6687551597344
39.871029709113884
26.104768143202563
62.42072214689331
18.79202631484565
33.421927596803584
37.1222195597188
21.420443860268207
53.82962061981131
51.008820006043486
56.03851802790308
0.8394733937977605
62.86737112776154
62.666516788703085
52.13358430063349
11.364688725895896
46.74785790285067
53.65021646893889
10.762911201478232
48.18338274811487
50.7163297752463
44.60611398414454
49.84728994820978
29.480851488758695
52.84588731115181
12.427170886259013
10.046204730600117
26.314098534494207
36.35078527416809
27.702122468286056
14.636777805716655
51.03307513565719
11.400476987079266
5.203156065676076
53.96709777682085
55.06033779124528
55.686808052498385
56.09362051326583
36.16394158769386
10.11310333290826
60.93960450207492
35.374219799817055
24.60961298655495
39.746785545479774
50.12103205843993
63.13400070066057
59.67335187087919
27.40793107467676
47.66321446798321
50.176068092974866
60.86781576941406
33.9303570512842
50.76202254924021
47.007609868596816
20.626819580830983
54.92568363023875
44.12224006600535
61.13526795403206
60.10744364939939
32.87788046623761
15.028720118072656
39.404847139870846
54.42273432765488
55.4146828291042
20.85754015039636
61.943169396803064
39.47998234337255
11.285229850655398
41.02946036886462
62.39171628776392
63.615824054528545
25.66777240524791
16.10544432202724
9.422165104770464
62.80188952584042
31.156293639668874
49.54772418196676
59.609679815240305
43.780908581398506
58.4233303416039
63.487472197220505
50.30512088742279
53.092858556379014
36.74887523496925
34.22654350929648
62.275071837295215
7.600923432721046
53.03064389566023
44.301628559221356
29.4188665167881
44.68879136823665
11.835321638204078
22.860548699768152
50.50476158734121
30.7732883863763
57.16392126463739
44.64733189110734
23.612943570510012
53.96064252296192
23.330340974344658
49.02168615902655
37.52973870984565
38.47809396025741
58.828812960134314
28.41790716494029
60.463484082530734
26.22341654340304
20.192010858763553
46.15307407294476
61.13025686389044
63.03532541620213
26.793749769932866
5.278409176684285
34.22354017017276
45.623748604727
61.74850469233459
55.9612984077598
2.939693784722273
11.203623700839422
59.40124547232765
42.30345163330276
63.800922852785575
49.123500630598706
30.047695167309804
56.59621490977125
35.49409513445826
10.4087030795136
57.19574758853397
52.51415066965513
10.473993253161261
5.208151527905926
22.35672489278641
52.42290926853228
47.333359961248306
55.96944741956505
56.744838188698985
3.762680098164587
59.903967135656394
57.88800745599132
18.259352602851152
23.409839625694033
58.66367502801714
17.64028689540624
58.00435862120401
33.95887523388217
28.453082452769642
13.847075888272428
43.56514367901421
60.428053453810634
34.737136765829774
38.83929575590825
16.762970928936255
39.85729016337875
11.24752282563972
42.16830691635107
37.12796667484334
55.34232463136517
45.10310965016828
11.23183411017915
37.33532759285562
20.802430884995196
63.30365534263534
39.590515507425025
40.19440689873501
36.441278285198706
36.88616085039368
52.41324832829776
43.24831784976019
27.639836394146123
62.985860909532015
41.95340338070878
39.271760432339505
21.732665763352834
54.814457625930075
45.75554454798319
42.496791910496114
58.42472807709996
45.3871595607133
26.429756070042757
40.33963443881474
53.11666392878209
32.3324350112531
31.399542804550663
30.870657649083576
63.224974465324635
51.17917572102508
34.661364926900106
45.53042523735104
26.888887601093906
26.30197298044785
29.66207800646194
25.034476413373355
57.49519803359108
57.32046177754776
63.064608608839066
58.19701405477905
35.16095992222226
37.697161958988644
25.372497855292856
4.027933537180623
33.55395118012393
47.91695875206185
42.60303960596016
27.99480498405333
43.34825179031435
35.37273613924882
17.574173254243107
48.85586844585828
51.36795708883555
59.9292236855855
57.301794393125896
40.853647297745184
29.397921636557676
50.16880102370397
60.90079205184039
21.457187477925316
43.24787162983615
62.017820107734416
59.481257633527804
34.6661475223095
19.358809503007784
60.45012602866965
34.50731233347359
42.809668274183664
53.42653012961936
6.188471051831989
30.380294468729453
2.8643212803524065
33.33988257339326
4.408321712806348
34.66475458989605
6.841418986719972
33.33023985987661
36.99463762944025
49.52460832222553
56.04559473217117
48.42597190736255
62.10561368426004
1.5238316550175952
40.60837810541935
25.285023214322415
14.301995761198597
22.601075839266997
42.494125135454496
40.83547529428357
51.9875311657015
48.02702466175688
38.14970619521202
20.1162045890377
61.20052972508684
20.88383659501951
55.19612198713925
56.86224258591028
55.58484715789022
62.57495670430511
28.210981428230824
25.49918892022402
36.68999064332456
50.598925907453165
50.16661887688989
39.11686479503896
13.551954522606529
33.66295646526399
10.177237257338476
37.5597480241762
31.599875721795527
52.58218594838959
33.834851717081364
23.214072950293726
19.430370254612612
27.12420509910026
54.688246891443676
40.22250421336274
42.037938185111294
49.126161174547974
47.023047017720586
58.873932599107675
55.98452059883738
46.63468677826911
24.1470114506453
59.05806698894823
34.59046913628423
22.517858029578683
27.772394180867728
41.753404659886556
55.76308522571469
11.61531008122531
41.15888727372497
38.32616388801076
56.25911808743012
56.74961219672212
43.93456193283359
58.89251822025725
21.59308826557912
43.049873576756056
8.299608065420031
38.91841736295474
15.6961504730278
8.11729823707914
42.60666854862244
10.998749500840653
63.64541902604411
35.905613719118584
29.892912715824977
60.21680364837769
46.26158138478481
43.91287342156903
57.47869524092195
59.76152219784119
30.858914666098677
38.79619005275646
44.822303980411405
45.107084532569296
61.14421606425687
31.999104290782007
16.52914717220027
28.494261821128696
60.458809194621374
21.846741565443082
22.71007572823352
60.92843796908421
28.009705006088872
44.945030865535614
57.71406077251066
61.754203764831054
8.761490809410262
35.503349863836746
36.00899916029867
41.26137815326675
33.50951874824341
38.79970593375225
27.896427390540993
54.841282250770085
61.137966131462925
17.966996002794573
57.93443859809292
57.06664528708116
11.383991244518313
45.60937307550479
35.20525534966532
21.06278111390646
6.705371692434504
51.83335411758037
44.868352609167964
47.823693381796154
52.65377502808353
45.87287870587339
63.96292827224922
19.28652175949547
37.00336977063655
26.903080956769813
46.460067548389404
56.938411468519526
36.034077542301304
36.344326539384554
47.556763975545394
40.94521516845316
49.50864396653218
52.155846496901304
57.68076799459105
46.28669795193563
35.128634412881894
23.290649958492153
28.50988175261437
21.56625898497829
52.07096805036771
38.01857866492969
48.14481384353043
27.45622787108102
52.440917861270975
11.596067834715953
44.85185855425702
42.96765816783697
38.60470537213976
49.939744915108335
63.29193097731913
15.238057480215723
9.436868116424897
35.396228169102244
54.09297067181129
46.14336938370599
35.76473042396647
41.965431522406
54.00991915422523
59.77420215103642
21.01406048988649
4.1026446924359234
39.6574766917239
44.406462017587685
2.5231547220734427
34.572951914635624
3.8464095224370993
47.50191112470816
55.36865790481911
51.14948768957731
59.293131168969325
50.192441175201175
16.42265245341374
49.84610610358946
56.92698637047242
16.73110896877553
44.342625373893185
16.69312050432591
4.1774940102615545
22.08785946692999
42.16844448252539
44.936327050754024
51.64064762728422
46.91334285831756
11.070808947119467
35.19785130928366
32.07726664293098
40.90990887185825
18.774012780849382
56.63638307558034
45.5421894595752
60.68901848611191
23.210227059318065
55.62235766541023
50.77650080405279
39.07295654969735
45.51737857567436
38.16821290852196
46.28193422273727
27.808947478588742
58.736172676090845
49.571506260741366
21.614804606168477
38.5098955794008
52.159051867517576
63.36618326133502
59.20558581603656
6.864187567646958
44.8049762210882
46.007129663621214
26.19133619013374
21.58159548640367
49.04519670870546
63.43193088545341
50.04366309648583
59.91810125215785
24.342497596148036
43.41356388706818
45.86946386851616
15.834919293260391
18.070644385945393
44.20556258851665
57.7065770087622
51.65107133882354
15.07468936718876
25.586974035601337
57.72157137767743
32.123437476857944
51.57184741654
39.186319440029905
53.3910748454936
30.7527768447589
52.3952927691295
5.5922286690134655
23.108094340496457
23.19570917993296
29.828827777837375
63.695293607840384
43.71600155481147
44.10347424243767
63.65303441677504
42.32387472338638
30.078754467825455
59.567775751291876
21.986260376211533
42.87306277845525
3.831830168644487
57.728451222670635
46.830650484006874
63.21313534257438
61.8955836065233
28.61840385124517
45.45555365248326
46.94216868372772
40.19754990206387
14.13406784915803
27.826839238124244
10.842855650729163
26.546544564482538
53.56879916486881
39.16332956080784
51.44954556749897
5.473741477758665
11.648949941047846
58.965090160794816
54.33426675075788
30.924223941149272
51.13722224318195
43.912703151930714
51.05446631510087
53.46581449671423
6.091135065522884
25.070212543328545
24.62832159305504
56.53306136306946
46.1033963519504
12.35948314965242
63.12312359874005
50.80703886366608
32.04407812854494
37.26505820346932
31.710594242263646
61.919653798537695
12.888445490047204
6.822220390012141
53.855304835669415
59.78862280283227
53.43429408375913
51.50803618350309
62.93278981599252
14.764532691919783
0.6297846824707989
21.129680402810394
22.010350518544257
32.47469993490379
22.057112343195357
7.398851244540843
34.74499703224312
45.407035277620025
26.612064438830217
45.13367086535254
38.08786181699345
25.461720792388377
54.722308041316474
27.056558991709878
62.4985098943365
26.35338812459596
46.20202422726665
29.638775119598463
49.70173317914007
24.111754889254406
38.13334536795168
29.73907116394934
10.496110192521414
45.20945443374843
25.354076565815056
39.79502322075461
2.692663370821421
43.70489486995004
51.26148050744592
33.87745332915878
44.02316757812682
59.17401217351586
48.66361212748171
52.11499781319536
63.2605665080182
52.116700773582664
36.65747272000875
54.84351457153578
48.620693457440254
57.40551554523921
47.78718860418366
43.675529073857106
56.55634868405568
41.65242058100489
48.411423930338856
61.40659482226791
37.528288805737795
51.11134353578978
61.73974149138733
24.65244882224752
17.46424438903
36.693727258795185
53.65654122319136
63.8007366646795
27.65741213670548
20.14702756892411
37.7145066787749
31.816450077340882
44.77671186306379
28.367477094134415
10.767972441280044
59.65560761076239
49.134595673560575
58.3999237398967
36.99902411666757
48.57791384673382
21.92858863080489
30.78997213798077
0.5018932643242806
61.07656537182561
53.32777058895029
60.997740259392366
25.267177195971932
31.63255127699292
18.587028542605353
32.527643695427386
57.15936790150535
50.12752965220973
57.673362637936165
41.00361185443334
48.23598259392971
54.04212187694404
48.75171318903389
42.151967520478934
50.51693135323223
43.244801275212524
46.818300758660754
57.922735773991946
38.1562784707382
23.03421406351754
29.10067947990867
53.740023552267715
28.019118604185294
47.359209683303035
47.45671627831713
43.854850123681004
41.61308139679757
35.087038968547034
21.979299336072792
10.137029957564991
12.78976052070849
10.777437207991412
19.359652238238347
13.287821146702292
23.089140288564813
40.01816955834174
55.02996609477775
12.239934582557375
53.44150310827266
45.44179420561625
14.862602941876887
63.802847967566
15.555508716152232
59.42585794000044
21.845926849018554
30.798252385440726
57.17445648850196
44.22232094696708
29.68077718611042
50.581649268174445
24.882889193913847
57.99770278208278
42.69563672682016
25.44910011236353
62.015266387198615
42.28635569763463
51.96522047016623
30.654612871515248
61.11728767194529
59.79611979984443
60.129853229070385
32.53305105825815
41.378210918129454
33.06749840791766
29.357526870111485
0.7173105980108261
51.10252418612702
58.534766727137416
37.44379464844913
63.42442078474381
61.071290831131
37.97451139928177
23.178332025680156
61.592678528397016
34.76237504149967
27.834792023636965
63.54658677126961
36.43626872087442
22.446014740982285
40.49782163323138
50.95213701162888
0.1457729450726717
61.434677178296184
34.12183349296184
15.59732952982435
29.47260365312485
51.38618627561409
53.91438008872066
23.13936644527886
44.382031835339745
35.783070122264846
55.57814268091811
46.84794608552501
52.078803070250544
47.05834765050226
59.72726697793906
25.713109126763968
54.39265709147108
59.765333747786116
54.94521126493147
51.30645466810449
60.56710406763578
46.73454141213889
49.20104720499533
18.888680130224735
51.111843512074046
2.970164796397505
58.79366669835626
33.257812242373525
42.20270247481662
41.132890045461465
21.811167978009337
5.678318723242782
10.14457822976992
51.72872095699421
37.359342367408814
8.379067273846829
51.64836773980627
56.182800474241
26.762290064630015
17.439320967405536
16.695157005100306
36.853715264281476
34.02621789772194
40.833229022192114
8.82590643240939
36.162348115227104
55.03701473293222
19.715023638333896
40.79993902922628
18.419722937713864
13.742553280598976
17.917974856709563
35.6190560343113
41.60520604163317
47.237062137629
18.362643076319394
45.88701673901962
29.417458425961243
10.576209194315233
58.02232543535634
45.469054586099574
52.875362485576204
49.10367379435755
22.59121485003815
32.83881704322205
20.01360776878434
45.35980899522477
40.88646098755281
43.57115928041149
27.50642135346402
34.4086159094939
17.511838133312637
20.93856154272588
36.40185741409451
45.41244508104417
24.336274371397643
33.29450659598989
38.85916276530851
50.1777110534711
13.002570278526463
60.20416337376252
48.915950003670716
45.24015172574934
60.696645983180275
48.97556687898731
23.107181804027192
18.479341828886774
46.431215083847476
37.88602743409238
62.47110850923023
26.877297039693765
59.64860335095905
57.84506578486732
21.096909745551777
33.93801170450049
56.11720388418559
21.147381914128985
59.710766841274705
40.07087068736922
13.174733541647676
47.2960762008119
40.21345018690775
28.687239007507088
46.29286613931901
49.23307517816124
4.073471502678991
59.29141985131618
29.441155338487583
62.43919268071628
22.712030176522454
36.154947476203034
35.852079798378355
3.7495948103528534
28.89638556348919
30.259370439135182
50.99246808003184
62.36379536771794
56.844854905137105
41.17352752882184
20.152209773244394
7.273354839554322
62.25096992593298
51.36018546541247
52.80636521632063
6.525374338587987
20.199396918669876
20.63318910998545
55.85203799280605
13.65932456301536
37.21513918632282
15.121961178839761
59.45633516037651
53.29434370212749
25.998827778402017
16.137671300816557
21.447271106966014
53.04637781202741
24.229950211116808
29.16961853327436
53.56836055476001
55.85341210072815
0.9065620198381978
50.43845450415985
57.626532812343875
50.57712912687576
43.503732752081234
44.06127466167713
20.97944854823463
31.87221022433428
51.37071581662475
52.9890654354456
17.88510897463074
60.85187404527575
17.693325316405556
23.41073518427521
61.04634361563751
40.16428882748468
22.27646277356795
49.454524830113634
52.84919501051598
63.870296534875
31.22377237504137
45.99120919183045
51.08191399136355
36.67911523294558
63.01566309427084
47.73504756116077
40.22717034104279
55.7582890047128
8.625274767502852
44.18490382515562
29.922425137387876
46.39034385083525
30.758558833546353
32.769907137177825
8.676696019772677
33.21854060594535
39.63141837225376
46.15212879662931
55.8326750129834
46.40029577471043
54.99792494918957
40.22292321952169
45.12741043118565
58.53317695030873
45.070865650197554
56.21854712225398
56.232139672646106
37.140982856221086
17.915903194700846
13.778905331873524
26.28413001934006
56.27100549834145
21.531789565010513
33.32435464381608
59.27447484819014
53.65030342348281
41.46761042486633
31.60218389667002
38.24478706885859
39.442841866180025
20.03691178580158
47.595324033066845
29.603507700832488
63.35062839052285
35.911463532093556
29.924743421592147
51.54174457586514
36.85755977193551
32.50115229487341
56.58435331551935
61.170042836890765
