37.81594120011806
30.710533293383413
58.090133436062764
14.265789651126582
12.900808858599852
54.6189917633063
3.1012985301499043
21.38725720591787
51.27442898552924
54.883149919291526
61.75382836012367
8.903708328400342
44.74122920290011
29.107934160371926
12.258224873192937
23.110817009413957
15.207864523313788
28.836753181313625
23.297298648430136
36.76879275068322
23.56063002557942
52.414875516597334
49.46228624650167
7.0038181034208336
63.48280556405073
54.79430111736242
62.130379080966115
48.159365665916724
28.307423423069118
38.21273881619581
61.07091163894465
39.28058649643083
24.012534752968378
36.828770168387635
33.39361064688694
5.742654822908612
42.32846013849223
53.73244860815959
51.13925104164306
55.93735793410932
45.041580429999584
52.0321808940224
56.27495111516639
55.99811642580328
4.8122906974215525
44.74702579262181
63.19137084977953
21.653212563734627
62.95826369167463
50.450742120014255
40.57763233371064
33.21889151102181
50.193533649594045
31.38316233028319
61.136541427313034
33.37563512578084
27.23623682809213
35.90415475972431
51.16804099738628
31.4498659260763
37.01884003162549
50.72664095913359
11.795947273915182
55.389600588609795
56.56223171112082
33.891866650277834
54.00813024287066
45.82553263525386
47.359943408739426
39.123376983950536
55.53437530416258
50.420576933145455
18.026917231446212
30.3046241833151
4.6929250397103175
63.469060824027366
25.475312950241488
63.281347504181944
48.572718330759315
18.870811225763276
42.67456464405936
28.730024133785605
32.11619148012359
30.45703744465979
46.88514950980422
28.75871052473039
38.41855098105103
53.64494656902659
45.21453720157472
48.87559627081296
22.838363946723234
29.84482078228286
8.347879164764691
32.20965465162372
25.708190413901328
34.55123944493252
31.43286530257484
56.724835147362185
61.99236140447053
36.499905122765654
47.8217578711553
6.484212960308362
48.01341709334855
59.70847327972014
30.893241119315384
50.23495303338161
23.514099482542257
16.35236158875906
19.165401662805877
59.00531186188433
31.485157344435564
45.89248303506718
35.068454015543004
35.11096585266464
32.88501729643964
52.78862329830048
56.71674968350269
45.50008631436476
22.760011494928108
7.882327687064588
46.795685400861636
52.68555246959071
56.44084656262766
39.58257065799846
45.31134301639586
9.179880239158656
18.532387095289018
40.38430569806532
32.0471876151242
21.397437414075092
49.087098726651405
51.43459340240405
23.44514783288556
32.70102355908171
55.852823260712476
32.276279777336356
53.929885209223414
30.387430695384424
43.91345386367628
32.05760555114451
22.274498608734653
4.0609962629379694
23.0654994535804
53.197925619191864
31.53242616318368
35.310610857802814
45.56382473456435
35.748917293501144
48.66943747910373
24.927790234890033
7.377422013841958
28.189544158862176
23.796437391793233
20.917115243795976
39.66745800752624
8.418546390792045
57.418805320912
1.8306044081751338
42.99250645967913
24.361533192044817
19.0724372325079
48.21835831619508
56.40332999332176
35.972710982134004
18.479342945339603
17.322821325569727
49.7015623150465
55.98680725514059
32.98337030406587
55.44617807064656
52.17508842815337
59.378312221035294
47.87317460848372
5.154922157800527
40.99004139797584
22.86557959333117
59.39453528602491
37.62886236109564
36.284280929856266
52.29544823289906
24.16721557366464
22.579380434570666
60.91742675223029
38.10406499526911
30.376148680926363
37.911359771726175
51.23237309698151
16.378665232231924
57.33563411053903
38.737087086038
23.35198869051799
34.42357329678215
62.56574177908325
31.301078219616308
62.48085316376047
52.88815829899601
37.08789300030516
21.645088745782303
44.65256518760341
30.450269667877897
32.759105234653035
38.04924317060521
51.287388073388925
37.958201480110844
23.959765870573527
57.55866685714358
46.24532691303848
12.958149412316857
53.41999829602727
51.08129844893514
42.391122777373155
12.131402794672837
44.76897342516362
62.67441407373602
58.08516396423053
55.7093729011603
58.549947460635735
50.1231808934904
23.822172931749044
59.21348333212623
55.42068340388293
42.06355586089337
34.718928591883284
37.99073292257885
54.3671078576625
44.47929205961639
61.45067069578333
41.98508593856811
54.73383901962673
16.40770809424712
50.575910332753764
8.334285694407747
15.543586233488249
34.265648145133966
34.04579721805566
28.64099318329383
59.87860579427823
24.870285497443405
52.58659718556087
52.72566053682962
52.34590829638068
63.767775726199396
25.507410775899046
10.381737210808403
34.11183832297009
23.845939388182437
40.54515313475082
22.691552534390752
63.81730380339996
62.787247671392294
33.2930776867083
54.02744808278738
56.942690097238746
34.09255042342418
61.85030265669842
62.16338049411618
52.60529738190832
41.91009498808867
37.29115634434704
24.256897000394893
59.692030490794856
51.05589284423842
42.89640516283872
51.017438975241134
59.549126558092375
44.26936710292041
8.78520370147725
46.20068384075513
3.9863855476813157
63.96506697845876
33.10329357023746
29.352880082971886
61.497467170777384
34.12897776358987
50.67616314549998
52.42788054164339
63.01342479047313
6.421563017066148
13.057256895267301
56.38566962639143
32.335883111229336
31.829411270369057
60.92102027785135
32.9621151640955
27.914203394989876
55.82147173375034
15.73918044024331
58.45197433670422
33.18828439866519
56.758990892253976
54.927370786339125
46.535655565514645
19.197835972438533
42.56800016076147
56.168594841999685
53.95284293872734
14.771393380955232
35.54019854978398
35.32133620826724
50.90793426038651
49.74998212860133
58.12646290863694
40.568505703297504
29.94123837499157
8.024071125217198
56.33920451742296
63.26570107748826
43.45266730915888
61.13940402738219
63.64106016493182
49.79209419425534
59.979885174015976
35.52983775534802
46.69631126268597
21.12772418549836
35.37320568733537
40.44378075960313
5.035988712670196
45.37236381365317
44.34396628915363
55.90481265114145
47.08089005694439
57.14873676831816
34.227425025866864
9.159999082035753
18.566694925352948
16.044327717879867
39.71001908568816
29.825002494728565
53.77625395994109
49.851152490281365
36.418732674745115
38.18061464734788
48.774686663342216
30.47374772573894
3.5178300339773685
40.976084587909625
22.10959298651246
34.324057886511056
33.21353422969774
9.480901698232344
11.746156598200812
57.820968803079325
39.40745397126612
43.10012390778007
58.797671905488585
10.868807042273367
1.5674640745718236
62.02328776222497
18.363339821922473
39.51309939278319
60.7548455976069
57.775067076007616
52.41182294162567
19.59930613641842
36.79297580963244
47.5480055370693
44.48635609375333
8.553226349543252
1.9862963531453417
27.45177605292284
31.785474863302376
52.40025388146337
60.229541634357524
38.49542182047315
16.0954151989256
51.33881547710105
44.12436303792933
58.75997292533636
53.24008651112208
4.871948135356831
44.382138721299356
62.51853336887241
31.91298627860511
43.78978329014171
57.66672076548266
45.63594343953039
52.92170503071431
10.195055437054421
57.218815961638136
38.79356964135884
58.22917553322498
38.93085589545228
52.93560042666101
60.54275058738077
48.045059083993415
16.699000568357853
45.659768318454255
49.85329717514439
38.39504834800057
55.01979052112909
59.41487390749026
17.50355500444619
36.099988532364165
54.64209987625124
29.0660738905977
23.480297259976076
36.16666963751372
15.401054970213828
10.871738172298976
48.92089414532164
0.37398345719846304
23.134058675251516
57.65500344988631
21.067841972992902
2.236802899703264
18.01076869435964
16.771245391682953
63.210350972148795
41.619904420818486
31.009348197596907
54.111911335345056
39.80231595218057
12.29255794518187
63.20704575817326
5.247921518559124
40.25563868084602
27.529423120511723
53.028136024802194
3.6412655052436804
48.01973232904147
52.934667000084815
38.553013408409576
41.216106149657
35.35666208431843
55.727772187296296
55.06467838856274
55.65223417472092
31.30702429543833
50.3978839575727
2.6652998843831384
44.57641992509101
58.65242235889388
47.58141299162952
42.11169883375378
16.541814160871134
54.20300747181939
32.115933266188534
35.32201023937063
43.30177367718025
11.730392816159188
44.13788682872841
57.65253973663038
42.80933722073911
23.560353146363823
6.618467261923065
38.10067566846742
25.98224388515002
58.54092158746782
43.50079855551372
44.57080204977831
48.11339439090816
34.41229445619402
63.819430815598466
30.740779281965203
30.079720533702442
26.115119223621427
61.30530776407302
52.526066270555695
60.80187670240588
45.35092838666437
51.02642675015106
54.02413624313492
53.09906830838945
37.17362028027907
20.59085688893969
3.62537374804495
60.99524780062063
19.186585102982896
33.3658306903467
47.25076589124845
12.711756249562704
30.69901986724284
51.97211659356765
52.40195807530171
38.429201394833626
29.01036011899592
55.499270025808954
40.95204414989006
39.61274693675563
42.90431297112886
63.06757127257054
51.660051082899756
38.86613941164122
55.508488074964035
52.66977486104787
53.03914853403216
63.65937393224717
45.162199303703304
47.31831953139656
61.27242677329686
37.34023721659344
40.62235945027584
55.73304284905382
42.89198736445103
36.34596610102099
62.925668457160555
20.97198683950132
50.87909666926109
38.34380322315056
50.31727949720943
59.424484356873755
56.10736661790335
60.07243344290712
44.726356825673875
12.06375410698216
29.766948931969296
55.867805962834936
43.90654074464888
13.574218848683884
55.54394410196092
39.54820067931712
21.76320961164481
45.01139061795136
46.60263409572458
36.39458923753971
26.469077785260367
38.00804370862013
34.97536116288164
48.906920908584745
50.116057337457775
46.59526600814486
31.963776783474756
38.34160857301703
37.19757576561024
54.80954939717284
18.103470641675223
29.45184269344022
47.715325659995074
32.56225342668601
47.30624904539791
35.370343350645854
61.28123301013206
53.45215920369249
59.8009506055089
16.155894998535047
28.499658996761895
59.91773476905107
6.341862703070518
24.794162896065764
57.019617456351845
36.94649407734923
46.12531675853495
60.19839657244124
57.94160589937913
21.102694182038896
32.23370890980788
59.882766664787106
29.50078638078694
47.45666255457499
49.89157082955899
60.2181782357471
62.02221540978384
61.88882800044092
32.074580421303295
18.0580546855047
51.740107434993234
5.787050253047454
55.75728977404472
28.9453757119526
59.320724492977
62.41318132977907
50.44480978168089
9.350084208336732
28.870071518468592
41.37440282946373
31.519832706040418
20.96791379425985
61.06986605665909
34.089334296107154
8.045353464159618
50.763981787792744
52.08511898316198
23.628826733875314
50.01670699835624
56.92780953834406
56.38153637301166
52.671518413347
45.063563211986704
52.492385422713916
24.09277516898151
13.290147590629324
44.43515357371332
25.68623237389192
33.45300936127953
41.72488923827131
51.72499161744796
24.372074476777414
35.61355040144798
38.67589067658061
33.57613419064174
37.416041374699546
59.001694534599096
34.144872634082034
56.73377702140438
17.604156036109124
35.34786129893844
16.609442084181154
55.30343652538139
56.73449036518113
39.093469746945914
59.11948841761191
6.8315102085319666
30.02604185943725
23.97430909081178
59.705453856652035
36.78201607585041
59.781174870665836
36.17044747918355
61.32721230931232
56.80900455272943
36.09307257068171
59.308448564942225
52.010089358544064
37.32949995781287
43.37707698688696
24.433542556156063
17.964658839789394
15.95430620534949
38.573874731098684
36.203980645064675
27.70893651594708
49.97786766486225
27.554122410289622
13.998769651106109
50.75433534386785
36.76722811121299
56.052590354859966
56.614040056431115
61.87509669133381
36.43099889617451
6.293599895406004
58.94433032276478
10.843942485004106
32.52512427883446
24.33419356683776
3.2272185169595033
56.066738065787106
57.91680497600686
44.74240374784456
46.386667152027215
31.353114899838907
63.22772788286188
28.479137732899922
52.111242290517865
4.575853123539687
10.03779710565692
38.23654269135646
27.401522338897017
39.9975930417734
43.37247294731635
9.90141774219552
50.448216180794965
33.24972917603901
35.746125222683844
62.527920407883556
41.86132401561678
9.364764759172779
52.75751137846095
48.29044990867958
48.65358976043734
48.9879058681449
46.15189698098423
59.30969595605835
38.79064001429093
28.198668117932414
52.682699776407176
22.57675479887581
47.97200986554431
45.17282117727904
45.08244234266573
34.5172570399875
30.83598708117004
19.626628111726625
50.599443369492526
28.149996479033916
62.82114874937434
51.54523641751305
14.38889428417474
8.288822593154904
62.748938422871255
44.387111681713314
50.45501008668416
51.84863170231675
29.65181762477836
57.9047775283463
12.619503704373315
44.329987001551686
59.2534018659577
28.827196728958768
61.91742465480951
35.540185923728316
53.39647067965184
63.50898255824484
49.3186560025689
61.076903449979746
15.309015461627475
15.589030159737156
42.3437878173594
46.33521109995864
48.80163552195271
6.145468010848326
39.504798840543316
49.719443795190614
50.67787220506277
4.92511242862426
51.924542534283226
58.23120141791549
54.49062581039626
22.064818967915684
14.80925738609156
26.568322485782943
39.133326968117785
23.81387549673059
1.2819351943676054
37.38574710006026
46.76053699724939
48.78952720968067
61.545927385090565
0.4338752715529566
63.23792545815962
44.04532067381321
55.02508531559435
39.61413579625618
60.64520881415308
43.065232633124644
57.91700160073772
22.09215012759836
26.760732045706717
25.98174026415066
50.37550698724711
63.05286667778213
7.3161167973627315
48.59037816417841
62.75667400347862
45.18017435771917
2.3116010140410808
38.50628670328602
46.779950508027255
6.038517334798087
29.87007830889049
53.410787545389816
57.21342216430803
36.84315527947726
36.56400127935094
44.65917353286828
41.96595200283738
39.03127737565242
34.067158376920666
56.923148854434096
31.777076598568534
20.337534097664722
41.07597583606446
55.58991871709064
44.93509647125184
46.96110752790445
29.16398351497341
41.555381227858206
8.366457683441489
43.66300768975937
37.53408877773972
36.88453696005844
52.50931957994028
16.842299242531112
40.25802557447531
45.75371011252246
44.5905497004472
38.51522828041065
35.201210820607166
45.41202669193845
60.430139080394596
43.92597648815351
41.69229652581038
28.589530093422823
9.313519154658643
32.045854157834036
27.844594378503494
54.456523961296334
62.95369447974568
60.85304307447532
62.86894774718826
55.896965840783125
27.12567534578684
60.48501243993425
50.32683279888066
40.343362410452954
1.2135359251764655
29.757412324926385
58.17230284897589
22.57347919985944
27.712143035804516
11.814372752915496
30.92874917529584
62.71077829909691
59.805599430590924
55.14818172899922
19.787289659547227
28.279956422463883
58.7512541714764
21.77601769714805
26.495418833602933
5.756042941047667
43.80945013156732
37.17564431709178
37.98236786254158
4.972069989672988
15.996810733390724
49.90971140504649
57.50162665869316
48.40374716086874
4.028805969459235
28.11401174886712
51.81765215102881
36.13193423111733
6.52765179905515
7.280176561174734
49.770410964832905
20.450477177729482
46.93137656266471
37.14176670730721
23.760363361513342
40.38647387717246
56.36175432262183
21.78315833159857
58.910411156619375
26.02162402854036
56.43257622192192
45.510851753339765
44.637904175140875
37.474125485001395
43.57039321225755
15.598776310727011
59.412088504195204
57.22526700582519
56.22602660855076
18.17393370659881
43.79646207184551
49.370807473674525
32.13211625131939
55.43142744130442
44.5818676468486
46.42058991381719
27.464559552809902
52.84725110967719
63.73135762863708
59.6469882861614
17.12778230913152
22.33155108983506
17.563860020734225
46.53786009795075
47.38304274565421
1.598756250533377
44.9279139630392
11.960315771038161
45.4700765602817
22.311146554792636
7.1493922051338
36.755371251422396
19.89995582823594
44.23954859452966
56.9530104098339
58.061926592475814
51.443484232579586
39.4718465803563
36.25024751976167
27.70105934660301
51.875627693597984
3.9681677323727484
22.853813513342104
36.097925232779154
42.20632186078225
53.06096387362449
48.58318149347292
49.441922516590445
2.296107114660302
47.95650609451731
40.311215844861465
40.788104993890414
29.43272611906214
34.68338631377801
48.05003671998152
22.557601833966608
54.02069013550639
44.169701215029434
53.88232725366494
24.060854964764843
57.37482653319037
50.946089424629804
56.27355461858235
26.932766985522868
47.110195584190436
55.77410279741305
30.19534398987998
4.84516557892362
54.356918448673156
58.6210043776692
28.033960868684815
34.75958608700198
29.773961480446893
45.12632638469863
42.94375770190684
53.88953480565897
57.24994594322757
59.939025972889034
30.93874805303166
45.26621019061987
39.8569770054862
41.27421704907795
49.93384294255168
38.85048240853419
31.12575548549796
38.70776480852287
52.53146713578081
27.470066077342437
39.037261549367045
44.999115429336726
43.465186066353034
57.325414099567915
33.114249957760514
61.61439548695293
19.710233811130806
16.838535925390232
13.815398592828146
28.84483978951016
55.078373507859396
20.91516726846524
14.94533290498962
63.032944684834206
14.810052051187789
38.65099246621366
55.628289738434184
34.72337063413468
57.890715104642496
52.61569050397748
40.67680057968731
51.43671334223059
26.68723235288325
8.443327051455356
53.921456401177295
26.674347978757012
61.14036878879331
46.80009049214349
30.987295485201358
14.250379906327552
59.78002541463239
10.745687282304537
47.65218075665546
55.310856007764954
36.3707513206094
39.95396235758133
25.50628466195065
61.56616708295874
25.176568791278626
18.18722013763248
2.0295822075483443
35.41249650144453
2.8894901398766777
53.50386344290884
54.11111599824723
44.9724021726327
31.215440374337128
63.74166160685282
33.26154019395317
52.690810513372696
47.21729880493749
45.79386416928139
32.00988775837298
4.29067990268053
2.084674575221051
7.81189881371251
6.68821881384067
52.36955097532399
41.73796779277478
50.94863925768364
46.675254020917365
46.082719851802445
50.93587507842409
14.896817778227003
25.23788648402831
17.73960968412984
23.94379932437632
59.63123731120591
55.39993875888264
31.068302767687797
62.888977211539604
25.84115392204083
19.910428418351408
59.303974435863246
14.07343892133676
61.21058311313923
23.22684580170762
42.31382599367625
41.840216847817956
40.30599517066646
63.859504633376325
58.616071480309756
8.591041904824607
14.634172777116788
51.603398157510185
62.29271784145343
62.93550016422104
46.70511613363381
11.020018601393303
49.21546242129681
32.807060048300734
59.179740360567266
18.914141105165896
43.20386500004547
15.777514195740899
57.313422906926846
35.85649040204326
34.893146142932935
41.910791028877014
27.1259116970393
34.35415122829373
50.753351060210264
63.277952420270765
51.66041691006865
59.42622748381916
25.543184739270266
63.27897901924403
22.027159808200224
21.84101719780211
59.53728547463575
52.901922266002565
61.851598299847865
49.93539190704402
19.4537414059859
21.527327106900174
61.86036060478666
35.150347080726746
4.078056774958206
50.515812018972895
20.457062821733906
25.524725628276876
59.424438342807846
41.423515231127574
53.9550839622953
12.858287754270911
52.119678104537954
49.56288846170565
41.76054721668005
58.19505843507295
30.83227926703632
38.98154232843384
35.78446217495518
11.714203010034566
40.761755469515236
23.42474499714509
63.74663556107494
56.8992139398173
60.12677373905978
20.208260882207114
35.9817569885606
56.999510165999176
44.42107463899474
21.668466093008725
28.397470579974943
61.813678104042914
29.88525385160486
43.727164474763256
41.0512089725531
52.81147385861635
39.15486734758393
29.649306321820504
52.501105524399655
37.48610008665549
59.773878732608324
48.99170764575954
7.740599996077947
57.730795636847574
27.581263339301692
7.025138392392485
26.923970785374273
32.072789136308806
44.52120365382655
39.73958895953935
17.650454407890813
46.78052901142011
55.97538517912261
51.72820460109886
19.17908064740827
42.731106698858554
19.59989105478983
48.662778180111005
56.82018428592038
23.62358237773983
63.29609140807213
45.46961076506058
31.410280153303248
8.610713647797034
21.334739479782385
58.6038699615431
32.751305236710174
26.63088696534824
39.633254784718225
43.9337767796665
24.373611496034528
45.06050218463377
59.89191029216571
58.30406292488742
14.682442116377338
46.03295495681883
35.64092376185221
46.78680381942432
41.445182571978336
52.223116053222725
37.90219054550414
38.343159757731385
41.25840324016278
36.26941862417643
54.490211755608684
51.36441228253052
18.772055028034153
36.31895626954791
22.684839625532135
32.79510037268493
23.048086543464628
19.148893553373995
16.328155494507577
51.45879034416018
34.996842897404605
36.13522297323911
54.14915909771679
47.31964433294179
63.26989029509939
46.2704991209156
24.972836092675962
53.99151291898871
48.00547660915966
53.15960417272623
54.19585917626325
36.67688198503153
4.168023868667127
47.247062205070904
44.0239105888263
29.698340282899238
61.227307697989744
22.559225790516777
35.93867140235879
17.003665172030054
33.48590725179025
58.6842950468941
60.104444017549696
35.5679463495259
61.84988204488573
57.264972101652916
25.600701134506643
21.229941602932108
9.736671441955757
30.128501512195378
21.971579451654726
52.22515128598922
0.29960677284501
46.17810741138179
45.83545761683486
35.86484948767663
27.89885184224189
36.92394390342356
11.904882574395415
57.661448022130365
56.42659653489953
43.00984773461476
59.6909478454
29.06819333054777
61.84129044185542
1.0211384745226297
34.514254446785586
22.511277546783333
39.87766482675622
61.398332311182486
55.91885630616991
54.51314424751303
15.051532705233505
32.883154979744305
43.786097561310655
53.32831088344879
13.300143151198625
32.82435796310297
26.491977668655373
39.34626685110942
20.330435124273762
21.378939964777082
14.284785093898577
35.445062123422666
52.79329826197976
25.328572028223256
28.732513799598806
62.88514727165748
16.730574736582888
34.741896919114076
33.178311762000455
21.098147691468697
50.22686528642131
8.645513931539789
45.820205193387
46.69112099014994
56.5611932224861
39.711773105720624
14.994868665138917
54.1735174946192
6.639487491781892E-4
22.95255816108309
36.06788366493572
49.310627061229695
4.604579852277702
60.21930896262809
60.394643039770166
47.694336611506735
5.637730207559002
58.78367069950656
13.691282890166129
51.01709230840842
50.16236025849242
1.5975158065672943
26.481397799773227
47.79062819177808
49.79708527312415
39.23970910373826
63.77293965929733
18.252754311313396
16.906074110152304
37.47578681180504
49.839776316703606
31.380330399691758
62.25578235302559
51.372023222175926
45.81734295985859
21.468616761020954
41.236027413441604
49.40795208509294
48.40190579670625
7.7710429201521904
54.97613378346068
42.89273435666849
60.137604530631705
27.969863287385365
14.284964438323101
33.853895541458556
25.208817782118338
18.292862310688378
15.55583216519964
45.348372643476196
27.56689632433322
41.89889733887474
41.79294382817598
13.541790555085186
33.83474127996874
46.64436364191232
63.0410018750272
39.978602907494164
4.878705462185614
49.10475296730828
9.537204915200299
53.71461768889053
53.386908553069766
34.49121298965585
20.620552005599187
56.98107203738752
24.61274280435815
49.95434083740368
35.00656022167337
60.566983154214334
61.2080339361389
21.301522717402598
61.86707770949401
56.73369002224295
63.719150629169064
60.35931169908316
19.009207395223633
32.867303655407746
44.70102928288711
2.0339855842630357
63.833965143963006
46.01836893202623
62.294754950536515
59.951559871767415
50.93444321496
48.384886724017505
63.249126925020626
60.887419132008816
2.1630561166542392
39.04215232754166
5.974092583340479
43.427483993929854
15.017943306635615
50.138715858483906
38.60130055442552
48.94440827074682
60.12838738892176
33.38116124041227
18.15073605457031
53.55477296721566
41.615180593286425
47.5223891193283
19.077333602962803
53.81703879483439
59.696179560852464
50.72441171747141
62.23920004096395
6.589509113969314
58.88187417013157
6.620878675327596
1.208661199271134
15.820961132424564
23.36334424011725
2.1934986476891964
49.0109993779132
31.7168299653217
24.491195511783232
50.25761211342379
24.261512291184502
63.49687992619492
52.50317706715552
36.70005475287394
62.37856991339754
63.52111393577702
55.272630501580444
31.745409673242186
23.54595925523101
36.76922506951471
42.065897238358545
54.19162178959342
19.461098720712677
52.90889904223634
61.214051256055754
54.38365523564991
24.941709455547745
42.82105885161113
8.212009243128904
27.243956992507776
40.99845050302687
32.935113454299625
13.916562679158112
34.947440908404765
34.24863299647483
0.2467589300796007
10.610275891392526
20.908260677327526
20.379839023388215
47.091812554685305
63.77444694602026
24.387781380376694
20.33201133749585
35.279784600736264
19.02556663278547
55.5034232294579
49.011689688138
31.323900895434136
20.864495734947475
33.4087500192646
58.118741743636356
61.323197152797306
23.060683195468847
50.59555545619085
11.162268327581657
0.9295302654678466
7.9260405831892555
45.86980216725905
45.903789670969175
60.16659364847959
1.6097322512066583
48.57965000308051
38.892390604204415
57.18136311954959
50.23412809479081
52.81187670377887
55.223328657997826
60.44236971345077
24.26535040668241
54.703293317192546
0.43427000781861125
43.802056692988316
38.77249296655606
54.01424802387527
54.90732507212728
58.935924550959996
37.01878777585459
46.96372574135943
36.123260729978746
36.19907677449606
4.375801893935339
54.46704089005612
14.989481490105241
14.735018552118298
42.28785518823414
43.187571287688044
14.861045872818508
55.547507804779336
33.67763613245563
30.271114251680956
54.24914052610812
22.168586796405407
41.07841633941692
51.86696012732971
56.0000076953839
39.54056274513746
54.101502992993915
3.3412880273876695
12.51695226121663
34.35965415295078
62.123860156616146
38.44252652537615
47.37889394259339
25.108275390418527
29.086144782691925
49.171639226392955
20.761811924134264
50.4138507959268
52.79616844185169
24.44758236472142
41.269176044091495
4.8581088467070614
42.82679377019049
52.04947013551455
40.6549299466161
4.285897307290163
27.274529035877464
58.760352534600756
36.99209825060407
42.79682480186797
49.670292719588815
33.55830632703692
35.33085840164679
41.55479847260807
32.53701683944729
47.632090636113126
42.910647453266236
55.60497110041667
51.555758272289715
45.28537872398124
22.398792987157186
39.57852037625426
54.0184894025397
38.869789411982076
32.517877433178356
51.296173973914904
54.8429059169959
63.39766082292758
46.462020936715774
36.907389003846966
52.00271642728768
40.91703207864019
28.922849472091656
3.7005457067699083
60.48077746467935
55.14025774617829
46.2010611790334
57.22690954164026
57.815756567853256
52.86253779161215
45.514249954975384
26.40782311659631
31.890849099155744
63.01412091558949
52.42092097806251
32.025953792619475
50.109706106771974
19.860081508598114
42.86568995484801
56.48571172777823
40.41082884927962
53.30198746550124
4.099460535892568
58.65856134250935
21.978557907608348
9.80385198228931
38.634851888248576
37.803459596079705
13.619602000503654
19.254438498055002
43.70598856901297
61.907617792380776
47.25468672995505
33.97152365848909
26.58462711646377
55.95596349341586
16.036604816661942
27.359222791886395
23.569627546973052
40.22405749169421
41.57447203754744
55.12872251712414
62.23790266608322
36.54735692697841
26.141827317766854
28.117082853241982
5.253191941995404
38.473104543270296
34.41116265802217
30.722274431211098
26.023156413490206
31.033491337438228
52.147540074256334
56.469682328358964
41.62226754302157
4.004765219568469
28.9792566025475
0.1921160784780298
41.25749159860074
57.79623196802722
53.619334677873375
10.334173666430736
58.79166842162708
38.19976324529675
63.095312216366246
47.387257060701224
51.06058941705878
5.215263545673324
32.76171949040594
26.216040054611824
40.87872983041274
4.526307640210931
17.71847036444145
58.930718302580985
18.71630633532648
61.29132200580222
38.28360119782011
42.89512346926387
25.673927704553947
32.902681525722336
10.676769778480988
17.999803801160745
56.92284541390127
33.787157143908374
33.42900903050706
19.938880102445587
39.51153811758298
56.894959309199955
50.29987110639832
50.664127412512954
57.505894617140505
33.16749486280619
30.966448619290716
31.657577671205352
0.6794865889684374
62.97997320194267
24.995420082029412
23.895013748377664
47.14452904916849
43.71621861321377
31.727224218400835
20.45341584055126
57.50590697245713
62.43945070126439
19.542373968411944
47.8244771488444
12.650103402388922
32.946478075435365
48.72385272911756
48.931548712781975
56.669832861278145
59.76442150963225
48.93839656451761
53.94780221002624
34.50566374355299
33.35321673609063
11.083156581508149
44.591804780255
33.737051660193515
59.43952520280802
45.63654677135396
48.560217592442335
8.44319980893848
44.49979585601443
60.35384117492973
31.947595077503415
25.85983054909437
58.18279842493
24.707456549077698
43.30528211406427
25.936752415463808
33.08772088906382
63.40832115112231
40.15320454260804
36.51075964315872
20.258185075940446
37.541776820308165
35.63607558422249
39.30258278534163
38.97301518332211
61.776063272961636
40.1449231275066
55.19520230399542
57.462620956065095
32.203358445106616
62.70087625415086
53.00543951640959
41.688064153316255
13.035360361438727
31.10845462578665
40.14994530992843
30.761059023184067
50.77025670055576
55.3009371683478
60.19380367364696
56.270227233771905
53.7018163018399
50.02574735042172
23.114276903751552
52.91635739243378
46.39700982999136
62.145349531888115
19.180394265564082
39.09610944709365
59.77628979026623
40.08041300110504
26.112318762256194
47.004531337379404
58.69562310849187
55.366279298938565
57.38663624981117
57.30311798532997
27.527436897572272
53.12993799358558
55.35532019443117
37.11840977439425
25.128906680330132
38.13378804624821
47.54309398196132
6.734704854899718
30.71239881399533
42.37476868664677
63.4055817500201
45.134845461070974
32.28534552803547
44.013241515121905
59.938727914837145
39.26337136736407
58.17710002025651
61.322827086573305
21.882150296578246
60.04372420943216
54.88033335488442
28.59953281592732
43.79148037960141
21.529244505533192
26.475826809849295
62.47089347384296
57.80039472528873
41.96852651035583
50.244804833631676
20.105260473793486
38.17691151656746
27.37686650656032
42.31023906195889
36.22102811712624
37.97173943147447
55.96377953256281
45.119590636198815
46.74584431939972
36.75521885563936
52.10672447008106
37.79855759566951
63.645628515807694
61.16216516436103
20.626163365456925
58.67758698166076
60.595937462996524
29.669917394052355
51.13788669737545
32.44163500652771
53.72636394593247
21.5666679291325
31.130333266458003
60.36856130473315
27.10035750475039
42.672909264441074
52.993897512231435
30.06731528141377
28.260585580909066
37.827484606605964
41.560788630953226
56.240926066583256
62.17556560296701
42.51802113317427
33.17584992462257
39.15033812647748
17.08420817985504
62.59359312089389
61.52182902918814
28.772425623162363
26.244299348770333
45.558526974520845
53.30419283846791
21.481620268625676
46.82438773998179
54.73116413803832
58.708889968299005
11.311175190932474
39.394967958697656
35.01238630689164
38.005101828305115
48.53863550367805
43.71286749827065
53.02743474218853
51.56671963814312
6.941581055945242
22.201881058690006
24.5953027856292
40.00566829970168
12.35765735590845
57.5175800431518
34.19964368283211
5.560638244835175
39.50312226858894
41.35533200549372
21.3366389028133
1.2972182103056369
52.85287134038043
16.405790938400642
54.99660759773149
45.65365394583584
44.36275584572665
63.25557316209735
26.997690008163453
38.958390597769906
55.07081940596455
29.351400962963204
62.356790808521104
38.289844663638696
50.429106525009225
49.282812164731105
47.00377633907344
59.294579897040784
38.70723611987155
18.316582350307662
45.39856682758354
36.749424266238066
24.885878055706613
45.413741733723995
25.161553980953975
36.95383673782712
52.23263081651762
62.67801495136405
29.4071602780936
16.962554547924555
25.457260531737163
55.861187173832235
35.03564446666503
51.51001461175812
59.431157089430265
33.77892054546843
57.60949698605236
51.85208852213023
30.35694112523131
57.08556269986141
27.104782595321858
61.17085274076586
29.797308656424384
7.235150244384542
39.49804342301421
31.831028853232652
51.766784741464285
37.88859216992474
31.973907660684475
50.06067922239275
11.437200710395174
62.04448005232299
57.01215847006414
22.547474469455366
59.689430110745405
60.22743526002181
59.92380159691664
56.13580625447659
63.133914102060764
24.002720145041167
47.34701854902549
43.78123040494913
53.15184662453767
45.84220514038417
26.590366671644077
38.53976020551296
32.70555484254397
47.48759692873566
19.886625255859848
2.2795504208497945
59.85338559452756
32.72374821155404
21.946291474703244
30.142347212902422
17.209584796592473
52.463216119582334
30.43071712667747
31.87523855973906
36.30180772604885
49.87244006792443
60.2540691808896
50.114089179160544
7.651100781286914
33.160571017478006
22.954174824095503
6.641288743243813
46.19216976513125
50.181755940841
41.9769884644922
26.04868373697962
54.83557393199792
34.08565296874063
46.24551026354639
26.172673971517106
4.976120514869237
5.145848037266504
41.72701655367075
26.06859630752526
18.209064644581147
14.372668611604865
42.30797083729936
41.91550643862901
16.279208195453997
39.26223841389293
35.842845994410276
30.591589400692932
63.154589844053895
63.3468358079664
25.681367219225116
59.37428872537892
38.02082502090258
55.63325282438695
43.29320333073305
35.035075306030194
44.04168389398639
48.397181782587964
49.866572063402
24.69580963862517
62.27437575482517
45.981629808570716
54.68620367914838
22.67597385545458
32.68817455330789
28.961764858933492
24.571723862890806
29.46839826717507
50.98201630575947
16.00583167491164
54.96736691667162
23.676207505924637
39.69165908758722
29.440690040275264
0.33525263903646163
36.32612837052028
48.75061530395422
50.81592830412865
60.311184665580726
59.8176797055569
22.75746147484982
13.727711839634146
62.39765303910476
57.41178766672971
63.73002063387254
5.350923661147242
27.01435907389019
61.45468620818218
37.33167359259167
55.5917068056687
48.58643333477516
49.29431316342105
47.037077504912475
13.013939800068322
11.985390630280293
45.36440218897738
12.626331003265143
24.29857833192157
51.08536718833903
39.79882665537765
36.42637991602538
47.62850859119676
46.42335469880542
57.06962479546919
30.897876937954102
35.11481746261991
36.796843699722565
13.780115855624132
56.28959723811475
26.276917784336746
43.18012061113038
38.11989391481585
43.338747597306764
56.41701775127517
37.94234263238516
62.35930009951411
51.43280602628829
16.160497919103477
32.62402894410181
26.924557272563817
25.691712191668294
41.17777789369467
52.50451162881762
49.18968639686081
56.267716050655075
52.28128247266013
52.60969054861905
8.355263690199074
59.6485063125831
57.13330228884711
37.89934434549464
38.14435402815289
54.365960504654154
52.61611693471947
23.178414817609173
41.773052589384605
62.05725759012567
24.25341000417673
47.21872528916762
37.90460209128942
26.142890541472873
41.46292035289349
61.99315348329123
44.113551158221696
44.60865089780361
0.7976923562876763
42.23702109021997
40.93400237699028
45.07601458673649
17.3982765645137
53.01806863537802
58.84575501991294
62.51584760981375
17.507633669875005
20.518278157139065
56.2552679355383
55.22056718365801
28.546127351940257
51.03302259946105
43.24702395452421
18.729433918268995
58.562666517781096
52.73913646322964
36.25638345583449
42.03437280705467
19.771989480281555
53.38592758318408
44.45026616774198
2.20199625951512
25.289382278046027
22.335837640687444
63.381482488821376
17.22733923971154
59.51802706268054
5.256043807176212
55.79850634652649
34.61177784931129
53.435383032476864
31.707468741620282
39.51228902788243
48.27758746240952
33.682987891396635
15.253442285033437
9.228846491750645
47.732732821867636
25.19141589008398
47.51469526595146
51.003070317543184
54.18214950170024
43.696732338684754
52.54194049362593
40.7397674361518
41.75777727405685
16.809617102274622
49.07578698295287
48.25292489798507
60.57472886574908
53.00993965475274
28.278251082963564
52.688357769316745
59.670178909732314
43.52971531782297
26.426010550584166
62.17181009337777
27.534534951264362
51.714966286544346
46.31551914251648
15.627995264696246
41.18920940925945
51.785631216725285
36.829997663965415
62.02839142963075
49.970676631994486
43.24332925076189
10.105111596607586
59.004512899819765
44.97292951874648
33.375623134116864
36.0193285114909
55.16446125165827
45.39823829413426
7.560508886544682
58.61274535637051
45.291362382579806
20.16592644093914
56.8284065297159
53.459347606784625
18.61801324690662
41.20809945159225
55.79291769318379
59.11458363134865
51.757215616552514
38.72571926875045
50.62905233420727
19.517065270910685
20.933394413141357
37.51310472037969
29.292662206079783
30.15227513373963
15.287419319631752
29.965558010831465
56.13121247875672
49.132020523659506
53.06190216901444
29.88464130207194
59.55983598104774
19.948936899644714
47.67726818500429
56.4493923373053
47.58592457737282
56.89862537148962
22.686102022437794
2.8852522257871485
55.16006780881718
41.34252250262831
59.1840819856966
3.9306039055456097
54.740466189703554
3.1029947300813348
43.54789196364847
37.62087290051683
45.65684270207788
52.993921093516555
51.16888483410419
40.659132088723105
62.335742136672685
4.108367694077046
60.123659230724655
24.01643282107628
30.978759735441535
20.939532020739925
23.616674335789597
63.772156528016644
56.46867957927952
38.531636174587675
55.18693040380802
21.795511036358775
60.302272848810155
36.9322416680462
15.716773419848003
60.717983299267495
51.82399559928048
49.429386978248566
25.00082382513638
23.469853732038125
20.204594200972835
16.622920981895085
4.757976223416158
41.84745810957939
60.76367419127861
14.103297907624508
48.63375093153315
62.803964619469774
19.750821667023814
23.09489255182769
27.937515878980697
52.60727082981107
43.1544874545652
28.90179114608211
58.964079712770456
63.715712971995565
29.71630445535846
37.429452304558026
57.723079111476835
29.262406856076545
36.2038109459503
57.78440092622193
53.48211958535515
50.59724780994313
61.35403254532546
22.1449617212948
29.91497444132859
0.7606468992739224
62.61570050751222
39.80169812175617
59.4799721831209
42.88290195797558
62.798776120449205
38.80783259752252
62.11799883844485
50.00121761873437
56.29487414554146
49.09343925229787
44.494554371107526
51.4833910219111
20.070922728464893
52.19115474153484
9.784860571247215
47.669711368108935
49.09945256817265
58.67413081642796
62.167882933756694
60.109311902485885
36.06947485293411
17.4086773850919
58.19604049739417
58.66805751506697
41.435929469931004
11.008850822732214
31.62147912870816
30.26580652711916
25.09956618179175
31.971323000647047
23.558755079432444
13.192315148112243
50.43818454538025
63.5581357885046
36.88385063218183
9.917034053382721
49.13204277840083
36.20125085471447
4.782608038966522
35.098840626084154
22.317979038420525
63.003154716643664
56.675413872828585
13.33024092901885
1.0563817281510808
26.470143754179723
44.70125022078534
55.68592707191692
55.9750808993663
38.6332068323037
38.340551017535596
15.689023020993758
56.625998043322376
42.251085743329455
59.63516077589923
49.332550265785386
36.42226123538461
63.03123173983544
61.61561603270401
34.65923170703765
51.91095231753693
6.897216965433863
61.234004735952
9.089217564269717
9.080820085358013
33.319321788655834
2.625801564373809
41.91868066456476
63.066501393492665
4.968444448626926
34.78310964368971
3.561854316454877
32.95517788509643
34.97037660957332
62.228563310150406
44.589808624858414
8.456417478990943
56.93051599967271
36.45028252854746
56.07631317011021
27.080061277186175
49.799247783751284
