404.1992890490834
366.97848652436215
317.0086083490353
395.8711037098942
298.0548285778121
416.80026889515716
475.74129959948993
415.5368873191246
471.9002153435841
222.74969623318447
424.78258602845307
325.0627384535493
348.8282190743447
301.1798989536616
209.82930888245681
329.88583012172967
68.04859776207542
399.2264946766534
455.3919956527886
475.6518894853831
405.98583799940735
423.34109140678487
489.5685163352969
402.6250037601086
196.35682547280982
473.0251454891182
286.3313066197445
28.04950582085621
488.3501066685464
192.4334423066872
444.6930928970374
429.39232541115825
232.42985958248664
497.9337533758901
363.52825420080376
272.84876949923296
345.376997498137
313.8158533054267
328.09704552497874
488.8793846562058
481.3288724898394
370.30915739151936
284.94797616772627
311.55395075605225
300.7261916792504
310.6752612667199
280.0365933224982
214.73659670651597
429.75877697183023
131.24934319855197
291.9729580452388
465.1828698914783
480.3874996473297
352.3443587819165
497.9234179150588
308.6406930563255
209.8905651378405
414.6071658360182
284.68338090232953
335.52169450690167
407.895959291806
299.89507063166127
427.41294277987953
230.14370867696204
149.86839848306914
302.37636364679634
158.83715910639785
308.6405184836082
484.4466380147078
352.67229210601243
270.3477976796545
380.0930483483333
294.75788638514405
212.44570668798718
230.4294166509065
140.2264184936039
290.6915846824313
356.65699522963115
490.78455941587606
444.28831588703576
476.0858405394168
188.95113277433614
389.4315006046483
435.2816803832911
296.9331436323531
462.91885716296537
417.3077862506442
159.948663963181
280.40065539442406
425.3521912720291
381.46886150841897
142.97052305226669
367.426048524598
159.85468073498072
397.3411902283957
495.929655477306
320.3379239265737
476.69249602259794
484.5725416041084
375.63575087024856
496.9479461919607
388.3903168909899
257.44016069207237
403.4692418027728
298.98758292095255
137.3921249186231
418.9292491022088
185.41430243964436
359.26897855238764
411.86678700846505
336.8101351794289
355.9351052270054
208.4282986949081
456.3312400833983
250.9830796430677
3.125599892265768
416.1042307295332
8.722910702080014
314.8136154458631
298.33450278915535
384.1818273770077
373.33359442664096
485.2788815789517
89.5209997290707
315.90390691080995
200.5688277759969
51.798015335706566
193.08617962357954
468.4445096160844
149.251206704683
184.01631672693122
492.6809561613247
418.83828714431456
302.1906124252986
160.40755736957294
242.8241813174671
468.3371450184734
413.1571757284701
230.1170615720452
493.09189463504885
394.6026681050917
472.4291501738253
364.8277856111032
165.95245809386756
408.26940759244883
112.59376534150965
251.8339722231161
256.661533294032
443.16891426845586
319.7333721175282
237.68355850025654
329.101787016704
245.3522526124889
140.40420174317205
251.43716960601716
451.8363333312361
394.4479151257701
27.82807206380494
309.118912057626
308.2904049492319
52.75715256669372
413.17266755050275
386.1906669067657
478.8419364862915
479.96654397800853
497.73753347130787
473.6427725017948
415.46596466699356
457.64897541660883
135.31816533573578
364.1272290866831
389.7625477320614
472.70032530528096
482.2502310511618
128.14625198050732
290.1374971842547
241.11668122294236
232.48703800966837
269.9432499026253
308.66681357685985
403.7425865669892
455.5183279607877
486.89020470080993
252.96871383814383
331.1282501145942
358.04763000594374
10.44280665275096
308.3186456171797
242.01909878551913
18.58656403051549
114.16706419523825
296.5755596943113
66.89230227591099
403.9833746977289
407.2550622970437
356.49986414276725
285.88485015543483
306.1647324974099
380.85755842407883
378.63318292684454
497.6165789248955
365.6117465382674
346.3720918255307
429.2043749041263
481.0908536941864
329.41223092802306
360.0978650226967
438.3821116421619
315.7757577054376
417.1760980933515
108.29266828582655
155.31469718913695
468.02984339356465
300.029435092258
470.209052526186
152.80881919441492
178.7187586203188
474.7292747295078
451.47742191377813
159.51230520292307
204.421257007208
404.2472035643474
377.5103606921211
408.077642740006
395.3315291663897
179.41950348510682
32.942929683422335
212.8265628975126
227.1540015618029
223.881655400503
122.43441375641873
492.81710343841314
447.37014720144947
192.7744419244595
280.40530913358384
488.79467335447225
373.70023411933994
336.9366975578987
329.16791154562833
414.73734585695195
324.41213688443526
457.192445612042
433.39778486901014
346.0195941820442
183.33524775212777
424.45182696954373
443.2228664071224
433.8057073826709
411.77560120674576
340.8662540336785
494.8890629603185
27.031293274743746
388.59057279830955
276.25939158797917
336.22004721503004
494.9591518826404
244.13497856360576
49.42402218772219
440.8429840767698
373.1550601939505
213.91000399214158
183.67217704975354
347.8379620153928
28.2683633915683
17.299945120516725
112.7950498792357
466.09928281595467
86.82620551592885
35.95894515724092
435.6071862186126
193.0737496598614
390.7755910509118
185.42330228632096
93.11177121382178
244.81804341321066
473.67238894750466
262.683075136943
462.2907824968831
493.0700032147865
60.267324368907396
255.56784546786554
416.54363503732964
179.86552036146293
199.05048775182382
393.4927927397034
91.9968576143823
449.6687412913767
192.52443422457912
227.85605587201945
117.93566400543597
241.25105876113713
371.8893855108947
450.53013750709255
217.3978096916033
414.4204591116163
334.4868045037466
402.7669764783954
348.4970624976436
262.3977417537709
274.1753261514607
251.3917263649164
297.5698692689226
435.645298137097
95.68224012252972
242.59708492246966
60.84573703744405
493.99291456461367
298.5374327621419
415.73048460205314
279.49928429616455
472.86205703893705
430.5743881139196
162.83397416540936
404.9373309396526
191.21831223892372
272.0330724601698
405.22128163004146
320.9466826803417
489.3994448041069
209.97104733915216
469.9301459935506
481.4203846838675
372.0665715776767
348.4551745744797
200.49969220928926
279.1379992870063
283.2326035238601
384.44010237610723
492.07367220892144
44.50877951533016
271.6179511920444
106.64141946086454
277.14525274052085
357.1265067922983
110.80146213474922
423.6172780676955
88.8503880465268
482.09314746171697
458.08257529577895
271.9882704886949
407.3510718317923
472.2133252747404
441.39886679381766
408.4928238174243
422.419866548355
425.9673337157534
436.68605655592467
184.63041256238847
378.19839708201886
438.82059841264754
272.4089767715916
442.04278733921035
354.7783656679004
401.69401538675726
498.97421613915446
73.43061922374568
334.4314793774879
379.7616025148388
314.6909838376649
335.0698082171912
