344.11631939129995
266.17194615675874
415.4502980321897
54.877149091562615
447.1433009261324
369.47200240313913
439.93197680949726
79.40266876562123
253.25646197327666
360.4922995998413
494.85923877731045
435.6711014878902
399.1460035479594
172.2969180432537
163.01505650164307
234.72787577356888
488.0869137400369
278.61232490915586
382.5682941796168
89.5735739259161
362.28402777477885
331.07096372347576
368.8927278418408
302.9230756080199
495.27007586061745
234.12511713601702
352.4388204448633
285.0113379073223
239.60516340548992
492.2430803582292
316.37278038835495
251.79351825394946
386.5037057573445
384.54330054578134
322.1437639760154
216.91750532810647
493.36329146246555
428.5131806894335
331.4137807543473
96.802814510406
71.58365470219161
478.8411754723257
454.44080869347493
130.9342314190976
327.81536996726663
478.5895726665324
452.21730132335944
285.54092949421954
476.27814749868435
437.45579463218905
446.64787142919954
311.5131272283759
253.20360013019868
242.04702027354847
318.03305872396777
375.6163153887877
431.66195036882175
468.9326582008162
452.4500850204538
398.31569856394697
251.2794380016654
108.24193194181419
498.44914630792294
442.9765491271722
488.3383205996933
355.30913275375605
411.21984103419544
386.01592594739515
328.6838319204984
406.6456618023946
488.9177765382869
458.50443929082695
491.10299316632876
330.5650408601109
266.32217107776745
360.97319423559554
398.94180434177986
398.2142483447989
133.05249486502504
154.13388340032049
414.12278804404804
482.85063139358704
369.4800646035585
220.14552129353535
292.5414773365255
389.2709861542117
46.525180743814246
382.4593718048671
352.91480898457945
227.01305618968092
364.64659007642797
204.9023203805716
218.23839341079855
189.5885948186462
475.48668608966466
339.45771312713225
477.4941668794901
463.9070607886655
386.8029701055101
408.1020891909036
363.4554802963085
192.11182283072048
354.11413323645115
96.05044699955323
133.78785215893708
176.994692930771
353.421724751244
239.67777582219344
428.9491766212368
415.88785362454263
283.83361225321505
195.14681878213537
294.7497852250681
421.8505556663222
345.41678893425785
257.77110573426194
267.52009454447557
499.14176317520065
421.0699263656966
488.6848981474998
48.59726625311305
64.0223413236443
196.50129188777544
322.0707522018839
463.28112920616445
432.2577793820968
381.86483386089276
309.88074060141753
420.92800461152797
484.31000449284545
29.818994638393065
15.79261501388629
264.7953933761977
448.8569090605526
229.86559074085744
224.07653072022646
104.44319493649306
483.4812084533996
443.6644909694538
444.24390744784466
221.3191727562853
450.455464408714
426.2109208814749
231.6333820438661
162.45425515129466
90.86635242599328
141.62716587569798
402.97790880263767
489.18371857617024
464.39174343924
223.67283057586172
326.45808888012516
174.81413035496308
276.6689836085478
375.67903024154174
53.58341561365535
341.05978404521744
90.44535348652403
481.19068730767793
229.55852721675518
441.52666865048855
436.505108475231
16.697269808311205
47.374948786958385
242.27622661819987
124.54123576540974
136.5913990404821
401.3881280014367
414.354212401746
413.15487119544514
181.50661097351338
290.72264291365303
450.3522226252521
383.460858448532
184.32736194313247
251.7270460552777
357.00527421788195
334.45335497937856
323.21100137918904
312.01905112809015
412.8467213375641
240.0429449688922
438.45908710695016
428.5180817321135
321.96733073104076
99.81951412088932
255.88810182690662
156.50052172437086
154.11288059542693
165.3629803595024
153.3535038373035
189.9988977826439
138.6443569138579
300.13382815211077
373.7025462200269
337.217012811062
292.2687583626058
320.0624233848928
362.02555192706643
469.11990575005115
406.1651269311419
360.7647227337292
371.38235261912166
213.93725733200495
443.81982951725126
444.64336957639694
200.7150016660559
160.6130079998341
362.2143983382638
422.1294937130237
421.4601388789437
229.4059614806501
499.2997098554426
149.81915974914887
219.2773575480236
85.32829281650771
409.5649134573015
180.02909285270295
367.971104266552
389.73744524735736
399.7974820503574
417.5079027413389
387.69335183361613
351.74184568752867
471.9571549733104
25.988627120962974
425.8378042849558
306.11553119393614
369.2097707430779
413.24241489935406
304.75106022299366
452.32339892816816
358.3391740729087
9.042857793717587
498.69906196929014
346.57577885116586
340.81991086509834
406.69373962197733
342.0655145121366
356.7019940238297
453.53866363739814
1.6388570906345876
167.94989618192363
205.53016580835902
116.89743259141824
219.76167820267688
466.076776334045
230.20593319663044
314.2860760554247
171.74968738268342
440.2933926699741
331.32164395977657
80.97817852532086
473.1028337523875
184.248517944428
121.84766275911949
474.44822325815574
384.12338721637815
234.34420632144725
495.35951966495736
11.628098099541091
161.55996104235317
160.51241588201088
447.5788930598906
108.31062469128221
192.4337718484257
448.38473755529606
186.5375406651297
391.92687278365554
392.250644622351
31.559940845313122
473.1304340257174
323.1495092228696
334.9780919013499
499.22234414587234
461.57397213696356
222.74363007745785
364.0108790404713
69.3869579067935
50.608357676259175
295.885974359136
496.63000893621074
436.34640970161354
476.0002714801818
334.4857962171502
304.6750670354204
284.7054174012485
471.77806907828773
78.16424629380487
460.527568788268
266.47011209638345
75.32568199828717
453.126251422393
33.440334380573915
285.68853898214104
366.4228566219613
366.3663564738111
392.44462631983515
206.2521609491365
198.1905695310565
237.89118239741413
399.6699153384728
356.9976268907812
358.18562791601425
318.955480383621
438.9577607885705
415.6152136822407
367.2398948074765
80.05718385709991
438.9739709023604
316.2787516155023
233.53879617272804
451.576410180993
428.60338808678955
396.8794150009827
258.2172154355476
214.2895354530654
479.7013076481663
495.17156610667814
433.29125807095363
407.85805633082794
360.0664619717768
212.94636179350243
311.1571320170539
159.99714889724885
242.10055353632305
40.661292049727706
346.90892630781946
289.490000495746
218.52492915850195
68.24427608714774
218.68760891062993
145.20358069934974
481.99517147375593
204.86860375835755
177.62724278950515
262.0807676025556
418.6103738877937
334.0722467369892
75.77889925087521
243.62380715622027
423.0722478465513
266.5910776735557
293.0186691579862
482.78105594452865
202.63615209277384
387.44875055276873
230.45527394118358
60.56222699696809
357.91665005489205
251.51312062488026
476.19801236667763
447.5403882344314
369.2996262298724
363.2229058456456
286.1269314750439
248.7202703341318
353.72475599229494
457.3691288860662
438.84060498357553
