276.6258540340716
215.44616147021725
471.92893447662556
142.47125625033067
113.40492907895924
492.48984116946343
450.68382823451833
310.60508086321516
346.33052731975295
219.03339688496516
328.55898444982785
180.12235790562852
242.3617026173635
338.46562618015304
159.01501239934572
453.1911934684901
36.46002437015949
375.63747314200504
159.13641031800893
238.95751421971056
176.53555469034086
247.08614066365482
46.29412079189427
243.4370603002476
479.02286029303434
127.66918968018149
343.1459671910832
332.21144653827605
271.4689919670708
355.4190936937457
208.8650542502366
246.7860330880281
496.0911237902761
174.4624188755556
111.92242029591716
220.63026985917116
480.99024601212676
343.2295036318468
359.54809443044076
390.62802877811237
339.21477517288497
471.8290651654222
316.85190113110264
121.90980973951264
130.23774545392058
313.57587054585485
167.2381275686618
307.89203147989934
206.9320670041713
423.96003199764135
337.4468185777504
83.72634110701887
254.13456535104746
270.1185399326725
454.1471416177694
392.40272488692494
94.54095866188817
312.79349454839644
461.26580500737214
427.9896847720288
356.68975342483157
493.949063755763
252.72846813845604
435.45872453122416
388.45514296410295
495.87426658847227
428.14682643777695
212.66848452845682
372.22806751005044
189.6990408220933
295.6844182802118
174.31231612665897
384.45382909827254
419.14046403111286
425.7362848024045
368.5827398037449
401.9208389310272
238.47359901686332
237.0375453197184
248.3232138167092
348.58672605518336
437.3572404443999
366.8968594442424
67.27782277257757
239.54634731977904
469.43366756276924
276.7455169023429
372.7809999029014
161.74515761831168
247.8934678176864
428.99183162749375
473.9021326915361
418.8017249488242
433.10145794859
260.6498960320325
294.3801042188144
323.1550045775565
284.23738183335877
229.65598377656175
153.18853199592252
397.2417414025544
363.69387028554655
142.8075319875776
12.649436561818732
345.18857598195217
260.3506077298989
144.64459383620698
261.8057674883059
318.92737131077774
125.64487111585146
46.54235657847261
444.5661904106421
405.12442107060065
346.39301537422415
366.70224855483445
487.81894757787643
137.6885380085124
133.51877127428054
389.53640759275015
324.1081308081117
418.9591829495136
365.5939838926058
412.6283214630702
160.91530487801992
392.0171802136785
162.6702245063658
447.77995623352854
335.47833070810543
214.29215935278904
125.4955494470945
444.69370773571853
1.1809517027941183
25.38413589415285
453.59800339910134
86.51980104566485
231.12110320858307
60.550425961868825
213.70463251389242
219.00074164294205
389.4392947624513
473.5533192343347
218.93271802477938
365.7373919452431
398.0260220332166
410.58414417943186
396.8757375833096
385.8663984357168
112.45704657571952
227.40223269580957
187.85690542747017
136.2397246461237
389.73383756856276
388.1125848697463
392.02117668534027
195.89212008084849
242.97439639172387
402.52112475241245
471.66271823783035
424.8615956595939
410.7178374187228
476.161135941949
479.8117350171703
158.44296401728178
279.2161407639313
360.46370146799154
385.2951934590039
83.34536452290672
334.56293043339883
139.51348325947896
440.0995750811993
260.9481886277483
187.79132889633263
352.87547636277907
375.3261970730067
362.05252067336596
488.4083615374686
10.156957815985947
415.2497226390535
437.12350080627175
431.8140936735507
450.6182439547818
494.54238559010236
338.9967043382044
473.18490988341813
301.68115342404684
441.7652824192933
431.3413613185477
305.5260015570102
376.79098461577104
128.84176109426227
41.71692642957504
348.41365095163934
444.7983443194333
480.7297154010728
484.60783813797474
407.8230733973502
81.08373262496264
467.4901755808601
496.90001585724224
383.61033598117
459.76886265408484
24.77091489083324
94.03688407984254
299.2168785730033
384.07990933780474
362.3007533645595
3.7804953259326908
426.4613183261964
497.46345296636383
53.55245005175641
260.0329370984786
41.58328002517209
342.09022482755336
466.30458926144524
9.215226175950363
332.41884003651035
458.67342026686987
400.2905039111664
314.8205204569681
375.9975085808595
469.0993798398068
402.97829181931843
198.48281760835965
426.093944065499
252.1173800986957
304.32323982912345
455.4549557635369
449.47930201293957
332.78709711333147
48.67281334106036
296.8350107092116
337.78570343106253
394.61278447932483
303.84873542965664
456.2874183583191
372.54819292233213
480.95295613836095
207.46186353246736
458.6507269452013
340.70078693174116
458.3464339977967
296.62363282882296
463.58277420374935
257.0792017322838
127.08337728343292
388.1643406696416
479.58567343477404
456.2044086610351
45.11792441552086
355.89000457635103
31.142017306478067
362.5010459709688
377.3701507149186
339.89003260052243
412.0431486226531
218.3001042313105
394.01716699960275
260.60670947203425
164.9052634726744
116.07857292360342
267.59699485097246
198.04756962274934
143.97585450292985
463.8135840735817
389.86781551475866
499.34297876343754
411.05783501619754
425.87965996225705
289.8088764202041
289.56920619599344
410.4169225365966
251.16133858243285
357.99701037282205
141.99831255642573
454.3009153794749
163.24830739771903
242.60264324728553
283.6009412751746
258.801786855218
342.7925243491421
444.14150719170823
344.97950087432565
244.05636141274763
282.39910455898826
498.59038248024797
380.30153479978253
149.82982558866183
322.66382481198787
125.5976586053145
285.0713670645672
493.0995370945695
105.26319082524742
399.618756951117
63.077097099104435
437.2603746863249
462.4763745659495
455.1762403582581
244.47008792189865
154.98639459418882
261.1015631730522
436.34643951520263
423.16076882156915
315.48112111729563
133.7072111747595
245.6949016432607
353.6204664612752
469.32330399682377
494.11114462441947
402.6007435636328
379.8203693817732
460.8679555810977
247.45876007847974
24.790496242104382
338.7546342366942
4.906808182541738
227.61233292274483
278.6517290027741
84.48697143637088
133.71558996962926
386.9979719474151
104.14819641103992
467.8445391762389
494.99238098390487
93.33317727837078
405.152290699414
404.9090590696927
308.4198498647023
446.6163567058458
26.265542950232884
449.8917876360273
314.53528810292744
412.2408546987125
322.73547475605005
114.01111932540823
290.5939028304608
408.11288312723065
470.64174195795283
170.55220857725226
413.7918970376976
293.0187218405563
406.2726686630907
355.8258065922232
450.1779118962979
412.8153272008889
460.6335032943771
490.277079572061
238.2824324571041
226.5886727931835
308.908298594737
180.43873172458797
336.0875713542675
376.2370378685985
91.8039783377094
11.380838909038062
37.86310312720525
464.5740995202309
212.723578946236
69.62267101127401
108.79855412338753
342.41672612820753
