139.46923678924134
357.16569578710005
66.06497070173151
321.69967051091544
265.43097782972086
234.66291903938168
1.0953611230963816
235.64750917228469
222.35688666723723
327.6361713634702
376.6450645174556
210.13386648659866
100.93536885639315
335.35383674537945
324.0597856648369
394.18823270808514
127.12275697191387
494.3071540469647
304.26311100162206
157.9488975067922
492.19136219640274
305.28368539062035
401.72744425334105
407.7130475231808
490.22950330163223
413.6394853968726
345.0555743942674
493.7017196125611
268.3525690989066
313.08301981634776
386.9725494723099
298.8307555342993
427.19162298299295
126.80365363773518
370.32131210070077
258.80890367979134
254.04946584237942
294.4141041545134
217.37838042876234
266.0545694289541
137.6086584283288
144.0326578268934
145.79832352436222
474.8503556531952
312.5963940515014
387.85055489463934
376.482262507722
452.53274517492537
321.15796722846005
423.30494089818154
340.0372309001366
385.4558768185667
230.69505252496407
220.7171340762486
354.35574622449326
153.79514295875595
374.0371062748901
490.9070278940016
88.46732243228212
479.81045002537115
109.2515806608368
471.3062683010075
324.3608350558111
183.4910332008236
314.2597800964327
59.819032295186105
35.06918828955958
470.0345253336542
220.59030787503173
438.1073020055434
372.6315186471563
436.5186590334585
304.9431524192545
494.8932179494146
366.9689033449995
355.70306157511106
202.9775433149365
275.8741065092107
368.9518105142713
472.6443449670273
115.3322315344829
429.6130221378523
210.62386862732814
252.09693691397442
349.47439143821117
262.03241301040964
335.06716085281823
388.49378698579426
198.10188858234238
274.47420693001436
421.7165314964943
66.92218132247012
448.74792737390766
386.9225315250501
433.6707895772605
450.4659337798831
240.17639458321764
454.8748936211765
225.81553519081098
282.978507898394
444.151443404623
367.8143243667388
470.8285981352269
228.3886177216035
261.0291951855962
43.90566928890706
358.4967528423699
434.01389892943536
185.66242846215442
480.3989827071055
219.87720508257377
176.92727254385755
257.51514274588044
307.1794649743081
344.6260922907354
488.42844521986615
364.96672019726464
350.9965109633515
303.61354511567447
78.64101379331396
176.4535772588864
410.3684562365884
471.15377967425616
117.91863467021375
323.545500672006
210.50414668523212
427.34812992591503
414.5078793876007
434.4924264190706
286.0389969681646
454.83651824786097
454.1616397245086
361.70576464425596
487.52934670750693
284.45002307600555
293.2882008777156
387.5486339049015
247.01382095974935
473.05143458681425
318.6697116114059
114.51434328310876
261.0274916808577
353.36386111499723
378.8248991504936
310.8252632835037
280.0350607005937
490.4825379039593
278.397365767833
404.2237159964528
357.3272756931443
186.87412822835483
361.7329796266009
75.19239760045997
284.5355178411978
307.5905687619072
160.49211951203347
164.8021009189565
499.3125083210294
444.06924829186335
329.410359880109
293.24266559940327
236.86782471254554
310.1347506613426
496.3417677492207
305.2681706852695
322.4358329779243
300.6610824971941
14.374467202484027
443.6291082379997
401.7665783399927
324.08340671742667
394.5675851865061
297.37101523268643
110.49204642928828
44.83543280690077
338.5002718962461
243.5052483813646
333.3607105242089
299.92991790324646
141.30972178431512
186.67552610609107
25.2011598269425
284.9870673404697
498.89716682047276
428.0743669489967
216.75465934062532
303.55891422564264
448.72406317768457
486.4255985889828
205.4836774973769
479.0638280566985
211.93467157845373
247.89604137383074
106.46469960234913
359.6907327851966
397.80107051614925
468.0164403986142
258.19655143012744
249.57417125159023
308.9720128310479
292.0648460985541
468.65948180847766
456.0048087137736
295.30649865636644
31.82547202139648
311.77338902098404
178.34754913328402
416.88696191565145
395.7056383377431
216.39658700706502
231.62704773496966
103.8271252421016
77.57713054346732
10.803400026822487
57.09215096676735
488.9210730477278
191.7004499119118
21.10306142638626
316.0105580464377
471.33664991669957
362.5709613763426
435.4458151474787
156.19567965400273
257.50007023848684
268.21675612001087
44.36899199732858
12.551081650415767
213.28367763053848
167.58998763303163
60.77997428792247
25.297395818207804
396.0030215541962
77.16665558883352
297.8566908564453
282.58472678063845
417.1479059173109
261.3828077094648
465.44275948093446
258.3125515386247
83.64708531051684
441.5851100497375
366.15235194630077
337.35642981875975
456.07218858971623
20.345430855841244
80.94979774000916
126.87613506308526
352.3719127060799
59.86990379423639
455.62511409841915
497.9288593823489
78.44028428647744
180.048041534245
449.7064940515938
324.8540164243632
340.3620405223147
68.39235376550528
278.4543996031705
386.4267365805895
265.988743079735
253.0171649597991
338.9089569439149
483.40615077125943
333.5844317699399
294.3513273195412
339.62777667212583
444.64453586190865
327.9896589791188
132.83668672119654
469.4805566188277
214.68350202670007
201.89848650391258
350.1211943120745
273.2721501552297
484.69798291288964
448.88027768287407
297.4996777832273
461.1594994772355
368.6667585412111
214.4737268962432
265.63472467606096
296.6084137756127
447.7771113501282
409.335141899638
445.1089548182383
304.7692523483803
395.22470334542186
156.9498104089651
61.02609922130097
174.41137303586873
249.90490293023663
88.75680197183857
180.1879017832993
152.007302871666
372.8402060674448
229.74535742291135
410.65476812817894
474.43336779928103
34.374494892109794
473.12706995639934
329.2885675664106
385.84160462549954
47.84813552496149
369.0078839624806
395.1843988707918
236.3924787012968
463.9186872864066
439.89125420795335
133.79684814143815
290.57520247313244
398.4104217491221
209.8152901170273
303.6694414318381
30.42798427308105
256.13394751429644
413.3423947468559
257.3370629606228
126.9850729196861
155.9785010624035
3.277070118628842
85.78321390713228
377.96951532236824
362.35882565555727
443.3027501397062
343.7528458480408
430.9736994277653
254.1448167286953
367.63164607155505
331.8681116328571
427.6810708526566
469.54418693220794
409.5226946669222
352.09819941914645
264.20670590376744
231.2731541128761
395.28010505698046
91.4176302330614
454.5412789883558
127.73848499188523
482.79055095101603
155.98792998485465
457.35150671530056
484.0461235332166
176.44026189276622
246.9623124433681
177.49778501014083
236.4121637690419
442.56316208589294
308.1031592022721
171.02909164245068
395.5981968706234
376.483137811852
223.78864166083247
138.48962960540126
451.2010637954339
439.31939674345887
447.55569578667496
385.84114256108035
373.2362365040316
478.193092382443
