411.6766958528776
363.9091173936532
42.53840490268789
316.716113424494
496.06207128931015
486.5843099435389
461.3335843615714
478.7421136932701
333.8088998445824
428.56858756285993
404.7767414920685
481.5313824822245
368.63132377091335
482.79684220437844
407.08521411460936
488.8153618168581
277.8483286424941
95.1596627444784
61.56508312389593
474.98628330056886
474.50685800099467
296.6621463534357
252.79275963611755
455.46375895757717
496.2950503795998
204.40773843776606
418.37252777656215
89.59675277793184
442.3316924548995
461.1875870397452
259.77355456130385
458.7815305715453
395.60791349655204
299.9550177697449
315.6732892863749
97.04999534520925
58.865714447549465
173.99824697460883
273.93264050872205
368.79540062561966
39.018950262794874
300.1755638659958
198.43599745220763
400.10376599312224
110.9756621879825
390.6792150551654
239.78255110833788
225.86338198211809
455.610763816164
394.6160688126572
472.8289142436971
193.02723908674182
327.59179148911096
473.6679820360008
351.15358737233464
438.0600821710288
495.3487585597043
328.269272627936
214.2542717073477
435.1853364073219
338.6322054089605
339.15601305656963
300.466296876882
324.72383986643706
497.410838698233
454.08777948914286
216.25485174800286
183.58972539767643
337.7878989086821
300.77613391765703
86.14477574756711
166.1619356919478
239.45416338965475
6.7428867652347435
439.0585891343077
184.71759583786195
372.89165931915073
341.960540201678
114.85896361709518
409.6647426291151
406.2528606556508
410.5277772733518
384.38035495711483
368.513947436551
114.41935273120833
447.78185251973156
240.0605403520899
299.16677693785005
491.8832989479334
345.7275371856357
476.10918324033594
35.669507007700986
231.5087922922778
457.67620182353676
166.08859696754422
387.191195041675
385.64581440743007
430.7083234250957
59.44447976265309
186.84698057237694
298.3743680466697
312.0247372741319
344.2500877240477
446.9741355050738
361.42360856657547
481.47975733274166
148.85784862675956
329.6462292776771
312.0787028435165
142.3541140708994
417.20540227712866
106.38948539062511
140.79662623573762
139.25160782702153
477.5624626545015
498.00193534146047
483.10276362174807
466.2425926216812
402.9712250186105
197.3554617943317
30.317671331055294
408.1364315598986
421.0348531960302
304.16231181018884
103.80753392925016
256.11365522973875
317.3492373504214
401.3208634947979
16.601581175173976
291.7348831391872
207.0192193440938
59.017781795615065
52.361072433131824
340.69139585985636
351.09097443965015
480.91720761900734
285.41299127800755
373.8437520285259
123.99056526543723
311.19244764292716
288.5663486338967
306.3192297089494
283.48128684244455
441.7860307562063
452.0448629518411
161.46484681712747
156.173884512602
122.3617417857327
199.3882768280488
329.56607774554095
93.64438573724186
172.01931722312054
315.67443364385275
381.39041862525403
238.2990135800934
341.88416391751605
495.36387941992854
164.30423539786426
100.09526199913375
229.68249986752676
467.43453605144975
449.16736995294934
422.63897519629893
487.0412279141333
120.29599413389064
185.8702813895867
418.700383326693
61.730341505992044
404.4648979015659
306.6845598662411
75.76348863352149
76.51227295256069
475.156557927194
296.9672930198243
339.67295915822797
359.73002826808914
489.4123028532723
288.0522110544441
468.2432550415668
6.268973791839187
310.9862650819206
56.31126481860997
377.3493239154338
411.20864664619603
321.5159174089751
243.94308706561856
162.28508495282944
137.40731217603434
437.212744709834
411.1844989713027
440.7536295483181
177.51733424775438
446.3321563897225
416.9880782834083
278.8712331843796
277.4350910113027
313.97345493877623
373.15975763357426
157.41982774695498
281.018100804244
408.9564870219583
315.8820849641161
431.9682114235887
342.3575627648104
370.8743973280102
203.10748517851658
157.34961215006058
342.2009741264957
298.94661930731866
110.87501964687596
278.98207713448585
319.8766030124708
477.3459241510617
413.1393568963392
449.1490000781345
435.8194515395363
467.6842828529566
454.756857080648
321.42920837185545
439.8384512142906
230.04420357044086
429.9763036610716
300.1187721915219
470.8171624623865
407.2738607784917
344.4716798275731
411.1208704977621
378.42740733489853
149.1556378576048
364.46032293782514
433.5706048388866
486.93962265417207
338.41116268996217
95.31202069001046
109.11699776132275
461.6673285349096
406.4175250050268
372.47906114387933
10.294734246324197
398.37986219762513
231.07166141897022
219.87496489107195
179.55923986294812
363.4599826874925
190.42274268395903
90.55380803229656
471.3622681193673
254.5867614847836
158.3308202970819
105.03970912892879
407.72290858188455
59.115188282579425
356.8590931012179
473.2767119746041
440.1889262106717
192.4836332191585
7.351214863198322
300.5360047513003
290.27016558241803
219.5137501613724
418.84566086121816
443.29418205596136
255.17852438305937
429.32151773592057
444.3256172957076
23.737932030226943
454.457318512182
451.85367891215054
467.5900446761346
267.31570676599176
215.3176400150353
393.398775686108
195.19007794189247
101.8057178308539
305.2507488597467
427.57435975721097
474.4620638785812
480.1175019360568
444.4168362720605
330.1617345481378
273.44047591446576
313.43432472020515
369.7247016152015
438.9371557892782
279.5625277137642
163.86321321932581
333.6748683708596
281.8328358844543
272.8690277579626
157.36730442909658
438.70238383752695
283.13112415233593
41.99977239869452
135.09699996808115
220.33857428098435
481.1736429862328
257.83380916164674
486.87210322006115
264.4687754546371
91.3978972749706
237.64680871558647
356.35293709519044
451.17365737157303
290.1605002034505
206.2388814424403
356.39819516738373
328.9764036822927
302.6485437165901
279.6157785513765
308.3302265303456
417.7056943496042
374.4722945311698
328.8369680619053
328.28886270952523
405.2404027291119
239.25806304844963
226.01306801380576
110.20448901938846
92.91310536768867
165.83440911642225
39.88499455722558
334.81269309055074
336.42095835572513
467.3441263197118
464.80524928137294
484.5680495143095
144.70948431392134
423.28636572340105
400.8466030923868
486.98220962471623
425.25023303176926
469.1305579211727
136.32672330498474
286.6184240213181
316.4853030738626
242.49521277450918
299.5036417646961
6.815025474320294
365.15531982087805
354.4462019588032
452.27362518880886
381.0556838643829
152.54919667515827
120.7622803879841
499.50371078529747
209.89804544068073
202.4271163907502
280.2807266938387
484.10367342035914
452.49042695291246
314.4258419828167
379.56100998951223
464.89511179392053
482.5431226040874
215.97670977268166
190.9055855987272
379.52375559107634
439.0760914341009
166.64970363796493
349.3850504181862
