50.555021795865606
38.8163359496627
39.76573762115544
60.83097486803467
14.873689106853035
49.71242948179123
24.051890959277827
22.07506088789264
44.69602962965685
56.98902522282887
35.004405497252336
56.795996809759664
10.25726291866534
22.22681210355252
54.0280530277481
51.88471220274344
48.88341198274016
35.96553585207152
44.47063695904917
59.015208457418545
34.34332317038411
16.11282005078877
28.42824336334452
35.35716433826558
37.03123401441324
28.866855214362097
60.080377069538144
63.33977681998015
35.07460632462741
1.1423979332404102
29.478033398310565
35.725444805764624
40.09739955461282
51.37519950155013
31.618546220013137
32.573253688607764
56.86799827404339
61.325793181229116
44.396262163238795
26.796741646549513
9.159341077971682
51.69503029246633
45.943634546191305
28.137544773703382
47.28063810309973
63.04083483415906
52.19639417836734
36.15995419140208
13.248446734599732
44.14372981061052
38.77014118203465
62.18242575153287
36.30499846843598
49.472520274805476
38.532767891585635
46.33932854999567
43.87320550283792
46.93610414137128
49.02033143647506
53.49999267595779
40.463095839600044
35.71293102953705
29.657470377956194
15.894282679803418
38.421063518952366
8.050995194822299
21.702381816791082
24.487595412537956
39.97172401776042
58.627666664135106
63.6986145061197
53.50712087957809
62.591264247579375
26.908073290499637
42.023117237362285
37.494716826847565
4.7759673946622385
12.67486353597014
36.04792341938921
38.796148696760596
55.24582946637058
32.15619087029267
42.72850994910823
59.63430066762818
54.83130544252967
51.98726201617644
0.05911814761223155
24.081237396799708
32.03300672606251
26.2535083604769
53.29118999395265
62.160845979645636
10.98724358533147
41.715675035915545
39.46049226542959
36.203677894999785
24.388113764674777
60.986479580781136
63.89418078105936
43.938855454734615
63.01038990513131
63.40195696414006
58.71482611463734
42.325676870113014
62.71537399796254
57.96290099256663
25.02075129011063
43.55229293333664
61.33350475772074
35.22507967078244
34.05678964564647
37.76550496856454
41.057601887012744
30.82443653213396
53.0454255689903
54.160521614489994
57.753270420558316
57.612543605135144
32.45000083675441
44.59274572495799
48.61655948822615
32.60715222061274
54.08321564522391
54.048113021570074
38.70234884831561
38.016386639578926
33.671186522309114
43.355863730839495
37.55701759986307
42.156656285082505
12.941067844427884
43.73717585393092
10.309499169294781
54.67648484968657
56.96985390608194
46.52646262062568
1.9626349042332762
37.75181478241299
62.568461490396786
61.89782850917941
43.19014957923881
60.932458546442746
40.333414501679655
28.271187678282885
57.69271620822363
30.568254188306014
28.98477971237878
57.16084055863273
29.653008313881465
16.64614368981345
47.091360637548895
3.605861892484846
41.620381070739214
40.742261528406
20.037550864706255
7.180253123750653
56.44115661169653
56.94866327783739
39.16895363723353
12.236551151606534
33.12923007675308
5.401835358093621
54.79333334486734
52.642087331662275
58.33755076962267
10.76608379841101
44.44632164336004
40.51591352930168
31.953004259472323
55.44115154014624
18.87677393579888
31.973975263353545
35.21784550330205
34.94834346427203
36.57031538616776
21.298693679457145
25.83660502757259
60.02085727913711
4.848702736530733
39.96307501720637
63.27610282347843
47.36955800168609
56.30460187923532
49.474761396539854
47.00827547547274
49.475676764091084
15.083854914266134
45.765343014222836
44.87700604128459
46.18988552343926
37.553579743821786
46.39176235214842
27.749734161336455
48.920325700892874
44.145564567850656
37.336079899849295
62.108294770800576
40.4034225150762
16.572404141315808
45.170505429389834
60.88619924925239
53.673960326107256
15.467114689112648
63.319880164406605
14.860512364646652
62.66771346847913
17.895564547978196
37.22512517118189
54.64019232835922
14.978990895376292
49.93236257164668
30.211588074868864
40.19780140015368
50.47564070766582
59.682525859401466
53.20003510588004
60.93966151501093
29.98724128161181
20.020184138591887
39.31195085074187
15.891565250837424
24.714014702196252
38.7198814500336
47.18232317369541
48.945009885661705
54.465400600082
18.714556162472356
37.291312779248074
38.02632320107955
6.773100750600278
43.36695804395765
26.25513378875975
10.568073170150925
28.12389428672595
52.87639812410478
43.32204777922976
48.60111571572911
43.15560694867048
25.12400487460493
26.748218411040604
50.627983511235314
53.59267279874517
29.824241988295988
51.72191199571654
61.01523393029453
35.587386728372294
16.891297865722002
0.38513391452449497
30.130720712555814
25.028131479990115
39.60880952622442
36.17897872388258
63.54884596129838
24.968785744035507
58.05054222849995
54.86987693399627
51.83754090096653
46.494369830993065
53.581591176322476
57.10695089062524
62.286282762062704
47.056712774940465
25.170974475755465
36.69124823209047
2.677388916533367
53.3448052926592
41.85680572815663
29.821924315582464
44.713793881182895
47.54177932773921
6.822593653835547
49.85738067576552
35.541276471336715
39.82631212153271
47.460985793317654
2.5096679983865045
55.998404477611444
62.75671470918226
6.784779112600532
33.00289148506582
60.45656127455436
23.920653757252097
42.1359649617539
45.83642744382976
13.696105669698497
47.368047391131675
33.65882803893243
51.64836360303315
21.62185469801595
60.11207326557322
48.64349152678648
25.04060933055665
58.96329745452991
31.036980142940244
43.97774048547636
29.447910857512703
23.534054147599868
2.645150754524032
57.524312665253376
61.691192792094895
23.51703962779132
15.74684533122398
13.100484507914672
36.70981728472982
37.58641106458499
56.0317121264967
59.82426650141112
21.125052736912288
43.13805704700566
47.28458525995592
50.22266191226585
15.640075006949125
52.19639584816665
49.89657043234649
23.31004107862404
16.083430684995562
56.14560849382396
51.404895598107316
12.544184606507997
42.58069102856103
23.423380561923487
50.18951070183016
51.34106668533198
46.07316449107671
49.203682868160584
50.05088200468221
44.90748078892523
62.33800178403598
57.32758154502877
55.388943910864505
26.876506966434377
26.67351746177347
25.422670256107033
27.652381939396037
57.26225127097961
60.74981757314991
40.991108023148136
59.75857959950549
59.23173672380804
56.16255597087206
61.39189100577918
6.284392915723544
0.46253840557199766
55.287297915515865
37.42730760097207
51.51176436789861
5.378028754126731
45.630110590484065
32.99311936952135
56.8614520689883
34.705530390682114
22.62449335358157
30.018422913928717
49.246871573863004
22.228904729230187
60.9213921997676
47.064059462772505
44.16643040585568
7.020773858075948
31.5693254333854
