29.89375057124351
18.964756762697824
56.89072997239972
45.29607917976932
49.13539154391445
31.380202388922072
2.1919887575244275
28.98238320364417
34.994094245648895
33.62839000182427
62.23922452964684
42.24350786407797
56.224250686621566
41.90482217010502
37.53626847100409
63.90915129527219
44.21922234559624
12.360938098539322
20.441834922964127
15.300205544437588
49.43479595518767
52.11133675306684
23.442918763080236
53.87654914274576
14.196502706793538
30.445724865985333
9.87506386294261
29.00830805481423
46.42411788807543
9.023243793532224
35.183791446561656
63.20240703820054
44.344206352223836
32.949372318672516
60.62995046743566
54.49390830017003
15.000934525354381
3.6702136040568476
49.3265355702301
43.240570904891925
41.21634360515624
52.545336794856176
52.02933518066629
50.83604484752481
39.24112729703735
59.3244085406528
55.82148460808416
62.19539504028513
47.606595875529706
36.78579080837427
49.5120691814955
53.17233572792811
10.431657850919827
41.109226493363465
44.086155877970654
53.56802737280585
48.487440031192584
18.103406796779666
55.18904502808601
25.626540807655573
48.65707390259159
55.02614275966719
32.686080874007224
57.57344690422137
57.5984672850606
53.77901995927138
45.70594223423043
44.700354314784356
2.86630501954037
56.85210948561445
45.14822341108585
34.461078015162315
39.449798167784415
42.57434530689497
35.46328167548515
51.73800744031609
10.281309545278326
46.79599928847255
20.67635607822517
48.82337871908286
54.98880265155066
61.80060210669054
33.93711856782184
39.07064262684236
18.948465432989998
40.999916929790274
53.45887983004261
42.10623306346831
56.84619365896757
48.42677619650681
53.84800839229224
40.01196718368065
50.054830466251204
41.965884354760824
23.016763123380294
27.225303136394658
21.347042126296344
43.9912802492225
55.34369875339834
35.14265572123746
57.60966437654993
57.061819971180604
55.54110559542798
50.36792206319344
7.4946795542380755
46.456025789228796
17.415459699451453
59.85141257481611
49.868690832325015
55.84330062406174
61.06202747848014
31.76075452883471
62.981777345976425
55.621846474138145
35.163554520702256
36.77839892621631
16.448060643994694
62.950313636716466
26.980981194285164
49.13771560915893
55.856623504941254
51.77546785979346
52.500202207682875
36.58828072109597
28.54424162368452
57.128099087116134
59.614811772677456
52.93385471134391
11.516644005693706
61.62887607461342
24.036545526669165
63.698971678230365
60.567166424307004
35.911767582893745
56.41353538612301
38.66409592384113
54.94645320891787
6.519955782446672
51.109696369683824
43.12353807438745
32.343654232120215
42.965969009503596
54.45626881812012
44.549082248379506
36.304799783020556
27.38081989326391
45.39006757179792
48.84526361892826
29.42671556364965
37.40461740880069
44.96132866433143
36.825388298099014
63.19152560660208
51.59892030299573
60.91431871836246
57.23341726618636
61.96269613040869
4.240595559524216
50.56816941192139
28.57820093552126
57.156970576528316
59.92706620160554
60.00598870757693
38.32278331221327
37.436011899390785
55.97594553388386
33.55147852213696
42.50198937982073
55.792946073032574
29.90435848499306
40.954234311973565
42.29466057440938
42.82392024491499
16.622692430231346
53.843774296451436
47.562099585512925
56.17693665378057
63.676640071931416
35.11079217590753
59.618246655339604
55.76122664820108
8.10972862116595
61.33352701816884
49.73324681981243
49.406777670800764
23.779373558386055
24.78239079112123
9.448815245175403
30.551128475957384
15.014633867746973
35.11550613988369
63.05354563884739
20.556117841261504
49.17572220779421
32.696359913043544
8.927122894589473
58.243446012089905
18.17682717295208
30.640937766806076
32.1679361926149
41.96815197258811
12.94693020458115
21.097843567825763
24.167611267811544
32.54528878631466
46.290547667296444
25.924371075393807
5.074554707389183
52.928658993961996
62.40591688871341
58.787743547815914
46.29318343184873
58.24006384214614
40.05399307255287
38.61474675131786
52.79085683008286
29.54894174146154
61.30496378523337
60.54109712784915
13.321713843438268
42.287251770909975
46.75832909142376
7.871941088230621
54.98089487721994
16.538428981978292
20.60157820848766
61.2282208757466
57.00040860324059
30.76309316975641
63.38234180868183
19.67881793653568
34.957175425857955
58.032737319742814
42.84265072548805
33.05662405880969
27.54929199684623
24.99055113678368
12.987178180824479
33.99215499482558
24.35535854811262
41.35552580776336
35.62483471353228
0.8356498478295293
63.21069041770586
53.32398995488926
42.407805257602426
63.20532922040079
37.76599519722287
52.16106089802655
52.20020754317514
58.24075581994107
23.911716671372325
51.275146069340416
52.88063462128388
19.55909292702242
24.305905303099095
54.260882942959
45.94144284878962
61.91685313875811
20.956697312231533
29.456806119897564
37.80187323810926
25.829737690069315
46.369595562988046
20.712054544353897
58.98466059842456
17.425611554125297
61.526528664665896
59.955085847117736
39.56481354645765
42.89724660110559
33.3190771984832
54.322643264268976
53.39826692708008
30.860429913280264
62.04979182214307
34.68215689519254
18.185334846594863
60.09173940000373
54.99401195155924
56.24810439473049
62.08985457382025
41.50331364457506
27.194052600693283
38.83940992955358
12.559533288791364
53.837171567397114
36.20075040083139
57.18464501205327
37.65737720615019
39.49291546018924
48.65356529194473
31.025955601818417
12.532264458105743
45.11894719061222
52.932388425044415
36.20697224978359
56.1430686163728
59.56686420766843
62.802434355534515
42.51633425876442
41.90142992748248
61.27272137257874
55.48119072318807
22.469384154313104
60.83665355605137
33.304991506627196
18.13257618431055
17.405290505427452
53.91661495588738
39.873527010416396
53.32375382467052
50.8934489550348
55.23411148751112
55.22199470658285
60.3845447608047
13.314880229918224
57.24651953311334
42.69328887787532
22.155998405691484
61.75416182519969
20.327216911427946
46.84969780444102
27.172602858627563
39.190871571661056
37.370726134357156
53.20499002799947
35.31585318536156
4.564329389794345
47.243694801332296
30.292174764624548
26.857267470893618
37.5743370758497
19.51754466325164
26.854311752186348
60.99455649698454
3.4757805161848836
33.33468749420345
27.94561094767502
63.188507254536525
50.070059665996695
42.2054981472744
62.91928519605645
8.74991871576939
23.226585106696
25.089502423537212
59.44312386350793
59.01062415613667
34.97822870619071
43.59749337290097
45.736781477472334
47.26216120919074
11.568738232818852
63.66354479166048
25.99821721767912
15.740805818606894
16.94963253691479
55.84081915733091
21.634157851707954
52.871305156426544
