52.1393288380873
62.87462896345512
57.7795802170211
55.700522485761326
55.088031858768545
32.11261586955408
63.003405669239854
26.353178268752224
35.33426985140659
9.990546368174023
32.66204551046217
63.58821891583576
60.64688125688793
62.277218137926575
62.64879522457002
48.58301058955891
57.68508324131786
34.43170835112317
59.34569991003644
27.392805289745553
58.85153364654952
63.50626071053976
33.293827186479305
40.65378281649068
21.00435255734739
47.78373173211212
50.87374055017636
61.218800484176256
26.5427592724944
47.885342062861994
2.877273918595911
20.708250722829277
27.49640216135799
55.19269162647307
38.06929012754398
46.4265294754857
32.5598868438856
24.993915843188013
47.69607588452346
39.14517691083344
43.513994745255765
26.88094308720813
48.83140929596648
48.763354615507794
61.57178127719114
38.56883476912621
43.55330491079651
62.593037920747875
29.20016304427714
11.699946839759022
33.900716959752174
28.890406040037362
44.118838670941344
59.06655410798657
35.90613469564828
47.23021169900519
38.198488934531866
59.05976415584094
41.476097450412674
7.166348624320271
38.12108556858758
36.399304650145055
20.803251139132882
33.13372598919018
60.11851087393775
51.32378143164563
56.61830647596919
51.83681633080739
48.09380679765968
59.33652224023024
56.48105788181772
37.30963646048596
26.84842521151443
13.747640205035239
36.149564118356864
54.24663697000759
33.882619823394336
61.89054638770844
28.13182745539863
26.422390833375758
28.12600893616841
36.76396786666177
15.800333999803911
35.26176411095473
9.903126488795657
50.0876179390674
50.25502424835686
43.580197583611834
46.24612903578644
16.97500459346439
45.21459512361043
36.21516173920327
52.87993569001904
58.76657260375132
14.670903624383222
11.977824959953246
59.27199453928354
49.25178674846246
59.14108464459072
56.76357580948328
63.05421468263235
50.97039148448386
59.3865055562581
26.345452142337436
9.731351019318765
55.931252658734735
47.85936492181417
51.549724675440636
56.86183846571828
54.99943944181292
10.277064389785949
32.738681772931145
55.85903979002816
58.81797171423543
32.74017345794408
22.198624376632253
4.5901722428981415
15.189771367172256
39.72634965558572
26.563306629746975
56.53975121856506
56.65683804060542
62.150933191806196
33.79894795325018
17.3002793825721
23.197875544841843
54.94623394487173
21.89982500092094
52.880716548218736
28.233814658652953
52.82866051943287
14.482951638482305
53.88455449930578
6.802059808360212
18.70016882526013
37.99126720911221
38.355476847299855
49.47020829275785
36.72071348119714
35.09075443588242
5.787312047225889
16.778155929670348
43.093594834596
63.54580496032159
50.12328463023368
3.90085239122989
28.755534959308456
24.580741216810097
60.4898884639341
26.920092694054816
33.55432109533292
59.01086665543492
49.141222816792606
30.280762902259127
60.221292014586474
20.010322289997404
48.21749956352946
38.189365385493986
48.376878963553764
46.771493089314546
10.709498809846401
44.31110815063694
45.5106363440573
52.36279910700857
23.830258956442798
47.752949238056146
51.81123625752838
12.399307027947252
10.03596116019429
17.52661781469581
34.0832571807704
47.878817716630465
26.646832055785772
19.116665717009283
12.638349554644819
36.35127949001206
21.34910881105271
61.37523054310204
52.81213055277586
15.832355010608737
21.61764755901784
40.967759129612034
44.274518065062196
54.42978225089695
30.31894382503252
52.75966177340713
33.24790641610301
44.407405345387176
22.267881980312993
25.27386768119886
63.11901160500511
45.670267993403286
20.044906722867253
32.93203591540217
31.258264961527445
47.93908853184844
11.29728853753199
47.21248322924638
16.44647860992871
2.726235836718068
27.66657401095283
13.374266627616365
41.6524483151218
52.66290525823045
8.39961430571072
50.13420280741699
57.28899876263395
44.52685538110225
45.69006197623257
5.87934260583269
31.284820564720896
50.021798152191096
4.571725253030678
45.15733564661379
4.766613307439535
50.320581939715396
61.10032038662173
46.80138202228831
53.77056117757676
59.2520730665669
43.13540798065171
34.52507730189837
29.810343891322198
58.96359875963145
14.105532407385382
52.9961591909633
34.50591188810937
48.01884570040713
40.92733392063758
28.947751533757753
34.24466974350651
43.18028262305539
29.69321091997115
52.86432254470613
61.71669568466753
61.97869599770138
54.328272981649334
43.789032999282995
32.81050140038522
36.113214642790425
44.645061246233475
59.67868037414449
61.856634965667965
59.41176756024669
60.448659568250605
4.805021614876473
58.39284270750115
51.56769423398734
6.382471844796342
19.46497858052377
53.92990070331257
48.49551160577628
35.89815635707981
43.04580157817415
32.137335802637054
35.13426373115296
63.911215413484605
41.88728133978559
27.52283670596689
23.541222313609232
15.429020070076767
39.800868121988124
63.166933604998626
26.798077952080178
48.693703754095935
16.187811395170876
33.57606930171044
49.50705170297755
61.34236554899979
29.979451539158717
44.984870162118725
16.20710146354262
54.79462977127116
45.08137378254717
34.34517256254301
42.64637894788846
51.63183309530838
7.082398250710391
57.27472386365322
3.372728126755419
63.664122891461616
36.70154216959038
38.22136729826859
20.642228205858984
27.839211896556456
37.41785998129835
44.06214262109498
40.361031108143905
63.84740935314826
24.56774663055826
52.7377703664701
49.23602451475542
59.64251256421612
46.44796861036954
50.61418105378909
63.290993298947654
58.33176824182525
58.810021695858765
54.836301621653476
51.69972057297528
19.989682290401234
30.439299960043236
47.09140375711419
43.28233231947817
30.98658212477398
46.56862033444001
39.104779819853285
21.52295223322595
30.905137414571996
50.06970395295791
49.20720649982652
36.6161619631231
62.48129516177812
28.561324865316827
17.540527474414127
46.83162888792687
38.27053902508905
27.575564602474707
39.656139894676485
63.24416203489024
6.018289636070364
58.43939838035584
45.77609148111236
3.6985127805839895
51.233670222660216
63.13930032205458
37.16493476019073
40.96370166470679
29.902177296873376
39.72324449000473
29.877624167260116
60.21387966604885
23.608980019045084
27.40029683790911
37.90241755634891
35.883201228926495
63.296842040847004
45.004065409430254
58.029747773994046
42.97834099328526
61.39543345896582
63.144270079251925
56.92078651847075
34.54426348646439
32.69632766230743
53.00803331111224
46.35774228466012
54.708044834515974
59.27719698942465
60.72668328958281
16.32513397934153
11.15097930683062
44.811834426750764
40.62116830779884
23.115965239352107
56.4165599087904
42.7101620733819
18.0358181215517
9.249932828741798
29.592279359146445
