53.61424112251607
40.27469782090917
8.535237678636854
63.2965744667013
61.3176258674536
39.69118110912251
61.97999330066414
29.79445306392413
41.26935897904223
43.503551868783035
46.093446527984426
59.67999865540207
29.778120978714952
52.908968569674975
29.263662113210835
31.368687042119085
57.14061894274532
48.55594291867169
40.837708457628445
53.429592021353514
27.45441606443387
58.22589226907538
23.270195935591964
48.67969443005312
42.42026090348726
41.678048820786785
31.28012570941724
35.70224197189029
2.2476005698067354
6.144585091044021
55.81086543790044
38.43342383684499
21.85132449048932
59.0185248465131
57.39877656661155
51.81635334007393
58.34571682029851
52.302608815336754
23.172771135516243
52.932114502346
45.70883022611204
61.86740379165288
24.355692595137107
49.93426857592775
37.65369291576528
20.663856472887744
23.79345095808526
58.85419510703996
53.41033614055102
30.295335033862322
62.9252700631624
51.324666249806654
37.46013332769884
20.02274561382807
30.164376081263242
53.794180189595075
45.060512488448495
19.944416146780767
62.43853673579232
39.92175919535339
13.802619022938082
61.86688045205812
57.613794639979346
6.702969297530565
60.4164311431147
55.11226837200087
62.53580291954004
42.55931668066433
27.828034315331983
52.85911840190024
49.424316312458515
61.44630231402284
26.027952149867225
39.87480097577702
62.19319628073735
15.57408563645695
29.83323424218584
62.63473340442096
46.70611853377595
39.18903011954095
51.549451124133284
44.01738950178941
59.62843504322657
59.177452022645
8.424388450741809
50.39243149014231
37.65457738681238
13.16471517742751
63.051264345977174
39.53899775587369
58.48634868892012
62.42855109361131
20.281957216014185
59.72999715940294
51.0819048860071
37.373726739485306
25.636594683620118
25.740449039755674
44.45668180144415
10.785962226140107
14.48856918515061
29.424838956692163
29.530815806888015
36.939612787725096
44.82778895417015
57.22466797244945
16.149608227255143
58.291008963896594
30.234110990874626
35.07188863739122
63.19323876393362
47.66180252326477
13.227870942083705
51.80627869763866
54.565041022256715
52.85968588424329
54.37358415455441
42.19182861060969
8.993373586240665
13.451257188319055
47.31571757707982
43.61895834440361
38.5578956576861
58.7240473958744
60.512837484481146
39.33756219313851
59.88994162555514
18.894024810785915
61.33173447626705
38.8337216493136
37.80422125178167
30.893874391947662
9.724039216423392
0.6630572501861849
35.56931315425623
15.685341612912325
55.58245839310907
49.55541943339616
21.363855038061473
16.314699741050703
40.6761182845433
20.27812972290868
2.9236841088652668
51.09840186134087
47.04564636635604
61.6849034046236
34.95331332543651
47.08495994907625
59.627162412175416
51.342966851607926
60.247307623127014
48.285546502274826
58.03200417786093
12.551449638343584
43.932192058001824
59.63637085005832
43.616615458917344
43.680539921740404
25.252447315926993
32.46813878926362
61.968701572868696
36.64476280667681
32.270720578088444
36.178087901712416
42.59199577409505
27.318156337356832
63.77412373695267
53.275788291802115
51.36535907355521
59.43258945095785
27.944871545897257
47.774065516764814
49.85615606880084
37.54759279948783
25.15359160627738
62.31903838474403
15.14951761355016
33.818175825360925
34.64008753283872
52.75839822479722
56.91923371112611
21.27057630298566
56.15421663655349
13.85892361762415
59.47587498836874
22.357625684117544
53.16247954822341
49.89773959891861
12.054096387835557
16.3174917902088
53.252987886216175
42.9869111819705
47.441769710619866
59.72890635574678
36.88671689664939
44.46896086354556
45.485364287453585
27.455950853314995
38.00493069481392
49.136339732106805
16.459548920283716
56.576671715846544
30.100382655779498
14.558640403580348
60.927290877066255
51.019652481789194
4.350094607349185
30.225454346007098
36.38425092574876
60.68443228027343
60.724187231883924
36.99582184514286
46.19824872094503
59.8380147402903
44.06789504960538
59.1275648954604
25.293677760014127
21.288833973981113
41.73031978565237
40.87222995377124
63.435421019390105
29.314216683999156
32.13218896489145
58.99279036430024
20.52303219511586
43.94425244450808
59.10320527254845
6.21944228679849
9.833609207700775
49.89643362959999
26.550141656194576
51.68302192202924
52.51615274459049
49.04958651387084
52.563853353571645
41.71578107199788
36.86950906648978
16.681358167776736
30.432027483890508
50.91618806447848
42.80544019395343
9.57225138901515
42.01640394708464
29.683684666957895
41.24427634848381
30.496329515508826
46.89836143513773
39.93544346120651
25.18090966726205
49.24473682235987
50.7226225037336
50.13268292152149
22.2146493605633
62.375734549015164
25.99321592331284
39.239317560932875
47.5095297572623
39.983061029268804
33.11973864799337
26.32126982676175
61.15357814229243
59.729596880553565
56.89046238607485
61.57506695970029
55.16173525136521
44.779931458316696
5.7626403958676065
56.39648177522182
45.73766581169644
0.3173069350127733
24.913926449950104
8.286716483703358
63.89605631139603
40.83684418014032
33.0476226270825
4.901139140355319
42.049114635699624
57.39798690134777
62.58512685509648
26.090200956395215
52.80879379334859
46.7663800631677
25.40508105949076
30.80585378181459
11.057442980531142
51.27697162703261
53.642780517472275
43.181185578258365
62.58448421114711
46.63849657483305
45.87968527110673
52.0915305080708
55.77876610797135
55.45184802951011
39.90162588168924
35.77859283641748
45.661558971311685
61.82040187052395
45.03200920739606
18.86603384545505
53.606303688144195
58.08379921356698
60.99096661469542
16.96214363870142
63.23393302458869
41.27797018600463
55.33844599724168
34.686898219967496
57.14628518115454
61.5590086242914
59.60075220199984
16.827452315949394
17.78653785109384
63.87092800904015
26.971219653708758
43.435992323470465
33.417064109490425
53.880117796929426
50.808271987134006
45.39456721977744
44.25657896381913
22.211135341429298
41.68300191820842
32.258078667601794
41.6284221215148
39.14763255894299
54.68903338666023
45.858983497516476
58.488450371945525
10.639222770128924
45.644289885395416
53.25544944882015
48.90490427508338
51.10899308045552
42.28232842265679
29.66076038106786
43.87365589507897
51.30696744608245
34.20625179544962
11.190570158687805
50.897543024756615
15.721783707610136
20.03956571335204
14.004747012829135
44.98658456540599
19.55883849400778
20.406265786732
40.306527297012
10.500716484755813
27.647671555910684
31.859916457607206
9.600846709040333
40.5823244860842
47.15387401285149
27.866000215853468
56.62084441675192
63.88777896243997
30.579225003331125
49.1363858466047
1.7079362692984716
