26.669243581204142
49.44507129733381
62.15118880611807
0.7650076649561512
26.611625523944404
60.37028624168226
33.011620764969024
50.80519406465619
19.095499786424888
17.942833728418087
57.08985568025269
49.685709488924985
61.340134255778985
19.757446116615938
28.24768326651838
43.01169499270358
50.93979055016181
44.85609633893169
51.96894628357534
39.52674043486081
41.75000438885822
32.72864718574261
63.56771952708045
48.179124298516996
59.13354413724731
33.769940438859834
57.9588429311777
40.36085975308999
54.621030690169526
31.85889889862436
22.211681981283775
33.05322550211853
56.0925806091907
49.272054673832194
34.965188965076536
63.89711531981994
59.30871226609098
44.55996945034568
7.032815090779209
14.94175909669331
61.67161514643668
52.336605673630274
50.564427932128645
54.08105183317518
16.00440412157426
55.43753312706043
4.430270556340304
30.592304668946348
37.69218920426779
30.283916585085215
50.25764371564716
22.73629104695042
59.78801129578447
58.83683633770493
10.388149935932724
58.29358172271383
26.43329862576374
51.622548932168556
23.166349421733813
55.70961407445224
24.40926115787765
43.17796374254561
11.100294648700725
51.0615568110524
24.505510411105398
39.314392975108795
26.11773249137297
61.48691681369938
54.032709564022824
57.563665180264465
50.26481346050781
26.91071917789801
59.94832340725687
59.196842036101785
62.13626230495511
29.41474554896076
10.403469207847351
28.535850076883946
59.39404161757648
37.70093669168486
49.46573440303301
24.735698808105745
61.631856206256714
11.316212004382521
56.14956136333314
16.678244212329453
47.870294018400486
60.80929927640677
48.46043652287365
46.114148736027445
55.93692560585008
60.637258274052236
53.05867367569897
30.52111550533573
43.4644118329563
63.36227578868058
48.817918521313736
30.357070427021668
44.77171258073918
41.40955140069436
9.305441879296133
27.317329905144398
49.729467876656955
37.0356350594915
20.853268276528865
16.09267548375061
21.009172653755826
49.48554091797938
1.5064355127772302
63.06231980681282
6.768790129587067
38.140559433824684
61.58770274245204
18.504877066708538
60.49778677347514
38.16839587354352
29.400325082194627
18.62294041927091
4.695375763616553
53.7423287509975
44.163901981014945
30.651425277213633
37.65710475548774
12.936410251112811
29.160658241303132
15.30136117389965
42.93453922488449
31.471256983042444
51.114296258686316
17.767652742936342
62.61800843337025
27.065096631841087
62.005225113737716
57.25687009293136
58.03009120952542
1.8816748245019639
51.905571374225666
23.112269125879813
45.75250545003692
55.79780083434934
51.72581841142642
41.09880551363809
42.76286706488341
39.418631162118686
62.27299805730179
26.719099886147994
35.23708173111537
54.91903614993288
50.71856265122117
12.54586210686108
20.349872518711344
4.511773384813026
3.8081202862368997
30.410758911635057
38.833671804377616
26.893832944449407
54.48129408146799
43.33380273153645
14.125457690938454
58.218945287794675
38.738308845719644
62.40624566439138
23.572232924281366
55.008613466180115
3.187110437406986
55.948056114661604
38.7048056330822
27.95075820689609
33.26488224136348
10.277415453567535
33.963507778634806
61.00733401371017
55.89774337958491
42.58811950801176
63.886290277755634
20.152635956831602
54.464760142728714
24.488777442037268
47.58438430830586
49.68434171326735
63.106203607746416
50.805669238595584
31.5079225800349
61.51065814455626
44.77080510165883
57.354718320108645
62.91282826245842
58.8518211230141
46.02104654371342
58.036086081182376
39.491857091107946
23.90977970270344
61.592460972551876
40.764063558478966
5.207520665389005
47.58033788049933
46.322791055449215
33.79653254148681
23.822011326008905
31.60194170490692
32.9475266264873
43.30512956461231
60.80776544110941
56.5675664539163
61.95571049770925
55.631651534428045
23.644229346389544
61.97888597304985
25.48928986165334
37.566540689249855
34.252018967248674
18.143195386989824
49.00677211973712
51.32827300468948
44.22890586148267
54.60574131558397
55.75265535949915
43.103066933402786
58.18978931726297
51.83910156994252
29.324899796207745
27.433950176701458
15.1736448935359
33.5405112402934
20.126826920913395
54.50124604605047
50.490036975753924
13.042131099680908
48.39366048496372
48.32101090121198
57.72803870564628
55.56494169846062
22.307807582471952
7.733875243150514
51.069219825829364
52.48519412767225
18.034129571241237
55.24991076447809
9.499665527640907
36.283339270027106
36.563160422651336
40.72037105246477
48.43630148050928
63.54620638224564
50.94267420096123
52.221558090079924
29.83659729897939
52.61987926735125
49.59475274992333
41.52879309372034
53.57095337105548
58.39847157220786
33.25378731312618
34.67352207418161
51.152012956714955
40.182553641319956
30.554061375394433
19.186264514691338
22.849388558976578
49.17528665128515
25.903230068648462
46.470628590781565
56.57059072699475
38.95694476499095
56.45204954537368
52.02340754660632
44.34842955606035
13.966001961047816
39.810229547043036
31.57047741908643
46.44553572413612
59.35552636001192
60.50932028569721
41.09787153472472
23.245237956089717
29.323005896910956
44.92920165601805
35.304467564855464
27.21817130274077
59.452527268655835
28.68381852100488
59.0474944900091
37.77663501199294
38.9498460696624
43.585325378988735
45.926292703442044
45.55953970680862
6.1796319462370946
39.919737509400036
42.154510288449224
59.491157825055765
48.79283313785015
53.72804706730918
43.402191221921676
19.8694056568889
58.01896959919275
45.45967735674739
25.838997517084287
5.069952244162074
59.89218437061483
28.201309055481815
56.70063762840113
53.297780300339824
49.21281154048643
20.08893116902685
61.44995515807004
49.12833807046468
35.216526297913916
62.879449977722224
53.82549345374321
0.6450781676626676
31.20253091719463
44.93192107644606
35.572241756010754
26.059869518995633
52.80428554113443
19.994191514895732
32.09670896254879
45.53407947879112
57.57179617516413
57.908938915252115
3.946238193214157
43.2320440035667
25.79054786420656
61.829807184353946
21.941693328623707
56.515632103303155
29.066949503745732
39.76015824275703
28.19126876176464
17.602495679683166
63.74925993057271
62.727479134191555
32.704298062711416
38.95484777373568
55.61901815946672
40.07119887546087
40.21228562605228
40.98386359686536
61.38840815774528
50.560678863141916
57.35959673914727
57.30972397162107
20.314970159411537
20.637613506972507
59.45755169172035
35.129357006870144
37.39317049211297
53.64261113693416
58.298803957079514
54.51637869934441
39.072066663353844
31.816338522654817
26.004669975516023
35.171396770193276
43.33185473596809
62.79789739486618
40.92855796867494
47.6896567690019
63.73680852951626
