24.360477837606055
55.9908313308285
40.95162130709291
57.00774924803034
37.97721625977142
57.45272920510099
28.492245639290545
33.32218754414107
45.12198996289651
39.33843081119291
26.780797087142105
55.370342289406
60.182969276619126
48.71394927893157
51.00890927712745
37.66747277080428
28.167729320493862
2.4136856555954864
48.49150467952931
46.16717229574883
49.56135280913748
52.679845413151206
46.954613414631375
61.98758226978064
35.42471470068165
11.751208629241432
53.533762323712594
46.93454510639573
59.07230115281363
26.640006311515222
28.698228949878995
46.956194577855655
50.486056461817796
56.13071347083003
49.36826336345578
17.244810199199705
62.12432746400158
59.9946013106484
24.766773581915473
53.61297076332573
2.238992134240746
29.995791626302662
53.5404646794165
18.794098566280034
57.51409103551947
55.393585561722006
48.28221315917001
4.582848858857908
12.265593548258948
28.737239138381042
41.339301453494116
39.79138019735396
52.74291308485395
62.63865875253162
20.545500643640494
57.32793368132415
37.90797376391683
51.297025252292165
60.08174320979321
55.825625267728945
20.880944495137562
30.682607511303814
29.942968084235268
28.500250832969826
53.2617864964789
28.69296953786163
24.347660892295075
62.01893857971871
29.222761341926393
43.24441306507687
40.81202717950255
16.763588190853376
50.973988257250895
56.26136024731463
49.078183923488055
45.2334610442642
35.59872438807193
59.599390561663355
48.46259375765464
37.650471131123496
60.77526620664133
20.41552333681836
44.825661698624316
23.420006753657802
21.066224533871754
40.92958320755241
56.44941458030295
27.397860536052733
12.931846753335726
25.72386328124238
6.194321577075783
40.59941285939547
54.75553452728825
22.387464600975115
49.47513120650576
32.2612934780256
51.29801842546523
53.856892160429005
43.556922733932616
62.71711560565676
51.174165741547455
32.34038463877519
53.30562371193485
59.36338973572095
32.37118958698842
58.944165877073594
55.795050250892274
59.18823278198486
46.3504659063486
16.20237631934863
57.95176022810597
1.3253614447385758
40.40165226020906
48.84660641648296
35.13305440408554
57.61041250516917
37.7541695122834
38.53342222641175
57.406978623558715
25.28858307618679
48.321964442935744
39.70322437559499
36.98427527661384
43.3987486528043
47.105882639795055
39.97270416835333
35.249233622332866
36.68678096212689
42.269676026998184
21.233191452297703
33.9660061990958
47.99617333184211
40.380092853585886
38.44313603820288
28.07227362325719
46.9951657851389
62.900293336296656
22.437608270988363
53.22993289398194
37.5820963204638
18.723072771048237
22.54482712692458
63.627669607321465
15.49613284392899
17.35515994813587
22.206406850915194
34.68405058408266
27.6238858149145
59.620847443453094
60.19285268562561
50.33973479402126
53.1406089480349
18.134876487043634
28.81853179142079
52.74812164256195
55.54616328271267
39.10757588883082
43.704250223435
44.45690484432281
43.1640926579295
52.05825110988692
52.637007611381115
49.332033727509156
13.282472511190008
40.522936070794955
15.673141701523257
41.43335408408974
34.29494611297817
59.048284291671635
25.35621365001979
37.65397612564369
37.240241901369615
3.8792036182509477
63.733009778370956
30.34446197064316
46.31404287997216
59.32598001235002
53.060359081549116
49.84394395597768
42.7982156855622
57.208361616763625
32.63816846248673
62.37073375686852
0.07129558375567058
42.90527047070091
13.709806839206266
52.33143700505545
28.235870753245266
53.18440330661137
21.294566144795255
48.39996182686126
35.96052875228368
42.61154098378161
45.07074109148063
46.20197104083188
36.13128620980262
53.99698088567202
55.117408871822896
62.01711327336636
34.00613443037224
45.803512960534356
27.963282510483218
51.56890308871938
59.302336581597665
44.290739381855104
58.55718500642194
57.78181419539124
60.65118913346973
36.416594002154596
52.58610842754882
27.971897867719527
38.28319276667705
46.86451313930792
58.97970827739359
55.5394132308762
43.34805254365094
56.97971402690632
60.06765716821236
47.10184204988092
7.920855481496474
16.48922926477284
61.87086552191492
1.8064710656318752
47.21592915482742
31.26684178546489
6.664221902999763
36.459497342850796
59.27842517745955
25.91398486288353
29.648344352858224
23.42005117395589
22.804958174637463
20.44984984764079
9.666116773696295
3.488033340532752
17.564149788374387
19.6400021883056
63.44460176998654
40.06088488418965
58.52179593217896
58.7382454006979
45.68716038141079
47.115158377196025
55.40511596958247
51.339760361000856
32.71922306363456
9.316648607602914
49.55101912191665
47.44093545427471
26.58223821293376
58.5302783294466
43.77901326191454
23.854422835940944
44.99637938131572
61.33302944709879
24.644543872341217
57.56817089021522
53.67738430755412
36.794726561484424
14.656562270005637
26.59909649307091
55.03615314890873
53.4168615810623
41.562768962653706
54.998727656623345
45.09629345037695
13.79891987089475
63.37608562308367
5.994994371225708
59.23383997871677
54.6691187170111
46.30333801550988
61.013596041041055
47.76591042943568
47.60100043222351
33.54037328155394
35.402739652351315
56.281794356806344
21.29058020069575
37.563749593266515
28.380694462914093
35.08098526257787
63.049709650178684
26.728280947506903
63.64178275071352
45.50879781522434
50.54741852791476
44.90078277265552
26.269219513083733
51.81340953950458
44.47640288161718
37.213730927636064
38.105231549500175
58.28141707919251
60.049472603909955
42.43607197813432
21.24012921297477
55.778143432279464
45.1474770951901
24.923580550235897
44.88621779139656
63.58794771086354
32.051925083057796
56.55934364395992
52.14295682893919
38.70675059642774
24.58566160240315
36.07728741551153
39.59659092800831
33.97552152987366
59.16379155834665
29.33342516898098
6.575669475263595
14.262304124695333
43.91241845939708
14.219405292516122
27.314971200901248
56.251238324321626
48.110835818238236
35.33815112670976
22.313429911690434
38.08830459595757
23.679502214625806
52.96858203765562
49.96630683393057
40.22212061261799
21.20802616508908
27.550429387663364
63.39984815919834
32.81429122777831
27.054003152095383
18.220751014895015
17.86193933505958
54.04926496804194
42.36808860566535
55.24538862746739
63.85679548788893
48.820579971225186
60.22633627420121
43.71353286208808
38.87652972977446
44.606653132353465
51.51165967737294
51.691868097807756
55.22638009405681
55.745980660188216
61.90813819232944
35.707382723082446
36.04323690249744
16.10826282390275
50.76916772903608
33.30525376929036
50.166564721762526
57.16303694129758
28.956326130150273
23.488048198715397
31.101103308761303
53.633983276958986
49.31490382545863
45.68993853471933
