38.67615357579599
23.279947698901488
35.53034252295998
45.535749766602024
44.37590004276647
28.56199430627654
45.28766519940814
63.95140133302254
51.58659962663009
52.67917982462624
8.036562467170697
31.908737716583687
58.1872590347339
38.81272036360208
56.87386980694324
50.16586016943516
17.280995185494348
53.476579955179346
57.52337852673361
47.691275981642946
36.99934859157256
62.61944477592863
22.1570366568951
14.664936707665156
61.0099232056252
49.413057357063906
0.56819649581184
61.32955108571841
45.204655434534814
40.06489397149485
13.02676308720379
49.18466713577945
39.648930900134275
54.558764895718
42.089727445333686
15.672107466529035
59.044057306702356
46.47293199253593
43.233724112326996
32.14764321644065
50.72130093059422
61.93522357868754
35.96048085806429
55.95922294171142
46.33899806519398
54.16779326394271
44.72471440176676
45.55277033692462
55.23922787395822
41.350008205531466
35.221127377274996
33.659670481917836
63.16258917154868
59.893100134367224
40.73311990307313
46.076562126571986
32.09058958112728
54.297003905620244
51.48718168276543
26.034620589789633
51.16561374091095
47.03067399187621
27.59463928492623
54.683186867926224
33.87059265469668
52.10956194682234
46.5606000414118
28.938309280239828
38.49607157015378
59.81099914039097
10.673317395446112
6.594197989558417
19.70470792629726
58.08948137691682
61.092004727386616
47.737607915339794
49.57373900936685
18.61827065514703
49.145666689497844
44.61505306873184
58.071502132479466
23.468334990310694
21.53290951709303
38.879696833186095
18.64701003014573
44.28508001255076
20.328500265446714
34.48811714619876
45.5886769102497
28.517225892914134
28.399219158326964
21.871269962207585
27.23620608181895
58.60588778220621
37.68669923381732
39.89578882422602
40.61602238831604
58.473868208988605
51.26820318335416
52.373302398969344
44.3645701008246
19.126611514948003
40.128002350534985
47.54407721042319
27.199739116194557
50.84497727235365
18.45096659330097
41.730447006133495
41.375193109472406
57.89335249736811
49.260094659871356
44.892727137691466
22.597726973231083
31.02807726722967
61.4802974831137
59.116573177494224
57.68470216225185
38.264591934344374
18.14931668352491
28.220398661818784
63.542752548831686
62.45574456821923
39.90063526090394
62.72980685983841
30.168846127615687
21.62548743534647
34.74566247565879
34.96333179087341
59.27602068311221
60.54744731436524
58.81702866564501
49.03957675770363
63.90058589955847
58.06593267029186
52.74930133731748
41.613811118060276
39.60909348953906
53.55399793193438
33.19678535125826
63.354964653675964
50.24053923580463
43.546962333291006
18.476429682233963
40.13440845971529
33.065089564529416
23.158989304157494
63.940635503717374
42.220322841850404
58.04665723722833
9.269473826282315
63.97080510526983
56.14730111116124
41.748122949619685
58.54682353790643
41.37591458259121
50.54831816863496
16.341399395360902
60.17909516905479
32.85785844616733
33.051461224343754
61.28011707844581
26.18657127878643
52.842365717620225
40.939218999485995
59.233248912778016
32.483476566105125
59.12417449496224
25.62994171735324
36.5889897263567
41.964330911027076
41.21864054552236
7.8471212156245045
34.84207015188015
6.751900270695707
53.77635532587635
54.8218175823231
59.164268964772816
52.00563595382886
46.54858016226089
16.839490483586495
59.883460206239896
7.49306541332674
42.329938265566184
52.93834651492732
40.78375485208888
26.89282607170494
62.80412880451973
25.573883834192202
45.22476639414622
59.46196417695065
16.180290621375185
32.5713038437308
28.99081554087558
41.5854172321493
63.10962554550897
39.810585550570714
62.73906175792515
19.681411347518484
11.856900061048037
50.08282512869788
34.39470474915947
31.78295252058303
46.702185231486006
52.074708388608116
51.422430985579545
11.221793124801586
9.36993801301341
17.90102231269711
10.410397596936711
35.780142853968314
7.004809144115981
54.91639291668368
48.037213771740845
24.064799389017026
16.26399606517751
10.823834671254943
39.94944848367601
36.42720263278628
10.98078720962355
61.12756149110342
51.543968056308984
58.65877613666872
45.48222342910428
33.06705354758675
58.7585766777666
39.88024474084703
33.33303091253515
53.217538109691276
49.22686913289696
57.99723966511845
30.047878946674103
59.51389339382882
44.31429372464292
28.235098897656528
14.943711649521674
60.98930727537444
36.86470066134579
46.54587965938771
46.51187264544746
46.22188000703932
45.81465767736929
48.8537781554861
31.700670888246876
59.19660563612333
26.714894311829532
58.70668076306628
45.868201940668605
40.9709619269843
14.87137669172219
62.38542566038202
46.15259696962502
28.534168350365235
37.95102146849136
40.885564923181704
10.425774282783756
9.281644059544178
43.73542595399821
33.0519174913484
62.37921917800711
31.589677949114417
44.805756792944806
25.50285751569011
32.714529890289135
23.578212078678
27.667068147986257
3.7699426355731305
12.108767624109625
41.222360129061435
58.799198529485615
22.772344445465713
33.792305757777385
49.35737654658131
22.134012792990532
46.502601117018095
17.33351958375669
10.911518446432218
40.30962418719689
57.384246649324396
30.103087044259226
49.626918392706116
53.29340499683856
29.64363060684709
58.5805339011439
42.428164108490066
58.836034054765086
18.56163817844125
11.798027644404108
62.83148198028533
53.51647838618319
19.99427083365996
57.371964500520164
47.97498310955385
16.766076031264504
52.44483941000397
25.315143792673773
62.66573721244759
62.88898630534244
32.56512105941527
20.412624154168576
34.93506676374416
54.40776676397897
41.29910636819546
22.161256109356117
43.99399362098321
20.213713071505225
43.38689139406302
24.094495099096676
22.849862138224054
61.48087625485409
39.637811101789715
60.14060205907507
11.085357591371675
29.01799785866457
20.72800636593363
46.10247291660531
44.76073815214686
54.57981238723673
51.295731776843496
63.38700287479573
55.001712843157335
43.16449277108512
18.89876145961791
24.932458961493154
47.93640114390361
55.07208354083955
35.098255471275436
51.09956522999564
47.53918778964161
19.276927800625273
26.627417925114464
60.33222468392294
53.635425130477365
56.90349248322643
57.452516145637475
6.509477823981683
53.919192640555735
30.143254828967677
59.200596289817604
50.08345337200568
55.01871008084332
28.71144920048809
58.103815443131985
44.9235884355266
48.06455463146943
49.76372307582095
59.91460157132652
24.21116376107686
18.36772046196841
45.35335579603921
49.64072192639322
46.47212854748804
39.22271637871225
16.167934383141954
38.506295774092166
33.67617171616621
21.254002604114724
49.96470973019309
59.84995087119139
41.694379767901225
58.325412690260116
