468.6713855220529
22.132689902111167
225.13520908541744
307.8053565498073
146.84971831357336
331.7054063924768
263.0589155525588
476.98734372162994
459.8088878834458
329.98517861005234
469.78097436136875
273.16536506736065
124.12035164022183
306.33075554937545
312.6125090598874
463.87266965654703
381.41233351303896
440.76742963740395
321.86043239939784
62.087559179777884
135.95032555475638
363.71162545980167
69.41572305223173
287.442428845293
298.535239676496
229.7828645536274
372.7552604681115
469.370108342467
106.17291469444547
392.1841693289002
171.92523784118862
378.04006320300107
383.86875337502255
368.51515423435944
357.2774276968888
385.6266520213756
492.574302470093
235.97515738569234
199.18957519908332
359.89176785304966
450.7345976960394
494.0761593701067
287.10835549192484
277.45405754669855
20.775227925417994
357.7811439760424
96.76876443350494
17.440002058690652
451.40628219135704
327.0193196455597
233.35921935007815
192.35735093439206
448.9817035970277
313.6791042355584
495.0135027775402
272.133812451509
432.49536995221354
339.7143019676097
293.29819279745345
459.4488120574865
140.34743853172506
413.19209656401165
454.33907265172905
410.4758188131998
486.0812411737088
235.92205368839416
416.21599078825284
167.19365076771498
244.3064938162345
429.4920174490564
75.87312566502334
482.61480769268553
121.8801394929074
460.0125371974712
485.6336582411918
493.21730205811656
241.80621664212237
51.00901718702954
288.48103757429976
339.994574997211
433.8531370627277
426.75637824044543
155.63723817654676
175.5353688161107
320.34507213075153
31.96005210031751
242.68677913153977
386.47574569173634
330.48801375078256
469.38369988722644
35.09817953432457
331.1243551124201
362.4409371387918
498.007684617982
398.4286412714866
188.1488070874692
230.0461767768699
168.64202902567172
429.4907975587353
254.35129252464853
54.18730674694882
168.27360795332464
25.972775538534563
218.5944517975547
136.3756523526538
32.67213675903429
457.1334794311188
50.38928194174389
469.559099926042
171.77871570998764
413.2722212345297
370.9394313078418
292.9871960783616
428.0105947839674
456.7759163736527
303.9749957967274
207.6922175770045
382.843644676773
317.65851726646065
194.78446602112365
141.52074934932563
49.30234456266862
292.97889824856793
429.82057765933354
120.5673679901663
432.4474927293396
179.10451728744266
462.9200246565851
495.0305230527335
314.3821573084747
151.46277969428718
63.6718813732615
435.846148565503
392.46658319560885
407.51585970449975
453.7820329330297
261.0942207569083
468.1777919793467
399.5380402916016
399.021532677475
360.81196469443074
112.90247185507326
333.9337201559594
221.26518528400248
452.0210369173768
309.23659295370453
423.5256785546113
376.01965174500367
441.4009112029956
462.50272875983904
447.8078130658013
208.70984404427486
490.5727687609824
376.27359797806776
250.46554347163908
438.4448288697547
262.1922275557044
403.5206658265174
196.51492682157584
344.66826082628046
201.4734994121187
489.643509148502
304.2513432402467
366.895484557627
375.3487029283492
87.40969945893312
228.1962099400277
461.0925179804817
475.48603279619306
464.61273892760704
350.94102040494323
416.5012562619768
198.32481082028312
464.80503992735754
320.9076491095324
398.864562249586
412.4256774215095
84.97830934704211
458.2981221318341
382.69331502460363
254.20280345797497
402.35799641565467
70.41408286659856
498.273550605721
355.3842969562628
249.99179495707799
387.57035917873884
258.791462034799
362.7876207402105
332.54803305445023
81.16720307106459
194.21774085200752
137.78671409111809
244.70986495828205
331.06194538040296
309.58304439539154
179.17643027554607
221.57087997679304
478.1478370223689
275.7570213070057
311.93222401937635
225.35700177252693
317.49060409593255
429.77728410428733
299.2683623563644
67.71731612764268
43.05473688167763
222.392904156476
489.1601974174486
262.3062239497277
410.64417491167524
362.63108143356726
450.87172204631105
116.60318579670218
295.9212114237866
346.7557469129712
270.06777032289136
385.12868059970754
246.45469261760522
367.59557251254876
92.15835663613808
397.8410850905667
247.93839454249087
17.31890089841039
348.7137341152252
303.20559095276496
328.22045771476496
197.0103815710507
298.78652167897826
204.405975267182
160.33430397786213
306.46737248276935
208.59000234750778
430.2641769029948
251.89717284489691
267.4771652335188
155.9928196047136
488.93704932556625
15.615000796710603
482.4979252865779
491.6342454386833
454.7184168947379
225.6603493235063
6.650945437692087
318.5703034267823
475.1249513276685
362.1248963034508
365.10207659629305
150.5861700282951
429.0543921986123
457.9898633909446
214.82231571223406
196.23879936780259
402.73877512995966
445.00195336381455
173.25020757446288
314.24274045343407
478.6705531119677
497.77893604248476
110.57151940767272
146.24124179252192
357.17579111488806
139.82108501473482
262.18122307093824
498.6944894044179
138.73641675239645
424.67039983545124
318.02230641996834
435.4996089391786
266.3761016579102
426.6057321889914
428.268247784815
50.278935793510584
281.61870472837904
255.17354061090452
494.20399704813707
482.8199276509108
98.0192242743799
308.1396065983796
154.39470635455552
461.18569456067536
334.18310097130154
274.54756415713445
235.95832384498618
277.95651068445113
450.626878390001
404.405314254289
433.9983062823741
86.91665878067334
284.94908961372334
237.93789211350872
39.33581825140129
140.43498920986076
461.56411973123886
484.77194714448274
474.0786467276975
41.69660119063872
377.43254064072556
231.37766125967545
301.0447551289403
231.03264141777686
266.9530659720728
438.8984447401809
435.8944941811317
217.10647821445076
386.2659279484735
382.9321694433859
72.83208798248887
422.80019365501016
354.6881461466759
287.1730516811489
405.5932853415069
207.13880867163488
2.9970718506604612
448.6774873958785
299.7794990529507
468.0927904555266
409.8888013843709
258.05798893806286
65.90201502529936
277.5778107624853
78.18337721547408
464.00617733255586
227.6051479067654
2.2665342881108472
422.4152987818015
218.2923530820811
293.700241440226
397.05874252306916
393.7005414761957
450.3835526690473
373.8348660092947
294.14915251913726
403.1742901537297
161.9840896723627
196.91107313823915
325.5949517284102
218.0526193479946
314.41415647879137
261.2512885367553
190.72905615712506
184.94030383265715
366.87763692523765
411.9767165692223
314.7543866447095
260.9509383030062
193.71136829316777
491.4573544004333
366.33509589803407
56.22879756699189
152.96549602191766
445.8609876462677
498.89267907294374
302.7582623549887
487.8045388009764
221.93493037267575
486.44045114351746
203.90514921119376
427.287525103885
261.5355837130313
