244.51674423288375
379.8111363792865
300.69737988839097
434.4489536227401
296.85160180050076
385.8165315384355
399.78698922577007
384.2964354534477
202.60334611516646
299.12075077227166
340.0504894356336
448.05036017597337
302.944968572858
476.72962190690214
272.7358444605983
316.7326655911214
444.93968823152306
421.243774533836
487.34102181020086
55.83762546492295
344.3100639269985
315.0664908319365
467.01734615719613
382.1053647400201
35.2200172198244
373.51940727293004
335.14918616505327
97.49245254874029
247.61455927152429
371.4893147510314
440.9110388219784
413.83133586474327
383.56768274161146
170.99540054749002
424.99825398258406
446.17045968573836
267.08079151365763
396.64964177947263
462.1384891127716
450.7702651612953
75.78476362683557
453.98351862927933
420.8305539172338
474.57488641837045
498.6744182742336
97.0672485209227
447.1765853509245
129.54560683434266
363.3015592463515
232.53632019254815
349.2101098131932
322.09326049928154
415.5558231306055
124.99236960344564
341.6146744350584
373.61385746936605
338.1354707561294
353.46321970956654
157.1687758252442
452.6795010397852
312.27470496989395
371.56472261415115
283.3462316711242
328.6890943783853
316.92580247418084
390.16874783891427
269.6570685699494
382.93731526363916
425.6901717824288
25.69125583910028
82.80388347038485
467.25673444717233
357.18864507498375
441.51090886414073
213.98776095906118
412.4668768133913
442.35091452949075
23.857768092966978
370.0295206817177
218.68661990559303
448.34501260406887
154.74489724116603
431.56632708947376
397.5096580762067
466.5678100801211
144.88562659884883
463.3947364696946
155.33321091715266
355.6882608410429
406.2051764494252
248.074154844133
146.4210277274209
486.03055038526674
260.79447347744696
491.4371618540454
404.1590536650027
319.30170011063916
468.76751270630336
331.57208409346987
419.4647285637809
377.256004128154
490.9338614218813
55.40651460720028
493.40010183311824
284.25952121580036
330.939012332554
435.02105001337657
418.30520516191456
355.5138592811039
370.2539645648616
222.9857288972873
475.5100445056257
483.75158330223906
338.8016914031016
164.20575937810986
282.60478677316524
188.6134537872701
357.9996398021091
499.29919832204524
378.1996498928157
330.69083674107543
320.3834728894053
397.23201331381676
354.6086851860719
467.61036882287505
406.20001909415976
476.98072919168874
83.68758921310462
173.07971795188695
147.69871966852673
104.37567908626579
86.45523478396592
354.533133797171
436.20253247821245
485.8600236205763
207.9316088943034
390.6356716132012
257.84590614298435
325.6584935779608
432.5299671801708
383.55043256580836
280.2779756380696
357.45300259806857
156.3197574722389
199.7836686006944
448.01305714450604
452.55516651109923
207.04117128733117
261.14423602415985
403.5661601367075
227.2843482666235
477.52560921106027
482.42778476837424
356.69807550059886
392.386782467423
219.93063899211984
64.97007503133642
484.86889036857303
458.73883525670453
422.4681288264967
407.35571962210327
69.19683132846484
46.24045518211494
229.29779082549283
463.5625067739835
89.90707385507716
443.7808115815012
400.007190177477
370.99741274162176
432.25427875684477
290.54573600973345
242.0065064681831
466.87537642151506
164.40624499036937
191.25838170235897
284.75854946132495
231.33770974712485
224.18432703390937
310.2023015854688
368.8386067328141
451.93272872885564
328.12088909498857
158.749147663697
478.11409204258746
374.47141789175197
447.6497769511006
392.7241237605642
342.91962381509063
324.9874427172007
431.71159208343624
483.9826636770289
261.6184646832512
387.99983906298775
282.93841049929773
496.15818546172903
276.78155853397936
491.7776612705651
239.95543311068718
105.05167035369533
402.238506757726
174.68958541405556
147.9431922133145
266.045167638596
312.1369884075564
137.0881616921032
472.2033756268636
327.87356817932516
277.38242746632795
152.67159001997226
424.9118505641406
161.43786507621917
463.68143295783784
94.58994739170129
223.48994917526915
86.86609447175954
244.79820505475587
478.59507835287275
26.58075348978923
393.4451313458682
441.01169532717523
366.20073526349915
437.69844494971153
329.3294604862021
330.43353188614276
229.37236969160574
488.96540881577243
413.0647010472399
228.22259032620434
246.7630891994285
318.8083701022035
359.9905164474877
375.76093402215025
382.9833389941827
387.67435825242296
426.0868591631972
394.16418654762913
138.60717369605248
439.748888303102
498.1198703370281
423.6316572406262
92.83896759856333
124.20394324334416
24.79990300508058
101.21134780370153
407.77733282555994
440.09599077230337
455.521216340121
67.5608957303337
353.50919030096327
99.13516402342151
270.4448701570968
70.75526812673638
187.85048950206556
449.36558262620264
119.16025593408585
221.53061689250774
266.9298112334478
105.28074714673636
256.5709061818536
193.8557626844518
392.8591349107245
363.7062248862705
345.13252020579307
318.68663409544206
405.62955904119485
280.4006514031081
312.6279573437115
348.57142255697886
366.1706252530235
261.0625621843284
146.9132595529527
483.2929510789831
462.8546684896685
24.18711997280201
457.255637285891
495.8468132594706
446.2321546426654
454.29987499617505
298.89700973400073
282.4003193965819
286.2735677409125
341.2570833444743
238.38347302011545
361.3916219041396
187.97075485016188
154.5692331693587
402.47578797485266
229.86295944173838
204.77394718901098
250.17094033549554
201.96434771401272
244.50364783019043
315.8287208621523
195.95559092406882
497.064948225588
4.048906452776919
480.4424572237654
459.49958080721217
348.45516642131815
71.3869292246734
478.94255981567255
298.93167530239083
439.1786222489836
339.82922166446804
269.02553986903854
226.6332746828267
311.7208466007256
24.63092677478204
17.478177557649303
467.75803669044853
328.9153227773757
180.69606815053936
374.6494323619463
181.9415366321286
347.8811245737575
188.26658566642374
388.07080706190766
385.924052302333
323.26263710784883
51.477137625325156
72.40105395085499
467.17504920869317
206.2676591325694
474.8095316965784
327.8224680489484
207.42597237534716
160.10935078509715
411.9220233834534
278.9219632210496
277.1608542258909
475.7702435202852
377.55344393177836
330.0431836646168
318.1407806564103
328.1446859328379
447.61185070741317
453.47490260148504
339.11241743912285
316.13798251592596
433.3655218868562
330.15047569121197
297.5453952609355
177.4188719872709
289.910133346988
256.6815135009017
190.23244613479994
166.37485433659418
393.384206636802
120.79338647895139
331.33151943850874
425.9037385037807
415.8027727237669
296.6204941059103
326.83227166832467
229.668325315679
290.28773892663594
100.22661097202973
295.3417257322835
293.6016187069036
290.0372672863171
