354.64817698828756
447.16792715905336
420.36378658175545
357.87953347766063
361.89571558524005
166.51069122858013
397.7833369942051
75.08068167829845
153.45511260232257
127.75549827657937
202.5199402685534
45.46155739321728
31.91962878841565
91.56420896822488
44.76472932073153
495.7579148076949
441.9393182874642
208.40724741721624
304.9526616080107
381.250532887701
379.9755111755761
99.2488804149267
421.6095195632677
378.56527353227733
402.92037531741255
123.13854443862965
437.44284095629416
473.2616149639364
489.76991076399406
275.07969676535845
288.13804224179546
486.876379716642
390.2408505111988
176.32322521415313
379.8424933231676
475.28265439503446
358.99351654151064
402.68484086873457
357.9572365967688
488.8182906900804
275.85480541271374
353.90430418172775
276.4391249329766
491.0808399701096
435.3781538614682
167.63250934798447
275.47361175336823
446.4141839488899
388.27068509077407
385.6882667606044
239.01116896099165
61.55540784767055
460.25951532447726
389.65838826488925
495.9517853014659
356.83070688839916
408.6727070997166
433.33063115833806
325.69695476598395
439.8633378745211
25.366629299301735
48.166050072404914
271.09696614727494
462.45216988248666
143.68035521227404
356.3979845530416
454.7048963187475
117.58801506985128
425.7026443686828
388.242166431889
416.00167596155876
471.35929088158093
319.2272549403351
379.2008892497437
346.91303191735665
298.1363908437831
353.9922330588638
109.86365407223224
275.11614598594645
412.7601101634342
126.1938936748079
74.25868561156562
360.960451922993
285.5880580907743
5.855754648537072
395.9995270944662
496.58329094520974
200.90548235377963
339.4338507971472
290.82587545807974
387.5611043997257
286.9056508184085
36.04381465839401
464.92603913133024
477.03152594852105
148.29462091135343
370.1795736916903
349.22996811136807
394.4762383827095
34.40298431177388
257.2105692426296
234.72944240993945
335.2440631183301
348.4568195970013
377.0846317839743
420.59049945760177
328.36224020622853
423.0651704834885
308.17860588019164
416.6394698368408
138.74682749514653
390.6152767036356
495.7858987054603
230.07260014763233
133.78247072278356
452.47342227530544
251.0349320178704
27.521341643903042
40.37917509805061
406.39712281725207
406.9933207334698
359.0042462907418
100.52079959862226
55.5529024154589
440.5594607813454
420.8133178385218
309.4640722327314
207.28959185322805
493.99517057563014
462.50108179173014
374.1941160028637
358.40224132493637
110.27524582641252
376.16072630875067
434.7445192291477
320.4973334823772
315.3991547718448
317.882696462324
371.0217287760882
395.1424809692142
484.3728107281618
408.9862156410394
165.4830375650829
395.6535862846034
489.2943725423028
49.90781419377839
143.8941829914051
480.6683508663856
342.9619730616283
200.3300781416317
369.6756141611716
407.5602858288719
458.30963264527827
275.0551003894965
225.09428582260335
386.28403542329113
343.2468184033992
252.63687378632454
345.4252747264733
263.51628276221965
322.1231943318418
476.86738044109643
456.11760187232954
447.41134924075055
432.22668632009214
125.15155652171995
305.0011760384508
376.1837143943694
472.2774910410137
464.74743151693156
141.59299458317446
443.62047166701217
499.8518734713133
178.78694873820217
495.3964098428186
364.3154845029479
151.16614304071175
350.60524934818636
64.60873315912158
401.33016406922616
333.5051335096284
80.56963096341332
341.5801043223861
428.6895163287415
492.42932388068294
308.41018701328426
288.98979636182753
96.81552243601948
132.21832878531637
345.58259819919533
267.95007477153507
323.3705856431412
2.5976469920669274
318.9710315891454
261.41639041596034
299.75787286388817
298.08209853281335
246.99241964632267
359.4997944281668
492.5762197323565
303.33751931285326
205.6960417591696
386.3942343722313
127.78468552333987
363.20352364551127
429.3039003583647
85.90973897821897
316.6655800423544
206.85539593077948
237.87934719005307
174.0176002550453
397.9131814259108
329.07254868718053
439.1661880827045
167.04656640652956
154.31706119157093
311.1684931433697
260.178588150486
429.453111026588
364.78627277813007
285.06676676263135
124.63500442739308
210.20346075847226
411.4110863902009
484.08173828531176
435.993006023489
325.80165945501625
219.0441179808712
205.92500048868766
41.77444937854165
485.20039067048504
62.25341042464595
133.999084555558
234.0094031966973
156.8681222932375
398.6181059438685
498.1379622027782
200.14295187364644
325.5633495556312
340.66266046641954
445.86622363556125
374.22843654981864
41.95111572798055
489.8246795127911
345.2341818242214
236.05768103786608
384.7058794675027
210.1354321284445
271.93172303965844
273.9725556907416
450.75970880223065
235.7008100244392
478.6894489270197
336.88698210638495
218.97051088613523
6.819039072016551
492.93162996778074
439.97545698808165
413.73059612732743
47.89412297320797
366.3076199446348
306.6223628683259
247.07632651401093
244.51174168987794
423.00313030307666
235.80476551318543
470.41166997744944
368.46184373155245
297.3954823140924
199.6855542405836
377.8998373400988
422.30686606276834
170.98730119216128
299.16313299422154
307.24830492897087
254.819663660706
169.72658338113365
406.29342446859505
442.9904463044446
418.6695608248968
282.12132690695466
346.60312090779576
157.3731714007319
307.78939711312694
432.5643657898354
133.9858439684649
343.2872419213539
191.94409329840641
214.44544722138693
400.4893700311255
111.82721502620586
412.87902742816334
347.47502886608817
223.80548412128974
222.35877173870824
368.5776802776786
403.4798749015299
282.19820799652456
456.7719192658357
38.17574267254378
220.82436432210284
420.0125266016214
310.22647912391204
310.6035685472077
200.41972984596873
475.56670433017894
413.76831139047636
485.5988874501782
323.66372682375555
253.91037475099375
356.32198114500306
159.55014492451608
200.72089291130249
225.3580088739111
189.2663800867441
91.2721502321869
461.77269642357464
314.4690209529439
436.5784318191032
376.50053988423645
428.40831888564986
222.18860537526524
322.36160563218823
465.5349190566488
467.1834744487389
251.02257664251994
489.9976669027766
8.535163103546097
300.2538436422858
278.29753792672614
129.354406927759
260.9231040614359
478.11688034436327
141.16474713554055
459.694367676232
274.8585364624704
308.83732377867636
399.7582581399482
352.5663548202774
282.2690104536068
405.93904463504975
301.04205527831846
234.75176381449393
398.63429560396884
238.50641364834166
438.21624687347196
132.8005590393064
486.7224471295472
404.00259169614765
427.70747337787304
413.0016055095374
269.79892139663025
416.06009595012506
137.36429969084844
358.0705545170045
275.54758510719194
68.90710205718204
162.2521870750868
353.86482428065983
74.33690108454016
