421.4974995638265
325.258010003593
301.78418242426955
133.77023191267136
497.6052233833472
432.07222350144883
4.143978767298563
470.92566349740775
168.38406542030611
17.493342820556222
49.271967795415605
345.5347471982642
219.19964953919248
357.7369713914667
191.92125058292635
429.48669667475747
238.92641252476182
334.5749923114639
247.6946002112869
267.3211015449067
470.8246099198779
459.00426237256795
377.6573605175936
109.30312842876583
451.7772978281297
199.20743858774966
90.917636316261
468.7935807631901
469.0739564484401
182.41549341687636
273.372819393565
291.7932119028065
484.04089241523747
24.82467979299122
59.789107712530836
430.3464044230982
72.93105652874908
425.6603202656905
418.4593368996748
161.83259742913714
433.0928119470553
202.63560434274513
176.1752716505353
285.3019247604318
482.8795987209671
147.85062768174117
334.4694728201416
241.493782474091
116.07233443829654
315.12247532511003
400.97988273624196
177.53531513077758
467.3999617569271
294.45203419799634
116.35494655557659
377.34070320236464
270.2607197084885
45.029445928097175
484.3410693955277
225.2023423958538
242.3635776139534
299.3306534558751
267.4048781997934
292.0364274662471
448.0010796680494
413.6186825978674
418.9187765136097
469.9539626931714
202.08649117860728
69.10168481586447
164.0668842046913
436.37013060412255
240.22908213064312
437.09469495424696
55.4723543661367
311.99132351450254
365.0753517081603
455.40963813931666
422.3290113890831
321.4302717934229
61.88248558122871
318.6882978728135
124.69690082760343
371.6248451290702
460.2749404127319
81.14246460985066
423.0422974049637
150.4201479439439
421.72338670125055
275.43821339865065
309.9362108067468
49.414018369710334
404.0482256717874
393.257860670821
311.2838355192106
303.0237108331696
395.3620863841894
342.8171872407702
431.69588128553886
221.3358543873722
462.8223397190109
85.28276877489321
287.4741404379334
250.02438801022655
69.05163309312115
401.04474098540965
413.11129576782184
123.80504765696259
300.86473322455663
450.6861399524852
453.0692856466137
326.9389367841143
213.62561545056894
448.3583993146651
369.5969009557457
169.7994348423697
351.13534173885813
44.72927002162345
412.5634315201626
353.73522276210065
280.3836758358593
314.4913322398338
258.06469492277466
132.6719914540086
231.95899264429215
261.6199906486986
181.30804765770853
374.22054817849244
326.3958461359533
369.66950701373395
383.183334681409
25.33139341034621
46.99457856256731
454.76093546908385
158.40521586109816
496.7668169218014
486.96674047203805
257.0246189199578
289.5894380415186
79.76500803040187
306.18722372791984
465.9193377310532
351.6652926668187
413.2810284947307
284.1676561802515
406.0521844444484
320.48646711487567
146.84820635343755
324.9889029377755
118.62711200272389
384.3580003931398
333.8215679886939
358.34534274354326
424.0822148147721
327.8004867344222
374.0445484315385
237.63611618896425
236.41636207827736
479.0185983661358
432.502965982261
141.8847218170185
417.78449933532016
180.59797438678504
341.1210174502851
345.4500729902786
359.9994194814124
296.1751917869416
254.91258956011393
352.5028239793433
181.62574804047603
390.85906497897514
472.4776787907102
468.7284495943123
499.5642121961846
265.47194373246623
434.4344506423529
498.3042332368233
435.4678870356937
282.22949652754045
140.26501280619664
369.2103313247558
465.63042460017584
330.63989875201196
347.03112877467527
283.6026250000456
314.10688283692616
493.1522899071376
90.53691507455204
318.7718529278577
112.04256255678183
492.1256548721573
380.28286060485
465.6298749218489
314.22088885261695
40.9200866760533
112.91011746383805
375.1814267256204
237.31835995877617
401.92174882958034
249.56286926262996
401.3582065087412
377.15958275884566
452.4862714688702
492.64224483067045
425.23968252922793
353.39716090638876
381.51662728353654
337.5292802810902
360.89755635164727
398.1536505552184
230.68966738832682
217.0709409939525
85.89004641968268
266.4062378548761
397.64465808269847
263.62925731476537
483.9927099036723
337.77438970315933
482.58938489109653
409.44197586036483
478.4729767913567
172.4923972111535
464.1979566137537
271.0035423785492
170.64778244049182
437.3163093929893
183.55066288739988
307.10693004980396
396.7700120030618
437.7618173911986
388.6394401544618
467.48503531795944
389.74886246708843
306.29663901867764
286.67525895014126
291.098397162153
304.3130199172909
344.2113689025084
222.35990342055953
299.6058689723691
332.6547944300712
462.73540829332256
386.95925664600054
92.80602051499125
379.3583158004431
113.0152500976688
333.48747012353783
462.4384122295355
303.419173595964
448.07771870451734
265.66153131563215
235.38489660915263
332.6050763929367
254.35890015935883
454.7536496640359
376.8619055053948
323.6946087688942
174.27698977329737
115.73319145249326
214.94247848468126
228.65685950741715
476.1935475818764
297.55960710500415
475.7996796542401
270.5549139873841
98.50175614123037
128.08907718978185
297.2953231001185
470.765214102103
450.62664807173206
328.7301488246572
393.9981176829538
266.7230775264103
315.9781565938774
0.1743670115475311
158.20588201750292
208.2035721931045
421.6278145222152
428.7427186098249
205.6543317904144
224.91657446157615
298.39356233386167
292.69934389263676
360.3430235971166
116.90323894669558
228.87084545401854
180.6784626589146
246.1205159621151
281.4970162701387
11.824524656926087
335.3977191544658
282.2581341471396
210.1275428440357
361.9042668253635
223.67849143917527
268.0593663763776
492.20680520806684
81.6889087588824
480.4054449367464
498.44522351031276
447.61474804789464
424.8154248701634
453.8672087820908
358.05338585805623
40.43081720278013
127.38541896358379
358.7405996054895
422.87471206794896
315.64812437437354
359.00195899055444
334.8814551285252
269.7761236459982
447.51049101775817
486.14349248464794
139.8846928007726
394.1321340241834
175.31220699900678
437.78846600362596
436.45386779079706
466.86619502411344
443.0911477492438
269.0932997520436
363.2735926267427
388.91745216018165
195.24908569304927
181.95867113756032
181.16885524390074
408.65126411054814
390.0526806553475
425.9501455270357
329.26183757274623
380.48537274461813
301.7396684644269
245.86198189944335
224.22347487347417
351.8328130064176
405.60305491138564
435.3770291964342
65.85689126628392
248.43867286881095
412.9307736216549
375.3256364544713
3.391068399920755
348.9422797128874
322.1403350918067
443.349804766935
251.6426472260885
104.51065630736554
282.36495432828815
144.19082623629993
298.55808485937973
367.9820717216853
369.0268341599376
124.8790782076382
465.0400081092033
118.19456832080465
171.81623774178723
85.83200232961411
428.11901442638595
366.12261019721484
