330.481692928367
105.90331335869132
469.6084912207338
269.9463085091292
254.79695909563256
9.450219077475538
282.95996352745715
386.3032649302585
460.9461424254631
264.5952972087889
484.1514183639367
65.21406464055832
88.83359445405682
340.6523197031056
413.5445660485303
226.30256978810866
179.068152068394
320.1555353877352
332.75589248238737
198.06535740788848
258.69881789778543
407.9343286968536
489.95863477379544
246.06818583359922
479.49938617252093
311.0408904917192
458.062664024525
205.38288413023866
182.01011432375043
438.05137993936603
238.67320698207698
320.222930943085
214.49195147440764
400.7896764955112
443.3334674434934
272.5257297257111
469.9628872745361
151.37473891944626
267.65286631758715
336.8794380927692
235.28540231252566
314.8505561601096
69.96759582239326
262.2936416895046
434.0056612499122
453.43608806646733
221.17483081257365
184.68787367645717
495.3217829809582
416.8888947741796
58.35450781673171
85.78408204733768
252.5429502357637
427.9728823922626
64.89988554694332
368.4551701113686
450.3218919216099
78.83932694389875
69.73182648027927
398.3709284492717
326.84292108483226
463.74717282768734
48.39865870234922
422.13846279017355
464.16227500569573
271.43808451495863
497.57545071187326
480.0606723577453
491.7862298314431
76.98218118583753
400.46141264119586
238.60235647025445
263.8231709372185
151.88641929267163
291.8375366808718
276.5858673871378
264.4520113898744
389.43382959765034
220.68306453782668
419.65706488388923
413.3813360249259
19.931294967486565
52.44275463146471
390.24231381287245
490.3586664056455
444.65084251489895
349.52550131333123
188.18867992453283
406.1913969627832
260.59792354198595
347.13816607989486
288.7855203694974
337.67606221111356
192.94829896829089
262.36372155383924
185.46575362727162
499.0894079041812
496.346078351322
134.71358676019048
288.0241365624961
329.7654663860138
219.3950956488252
442.33677807608484
448.4203397145112
82.84065959107943
325.60520819980275
235.78833994538041
221.08324096580128
223.7504951500178
17.77904102362345
182.35464564667257
400.0318333037675
367.4627747718417
259.6122806562157
291.11406212886845
308.38427531517493
427.5793471563241
320.3519082648461
366.0197753040323
488.12670697094677
421.3779264050929
360.0832278974324
392.79096869717176
417.26001216705583
473.7676771751881
227.74817091299593
365.2948403055334
290.9877593216552
115.76395818591789
481.8316373809142
293.0797877556886
444.10216842005394
343.72210043618554
492.8052514464856
380.74064072954036
42.510806689702065
343.5585215904369
283.79253609615506
342.434230768249
262.2989932782163
162.54750972560026
482.2576135901889
324.29289814722245
142.25523359805464
293.6687534218147
472.79760779722153
342.45863129388175
350.35066553325225
132.70957673194368
26.99402276411371
417.02237409922884
328.0115468981701
248.0318366839078
485.1969908673142
441.9007231790305
459.99619803592384
148.25491859318493
386.54623005349015
477.6131092744327
444.7805266764419
170.25922977555194
324.3182002765142
469.47149153874335
348.25623742216806
359.51437575242255
190.6736228425221
332.1438225987564
298.9364882444595
151.32639920581425
364.6451425335358
356.94095180478155
22.471379542824764
163.57529898618952
210.6396163998083
146.32964390205967
346.5000713669937
491.74568120085905
307.235791492803
195.2187389540657
485.478235882612
292.2174541989294
493.3325026915728
377.28828018907797
454.3140370995957
261.44424648623607
234.08415101064833
101.33647395857002
451.2010878616466
84.92351305404861
321.83728349983585
144.48190387798434
408.17793500844414
295.3863870416201
132.3259431713896
488.0334068955409
474.6696853227121
239.0565554685652
419.5649016126793
476.7293384948773
378.10107881460067
417.2313200972401
494.1309069657199
323.9415457398141
331.71051654261055
331.8334712371403
426.6859124954745
285.678582014476
9.617022179117725
440.53037911064365
118.38585268130083
313.8320165868737
373.99249024005985
462.56949884196735
173.83706561700575
244.37910188869185
57.906854214745294
131.27496903048308
442.94861252359823
157.75139825861396
300.8566358100503
459.5151672568742
248.45755290094104
377.16857531192176
436.30607401544444
457.7207854070184
235.49235320640184
272.86095655761153
163.82770885270162
350.116255585815
200.24090806404348
211.7657350663032
389.05521289565905
398.0558873066318
489.85483533486047
422.2806133717429
358.30900260120563
343.37266026701417
26.583265857752735
493.280134961847
344.4313618094824
148.1732634025838
433.2764229139183
425.0756669920931
438.2839449550962
253.21262053311727
494.7084822742607
481.2227440932058
376.3321121245398
382.8131330152103
399.48821127457194
390.0938287765257
348.9797315357855
362.6407802766844
64.81304801792493
175.03533450795896
196.44445314017867
492.0290484022771
211.9338312813623
399.6942836396871
370.2385512973625
452.3020253500631
211.75711182194146
317.9492273294537
166.23321944461333
471.7511795976939
357.81498024590223
181.99211358281292
317.23640046315336
397.9163508308049
448.07633161196554
136.61759411468682
481.9242704683668
387.84733579110116
1.129348771820844
455.7192475542354
431.3461528325471
124.56268814842156
302.94555971928844
453.33779239117035
253.8081215041031
346.2180594444731
192.24572576757845
364.26869036689834
412.8324827779704
315.2533215000616
484.9178344420449
345.2716949609987
327.44471073091097
358.51627981435036
332.8233646662844
456.93060421625637
417.3721178559442
222.7471592074923
295.372053348461
256.3774873354964
468.6111731351577
224.76584957722105
406.6259472509771
402.62799885070507
13.271396196093747
374.12631556970723
370.20078239865165
354.15068263916544
380.6932300759811
231.1161282064134
358.81526938986065
192.5672561536407
160.97933359122794
167.64996028617918
164.347255102592
31.510489632679025
189.0740403421825
372.3391824714383
370.60476133420127
341.9724725616911
441.15196401091066
107.96721676707176
421.45787538461354
349.8079019704808
369.21019729072304
20.12379334116713
321.4812206440133
296.8273957882242
455.13678942832433
208.0912759526786
374.7808967424215
456.9100813952085
250.699614390378
114.92297143987787
445.0308789582787
253.05619000642656
107.95177645163773
350.78077168928974
331.63095298814983
364.7517070621598
323.76730676286536
246.8836033345895
386.400394413504
216.81874394288968
203.88703498890845
444.9678034464411
130.11380623212335
486.80392943656574
271.6940754142996
265.89613090287406
43.08661450900604
367.72089362586314
261.3006541673054
368.5947173266901
337.2541606126953
377.80356633629714
476.63900051271116
399.96560988671524
447.3768722939343
342.136765076802
124.33870408394546
209.3474760409623
429.70700852075686
294.3045738048594
348.3845261128752
