260.4742116963855
413.24168471403397
24.35807078770938
382.56897834923274
201.2938352462885
320.7125891234608
419.35957655284767
261.4869386864701
109.33046164841147
3.8341658161011765
316.39109818547394
46.683677018430046
437.8908656225346
224.53488918324467
479.8099426387387
433.15006598094794
107.0528097526485
101.6783057786497
146.58880264512032
71.48235344906158
466.93836209900826
109.35774302112515
330.1757107893035
491.7567569288865
407.3531939136411
451.92561728560537
107.90643059519527
298.1458073947085
363.05983973650905
8.478993514069145
405.63075832094626
484.1727263910366
390.9239553725597
310.7930095479032
3.2327498762996925
467.56317956920776
484.81253032119616
412.176078307239
373.5948511906904
214.0529686747043
335.3158608524309
370.9034268924465
371.7716994637494
105.0504671281538
173.75178991297025
428.72108666557745
172.5840496221682
484.1335539729839
135.4957459030581
486.6725895979636
407.1271294038721
369.2188667484994
192.38407539165922
231.12388132208594
335.57633903411994
38.851101293900115
356.2281804018482
281.63732382273133
423.1378593768783
452.5696150897484
416.50042705519127
106.58708043750642
238.36408218998417
303.0246897034461
262.62079139533364
337.8101711224377
164.25132394140053
292.4504226784687
305.7725454753015
346.1509610541765
357.8109504073825
325.16473217587685
483.19436282315183
329.04904622875006
463.88611135931717
448.41792077717145
419.71997409314156
365.8214331712886
482.7742976395806
369.09107253521034
429.872783389445
436.299842907332
293.76356367460755
320.6019923805318
53.178286189000914
387.43772515521135
236.73379154727968
268.24121124732346
376.80603841338774
138.52639717762838
426.6663250008342
498.38144102737186
122.4910871440087
137.74876644920545
191.05415417191278
363.97971836790924
303.2598917888563
80.77214063616282
373.4065907208293
312.44159702513866
171.54171823113057
269.68306307583964
386.10941712312115
313.7395806994149
239.50838498910298
398.0938014979748
314.17503640265676
60.042045348086276
158.9521188151449
487.6294666126818
418.25065081144754
357.3718405095798
433.38393211532616
371.3071101929305
339.9458589103179
356.06405995383324
492.19760880711453
499.0563686950361
431.0080130299928
334.13084166329776
425.7935447853405
214.02113556395034
451.583587939334
494.40547384033056
368.1257830316589
377.90988573865775
101.16546822449345
393.98792837729184
253.24910134431434
455.18617670131374
131.86734071378078
117.21963690259912
286.3681312846144
200.5971034782006
451.47166943159175
308.79456371481007
382.02726023800454
358.17542174096513
485.38489889508185
460.09688259169803
367.9098268182523
324.59380746188253
318.1278327431281
349.777926156328
489.60263367175787
323.4839118405105
227.4263373992424
400.526151683386
264.1789163240288
397.9896852104757
481.14848873370727
482.41783171369195
312.5915093880711
436.7273795782509
330.17890561577957
439.2095120627526
355.49606736702526
32.95607194509904
456.237515665211
240.9503532106928
128.18354149743197
255.17196865394777
402.0282703210953
463.1038098510022
362.5274741564674
390.6580057462197
372.4475334775461
311.6101496130237
426.88529408886245
185.39142744527692
208.7994349127813
210.33531117467248
187.60796330129006
495.5290372586354
292.95197140697894
216.75688378100284
236.01524691681988
434.63783199200606
432.2184760650099
101.44380819036155
117.87110856520081
371.4678882382762
435.28852030430727
217.60986926626128
380.006078417518
276.17644342455293
355.63128215585937
458.96731429407635
298.37966845227425
235.60713447801015
244.20830766839512
401.3453582591945
458.5102785993723
166.80828574319133
426.75003742248674
459.19994490092563
290.3914007106366
473.43491017978306
476.6416294497447
485.1152415518216
441.9576308397769
48.09814659219484
483.99444915949886
492.48810271687546
325.93766585018386
323.39742220848393
489.5256646735436
221.04285989655045
226.2595670573972
420.0329912110987
467.1713041937866
263.77211785309873
228.94602035599922
120.93520845160572
208.31930069395077
368.5187145309492
326.4573277911589
378.0521076076508
481.51118563102915
283.2013620547426
215.88464097846816
393.0813410711916
318.43772741483144
192.58839946743177
398.9215244861064
386.26317888661595
436.831172215585
485.67320232552146
89.96263228899107
431.7571160197412
498.37272033798024
417.16452614529936
111.83391208985586
341.34941999267386
294.84774357914137
124.35330368440043
494.8417952860152
256.6290260520163
339.76897947505165
462.3546387379796
373.6548426575365
289.8476333347686
362.1996195411193
425.1794802741484
140.55447063739655
467.39662164898266
245.02534588560394
437.92774224004575
276.62872656450713
354.80082545210445
178.3339977624065
372.6551496724516
493.4093897530069
191.9401461599353
488.99016030642133
287.8327482114614
489.8771925875021
453.4203322141097
311.29000967951873
234.32989791360143
319.47886530049357
397.8787151830648
438.552164056289
259.80767915543174
406.1772771598791
62.82506346103162
59.29897539424968
285.61189646680106
300.8784485571474
292.18883067843973
205.6003617303105
348.14671308309755
374.65862943732685
434.48470331722433
476.2832688289491
298.9802028234642
164.52698196342186
343.2132437015774
458.23749039210816
476.64209056865
491.5147200298943
339.7916753685564
423.52320746991757
190.5552365690334
486.22265920045373
382.61057351021316
306.03938357711263
212.33914975267226
247.45204207953884
378.91321223488865
490.12309428162007
277.39935775352774
483.99757560583146
481.0620253063269
279.37800355578514
305.35271133486356
303.9267624330141
58.483433859087995
448.9899652516904
333.93740118510317
240.8076015425654
453.69475280665495
231.02617884289384
145.761387180803
53.68878779491263
76.57325103339247
247.1789312285241
435.76094428129005
450.1457889348009
11.864770160947785
250.7464464177195
451.4976916125009
272.80342834548634
467.04480268333344
190.812996748999
264.5818496300893
491.32920599583616
276.9852140203683
375.6131729853114
240.46129369928912
331.7802534881266
195.72315119331802
496.61638393811074
449.6667661670614
257.76190430669817
304.47206508534816
296.9518254632169
126.83408615194793
57.4001799094695
242.83705416594063
471.4845934296359
461.05138716993804
415.78968289088334
474.28383113144747
295.89873504364317
205.93307005125718
187.51946414992847
221.26162447988264
317.5823684187985
392.4439608251604
145.70258401401253
225.22565487708584
392.8456375775491
144.4781944721878
204.2266763549349
196.89646610100027
345.0919568505735
405.36493169240964
203.6254642955663
177.2319732183616
350.5319819239411
226.10857666179572
288.0424187998998
245.07501993058267
403.012529150308
352.822278998921
276.5507596562917
122.5574278122665
450.486789346549
461.87863447487587
