331.9170425148475
138.40397660527503
278.3345413185411
307.76335246061296
480.8677854432456
453.25884360917007
318.04033708454654
429.7286249330642
275.2716338685656
36.348773865751525
420.6147449765476
276.7720529466922
255.22534376413756
364.56598994884564
234.34326102183167
285.48252715253693
470.7916052746782
281.2126467865944
474.5281839972861
321.3605091487958
414.920294999886
428.36390038929943
349.4920914958144
413.2593217754487
318.06479689357457
254.65237919158753
346.75508594871314
143.17288433513943
409.82715354828986
191.85026376249647
423.8340695829322
402.6972923742403
351.6908623573289
480.36465929416295
242.184698602099
354.0269268060068
480.37807081131973
216.66215338204785
223.0693564203366
494.96655491820303
431.8761165322638
494.7927979170369
432.87723927780894
167.0004460041364
274.5774957349571
476.5523970332547
457.2268671247741
333.43562183012256
376.6318587466376
167.68899883945943
207.76937923851682
140.4863796277528
417.0204101955722
325.69270225791934
191.45439214629488
204.89351679892292
315.2243451520963
445.1174856496734
244.67134581330816
259.33915928398505
428.7849293420315
328.2193255649307
408.01071370290475
257.13377292752944
493.0100802374723
282.21288609863177
90.2979094900573
317.2379308391645
435.597455848783
436.54772716707924
351.04360979535863
481.5087460609513
478.2165963183003
388.22371438210894
484.1009335538588
15.426371506111877
410.99371584045
75.48010373636663
475.48744169620664
307.47242094313276
157.54581051407376
338.18055273007826
254.8668820714265
487.9608572051163
389.303038138407
466.5703625626164
440.0345866955651
154.77245590346604
235.25213465022347
317.8519685555664
130.95777662685447
289.96871553946676
388.25295950182914
199.65060560529588
492.1265518483946
235.9548331405838
455.1065959889003
212.12730951148592
274.1317968054119
451.6904300399859
283.21371539006583
471.97153646905434
353.93362547056574
256.77966356948457
349.1244859226976
381.8247491112447
77.90100529728761
312.9290675105974
449.2359289925421
204.66553019330246
295.9199541259294
218.6204988747217
354.43756861766917
202.95785622279493
372.6880982682494
493.17623343865273
186.28957342043856
377.7893241699952
71.3053271772024
245.2304837350245
440.8378281158462
311.0706522187668
167.08326457480024
211.4963131493546
167.5882380992511
264.3956993851187
100.50704726108773
445.5225641122936
431.031331980495
113.71284675958128
492.4103148479143
464.2990614722654
434.2460388750335
330.11447487580057
406.67137340123963
282.21430798332784
481.32762428144554
194.45650576081016
401.7676671736939
296.5577741056372
374.90356203677624
53.895480306096886
223.38746302928877
392.82672724553584
480.94727144751715
162.87873672566946
208.70083210405176
351.19211660247197
340.12178300009043
276.7614988112114
270.9527008968063
217.40452695194534
400.97508062650957
156.1426028306754
413.37565938285616
473.36918837614655
132.1568263304208
65.22339493221898
219.9557397157248
240.12636326974786
222.64539294481818
239.7176585698324
322.1509481389637
65.33655728953062
390.13983683552135
350.58173041497054
380.4499420857521
232.97429190688592
401.47574981122
428.82874020183317
175.8339711538735
457.374642813301
454.4873717828475
446.0982593974655
324.53254145070014
303.88479682138325
322.47315148581856
479.5653231315127
495.05536476369844
50.90111545727865
399.9997984371885
170.36242842634886
401.6409179312533
67.42994883655007
476.8196093243677
292.7009053940242
317.5549801409185
286.3083492126203
180.11733923952158
278.80352862848855
453.632919650575
297.31421002250363
432.293275157259
123.10221489717298
406.19030852781503
129.68455003269315
224.38122724643063
453.3276119874248
459.6335683810935
363.7296084414138
332.9534977691554
297.3652667391629
396.55775827660983
282.61063171374985
332.0422566294866
200.29739199531855
207.92002835454758
98.37392193320079
281.9418389646344
204.49880741159706
472.96020545577585
417.8123529192639
383.6563088004604
414.93555824311716
9.204419857099936
387.2846338766083
491.7860350983443
364.45602568611264
263.89504787519354
474.661386217329
270.0245710596985
391.6138206584429
450.4829334002447
286.12857116393127
375.52719646133176
374.15052255153734
475.2350463702166
393.8754786254725
302.21588330122194
308.33262378726147
219.69864323588405
382.3363868711625
373.6415183128377
100.55308837228847
146.79613270198638
380.30535946842383
278.6484688623287
367.5182528631193
280.12434900778715
416.06484266603013
387.20809722286606
461.7736070111125
483.78522891142563
309.8832109966887
268.3672723917214
398.48623519459665
282.90695032134147
285.16150036006854
351.3700349950588
357.9180532401401
305.03283876325173
347.96087519475566
404.52909051179864
336.35635998776604
179.04718294944973
280.76469345286137
141.22397026840173
374.49591761750753
335.16812793618845
391.54728791935395
142.82790323734702
34.95751263369135
101.67373530996213
487.1912280004378
350.5942636431986
332.8881011702482
228.65513509717448
209.76676439351132
377.1633653880971
318.57468828562116
284.5708399608078
439.67938807204354
188.0557799096792
435.47412864599005
361.57640923992517
280.45997123252334
305.519745924066
319.9998875036697
401.24370071142414
55.79751880009957
269.52308299080545
138.0840583208576
302.0583432590298
138.56832355433727
368.67398452495434
313.3670944235656
116.92476272296062
347.96718791755177
335.2058694236903
499.9026987868555
323.48279846502487
243.83860479694584
312.6094882090202
336.88934320526005
474.9271084472243
274.6836863101955
283.73323785255093
470.90590798061123
436.7920424131762
370.11198122969256
20.82657457838718
200.10798145203552
474.2141641035245
428.90796769476765
173.13221693211005
347.6655193539617
129.9961279015552
136.28267917573754
408.83627434421777
325.1458101841443
318.6131030556395
265.7029850069687
477.09490745156484
322.4318248044681
323.7205191249215
358.1723866998684
351.4560444486042
242.67784268892404
407.19503729987053
495.18142939944676
288.9102168095527
380.1617495126234
467.2768046026184
211.55319082472926
490.0052899210507
456.4416184089493
386.2389738839896
498.39529106639475
314.25753556577445
477.6115985340738
56.3214676561887
406.28432240506964
214.23007366658686
493.6949425903498
232.14468218856348
411.92847243564887
217.46862555323253
289.25074857158654
442.4325668084706
178.00746422655936
215.45709289029082
498.18419475865227
285.9474276330891
275.4215690553782
413.4757680797295
465.7389216191988
277.76554190434337
483.0203269755995
316.521094361465
40.93008761311131
428.99057953379184
311.0762271947369
278.80676461260805
252.12213537091588
457.2678338245219
486.57725738112276
328.4277217373515
418.18010837134426
121.18646251800158
303.11955102999934
