36.737108655067516
36.50456054316603
47.20054789687115
38.8141086867263
58.758589281665465
18.799856763850862
60.43507975408372
8.006480200244937
62.72091962335141
45.86877418047889
39.96805798391556
17.17588751083153
45.9559776894814
61.66706001494176
56.96492587395543
0.9946495330504419
20.90497850519955
32.06958360733307
37.120875595689135
42.08544600287969
61.38007370140076
29.862834191123113
37.013798989685334
40.474136698743834
50.910564579978804
37.74301464821305
45.31113974444284
41.88729663847809
48.209538785412896
50.85694542893475
58.9518187374046
45.031815567049364
19.131090866323987
44.91716524764806
57.74132893631
34.02391705417086
49.50683543615288
15.629341803272801
24.182015457244212
27.60258621960218
52.19801776936181
43.975942133316764
29.313569962922145
38.75353166599084
45.46771352138411
7.441237575273057
56.15233597551439
29.89984056282256
33.41119912334266
59.25299229772938
34.73803202417747
16.714311776578263
12.276639912953641
29.268947446796332
13.722958938123995
33.013951176961825
56.064855296403415
29.9963556548121
55.03188560151707
53.0599204054354
56.05617315837536
30.521774247520945
30.22141525556855
34.19406877430078
58.653293709784215
46.20666675564239
55.80608968452869
58.0400160327697
31.55940118531276
61.71512743200993
53.91756850538346
40.99376881413824
50.10972952988385
62.6822003159405
58.33094861217149
15.018794919465826
20.985598309146056
59.58446027496057
49.867288478266204
29.374663187051915
12.596019779570007
52.60226099933556
34.26245937721586
63.96695532696425
32.68387296346161
27.253427731917775
47.411575559756045
62.85215333201991
58.08192810030627
32.751308323752895
44.734867424616766
58.12883670342466
52.57217778836157
22.925138027670585
59.263396014810496
49.25518127851274
4.842438032388948
44.05837095667496
10.907719931856136
26.748948535529557
43.490317925140005
56.664906938932646
21.669602046395894
60.78586801990079
58.27252750031901
33.49676288992968
29.477241609732957
54.66548358567131
50.911225557371566
30.99953033350952
63.18322338456587
20.139313138701304
55.20180603397444
45.99933610919149
46.77965694107005
50.45294714695396
54.34922178569143
53.45660734389563
45.87033363976456
50.9478993645558
56.64593729163568
32.02833091977374
56.58131316948524
59.5841120205553
63.27342175523513
33.28192360285366
26.053446462876586
28.712714970006537
21.3832458239444
39.99263775210072
51.197229116102704
53.998930473693946
39.283377582464375
61.81680507499543
13.858693479565389
38.02211028746221
33.405105608156305
29.558469291326702
46.00943741255587
40.54192422002815
26.893823320436482
43.75063845339896
57.73713825710221
24.424091467468216
30.01378828066146
38.13185045746599
39.06059083870129
45.40115438278263
48.14744054661327
57.89938966781116
6.0211301163254305
55.57045413759502
35.34285435798418
36.57880578490452
44.193122343568774
51.544281319000206
48.490699923821964
62.14209654054456
37.22721939574086
56.28276329643648
59.99008133576318
44.53561281534917
37.35082484700901
31.836339044634293
56.90065382311113
5.222313432141611
28.969444413144352
47.48890397872642
58.30261421853523
51.860203638136845
20.819538331559315
25.779847701133967
21.402171968023495
27.1585010618992
41.80835866754647
39.78394282447641
34.80530394836144
45.94890952700436
63.98687109120932
37.76518189998808
54.793051057309754
55.41331944760909
58.70182772896926
34.03538017185208
42.358197474674135
57.28519705165119
25.648519992831808
21.015949143628077
25.765398787200994
20.422749256984346
20.981236319768563
25.544556532437362
49.65500394105025
51.727465839650506
42.0957660160265
28.78375773499436
45.80426393623878
36.045299970986065
29.988618453760395
31.80514897895233
34.57708982964305
42.744447264921455
62.946813896165935
32.595465635332076
63.6776014182586
13.964445496482753
31.05064703673377
46.25314756454127
40.760611656709614
29.962040356827977
61.02383404432938
46.3776637908863
54.71192762013978
4.487078349878644
42.06037871350145
35.20144830399016
44.586755135628636
48.33972053177229
44.66824918797077
2.779781839630651
20.749010202047913
53.17468970729784
30.13801061526881
32.88817692746358
62.73082672532538
63.24514842536036
46.39792021050059
17.56783274062696
37.68190512585855
54.260415827832176
49.68439843407681
49.755125933557466
11.530245123809351
38.06488561800283
43.44844953154393
53.04062383051732
47.06667564494869
53.057351804276905
53.92230497714383
35.52433602069223
16.845454800217638
51.03285355997842
61.90287899687288
57.115292410262406
34.61724399308133
46.99693356451181
15.220262930839063
16.508134116045575
27.351453838190466
60.76248925807584
9.895390413303922
14.909630156932757
37.17057132626316
23.872350530931072
63.6476183691023
7.369443196893414
49.40049557475737
48.22624758689295
27.412765135199912
21.036613032301254
40.60812615078288
24.321337545111184
58.66257163281311
60.99274961677807
59.93994407590189
47.41454465521005
28.03235018472504
28.200751549194436
28.287646023123827
61.862451659347045
34.42446171518945
51.136714850534446
56.78513698644779
52.33831940379532
58.21176408846664
35.53997708199279
20.275621305542323
54.32812155911113
9.334542800168308
48.187607432725535
46.967138739148965
35.14200799793716
15.218231611214485
53.055564977548826
31.98994305510999
46.87147681497658
38.43611608700759
26.2760356118916
9.317708623421396
41.13064345237756
62.983044656435894
35.156977417980464
61.63931250293068
43.82287335080626
0.6446098584039817
19.147622270921964
56.060600680388625
62.97373505124022
51.534385620599366
50.219796013257515
55.46472472431314
1.9763959740399741
38.17340794674793
50.42408165764151
43.611172356742216
14.573154683439775
57.046619852454164
13.253912293690362
61.779394801817176
8.34015421188392
25.084432925473116
18.222669051425584
46.49976800030318
30.63845649960475
32.94758221357293
43.14769867009019
42.10804402534024
14.077691171622114
28.9391311742084
40.03945576860484
23.48462765725686
55.6693316556399
46.90536292896995
36.65572410324549
30.19163258921624
27.459745018288288
62.28031600481232
51.214029409067585
1.525386806696197
34.87228328702082
62.168367889314666
60.139315084335976
58.310800950828124
34.002208289785635
47.09047919289268
32.51863643445216
51.18705005799278
61.37487048062631
62.97384168918526
60.072287699514796
42.6153466312995
56.64990832499574
49.410234312541675
6.445943131888939
27.600909671849365
34.073010211360895
27.68419129226909
46.55474346347998
49.15916832837647
32.08141930870424
59.96575099361035
46.63000476598569
59.68613892022122
29.94302073860596
46.62737945160161
36.8294329672279
42.24625936073052
44.30388243104299
25.237623110242268
43.62050732440947
