55.58444998894679
41.12193442559331
57.21859764348334
32.61455388816611
7.370512369214694
48.37009329294351
34.00770337986272
30.994348808317056
13.143636055900764
60.666521475884515
55.07405589463318
60.88379740360347
56.549767235642626
44.05435556498226
58.22752546183775
49.45843524510098
62.557124002701336
53.90763079129963
18.225643992494675
10.25104579315294
46.086498364615636
38.77404496049701
51.51041924554609
35.2408699293383
55.86051096608479
56.92210274095335
49.888233842290624
23.64771881817188
41.71333600277048
46.31142625641877
17.100122554062757
18.62454969705874
19.60031654077327
39.6138559672884
57.444053342901256
44.87974041348959
5.514833528888019
56.00180778062197
53.4839527924143
40.67964477670367
9.892049464211915
63.30707627635976
5.510567770462316
37.9359172871292
55.146641191305875
19.46106550975714
60.05201938809849
39.45736268267716
39.56355078853541
63.16424849353375
29.44541271418094
53.13745959250402
23.20029689928824
61.55813891537838
16.05515599343248
59.03064060116534
59.992659398307566
52.170727102360004
26.145629682862996
36.181226828398984
36.8102896137058
13.723494654529155
46.21204045334682
50.82123754307044
20.64024143151041
35.648931327239524
59.851989444245085
0.3166703478557409
63.6163430060345
26.823655874005517
11.535636503084476
22.142111000610555
19.173517393342003
42.72198455649142
19.15796243823609
59.04079119864694
50.84384761195509
33.06836835981607
35.819108227373434
51.01770246779217
17.956087661730393
16.56361850622219
31.89765924706296
32.332338383736484
46.17174579072334
57.67776812081263
19.298632556520708
60.4356271794159
20.883263886174362
63.60263938707627
22.069720402944604
23.009454136807058
51.51878302960856
61.351510644745545
52.26795042207298
37.62886731220656
56.522353529549406
38.13326498036939
43.02943950000213
53.98639804199539
24.95637579525139
15.092835963615315
56.794494983957215
20.937809817260323
17.764825514798105
62.612646278286114
33.177073349665605
10.690274857635288
29.649936723663046
62.52174482573805
39.01734634100687
42.72942882941216
40.941660882346085
53.43117809572562
0.30401445718447917
32.076609417261345
16.496888105359012
56.832000859281536
43.58456950366002
0.7848266463494866
32.27225079797002
27.34573798576391
58.053469232145666
50.297419326074085
35.77796829970478
56.232025362425496
58.60649772998592
41.64583912752616
59.08267141373251
13.643580531097705
23.945253681195943
55.94435525746717
45.01996571186899
47.668779929899316
44.345654963581325
2.497800231033054
35.887099809519995
53.103764529609315
58.688787085977935
35.1866256092611
43.72325029482711
35.43645094393789
53.99394709592717
32.45223570084224
60.26059415556086
48.602995477307914
37.03372862616768
56.050992805976094
25.979140757905334
47.81048727884942
62.13649747820554
61.01788258837679
38.567460103720165
63.32855754329664
56.26526161296366
38.51395075092583
54.770376583513965
43.711642583222535
53.539706933204286
19.172499711816613
50.01747494823941
40.746516295652725
26.183932267233615
56.81218550275433
48.62395251679658
48.048312238850464
57.81863434384166
36.28466896199681
47.16348157523976
18.398445646827938
58.55297132512063
54.553876647609314
35.187605192597374
46.72257266998865
61.671174288093766
56.0670259876672
50.887613422780355
44.28458656722235
63.93073455199353
46.5981332390451
30.93794039647849
14.287522327884275
57.581284591094914
39.31239573815703
50.19963441779771
35.66404811103007
26.420335911655137
57.61523958093255
9.695615682143092
49.66323178084726
51.39230282548422
27.092934907502055
13.167061338424183
53.41042003916033
41.10669947439696
44.38857505548587
35.638890929919455
34.381318884394005
57.82098243975569
54.8366013861301
1.2372243488278798
55.264645492980584
47.80613858463238
48.79559995829676
47.372132826679234
24.095850849066885
16.946320745087917
24.749349950156144
53.42685606184729
34.69080223038259
63.8909357419456
0.5229310577957875
40.80317180738196
31.072861307114387
57.84119765781955
2.0605168763039288
63.69324851313167
0.3132875611121264
51.531032901838095
33.3857809096814
35.6587275802289
29.564188445966593
49.88694411084134
25.96071024812695
32.85752137669068
14.878444992066655
26.6435098928972
29.356083176807857
57.20421500003115
25.15480546892809
28.383551033677342
42.83752310372371
32.43174816792164
48.146594964522336
58.24639769105628
61.46446481770012
30.622289153854695
21.19481116525788
61.606128489801094
42.42707245289829
45.87670861051766
37.788041693274415
39.08850890269282
14.426498118151322
45.57008306049424
30.356114661030894
32.87036873549251
49.568806542019395
21.04836620201001
53.14919516903835
63.96907779117844
1.1259445987072425
44.00147257725168
61.874795395369745
59.75501168733762
26.956658220911393
31.99661276677969
37.56503221324181
16.370153530958063
28.580631314423066
44.45554900948301
54.44527363463627
55.26322860809097
21.10788734831226
34.68846818897765
54.66574811658624
31.00612548245244
19.992804207966735
50.39540799418064
54.07545706036283
45.15539283094627
51.260292798260785
50.700333628548144
17.417375362106625
42.670697913016255
8.934498279362664
49.08040036958413
45.1347442961049
14.411165171298059
30.781725017943444
21.790630838785567
38.493343672684134
39.7173373027387
58.89211081687379
57.846570180221036
46.05219332179756
30.3965015814926
55.68817261590057
32.77619161419223
35.630198412564965
1.848237674801993
26.305268157111833
39.331023123928844
22.240087639761278
18.433954049811184
54.984976698338215
25.032221147373775
60.772736531401044
41.736423043203516
45.36300742343299
51.798156326805575
62.058476370264245
49.18372702488214
57.22203902990454
51.078755962421866
59.497989543790105
46.29569052447974
32.07504248478694
42.11718787947356
34.398201415955015
14.265048449679455
18.063731711472442
27.954858542560984
59.392108951986586
49.59199645937234
52.87755399083359
19.89790374701007
20.867035863801043
55.64672844283684
59.266008435904965
31.00760141124865
20.280580632715775
55.09498368787437
63.38578833617222
63.02663218129442
20.868597546015202
1.4919953416265201
61.069261158237424
52.77128384307429
18.30787827191923
14.688042355309449
39.92410464042102
53.10935629569394
41.75676405374746
54.11433773819451
52.863624934590575
25.829992825459755
56.33207509265155
38.9029280254163
20.5334748970888
60.238251328865175
31.644159300384857
17.264677095356866
53.41550461022158
63.14401965135004
39.999074366252714
46.53832498457707
48.77349539852648
31.49247740928658
42.793399081015934
34.99335767365936
38.5313863916381
53.710694807429284
24.732876041637816
23.33032626855374
40.46526282589904
58.59790676035682
51.73019146099081
40.34448006569242
38.58894483255793
