32.50536612978847
47.6078640987445
54.713158735846285
43.261561476492396
25.2633556585914
42.685834776645464
50.99826523267349
26.861830914630815
63.970165017380936
20.65194387300651
7.421913817602565
24.690845383317836
38.360666202043376
1.5809087941415427
51.218582058899756
56.133988829599495
63.56320730227719
39.218403637413914
28.178637526217955
14.53126856836159
49.65833064594902
20.391262013206756
62.03895727085294
49.98478805263548
58.98584653690258
47.142598264698734
22.305995644564334
38.83106106103093
49.8451188656895
39.713818400860646
5.6677728556649285
37.30578927893043
37.15568282259822
55.34711205696579
23.12973884243369
60.14613049519639
48.16408740925769
9.939856343838812
17.28466961673557
44.87652043856282
52.9409570887358
25.08147512418209
55.35731303215765
26.958897528085707
45.591985303953805
50.90299724391864
8.465858057468658
59.20961008541381
32.77968954369264
9.25610278710333
56.890216696672525
3.98521998931421
56.011801062880686
48.729342024609814
26.63020200525507
5.0535735923771625
44.47758704336361
39.59913236928002
34.694490840664244
60.18991412350917
33.39265137790032
54.2751748277037
5.553389398132687
57.877886871384796
57.480888805681296
56.34322071238386
25.477743572064973
7.250268723221552
43.472391791007624
59.18873548222505
54.01992369498998
61.16536841176554
53.51450249346622
12.380588726071714
62.69309601856891
34.4850151634969
11.34001889243877
47.51596829918719
61.97996796803878
31.894135894116623
63.48124844818954
38.319314077955134
44.95581334908108
12.736589374362886
22.15434166180431
28.273175991116062
25.061766177766543
55.22755584185743
49.830573078658276
8.783784267153976
42.12996934150944
59.70999670165483
40.31929774766465
2.9651430953243576
15.553345602446484
29.54762738208111
51.31263862165123
15.075489605427371
45.122310005015294
56.3559628238421
59.17213585698731
46.115678752088755
39.21313419324892
0.04528954414799102
34.65872504013644
46.17747038857961
41.10535511508573
6.243303874386875
48.97427198650064
42.23490514817976
47.6361211104235
58.301450766150296
38.81318542591883
13.493534041631165
0.547256787005189
15.15475713210413
27.53908279385778
16.79784102656265
60.060544653359386
57.707265106881025
20.427559548982636
50.10293989546968
55.96128393542372
29.837669502612357
52.34859667732128
55.367278719115276
11.349374272385582
38.06228282932473
51.121334214806694
22.238742314413315
57.23072501354314
58.72623478018072
8.702737684253336
52.600973718993856
10.397842994710572
9.471820884355097
55.644652278666015
58.73067066640993
60.868552928887354
52.51168074603007
44.66523092661882
52.59274536530358
13.622536900245038
57.64241464706463
9.415687853061506
52.34916174771196
61.594638745580816
12.111966762883306
51.02060206255353
12.563289275599047
62.58833936492871
34.867855536446044
54.81547297809304
48.33682112063339
6.353264488268316
53.3946298205464
63.79737315907473
25.596068813039814
12.74040321474373
55.80771990770431
44.209048599446376
34.279896642960914
51.950788798523284
21.660610808782856
46.67841617660777
50.10516945731761
53.747600771155334
11.83411342943193
26.252769309356097
40.36782381440828
47.293846704794014
58.11086881575973
57.34576842276722
48.86094309798036
13.921244544573753
58.0801251347087
52.68237474030605
31.97429309475423
32.31926218792917
55.3154142734746
50.80318871251555
47.75190748609363
61.09210099414304
61.86808482240219
44.90495098913608
43.47530306875498
56.425779699949324
62.84710747207305
35.83252878005001
58.80441482729335
23.313058868250124
32.63833611768199
53.09777245840664
25.166368248563614
18.771360511210247
10.40265644903078
39.3534095139642
17.458135766001064
37.022326469657415
54.684261329708306
15.236470763343291
33.93482863810108
20.18329907630399
34.695811390068656
62.7188517530965
52.44316336722103
62.65037857440258
56.7915821961357
58.379319463083796
57.32270311828422
32.69333441065294
24.151490691621618
39.51457976616866
9.829720093801967
33.64125527758212
58.219985244858144
43.49453490323046
39.95446495671018
9.72491205590729
57.925870615788384
42.837177980407105
49.98604442947992
9.229413158965038
63.5843759009223
53.37692827316735
54.35530972702124
45.4241551281623
22.51142627210583
25.763179893483745
36.921617326423714
29.513398943430104
18.582152454084188
0.9188110361443833
54.192931891942564
54.923977391932375
46.40630912112603
61.8450596652267
58.80422942640383
29.45440787855228
31.479538240195744
55.35751754447071
47.563348005829425
63.61671083762017
43.98627458145525
49.33380613475155
50.63002919441062
50.82708471392664
31.25362259572821
61.53106879200973
40.0170065227324
53.22008795394116
56.739348075797466
29.54644264836471
17.11157058676507
60.24452954457905
34.97209569056827
61.39016893926751
36.24883774641263
49.74173988608514
56.862112965768134
49.482998061389
27.04216718110449
58.09993882689043
16.959642116352015
0.9368509755203576
46.193576749139325
38.89120063807454
37.73399645200843
39.86830573469314
22.99835178087107
32.515243799358295
28.833704940027047
40.89391836342591
59.426499023997614
49.520908124472896
48.694738411868215
46.884397096697825
55.50835783982464
27.602793159366833
58.37898770403238
6.932759704176057
22.828744769108965
17.54891903181405
36.95044192219915
63.69266540824472
49.756022839806676
39.056252855887095
24.321875298694714
44.78816981389254
40.44807419707077
43.16277845825461
61.28556770727988
49.44401129689334
33.68392212287729
10.51215981645344
62.77957059466638
26.13860615800688
29.594498506201155
35.632972350711036
55.285754887350095
45.562963763974174
34.841462543183425
51.90495708166267
16.788469682002777
60.28976121838916
16.2268626731598
16.952662258197535
30.581891287853885
61.9076807736759
36.34173205823201
28.05183778343642
57.224537613513725
62.104364103168564
55.97262550098793
37.324249306660974
61.88190948331065
43.68261007041146
40.69592551475855
1.6227873695083304
53.42669330310787
59.04168005568866
48.96916893419137
20.96113159647753
35.1466393419701
38.09961575802213
14.937189368669145
48.60150442398542
56.62848590994318
59.63161662577231
45.05238641150512
8.23040304217728
6.988209697208582
39.30728518906953
62.39965771387361
7.167560106984176
40.67393395908345
54.110107548558084
55.73490684983926
63.097640967315314
51.01421711664574
49.73190732404337
41.78302813574981
48.71813665344466
47.257623341792
58.429646507097566
57.55050258125742
49.456801705001425
54.93900465990124
55.15702295312205
45.665882676262626
52.289669305587346
61.944643172055464
43.81756287620063
33.89573638953472
51.04927695435818
51.549024002185675
3.8070001137918013
19.922876287080243
15.243101763299407
59.80494095868107
