47.77919045641934
13.065555298570118
60.21805909122018
42.78786633085663
55.16081206250446
44.76640429454787
33.66757342329416
44.70652753072355
52.53475375715867
61.41682044565365
52.65715723671602
47.5251690356568
26.539154903652125
61.37255928619784
14.362868914008303
26.967307826744843
46.96831762864793
61.33769149739149
20.689925187055664
43.9567814703566
19.542898132258365
56.212590615657476
30.23353774436667
41.753928922861924
58.86914499215184
60.886880225595895
61.212581962562886
9.912807170241479
16.048947746830805
15.292080939256998
41.14024429888134
42.756529427817156
33.90350587694064
42.85699784849081
51.25786777836177
29.65597300803448
49.622615318757354
22.08790934463306
25.606557883353616
54.700983163504645
13.666393132386261
53.770399594926815
23.941396896581423
35.120858598448166
6.798080028067126
36.05054953810329
41.04906004410189
32.6097865976152
58.034239535455136
30.460955906425134
24.86364222206975
33.61186907326153
63.73767570899657
38.663949563838514
44.57528593980429
3.922376948609383
54.84374002935831
43.69624632756705
61.23962451336917
31.790588748046225
46.825872654859765
44.86337266169869
44.405490124511715
38.616775882594474
60.572279539226216
53.392929185902126
24.58611533018739
46.092990132401894
42.03520626212864
50.73004412713193
10.672080753282081
48.19228710402101
14.710504966731214
25.29705093912706
48.57477574536271
16.41056227566581
2.3730371366064347
63.20807857190559
12.121891070875385
24.948989441684745
44.3671798408247
20.731971664468162
59.2092581596864
27.462187338920337
24.305902565969717
15.900146957424518
51.73121351914346
57.184264971798015
58.156128576611486
23.828120369967742
37.766589527798054
26.659185836563566
46.08818887601551
46.24560997471616
37.6657616884155
58.45402262553736
44.491668887232024
31.017563873358355
19.989616673281738
56.75048296489419
33.53135584981507
5.366590346632151
37.77859671982195
63.696927444663785
37.36698880742385
28.07696215001223
17.100537133698843
26.25777945336239
21.00946928437542
34.27666460658808
60.7741950410955
1.7699379671513213
63.72182318768665
30.760099245232276
21.714192260013427
31.93952696052449
37.14952418378752
44.59047475623865
44.27766515628031
1.0865310211996473
27.31159219164845
52.594739700307535
60.468449709284535
57.168530364949056
17.37205563820389
49.64648756197607
39.308700745289116
23.740559798741046
36.89257763287457
61.42741931148612
56.91749723279514
42.73185963399419
51.71751577826409
55.71858731656342
54.502653541979505
21.49777283562495
39.549887167965764
20.452360596729235
46.66381675645157
2.2486001240399247
62.66938320728194
24.27791161118307
21.898881645463362
36.08285912399562
28.68547662238631
43.72772043903147
53.04846662504701
43.858074329279574
57.558365454405646
56.23345695730467
20.857180417166504
56.21821549773082
63.31391723903461
37.70751709542924
28.90923285323617
0.7093167641284097
49.688957570792354
1.6718044469516329
39.14878002868219
42.4246669141888
54.45419729148803
22.539299220731706
9.439800473145063
20.908739254530694
17.43722858119513
10.64318619158663
40.874574324221314
48.60407377133598
62.36204166485727
56.660665133618025
55.08123655570046
57.55383780430283
20.48343507059767
59.67910000477794
60.38753264744686
48.1630210678523
50.50734688664549
37.06457353012992
43.61399729254213
47.53589246746765
45.75995684375117
50.72333691503039
15.898705034610984
61.154141461554474
32.617924815891556
49.13034827508427
48.347220796172714
59.218870726565164
38.30397382279137
48.49482967736749
0.19440946083572896
60.91611915538894
34.68011430010254
9.828719721624005
60.99611657324999
40.650711859870725
39.64410451763827
60.05029261392314
61.80887396828413
40.62406252235807
59.8267572243965
53.724469164784665
35.96619852537931
39.21005737387157
27.322751737790504
29.281656236553154
61.37002754314233
28.920374957088555
60.161972927747
21.209979123374502
50.68779057414812
43.28545872993774
17.570604030199043
30.997591776179135
60.955128220143266
48.12541184502544
19.952606946841037
11.62587482105804
55.232255046259006
45.11448388721563
31.837551266564653
25.06510916023592
36.60619339932885
28.894897705979503
53.81944733312595
57.002069085949756
51.08402955951319
21.945428568668987
63.15656568602586
42.96960906115888
25.82316615246124
39.32618071805994
30.39658500234723
9.039204001952413
44.19814974694364
28.339353163775584
61.66447009947236
48.476880062486785
40.71614450309605
17.9821486727158
48.801836063390084
24.378032620939287
63.65731082663239
15.31687091806419
62.369531916475395
63.16462769355717
55.21759044999132
38.57696546745167
0.5445466533984344
46.6520122536587
22.102608352130133
49.68086809458285
18.84635172895004
25.79857285443409
54.361450028849546
63.58236177743098
61.70665066653101
37.976596942331334
45.22815304871238
0.06566866536504534
28.691321890381893
32.197281324714396
52.264956590340915
59.08345010685914
8.510375410619503
49.3138117530299
20.240418781615496
40.15442183377114
63.56420834714235
57.916432707224125
4.047784212556678
40.60139413080819
21.832453171946227
58.02091100787344
34.82848092620146
43.34285800753028
21.208869995639823
37.73389484765664
51.08306510456294
45.34868707927448
23.757112802653843
56.83599162647386
62.19562114624773
53.801285196623
54.845959906360946
59.609920336067006
47.30597751625346
53.76782932822037
61.72734178131205
41.15216023791888
38.16843396862531
58.740888244416794
28.123230719428314
48.07002017262295
40.34555682708306
26.450459018906052
31.710951074048104
40.15940582095081
32.63880364681817
34.99336811650862
20.023868574660412
7.022255656880596
27.899242840659426
59.78928265429813
58.77944448800868
49.240338700309096
21.582811684090075
34.24016738399552
60.01601822883288
46.11461312808051
53.834699871421336
37.107890648279756
50.87038616299375
10.756716428242953
42.06643140889754
44.96785429548166
61.71430952008923
63.02114058210604
24.00380661205714
62.610714323591104
22.921385525085597
19.208202252941653
17.532431433241136
59.774299934297645
4.50725584123564
62.79929226688097
54.528334601131576
8.73890335930649
46.875152721707785
45.59600693632268
28.082422729659996
30.60940744091679
44.73549580076699
60.26256239375626
52.656159308052366
5.653458621736597
47.07943918840169
53.90249666883176
38.03709780711658
53.08443425909633
59.521300546322955
54.86331630973142
26.76226228846572
58.251230164757004
34.33437002709359
60.79977793256471
57.97656898356087
43.70048806220201
41.808331540597536
17.263897835467297
6.836725749264396
5.869076367598893
58.67969075640689
51.45434323621697
26.093652417427478
2.1691502957809803
61.78662294850354
54.09598010627229
52.369830012181914
52.648567668221
