27.626084671503087
34.536771522522635
39.61577093774598
53.35817614677937
31.280042264872066
48.0748165302291
13.662805847780561
8.96175291188429
63.69077375938056
57.85000948769187
58.43755013103399
51.87167528374755
7.225422495324288
26.106290183465084
51.36390220367718
32.11541110477825
26.768018377462397
61.34111979435425
45.381604744094446
41.25395332516072
48.957379234870075
54.392872100735104
62.306058671806234
3.60554982880808
9.52870579947161
53.989407488516406
57.13717143299461
9.788768256758665
50.626505013455805
22.735799804310403
32.14900488241557
30.185474288073628
50.50489846338927
30.197727579888877
50.263898112604636
55.49805791736646
34.40387778446075
63.297100531597074
44.88314569288326
51.9930108312114
14.476231753791843
35.915112269399685
54.23119171645412
40.95356141563297
40.04375706054802
45.428252113701035
58.43289151178497
34.57263990660512
41.35620699684064
51.27494095145691
41.94170166287526
46.872560595432645
26.41183614853575
56.22635942499202
58.70091157403829
52.21683951823515
45.317086797099556
59.47379198822687
9.357771601900524
33.771625599727614
34.5672006879887
46.304402843347475
14.194941612188977
57.73604750667911
63.01504906681555
16.481942339425785
42.04533400532152
38.41040945233363
51.17815297724412
59.45175379900462
10.46889964562208
52.6818575212334
61.5179610802121
10.316667152269623
15.472321001000743
55.10219936969467
33.3516732789803
44.31714699699697
60.87701174237761
56.74671599821927
59.169348453499154
22.481391037802652
36.71684093051417
47.14614804060247
52.729089296424455
34.98307897519092
33.211830824952536
45.2429240426465
15.537190136360778
22.14927233722691
10.693842432079983
50.292014344314396
48.08051519175153
39.244269538020234
35.84180021927019
61.83799686806009
29.583141874761985
63.8103353136349
38.35973510457285
55.767950838708465
32.07256531093336
56.60253568254447
50.59793762328538
34.80785185101312
62.454658233576886
59.129724676948705
55.06124520295065
19.620379803079075
63.48114059155926
57.360110862824115
26.555731027875957
31.545226503660082
63.09254894101484
56.10699431591792
24.379730226655347
36.50429961180731
50.297483823860986
63.00009556493821
13.717406460420754
33.707010799806525
61.38115651793355
57.06851955595856
23.531158874259276
38.328434033177594
47.5698104700615
25.48398148704819
56.43282612740164
23.666531641485093
57.66319058753755
17.089301239358583
59.25328350320994
53.123954141601594
8.107522840230644
27.92502214026502
56.72218987916996
34.47770343045643
56.51355238470839
19.107519759384388
31.335434918923767
40.37869320365071
18.792594177714783
44.39029304758458
47.38350092022435
26.906028625557468
12.497068276389477
36.8805891067754
21.739197850241332
10.91483927815245
14.004834449078977
45.566190792851415
42.31972559774607
42.97626781208254
49.76855477503956
30.12916542766809
51.59249217692971
23.52390822972159
24.27320037205532
39.22188127942185
24.684932375950098
19.118038858629532
38.46146064526812
45.45267794195986
36.921341589154125
58.28056998410875
36.909447913758
39.14236058897697
14.596547724780848
55.254934392257795
14.283481714247664
21.51273849275121
50.71737412355846
52.739015658256356
31.68813304006344
43.565360191863974
61.489439973943085
63.00559263021326
51.0244276998429
0.2096187322619798
24.7452531507927
55.245283334639396
44.58338568336064
55.95882414981966
59.804212136308294
10.356897272326655
38.29394018216048
57.75243932514515
62.35636236927195
21.0006868648995
51.91316273152295
5.103008622222212
43.93925274398738
10.616447352545919
51.68050076806004
39.447640937772015
57.31145455474961
63.21530769810311
25.433868357565352
57.41788474403589
60.54232482880349
42.40754294461485
29.558742020694915
61.623308038510054
24.235464779236572
62.281058903123
2.752812623156416
47.61234053275123
17.103810425107746
7.704819548457188
46.58745781373341
41.65035588565921
27.982265481039825
41.61108410660969
46.29219060054196
62.34681224847536
56.316318315567294
21.323198838546084
37.07587795993892
62.474353626666684
36.4589563198837
45.98901272223817
0.4350684138016945
55.45705436242047
28.53595336673297
55.44257206265229
19.973253187430302
61.20734128531028
50.14675040136479
45.9061903391476
60.89379634579053
52.22143920784509
61.41273432336278
53.79747731582153
51.555668946985435
38.63032285123096
54.936142688010946
40.70746748912393
49.954242784192196
62.97667567515325
30.716612436433678
16.312972127682627
42.682247296642544
59.24975671872415
51.4189837317624
53.446214088836456
62.005771438506116
58.12212301237249
50.2215613506759
39.918240278941596
30.464817431890133
19.87023300591587
61.49697708776035
57.26391367785467
57.811589082860465
53.763005330266026
32.032668382946035
41.653667216667536
30.76573434847377
41.952533781236966
61.58083849791125
50.23633132922797
32.31566672521747
28.00660728875806
41.571488877103725
55.6065700969869
61.506454346367995
63.89936749967247
63.79277509795659
54.74739497665861
40.98285075333163
46.85856693590999
43.329572971290716
23.659960479128095
60.163215493324
53.535117914232266
54.554907608865044
61.73000789871002
3.7129025050691595
14.792606744992547
50.43461199528413
32.4706608290049
3.299634031612321
51.714499772477
12.52538104847848
57.26224934809351
1.2481018413268927
48.10842762768559
52.147039737815064
52.52449707959791
53.92323857872639
55.02524844060294
29.571916105894942
51.95458758667452
30.38864996028081
41.894282184274175
52.2190328505944
47.9312309038295
53.80907945511051
37.6450361805856
50.37916314897304
49.95065185451369
59.23965173673159
8.242093657788459
51.67849132382132
20.37206202548554
51.25773505583132
29.84125607555199
57.91345302870175
30.83234891456931
41.257959087002334
52.49858393830527
52.37150597512029
33.04350517582835
61.63951190517179
55.640163622960316
25.910012097120493
12.799265019776534
21.019422793136137
60.02742978251081
51.419424135344684
7.298662843969041
19.386785804529303
35.04790663701008
61.268393928287246
50.18059779782789
59.947215312541445
41.36974254358606
57.106375256893955
53.10223968488891
38.521533304166965
48.39221109511566
43.31804608824203
63.05993547223052
30.86057787865014
38.449039967698845
27.471433217903964
60.57693110783975
37.93651668984889
49.33286981656191
50.274095138452346
16.053333183910397
61.11795448519612
57.31519342978116
62.935344871051804
60.850369472388394
58.61329033674967
48.649441009196494
38.88339848772708
56.34907372828995
57.83847534258285
51.3646501181511
59.31563837100731
9.918117395365968
43.72555212625741
29.68152795103274
22.038457371742773
24.552865721923745
50.61725540493545
57.32135985996699
38.49049776556982
28.10898377291035
