12.242819946732162
17.79099086683609
53.002727348103
31.069448015653066
46.88072766942909
19.977528696802203
22.494676334272604
17.483562744920633
37.59027409576014
50.77077118574378
53.623137981684174
43.6525458677708
20.677949546424863
49.70450874522113
38.529194143945475
54.56855855009722
59.850637592614724
57.66937979672441
13.23135168594223
55.92868789739265
35.24262904186643
63.080433439387825
46.123962581795936
47.008667284430686
61.2684592622981
39.55908791893629
43.74426588337833
24.12449035581443
56.94647633377033
5.7782959791455255
59.779311153631056
62.9080106774007
44.56800098037059
34.74532612004909
42.02650558993592
13.774973504604446
32.024038845011816
35.088406523251834
52.03452777279281
49.18476380135055
53.213219420665425
59.43579095109496
25.72052020380096
28.449410113178544
13.05714423422571
51.61807409123878
39.909444343423274
50.7139358868702
26.67141973650557
37.40760556578733
36.69775028395133
26.083843154989935
59.65672232820795
63.811593135761036
52.925834872096885
33.50202100510536
47.32061747047014
59.50957038355306
57.76275268913838
16.91735612160334
51.26300649487537
61.518601885661894
36.81265895626541
23.906587350099258
53.10454843477635
56.60527662355663
46.079446210882104
56.006524620878096
19.20026858585188
27.653128999679375
47.51484684469103
23.1188568072007
47.943060783461775
48.2085335677519
23.818576176403774
36.61885546945453
31.200482653945052
53.405486785799724
52.133849809893704
61.611021097705084
62.23244664999827
62.74768546485628
31.633186068078672
54.12065337549443
53.795714808893244
33.13537450648752
56.94204686355833
40.2370074142523
10.92625897256326
32.29522685848568
46.666036249604204
63.51258461061584
56.20398030382762
12.71063229345014
21.665739368246527
44.88618529721245
51.93344323788921
31.805123529659106
61.16622519415575
61.43037613092851
45.38922854864681
22.917137271441142
55.548206379360046
5.4234363473027045
13.299176104715286
19.68151090939309
6.375702721668077
44.1389422238811
26.871129067031518
11.668429440539953
40.67824363411927
38.56919766646174
54.46878539639951
33.04401883915067
18.8277775629492
3.8911682447775178
17.943173508982007
33.54092215182797
63.169392881544795
50.09730926675135
60.04448935706727
56.33013861060481
50.56563162579947
45.000152061989006
46.09913612152732
0.1986768279326796
31.86681886721209
21.738461663016047
30.860739078545237
26.83446841748266
38.90159236518615
26.799010432629295
63.57242546990877
36.20967305208583
60.77568049707004
28.2474824968009
31.879118072590373
38.03244832539173
32.83943775743822
34.24519823162555
39.76603070804053
53.09367832462607
40.20556360175418
38.32511391227116
61.67138705900413
25.491133062228364
15.251364924983513
58.84470074147149
16.252554331385547
51.891782364248286
32.794829289219024
61.44526722856462
18.920602678755948
33.72054943691765
33.57433850903173
42.97147816442643
49.22062162388369
63.78508862685404
44.27110724887848
8.15710619825358
40.66372630906628
40.25119789313515
43.47584184410725
35.18149189764381
27.447279997109533
37.465810809658095
40.512652432225295
20.10351439027395
18.187847044403128
25.995367195706848
32.418925941035084
51.594459146303876
44.7534373378933
63.38267138391784
32.577787553479766
23.003265149376034
35.25676440266287
59.1473445517434
38.6788518532375
55.99582426263769
52.05937918097333
27.807960906957675
26.489298213825165
31.336015183329913
60.39433062921238
44.139551134593006
60.692503976103694
18.733997467894227
34.134430199571526
15.204360398928095
45.77559067513651
49.163555568798905
58.475042937684485
34.57678830933314
41.90660446002145
44.0063257520223
40.3294784439708
44.737436596328465
40.81262692396311
18.44560836957701
33.43850417754402
1.000034733463643
52.12352051057315
25.617495050019834
35.623473012876374
26.57690927001636
3.4833033799515007
37.51918502803495
46.13039101281547
2.142901846816123
44.1608146857297
32.861826460900566
52.52920250128374
34.958391563857944
49.204678139891406
42.452822771242296
42.80384584417264
60.98985357604409
52.51825554898148
53.90472228917893
49.51649710306093
60.16987304375378
50.76543399722129
29.345742547662432
45.93063168838422
37.55890978494274
32.654208475459534
52.489131702072925
46.92940276291938
29.15558165512344
63.900928384081965
16.1390389398017
12.364753270616454
53.49404891695267
34.60438563568361
7.501712289697849
11.614573115702328
30.18365259541713
50.28493681993087
55.61442288868466
40.97963545218826
24.879755574317237
51.38561467684503
20.864466192696838
51.85463877749445
49.44603157300615
45.28089925481352
39.81533435629529
60.12138624327608
34.68031853585612
42.818618390155045
33.903773107324106
16.732780595827926
48.27921978881409
38.88283022382764
44.502661063108064
54.875912444466316
23.6187524851912
46.05276453668013
44.08196097640051
52.053915256790745
28.893627319741448
52.04010221021849
26.238858994779854
44.72294736879391
58.96257094770058
10.24733605797659
36.91880625982299
36.83087175817974
29.369848882040316
42.22936732434706
1.650987608206087
46.728323984215365
60.87601344544617
25.24857009347501
40.774662499508054
41.780324707875025
57.280797400131945
28.626807569512742
22.01655359956934
63.67647644636726
8.944621444703941
63.96509364777547
63.986069818241475
36.9609817392688
17.49596875867975
27.210645270465193
53.96649584515321
21.279814774013403
37.92072459551632
13.831338877150152
27.47928939552365
49.688574333345755
39.86933065277299
33.93071302831879
62.48128696222448
52.832327393631886
37.46757549424605
34.6354346816386
12.042475208552226
27.568065637401546
9.635782883570513
35.26561615762533
46.28594548436825
0.1623978165800537
25.00075726452817
39.45036311997114
36.12847948701183
20.299667358000065
40.80294962837731
42.6362881130837
41.66415473327096
56.25547338031129
23.92825171148229
38.18754685064708
9.124303822753745
52.51215446337968
29.741495833707376
54.29282799989128
23.014734356303812
48.871252331091675
49.62354547758791
43.35396672790864
20.592553056236504
57.079833410650465
32.09303573162872
38.15423013476672
4.191620143836431
56.42787443686689
16.878794352698314
34.55654441155206
44.557086033112824
55.43527110854122
30.008671056633673
33.194142470984104
44.505862806276255
53.56700563272163
63.99791175096063
20.293061601589613
57.3938155963641
43.823517611379074
31.015832167909053
51.08696225252925
19.7549869937832
53.62362885058535
44.62338138125678
31.919289081155085
62.554251030363716
43.63356598790129
61.16116177599552
40.56860966587871
60.37894712793977
24.337932018438643
39.25244665342042
52.21874730988914
58.74285444326216
13.896044857455657
62.05888504736488
11.788110467124248
35.30101100101423
