48.12451541343966
40.41626434787247
60.2330941070211
56.226247334221014
43.65495430152011
44.50016919813727
53.88207223657501
53.201777081656786
3.3168562978806904
57.86255316688837
52.60032094264368
36.14393799143374
34.55739740321741
58.588847726858425
34.753671629649375
47.067480457399284
41.44263036828072
25.2815247438459
47.449677913973204
19.857068555465993
48.149330502754836
60.251293429933156
40.19276781733118
62.73237744625048
44.10568864776446
16.261675650864333
58.71626404738451
50.522571719833515
16.79214700606446
13.267170076776296
25.35784176274344
46.777926977028685
5.50605201402049
58.5645840925576
29.665136938011344
7.719265378429128
28.529347009461816
52.40440792775141
4.932888026712398
43.97101864417473
47.41144805646354
61.24046803955174
29.90189727609868
36.62910477422761
37.099370256395986
43.35901413927644
59.503011607232175
42.39853416624573
37.19994911479557
62.721012453849944
59.198970440514145
62.85367890013413
53.57979170586731
49.70838106688478
59.60523685902822
39.14526430722971
41.09184345151148
53.34006210541906
37.1326387500319
34.91513598672125
57.57628311729235
39.122016860863184
4.175234184677791
42.015551835280505
44.75283127793337
48.37415052830439
32.21148611055425
33.043085350082585
53.901744619008404
39.184657253428036
50.499468399455
27.701669914845453
9.31877751883534
50.022254582471234
47.98754519739457
59.12334194655511
31.393066183062558
52.20861893843638
62.88177650546435
62.442355107640765
34.33968394627716
29.649192725583234
55.745754933730936
54.693582641642664
50.319649329763934
33.0243002829398
58.80776442331952
62.63618835321765
33.002650599281125
41.107207798508625
16.569582628460132
44.61030874715347
0.9734357381795888
34.05592882361832
58.011293303079775
7.924571090695451
27.633876932839193
6.693193742865127
46.7174957212725
63.595313906757454
59.40518032338091
25.63931868382693
56.335487541562536
36.76237986903994
44.80107975806457
57.733658034477834
38.41587213762466
34.079533373987076
15.714516294445055
15.45489896394131
13.570789578859618
41.67108714839571
44.93153302103765
3.577784693621723
41.39118509892509
29.618889831329312
48.598331920888036
53.59439496018167
14.485125684266926
30.15728610589162
24.54761436209359
46.09197193841872
41.782511699678835
49.48661248111417
55.850001227232845
56.74147846113593
56.359172463791545
31.046782439806222
59.360999986454935
40.381596456287355
61.6740064225552
52.711746937150835
1.875472696703632
19.859299731866223
47.757614079880945
48.90025900828114
44.72710700648834
47.59497797786059
61.40471906235049
16.164475074262462
27.902194166545087
47.985337710860776
43.23633665832619
8.262791624859496
63.94254583238457
44.81735617759131
29.904067958491865
44.05960238456049
47.584763781709995
0.07882771590704607
22.78380235731023
38.55972989460042
14.512468542920658
50.91094653673161
39.506711904273644
50.202074093994966
51.86573936776917
30.215382164144145
31.48257203433584
44.153475844873356
43.694315118864125
62.04055000274153
19.05419144724592
43.58519293894186
48.55562589349863
52.519255823572905
16.44619854039535
49.10200601690231
42.52814862762183
61.19177822274239
58.42765062637969
34.21883784132305
36.23931206942998
27.813972535489206
22.704107444158332
63.55427436776586
57.78752824381343
38.60619993417035
38.95375587882822
59.31571390129571
60.86236793527551
31.4928240153739
57.376445397249555
61.678154744801034
49.34677011076765
55.84578701987738
36.05329631107125
59.271044713966944
49.75476305888365
47.49923113353542
44.50953092421565
47.95179034629268
45.311817007731946
45.95854111648309
42.421575582988396
9.524897099410083
41.56505530308894
49.77608465925805
48.914268170063224
43.88735184554997
59.27131244544745
38.803070162659964
58.880378770694534
23.430920798496523
24.865226776916423
22.304009780041596
37.189649922285724
42.61193906385697
56.512795711904126
21.259204315193394
18.425401428286236
39.5435743091832
23.161010831013847
44.264723050787495
60.89437001266721
57.46601744468279
42.01982296564983
45.82661001763648
0.10316798387336235
49.82984618608069
44.716735798238766
63.05966123193125
50.566999328614955
13.939409776517913
51.505689881117036
45.520268938345154
46.21960546702992
58.457062053950224
29.937805093869116
47.67207760956969
17.064496056823437
14.400035939949014
59.62614809500419
55.68947828148927
0.48693132367274217
26.83899279943352
44.13737918399276
20.40361933449286
50.713900155209515
26.58893057554603
45.37174257403193
23.09993681292567
60.12461089472822
51.843121147742686
49.16753553677818
37.81963578404837
25.910021381395026
34.896857581190446
51.455677211697875
50.40852055781198
45.250791580374695
41.65581569386762
61.08389533653054
36.429670251391556
35.13725661093525
55.31569629029339
16.926076764657772
39.06905884885592
41.22212751400474
39.937972607564724
32.345730194039646
61.313526675752016
48.90356311041303
17.20286378317219
62.6320830739024
48.72804950536214
52.4741539173041
47.2559032232916
45.00344392196476
43.31535648214455
62.661784721764704
31.594620892364397
24.48457484408634
58.176446536305406
14.856903359871517
10.745046619187903
56.58014729872581
20.9161385982504
37.86865941618659
16.798644733616634
62.055207873093636
34.860663814456366
49.633023732273045
43.54527266961172
6.2177652720129615
40.15217615982465
25.757774031081546
33.90604396541342
36.60243779316704
49.00033909632906
42.42943089349941
58.335623800984045
6.789540117231525
22.63042599590863
58.188000764679636
40.35629609145989
43.43832189710439
39.88232036874297
55.99126531121726
60.41816391914541
35.533330888734554
60.231609030199095
63.68547994808195
49.38804614142015
48.66966232867237
7.498404812097824
13.864878933430425
49.580254079731496
31.18927466006756
49.76854061131107
46.359791551010105
24.683228388931
48.047271314753885
61.55365020121013
50.5278728186901
13.359362117927922
50.905969206900465
29.553212033158253
29.576878910381772
13.884769621999205
54.391795409313104
47.501677843618126
55.60462239751902
58.24138402782923
50.523764779140706
31.898514918562938
53.117580105063155
46.9082527684276
40.699864647318755
36.795908358633646
21.448090752809975
57.07409535031844
50.56902576220477
55.27471710517712
46.23399767818291
44.66349880096935
25.465649584167906
26.22628873930728
32.59427633706009
24.794489438581635
17.518819851540137
51.893131183782664
44.30529449887615
33.23719735336258
45.90935593255121
53.47017459047773
62.40546946581652
50.039847071389076
28.201302923167418
22.42491731516113
26.81312875128571
29.87036864010628
47.77801150782899
45.9902781932646
61.295506132327695
27.359492846603715
30.572903835781823
19.17290038443064
56.44227519622119
35.60688186895627
