46.939701308235115
45.7589701736586
51.81760359564874
32.64624708021873
1.8499982878740084
47.86426875709999
49.12703741904091
37.007548292735535
53.69828991916847
50.05798763067597
42.28220854717647
54.77983696577631
62.59309105017901
47.096601097871016
3.7319783195923364
61.1091963943504
32.88671779502059
38.024261467694686
39.88639093810578
31.03691978581257
52.877623236322364
44.107510798270596
59.47783115817303
10.25761399469011
51.22594178477821
4.788712510577085
26.387866252298885
43.74413084830046
60.053556753952144
0.2757100350466999
63.28581984275099
30.776345321343648
16.217464512691905
58.924199341094464
21.461940542996118
9.150475932640497
53.780756052691984
27.366402866638623
48.36291567582836
12.636176018398288
60.022156957224794
58.99894117773011
32.133374227879145
63.10881192461479
28.926555487196907
22.671665703388292
51.721669506884304
50.12183398722327
38.70938332331101
58.252393869762656
11.257325739252458
54.16394044612983
60.84262439528426
46.41037953414413
54.683687171228264
34.31108241738073
28.105591277654348
51.03093303722272
13.254495936331182
48.28218048809886
40.25535957613387
6.837050919074656
26.58959816369353
8.324328957307138
61.678875517908516
2.428969249280051
36.273842603339034
56.800277729445305
23.440229854925157
35.23587095043963
36.92070037436987
41.912113650516204
36.916364167567636
37.60860241506117
38.5029205651247
31.506794882868867
50.00832348414597
46.6999415107273
62.075840198620575
45.662308720406735
24.382148445930753
23.165336491196946
40.78895070913274
33.34591597417533
40.432387654025504
50.055176873498965
59.87983041862041
44.604620500930665
12.67400617526269
45.80829399212428
15.837943352146361
60.59928735070504
10.686052690912128
35.41460886517845
56.8102856379722
35.2705731899853
35.62666870513958
58.35216049104143
15.340382291702888
19.490783142038694
45.713213274660355
17.081230989633703
6.801895726043455
60.88476304636019
15.76395672064637
33.504171904427395
43.551365127881574
40.04170887227723
46.153403201752624
36.59520934760572
49.32497026767233
62.26315949915555
61.4763144829888
34.88193258905183
20.765948885108998
2.793930977729687
28.875449164788286
41.56286965049961
33.66232381804498
35.69344111498576
49.451618485267765
52.77087433979643
49.79515465452626
59.6768675202885
50.10591558807914
41.940261832933814
5.678756823605873
18.82533706745763
26.588184176623443
39.717141600281664
51.880762882138555
49.07366082570874
49.068277638978465
61.23488648398819
56.3118816508305
57.05358377407073
62.60316832057226
42.37121499938422
35.97998617133413
46.15124789809353
46.27641870653921
46.20564585315674
33.90779538726517
17.25418818879853
31.673712065338933
37.3632736876998
27.843355154343598
33.34646283859024
34.77466576703344
0.8463711712253499
29.585413803681377
35.40822472558553
36.3213784537968
0.5259901846879345
25.19865308053435
59.39004505023935
60.496752469759045
52.766270390221
60.387096350896904
21.90383810876684
41.232730912145314
31.862848284412195
42.938907756831846
45.03719569656822
16.049792038709427
36.820720357685644
31.632094251362098
46.80487019872825
47.697806269912874
35.93368558476725
45.5626189788704
41.459044131278596
6.946061664346338
33.07402489697289
25.353275206442113
60.5984378405424
35.65198689982135
52.807370713726954
43.64482995954961
19.98141569868249
45.49693081920262
30.220843937419282
37.32369802881516
53.097960395386636
18.973001490430207
42.02846438458074
46.39572787771205
35.572493834492086
34.26263340564615
54.15841286988479
8.69015238305024
42.21491019929323
42.48186084383414
40.28508144553952
4.41056183334257
27.746022710970202
46.09143957649147
9.253196120251083
15.489830140304726
58.27088629400474
40.438431576653315
5.333708694433632
43.397078231313614
49.216819927864805
43.168135752788515
43.88324881516037
43.111659329047875
49.62986030149385
60.088331524205344
36.28373871980256
1.4853798787946957
61.26735198164726
6.302773089738906
59.71899721689046
60.17610489501176
33.20308470367106
56.56861750054065
21.91245004149897
46.451954079334485
55.71710433123405
22.551461498877195
4.738553790410855
45.73476754562424
47.4119626367946
28.35469178579511
41.55221757626906
56.93818932983017
38.81877883304643
21.975248293892555
40.67018363776206
45.157924739643065
63.10861065650242
60.56912128287604
14.720718457519219
0.5226585326901656
59.67772463100874
17.13411514929396
53.032487374697894
62.15317110022218
62.31907468923102
62.21032645495074
58.13575056763023
17.233134971984633
42.99697623564941
23.767238735774278
27.04269231605459
46.48189857728414
32.17698945003093
35.7124825224255
1.5956620896347502
40.15360194952898
17.55274069662137
36.5397172284941
49.147204735541045
40.781394574231996
40.40713294056208
40.65567475348102
51.267835780040016
11.57611765157629
43.11121766137563
35.91133592486751
54.87220648922223
59.46201863163572
58.77042936545489
63.12370960370909
30.742596954065263
60.80700209406537
58.38231358930125
38.47619881446819
44.15604544782962
55.18975912005094
22.194487518585035
54.28030845613066
27.268954492035135
52.59162880897339
21.460267036568666
25.72305967417978
28.030681574996414
52.515181651744655
38.59707080103102
35.06662850031405
59.58872000487562
33.35129704062584
41.701653678757566
42.332903346942345
46.22593041914935
59.348179895684375
47.973254116362625
56.60956337373073
45.078931717884444
48.88428296271277
32.05014543180846
63.53891366619093
51.75844923464471
8.273168418968531
5.649676037860836
47.74450123755942
46.45864985619862
47.909957310823266
0.3512733593700048
23.745422569143237
40.40320083668263
58.63636581115273
63.73979350991648
33.37072821006087
42.562492028195024
21.01412830916039
51.583206005974425
54.89079481281729
15.996376089120893
62.357759881512614
39.33490158106685
60.84432555034527
57.166358042126845
54.97247729974525
60.926752241370764
61.70626381895676
31.744339013007057
60.06882008833851
52.3759373822008
61.971509570907905
18.82465157276745
28.03549811389835
63.40914324831979
56.759596864944804
62.95219257102222
25.053289651507136
57.318676147820575
27.938843538869662
52.22744445030066
45.52817564891022
54.41699290511561
57.72891718976847
51.9235953049375
8.905779444914891
47.272432850711276
37.308976401279864
52.592348502111804
45.29115599156076
29.412041265356834
25.790001071005463
47.629605197826166
20.892430884543288
18.96674829645511
52.586538898364715
53.01761319679741
10.61388557290298
39.883717103924056
33.11801785316578
61.11094433220468
36.94245034685177
43.332072993126246
40.404214801647335
48.77384632204492
14.90791214892866
57.02772496466878
2.4313044466579328
36.41051398612704
62.006132529972604
50.404341925699654
