55.23319054224085
63.36863891770712
59.14714195966144
39.47361087454226
29.878630778121448
32.25310886290431
11.694356953331962
39.04033695347282
29.869111357695004
40.535450577718315
18.165271953758484
39.41020138533118
63.30797035602742
28.827712716987982
36.475987495223784
61.77324008351046
42.51228703854847
58.17721510462083
11.920105174198419
63.52728351830409
22.7981068556336
19.550783732132494
32.986513912102495
38.19670403560482
39.39494929861647
41.72939918629559
31.41461675564102
19.802246927607108
12.201080738157422
6.849331687408451
11.757491560858846
32.37172124599424
17.782540067065497
38.723899317506266
22.461818863071592
40.13381272962948
61.47853509136016
60.26431296863887
18.443986299633657
11.733986782300015
9.851836469775954
43.658373034178254
38.46198902218124
29.7099308667322
11.697075639437863
37.84930490042448
37.60280397676999
35.8382350793718
60.3296704543321
25.196138115201357
35.5959079111548
39.80539036042157
14.079447446648693
23.93949790322796
5.9466444172910755
42.927953242548874
23.08922257382092
1.1420252311108925
53.43851605001219
51.20834259775267
38.357862505333784
32.49370038296567
12.36115210740467
55.58705140765701
37.66814371834052
3.9430248221162785
50.616934870245146
45.899422102440454
52.678985924601065
61.45706047856186
51.3192313277242
27.11329522271346
57.876370699199214
29.474999571110935
61.20630067003828
16.37516262753259
33.44583302594477
11.467532272234948
23.888716647625557
57.47154452346222
57.341495647059176
28.90215791936776
35.549919719411726
5.401927148226349
33.59239119556706
12.343808560458001
56.324949670126024
48.43673644852149
18.611800527800135
33.029925269164025
47.92497511182194
27.101152170243104
59.396226772657116
59.133134397185046
38.127262549758726
38.019107060767865
59.21199030741789
4.546085897988235
57.139666390174895
40.797893041478446
14.845096560174163
17.021822391967838
23.753556014330094
56.72772349994139
58.72752726619252
57.45407278925672
59.75766682941469
4.24942794330758
59.37846953438513
49.12527631772755
11.325255341463098
3.292536720078523
53.305572585372715
21.84283964333811
32.152712692853484
20.34131126564249
38.97521608066597
49.30193202046576
14.162890136864931
36.57647020798384
14.612297621805475
23.36680864929614
32.86551837038246
59.27844897768177
32.28367625451163
61.69905771394703
21.98173896641333
31.145029090187883
47.53551253099988
40.64675195516716
48.18300504432132
61.19433907958885
20.672286249300164
49.33649266425394
20.839444689416148
48.38115126392083
42.199504631889525
28.471472800560612
62.609784616961726
23.925943960992505
7.369476661819064
51.56512547231224
60.3450995999802
4.305279166411431
17.89646358819077
46.82677771033191
43.02969775309281
49.63061146008209
33.46016554946633
59.324051777819015
62.06295248649452
55.52215405546252
58.467914799760415
62.034727456411126
31.560787754943462
61.42232831539995
38.57533436153457
2.3566170551433174
51.72707341382167
46.58620525813501
53.62134226260798
54.103621972950364
45.71383720011268
30.13280566315727
35.5785999307271
41.32170737002039
57.10179584406076
44.69324726392675
31.474453287265995
52.44173500554852
52.79213040390892
46.12205098296559
47.96315616528898
51.146661311393075
55.948616370873026
11.85764952017474
18.568463800256872
57.21459897490153
59.374293624576644
42.64654443788574
16.810101043893717
45.61497216132755
31.208106315295787
57.368424758485155
31.007903148504163
61.12271746599188
31.54141541124877
49.27673629529185
55.45285173153153
60.72469792887765
46.53732537215217
36.604720834332404
24.77866185822822
14.240576259740465
11.129626235948017
54.635244324269266
56.59210484998174
37.377302906551286
49.12801433083298
57.60009789343697
46.442703333125195
21.82326250684325
63.61302159209014
10.446505110327294
34.770387299934995
53.308892761754095
18.589549350362617
55.06734989695108
33.25873776999869
54.729815847582856
62.700224710765106
42.49300050836075
39.18247276525297
32.79692699849364
56.82390279782275
58.186782734438
50.17110411734462
16.688228541895704
10.501667256160083
16.65398131331198
56.141391219184335
51.140251151671904
35.94979028867455
52.64314738505767
60.18728980345126
2.858174333374137
20.752049138850815
60.5459811735286
51.29728627043923
38.94251948203285
17.45474520703347
57.8618016551998
13.922691163986705
9.304479661922414
15.422559199818267
45.809502252490475
47.49843656754616
51.61729669106569
60.31666968522948
27.347696085233515
30.831555781974146
62.562144686187104
58.53177564315776
59.57994484110155
35.95153039478315
36.03801866451024
40.55280723827141
15.597849490645693
42.71929494216997
5.6117821815095965
58.23881973512789
57.25286417756297
61.23176246041525
36.88561713460898
33.27983586194469
62.95113504771534
42.86247471920651
39.95673964097417
31.3083366788304
26.103382647165958
16.03437459227947
26.241262482167848
46.574325821523445
56.26163646377168
39.380790402534046
38.94887068054072
54.327947410215614
23.381437087163015
30.92125110918476
25.375275674924104
49.97005157951127
56.28035495393627
63.355731604037516
49.69948365522785
59.54451145024976
50.03530704130643
58.95998991592963
52.17886321344377
56.80040929232377
54.62083736641142
60.00717437899777
62.81663546164902
16.594667738714342
27.7678721955495
37.47377245652648
31.888141950525757
49.739822794667276
49.50130571945491
43.940665292966216
61.96025004524898
58.71146072356541
35.47544235934504
0.37913244336605345
44.0360771188915
53.74695874575701
31.24844716767246
52.63900039756942
2.316930593684198
29.978688913899497
5.460193966636751
46.231758296717416
44.573290700798424
17.635987809302136
41.9318408915248
55.66889944829815
54.7134913522675
57.883272255741375
31.180722151822046
59.39378086638255
35.49578326651452
47.31643896293559
33.475769438378165
3.3169194353199956
55.06885894745199
22.163054908276813
48.9116803192769
57.84691557280232
24.3321729081881
25.17268923036523
54.17666405343611
56.05101435663036
46.22541383174127
19.336639073620702
46.87890049513129
32.16002133567981
63.03711099807584
0.8826984047103537
56.63266392902681
63.54248837702253
47.88711347080043
43.848344517353
38.84424106286308
60.25212106531221
56.89021466620219
49.96062230360057
7.234128109089681
39.94179781400513
36.10211545519749
44.90623291140967
51.679339628674356
57.79324105433806
58.401511975897435
52.20407590643825
55.0948984403192
53.468932226854655
35.634160632158
38.41145009492337
35.233064260113935
27.408419193396014
7.178115493455785
40.400580307448344
27.378206438190645
62.81442562228887
36.41574952021932
9.594358684650565
37.59741332535924
29.302541398397977
39.69414939147079
39.396773891553636
16.688427048270107
