37.702114264037775
50.30770777793961
44.13988154895597
22.975591726422714
63.509230878917656
57.97398866186389
46.948949418120414
55.73602890674409
62.779597970686815
47.09447181214387
54.858560217321966
51.17383046925803
47.773228022354914
38.00319354674204
21.982217001267514
21.126166202715147
59.5969279666926
45.29805362292031
44.21304366242428
48.185502388196035
59.603700513157
53.342712554022015
23.31453990118024
21.768149544885524
41.073801183853064
44.00938622341897
55.87646317171166
39.31479568520791
54.22703621583384
63.775911369083346
62.98476551239987
46.737529976532144
42.908737369774784
4.903077455503151
44.04443783510675
40.05859164131661
39.90909298729016
46.78162438743797
58.13532207952362
44.745768469273784
58.00357475942407
38.25493227274322
46.84867590107014
20.42847552672061
40.68734305845036
50.92443749073354
39.705902678200516
58.44518337364287
21.77221046106225
50.34078639044126
16.143086828650773
35.15667735926169
38.8019495346293
39.35058174386719
36.65583539998933
47.54005763392862
59.8645180415623
33.06200038197811
55.538360101571854
54.6859285926431
60.84897680951955
0.7953640582805619
19.76721722826798
55.326982780027365
6.708356971143331
48.44595227087129
44.92306256130502
55.541085857400475
33.475113635462094
29.618493157064698
31.930060591152895
24.02807782175651
63.2690865170368
59.93546364517177
36.44278227484042
55.56767857684212
16.625985872994796
13.773185033066824
34.39469991420671
30.907893471689505
19.983844740670996
51.684819026118554
30.528832189904655
48.55421202249901
59.552432605423014
26.414145561405306
29.736383665203512
50.18390957231228
60.69914871314727
37.97550154562106
18.558236508057306
18.530303182891387
31.562155413336896
36.618258042802054
40.787388470156344
25.462037323226113
62.92444356237778
10.383718377502497
23.973771409704774
16.436643214641983
63.10015233545497
57.094156404131624
48.40869399181631
34.148565748045904
63.1122353255835
45.431251897524334
62.31460772397407
6.161922026549874
57.281251762423544
52.35991707847789
61.434130133381345
37.55503795153156
14.85460205343928
61.08900999287843
49.95083123382224
55.049756912417266
17.086135462282023
16.537411355066425
8.594945494528218
57.22196803381197
32.50565733963047
8.399719269671692
38.73394291612894
45.15583717047095
35.164106613891185
24.038456518832085
52.65122274208598
33.92679347262201
15.221790102293987
63.11488189729983
25.0668156023199
34.94790034831705
56.948255717505496
44.67558477082137
56.48949667735864
42.7515628884785
58.05531408167426
35.75821813559858
59.67204609715953
59.40471844947156
62.87786006539412
44.122966135289225
48.40374583814893
24.858856148273297
62.6203875455242
39.66741947542555
44.23543872972076
32.9829110367428
47.56980404018712
26.522502038964262
27.815197213648084
36.75954219224785
50.8027467092635
44.194220535989615
0.052625508967764745
42.02653513126465
55.01941059970335
55.68340057021116
39.185036083516025
2.037392023279807
55.93216268767863
61.224615651658986
51.12016609912641
45.44944087811234
26.79407507981731
32.333440671645874
46.976600079542
43.56522568364298
60.91617474835645
61.97649564375701
35.57031154759683
54.20766465398259
57.19106195394846
59.91845598479072
63.22998931060564
22.80953074668973
63.692050830610015
56.611834762245195
45.274893032368965
47.32180173467678
46.17930471443712
45.67477455385363
34.15050641591583
56.00752660663419
41.348956077713005
27.584782271933776
58.49910349894532
35.15505929248921
51.58260174674617
46.499402471570676
53.07635251918937
63.12173193035094
62.714522981848084
44.324933030095934
32.72131586542994
58.546908598574625
47.2943715803612
28.307020075289074
39.54546365191709
54.96111411218724
57.77243293868206
35.15825097861652
24.02314722504243
61.55710652392832
35.969743889026645
58.92474674995703
40.670412416499296
5.266983178559613
23.320692819344494
12.97411395446749
60.8476023140862
41.50424241935984
63.862192841765314
33.981149423183055
54.74623802852792
51.58396546502884
55.91164516313998
49.27958226402841
48.57854069423189
63.903638571160684
54.34569002728334
55.85539792009777
20.126807994340226
32.85129383266007
61.151407245630345
46.416011216453384
16.487306571220557
22.658939846082568
2.6335436837924746
14.61033088526991
39.12676687750246
56.721321140747364
61.973620267547176
15.014479167018898
5.469483181206229
62.768311178453374
63.38703575866933
55.5976445187807
17.510823681167267
50.45101079174618
18.81130333642122
61.57895177225538
42.685858312823214
23.35640260762777
10.00808618963751
29.73801587868538
39.42465087491189
45.17631731831723
9.53763814196678
42.85495302795787
60.754801024041754
10.009903724054396
44.56759783050964
8.28263535329988
13.471614800817498
19.914327809402877
6.367270645491907
8.936867737068326
11.5719503654745
43.94936548223782
1.2991047869473036
32.93428738114895
23.695271476171357
34.70510024891642
47.91382051129649
62.437575348862154
62.70165211579938
31.681481701294665
54.30662113543815
32.9780121484922
59.9293879113868
32.29814367365917
56.394796514254836
38.54442437918227
7.275855351323763
18.632341883806696
61.332718769150084
39.65656833188676
7.809615224718634
63.57785631078903
17.84743621456154
59.53997880577654
62.610688177965514
27.460330173699226
22.129142680970453
44.10969642672295
23.740533618211202
27.280582410158317
48.928827839478146
51.979543790141946
19.214254077058307
51.321504394349304
42.302384179418794
60.44321398889205
46.1086353608696
33.936752645539
31.735354040314697
39.537162518253936
27.831620765973895
43.49016921585242
63.2963233888959
52.381568182481644
23.905629069593523
53.03215786821611
48.99748251305574
12.682086930187971
61.13715903654283
34.11476235581191
45.467762181406954
5.847317667484305
30.865167599007492
33.53534756283916
19.14120538267121
35.339295155122386
17.361239396111742
46.24370267452582
58.74862511214108
51.001592467509376
32.74457271934973
25.027430945205687
37.04775186436279
35.94947444513886
57.51603410907551
29.784073529766154
56.06130785386508
41.87115511253897
57.08136792410413
57.02447290609384
15.906280842784817
16.296172141339213
23.19511141316935
36.871968627003426
37.643788539331176
35.06494796637536
51.38867599209536
58.58667473059817
61.50001809852358
49.30841612433823
57.84830041957716
53.21520746325373
16.039441744645515
26.64079590926174
54.88660550652299
48.60713606653669
52.56767906437009
28.79022172945144
24.577416230144543
34.49836285002862
22.895099587673606
28.699765008085926
22.320835907929236
17.55761146313943
29.407741673017696
28.750802680610207
17.310181181092837
30.09748110242863
62.420210722995
39.502648214172936
5.675821512499745
58.218504854424324
