35.088212981055875
42.51656986076411
56.615299604175696
2.6088744844177825
51.43466000380655
57.37916498682404
34.90677812045066
27.123271195111293
53.103043360066366
43.24421933515563
20.52390591933269
49.474573236097825
58.72225361960185
16.309371040420594
63.71456911754438
63.37826609021661
46.773275490574605
47.433454038277944
32.01584907098835
56.46906278388385
11.518827069985505
17.188581729778406
35.28332071207904
30.996485927954012
19.091875962137088
33.92471205257114
22.514271156536694
58.889870491257085
10.747641583044938
28.51985642256716
30.025574796899306
61.11893224437285
20.915699319898017
60.917490601818564
27.794192495290147
32.31492453133964
40.01005836404063
31.953972526618372
26.34805046983446
14.981146606925904
57.658844039516076
28.182111156796005
45.947783085571814
20.253767951942393
29.154917986611913
57.89173670418015
16.865657710752664
12.94047111990944
38.68476509979413
57.65752557185925
29.422717325318935
36.92206393339278
35.81727596260066
55.27478399621088
19.134166146444244
35.56160428625836
17.933464497330803
28.74229391702673
55.75418796837539
53.79931779414336
26.790490600025883
58.623911164455535
34.6470112301532
44.1262489509925
24.587463837266178
59.98435287901163
57.38148152073886
33.721685657981546
33.785737595226124
36.83799570982504
34.84688351047141
50.601661389433566
61.775518780883964
0.20269723858588407
38.35352372238445
36.48544565419867
54.91856942776365
48.273313243297395
59.15119548140754
16.787800763534207
37.38141859572448
61.0154931296709
52.75493244102253
4.548817246937546
58.29683871452661
45.11105322115614
62.91739908979913
50.22242392903465
62.46375766174916
47.0333264087213
17.448530283741725
9.859852747178323
18.42692418986409
46.30001550275695
19.840650825392224
60.7423403198824
26.132430330115426
38.07374753958914
50.1565851810691
60.86895443953998
9.884376794705368
54.04996082229168
58.72994412954067
10.18008331755209
39.37635904301295
56.82650547119133
34.661033308486
0.9229534459844686
52.77963328326429
56.18037907342778
31.194792830962847
1.3089470301317903
54.16625575789424
51.98710485662842
17.439641663552557
30.63261880263078
7.335311103164059
49.222596993709345
37.53474445248939
27.116456895370114
30.728541112661553
50.13083231815973
43.29414719080485
53.23402170279448
60.514506700263105
39.809554820207424
44.43110549453473
59.996324389821
62.880677163088535
63.202313937171965
60.16857382441433
51.46517723433267
60.74651537162564
55.365252796885386
19.06636175149628
63.82500170453562
44.27354677917162
46.368573855890226
16.71968114679779
48.116333029867725
17.45721732879236
11.369459394526274
31.73537200148173
18.30781239161164
28.033192653528438
51.040897351225915
43.62174009649629
34.657259398574155
52.31454783317285
29.427201159719907
34.54113088345821
43.167721671345895
55.576762770792584
43.73332420593178
19.201479130565488
59.18035657684032
46.80838284889274
41.203227703438365
32.92579507889258
53.746498316123656
42.19122175845335
14.527525841291798
44.06245813296139
8.36068131264014
60.006966041652326
35.55597915868714
62.83307950812923
3.629775879271719
24.40859878619242
38.99991219970948
28.113192584211333
22.05198874267169
12.197503768664525
33.37637577249618
53.77820663021813
54.11217968617137
59.02163447696738
41.44081254900938
54.70338180769765
42.220555836964
18.923132696266123
43.96157064766684
61.82782496134927
46.465728946739944
10.289081930637863
36.83283372101555
62.19445099209769
50.31378029210611
28.974841229334807
58.2005678735856
48.312704685538336
49.40199905463777
42.139632867098776
56.30584045051704
53.369714377735455
23.751579020798083
62.290179548753926
59.52250307193012
37.30214859191803
19.151569976127114
35.284830233644584
50.088927618080376
13.227242022312396
21.174484090485954
59.46488666953932
20.12811284461597
13.282523620234464
14.479401736459607
39.04607040675744
36.964625574558866
35.48375443394988
52.25686600209396
39.386462641366165
56.10989328466408
37.660136914291115
21.064898618240306
45.09809392099385
60.51020992923502
14.430486866640926
43.53820421920017
25.032278390827585
51.841252581322294
20.529758385249522
31.64586014148587
39.83812570322108
23.130274212046537
31.91806616767932
21.58879670441653
8.48500094961011
62.8664642393005
59.32435470298522
34.93073546123491
37.941363638779436
27.17776929236654
55.90805577307777
31.700917355514086
59.16029825138574
5.428313420627909
9.689548950827515
61.27744426961089
25.553224931396215
18.565206527463737
34.529618512278574
17.515310785815025
49.6848197096443
32.47792894543682
59.259788829373655
27.270071370819153
63.47049035807829
55.12462866799344
52.910840593304506
53.64643268400391
60.525645573905315
17.004513965271514
32.02086514685996
51.753876796779416
35.25954916112457
8.59815823858279
23.076829395865907
43.26069975133893
45.74062910909706
30.84188928347224
41.08375907899933
28.803652956577153
59.167885219705376
56.01796189745527
10.827734226095934
48.38223661015436
55.54187582925769
7.239567982142944
54.22738606075822
35.69482146345367
52.628896652654845
22.23175551808768
21.56341717630724
56.1238757311471
38.78268427632669
36.579555837658575
46.112085006602925
12.775674442244963
30.19151386587579
33.140900017286555
61.57047244750628
32.08207546639616
41.69427543764929
36.55643556251558
36.785974532514444
50.73408630308795
30.519415968528584
15.593615847869565
48.39246050538422
48.17996683391436
44.18998581643144
50.72465432409785
3.5434400407530546
11.348568649758406
1.7621391125156975
17.436401839227365
15.694697065201488
22.48563411467422
55.364486574995475
11.96539157647127
22.239661127696962
31.92928225546541
53.779500333010056
40.95703655875799
57.98345457827555
61.68134100510434
31.97644184580897
45.85231053836996
62.83930999499572
26.724213569094566
50.28854210298217
59.623965004091644
40.54149001537017
48.383172962043766
56.62693277961837
10.572731115808558
45.988994753361226
48.21726560814588
9.08941991119395
36.518531209436674
61.434409313564295
49.64942888047776
7.188217420634778
42.60775118031268
50.94922758702161
4.418370305297806
56.57818884527437
7.7761592040254754
7.995476235008766
53.21934151928776
41.85003300590789
31.581920927336412
32.727318984670916
59.58750146073126
14.467279219280783
53.511266014422404
2.944500263135005
57.06974139373345
14.393597790170709
40.38303865170143
45.49345808235303
48.57138504890699
58.13590534389387
29.39535681968811
58.850391966184645
35.131479085979954
41.4767177407848
42.74708817258163
39.75294795410716
13.268765617308013
59.39956247204358
45.45507859267623
62.98394693743433
23.60262970787857
50.393471372576336
33.79378447600535
27.577937867368718
57.224226023123336
