52.68099106549952
41.063798316245055
40.83627404559453
11.126300357233198
53.36622724934743
19.656700258276977
57.938261402330504
53.76818870823632
41.50276172306776
42.50415161509723
62.45557785818164
49.422551503255406
48.4728211967205
51.83041736065482
61.17318868050533
34.76611550854797
63.31217640004874
7.973577380007839
47.702304323597176
54.47242390674058
47.841978623091876
18.725383419582684
58.20730913778429
26.13275546226275
49.08367846378151
31.39677318313948
33.949442264234136
8.537297662805955
31.242482587835283
12.249492494905496
21.614271979887228
9.122134714765188
63.309991571344064
45.03569959744612
46.88450596306585
1.0178968666323627
51.42304382213252
4.085343869472148
62.58628888159397
32.37597498090321
45.46847544015656
60.90116056043286
59.28408503865346
38.08223230295162
24.61154375980709
50.45145569928964
57.344306022745755
62.464574038226964
58.48026021482132
57.15395658801057
27.343008331535252
40.51875152145027
21.21557994805427
52.509886570124095
46.595846146524195
19.060783318234527
17.195575645942384
60.264003563525414
22.15120028604717
62.1788385617555
51.261669820707326
3.2867938724186345
44.047326107677215
62.59436556082679
43.174718309800845
20.971836902641137
42.68791911551239
38.598290657522966
61.68418026215616
41.83626192885208
42.30232567690341
22.279136823552776
48.8327178740177
43.7029381501164
43.445826398488904
55.677349519179224
62.64970828777962
55.344258906245706
30.74153475982755
46.15189685792369
12.374910129353893
45.272413724157346
59.89795745115002
31.991879791173936
50.82866119930868
17.52064040859033
27.714924582627404
4.147938282300082
1.7865315448068912
17.205108046702414
44.5707054374475
45.003983963478724
37.86708330099435
50.746841631959605
49.984740833086484
11.002948441295224
62.863819410117664
35.073522668743806
45.95692045842837
41.82916952255587
51.703118710944416
15.870299534740923
33.397169584186884
8.586082522959245
13.464044224943471
57.04691746849199
56.60278071631832
57.783256632511176
42.34362247082747
31.278406486606002
57.94303724372173
36.25258110084657
1.7814306030668874
38.26950592721005
17.60979947566163
34.92805285718276
42.07456432200695
22.407124498601405
62.36346678376946
58.22224567996044
50.663753883234016
58.69949111790747
43.685244546131685
38.94218450019663
14.374235539888126
33.79030387543985
44.83670516413834
31.985527326679595
13.27961126126327
41.80983734473145
62.256434919112564
43.819005510509086
17.607060162368867
23.939527093309366
5.148838268194169
62.18642049809558
60.44226902356314
54.75186500022766
26.805827591349164
17.410405642349154
63.04056120603254
4.708860865851747
49.35331364539236
52.71594461602304
35.50555616047562
59.82965486968782
54.18317846509939
48.509702289394504
51.51850122842528
57.86795750777583
23.414306137859334
49.09300046059984
53.94863105142405
43.629286712800166
42.756607540912924
26.098070137468127
6.641438523613253
42.510680989051586
53.416078661019746
57.534606906792476
32.34721533995617
0.48923721764548844
62.639805852023485
62.17483279348871
43.52776815610427
58.43535216630603
53.35808519903292
31.122075445500435
42.39545200853232
45.267868267916
32.811749712764374
46.157779836851205
59.343551505342816
56.91361619182621
42.13855503209818
45.57031986272922
40.88292529488399
31.845163344781007
30.46623304581015
57.02599508562205
62.33403613248519
49.34174097901433
45.450578316840236
32.38965340679102
63.34065066118305
58.18262611888143
59.945003349521166
12.522655466632614
43.30832245647095
52.79632530448443
54.46297988772813
51.536660945131906
35.109309219834444
1.5018351814086017
59.69625263685945
27.585826810907612
54.1555666384429
58.00471263762609
55.96053702386591
34.4876372520302
22.350940384032832
39.748704742518775
39.771398588266905
46.403602437098996
53.14442451412608
48.41609578692477
53.52729063003851
12.515629936767446
10.15789711308507
60.70393018588618
14.292773867633528
26.390751538611596
51.37724668013904
57.798050321453154
14.512998705242751
48.56079197813948
57.389658715080735
39.803371660780904
55.778580841950145
45.579175153654575
57.602451688914044
51.83567587703325
60.252763057621635
31.64949567210062
48.60857439615665
51.7337076631561
42.511995910992
28.3359096902866
36.24894852614232
53.62569836391879
54.756166475461626
55.575213424568304
58.479771816978165
62.95695152642113
61.20977241463071
52.75184894163035
0.045528146699254535
44.311363646287504
38.86620146478041
49.667067364878406
25.171486779734437
61.67938397169576
62.38528644480244
63.725708808477755
49.03943816635223
61.9414860234966
62.31603093009936
60.826244082443594
4.2253296706894545
59.7219168909136
62.759102832078916
20.591219205350313
57.330841059206534
29.617402234534318
62.71663017304873
17.77503874365913
56.03493152448283
38.331274431864784
38.41725295603797
2.9933222988586863
48.150631059703834
16.943123562939853
56.96660329490217
33.38042597138957
40.87620157454721
20.864086415068755
60.13381965047403
44.0432662041388
37.06047653784509
23.984820787274046
18.75277998658448
41.024921219733
37.075661149015986
35.652475302353366
27.32366153901627
16.675487375232734
29.34148336646855
40.13164292163367
13.724069538722716
32.78480988280066
63.68957842633872
62.63432743639886
57.43325062671015
26.793075207316456
52.942514010280476
30.10333325953134
63.03154050034627
41.98118207503382
22.267541485297507
51.041528314271595
51.25430997680345
42.93592568753268
63.246571208640106
19.39481252831704
53.26034773104131
56.46643626556012
27.875535023245988
0.31670190823484035
63.97782601732513
34.001838058770446
32.468139106549074
7.956710899747506
46.742731153885245
34.45640332073513
29.24801816338217
56.384172464962106
46.54794670411312
63.18799692239788
40.872076038254896
31.107193164383247
47.0452907081225
43.571891509610865
51.312167988474926
43.361377706785284
46.54656409654615
7.892855623790645
41.091084072353084
44.796419373346524
59.609526065112405
43.28622403200221
50.50493522077227
63.16435333898681
22.911176014080475
51.36366676927903
51.761680432129154
55.79699268444462
29.289273884158717
13.480070428774702
36.207867948938286
45.939683794762416
58.21888958036302
59.69811326483623
53.75943535761864
52.069971389649936
46.37445410952534
17.875889933929663
10.886103538799397
37.33885550996938
34.92084047644046
40.37803883028829
62.58107218097432
28.433081691206937
48.98496957942399
8.562768757269126
60.84986624320454
48.8198707455988
58.37432396226266
61.88341820694646
36.29706527712979
19.74231448409504
36.19110155284808
45.95479938921639
5.513097752699856
15.061650663177858
50.870474500005216
41.72089004875576
56.104127048787696
61.111476912911364
43.58307990812705
59.475946021513394
