26.655365619594974
42.75711557598555
34.146312875955346
33.344351485105264
24.848387182706603
2.448182103525653
61.519148424299466
60.326242524585254
16.82336907966016
49.20744616390977
9.034916896123008
6.851122454797391
56.11738970518669
52.22413878698619
63.93337164466544
63.93940259503541
44.05262919485486
43.633155181961385
25.97127963888662
20.690533392773077
34.59845905648838
43.165810440357816
25.704039006682343
59.065036104237564
50.3419920647233
26.331333617137908
51.87668057239511
60.95906102339905
47.946042999369894
4.025160179708024
60.71796808269861
46.66634206028132
60.310502219651106
60.12422657421757
48.25362984408164
47.6460131872739
39.302656213229795
56.212673701493664
57.146190669743916
10.332392879528456
28.906523738900006
17.38730580933474
17.715070818158225
49.34538484970294
26.582388603153603
9.803295638154225
17.614150627649984
56.514646807286624
13.192340816876865
60.13712606718058
48.82818792651985
42.7272330695277
18.849723921037047
25.328465878040177
13.53852499254942
7.5139817157686295
32.78297107285055
28.05496091319909
25.77504508877192
14.907284547412615
37.48716490278843
19.358223202459854
35.65608753023809
49.97587998781447
40.02314495033575
3.0719448243677405
61.591713110108756
10.868737486469854
26.431845067598182
33.9450278902021
51.48506157350025
52.344859262421124
58.67087469687979
46.91680480978248
61.303899170094645
20.534859545102655
63.58230841394453
54.75448359243677
23.977522561720505
27.40813754377652
19.207671133898565
20.357618549691168
57.56242770709742
6.212334909128636
44.43741414839478
33.38350799910701
61.09923670647002
28.431876769928174
26.45211633830771
29.461924569044356
46.7491772300813
38.032106245598214
28.181477267389297
52.66863919908655
62.74905560483257
63.004141545127176
50.094604089246175
48.896494073203584
28.669747165593783
61.09393155547184
54.96081995448098
56.35436005321538
61.840749086240834
50.020307112870434
55.894936663062275
57.78030215512818
48.19292606970588
45.68044078445713
41.260473312125285
41.102052477242474
31.359608604232875
60.28216658648069
4.980482397950105
60.281887600402634
11.854284596427831
25.196787826404773
33.66635612275349
40.99105283076642
61.431572484390564
13.196282496178704
43.365581830705096
18.00752976040927
41.06431363466575
37.340785213601336
6.471366409531399
26.632937593637045
48.45019100549144
47.78089029910114
28.782653678319427
49.48735996122672
61.45238118564422
52.90854231561234
21.606928927586402
16.344995152842635
47.5523216631731
39.52467166970338
57.775403134095676
18.614597083381057
13.076641601910389
59.53742816981803
8.68959864690433
57.385664952839356
59.06247683175238
56.19216461375517
31.942375514874797
11.400192911968105
50.721022963645346
30.719579608390113
46.164410164946226
32.331940722908776
20.768460361642077
55.67939795121425
34.03183272735667
38.025819213854845
51.2512529042676
4.931922060035056
50.03650700776368
29.256940140277834
32.21183156444502
26.259458606586485
63.40071484465135
61.39071250391569
17.098639950316972
61.68271296859156
56.22257247551016
3.1496519501362314
53.109509337743035
23.644544635468947
63.04160350521156
51.098686142159046
4.425743635078263
21.285462232610648
35.89026045158613
28.405414442501197
55.60183327515225
41.10371029672662
5.729432461083917
63.84074705412284
48.81870281653368
31.109952220025434
54.549428262392176
34.10839834498295
31.10277818898978
41.31818572769549
48.82669701351443
37.891504262097776
45.196758840041134
28.682559710659717
22.888881548348174
36.62956442673379
12.169883719546554
57.12974887578045
46.870801244301546
35.918232920641145
35.718693818577364
54.7916016770337
26.406041923961823
44.23920767625818
29.86973225814009
52.7628260500425
27.756305471686012
50.179558322475614
53.007918324033305
28.215779860673777
39.014131969446176
53.73284141615735
39.50653393579863
46.47951793688412
61.424774357828746
30.272499024842865
61.64661319368544
54.220980522250514
62.71417108218097
6.756940346742304
22.079070688128027
63.50801158278669
49.199963389589655
56.62275073934451
36.85780566124056
31.551201626685717
34.69321282534284
34.226564990550756
46.70468453640477
48.45330448560744
49.27179706043024
41.533890576097484
30.128820664103387
14.362712680997802
35.27074557868075
47.536730339433795
15.736516364467121
46.72209274354171
60.808677438362785
12.369733308803532
60.07359373021643
32.62625293678208
39.78172777820051
2.991011130290154
22.416762676873454
47.50536421292868
11.714989106743793
45.11205989914865
25.339389596512284
34.78305655860953
29.23056097633446
42.34084091664508
42.559937382380284
40.18954913748665
46.30288062547508
60.55232145029171
1.7288355419339538
11.156790909293115
21.864447319936048
63.397267048637474
35.69793086481323
20.66440151078099
61.22622908735896
57.80482435922045
27.56465109302708
21.461645427529866
47.022018801454735
45.53424443861877
44.05996713553452
44.41939889178472
54.62377181266133
0.04829266007711652
25.184070905315842
63.21890983401039
43.60359278155734
63.477502323590045
46.24569149655554
49.22532198488713
55.410864459648536
56.31756141544545
63.42538032921193
25.377539566558127
29.882803672255157
45.850384274854974
31.908186508627537
56.883030785423855
45.02329443998305
45.786189664322244
42.24228841588855
30.405370848300784
25.79082606525514
41.97583593397401
53.23771427082894
6.336012676254136
22.67681299967399
30.173903187603408
44.134118809312966
60.51632791963036
56.43473331156176
34.656863962799925
51.407425580917874
44.29633532362112
63.76014386110036
9.317380880989752
48.938351334397076
43.70265684961266
13.705305759233681
25.904710314494473
60.0504737308674
28.430548116572908
39.12732718020725
48.08213069616847
56.67225259355523
0.2023809181217331
62.94235570909809
28.750803098520045
0.7886899204875917
30.85511935072597
62.91570201664038
10.755799830296311
58.36203124417299
40.13815391145239
22.05414250589083
48.35571313335211
32.89574799817435
44.76393322541421
59.288850292782406
22.42226841168774
26.037528608123232
49.711593679021675
46.90666601354502
45.98804339303978
47.15695514946298
57.141436334606745
52.60353409799552
46.21981996541177
48.89026155590228
47.751554651639665
20.829256821030803
41.48649668268241
46.11988302876806
40.619208333174456
16.039202126965733
63.32401895044954
45.63099217678919
15.883131817828058
44.57039220195689
35.06836074712898
39.98370767196117
59.33451538445691
27.839373699399935
0.6967671172430627
25.925259976402565
63.17912555827094
51.0346415810228
48.790903620272715
57.88780695016359
22.901119918069263
63.52251561803349
63.868838289421504
46.05066109270609
16.131287648087344
21.82768349832898
57.479808139083644
48.47539066814853
5.177078414520317
