12.519485080027465
55.57859221396684
45.33141295986404
5.262022395500644
52.949422187815664
54.84676848191006
22.914091969047043
53.28033650954103
42.538853789733274
25.298517280374256
53.248003286285865
13.789189066431845
52.413209915186954
36.4558904121114
61.83693298947714
11.757270826669064
45.96831886543756
30.4983567790837
31.274498426538628
40.469192398649724
33.5311598416758
61.317313182850036
59.5915737173447
62.46498229842374
37.42806974585628
46.500568342687814
28.056736084552384
35.67132400132586
35.4056614565862
7.915047112559392
37.99871452099196
35.26925888825099
42.74809845459592
42.988056896574435
18.85526333407614
37.804486470347584
35.67645076702327
63.52330293497601
32.635875689111444
53.07123675756774
50.84515738840139
62.65047466874803
7.71631704777743
11.227294139141065
40.39170783941793
31.463560050206453
32.42445911323226
33.2689529940719
18.344073263204017
53.542597684540105
58.02276363393476
57.79146121906088
14.574982379920037
3.9463224067031035
44.699103121869555
39.49845133168883
36.58457189778831
36.693530614878135
23.945902254688896
55.4048894510529
59.34325805234989
60.343346604223136
25.84778722972711
53.32186025686565
30.981256181180747
13.540274293473146
58.78042895611003
41.67871708910363
54.46846684282566
51.86311670407562
49.22603928847397
45.75564824279062
28.73485538747432
51.18939699414307
51.49309464024627
61.87930950683138
55.0066677005811
31.998037386029445
53.17129937307503
15.474200921539953
42.189113553596144
22.92374003467767
17.118943614889588
59.20859125787811
33.80621612106037
50.789751786240494
19.235547822287536
15.985160120214402
41.95908727215787
57.612073846040424
29.10875733304735
22.583163999798018
20.20741545020625
19.047167463337857
53.12879812061236
60.3171584673552
40.28066800592235
1.7133794076783815
49.909981808697545
50.655961335791545
48.79679822097718
46.37954647917243
53.51768768180217
63.46338719953555
48.092042631673145
3.7639754841852806
27.54118329029385
14.461010280765358
51.22893214519133
20.232407617449013
34.19883854839955
47.43050772683573
39.85350717705654
44.643067262857485
19.519470701288803
23.302111781608943
40.09947057744449
38.087048367895605
45.17744401719141
58.12703363710242
11.812113332258107
28.69383601908033
57.043828078293295
51.96430357873753
60.04246319684689
52.50944979304749
37.0123946906886
47.62583239956706
51.91507163186824
63.08674182511457
38.8391978848631
44.656299509863445
46.630705176918795
1.828074115701142
41.443400442400716
23.897429241205288
50.079510801364485
27.622955529498405
50.42914893420326
62.969092038464325
34.899178888730845
6.509169778420443
22.59613715204634
33.85785720692792
35.335199196902636
56.98620478242388
57.029681822907065
31.481725340859228
61.8084625928529
13.057262275846753
16.795478866853742
47.648731301284506
28.3393236229587
23.020856810442353
51.504415959469995
63.84179262640492
52.0042527020248
41.14698493196729
27.0564110184405
50.53196969898409
45.54143505442147
0.09886669938717318
10.963514032767662
49.32380404127078
48.510450651745984
50.67041764964782
43.53209415161738
59.675810412105704
37.14400535757689
61.5257603666715
54.582691976051066
39.85597684181929
58.59358024373543
18.81684169752593
39.509061110035134
59.11997707532715
16.044665764377392
33.56575591949523
24.939096344314365
17.77994409336872
50.79655925577256
0.2529786731090624
50.364518213773366
54.37441546652229
32.62447055452898
60.32988021798753
62.74036038420569
48.930629390655795
21.5645974199268
62.75519531140235
59.02387366689103
44.865496031293866
59.467497599445224
59.84910326793663
26.79584551564323
52.72496990903877
20.276506056031252
54.909354132818336
20.993243220470497
19.950092818371097
31.122523742334437
1.7231350691691674
61.08279366273746
8.573729212288711
53.269022702766875
59.38133777642132
12.227875961446955
46.83122347616241
48.75443371583319
43.048750085087796
59.95643942056761
36.56438018990815
37.599971519141306
49.752054620744026
47.345174740191744
37.33224450096812
0.31118167924276463
28.591010731693288
38.58134109456214
28.717756502235083
51.87549253631471
7.614649125824471
46.81825622481799
53.87210945990351
42.185976096903474
42.04906739474751
30.888079504734442
63.636416953987535
36.95410373438209
52.31216008952449
35.46979419600984
4.163721345940807
61.71428332392823
13.163106696053418
34.22136782499976
50.36788026686569
56.02978819955095
58.5465526689313
63.486418064562464
59.39703760548972
56.94315445363809
11.856341696171064
62.30803579932033
28.995274285717088
25.99113888786156
29.89670970988857
32.22440732844635
3.1982583532393747
45.51896159928353
61.26625152263187
14.460153284604282
58.48128490977198
25.38087217926892
35.64449086504783
34.46651297962251
55.14956605840264
42.956894538121034
44.39303920679394
19.878532410601146
59.439822952467686
47.36875438635602
50.20112888477249
59.79075825182524
47.548563934587804
44.66420999745654
60.89407766857178
60.1463242286871
54.094864751169716
24.896238840674357
56.82661838023448
7.7814531326629535
5.6504031745008945
59.1722526914558
61.917102066177975
41.6238408865709
12.134269389069033
56.21331833673078
45.53352642069406
29.239498593068006
20.310940691399317
50.80024748692822
51.2338721449196
40.816006147299504
57.686215736809174
47.05179403396306
44.2421252924552
51.54151906007524
14.172700488679922
63.32059376294034
6.6741312319894135
1.13596130400407
57.37801618033117
35.10655613306069
58.08984972007991
40.667904815093124
56.59443186719524
0.932703543202436
60.16178942008684
62.09922626371869
40.0596816334068
34.16163441355723
4.883324049916041
56.96400717399804
48.07179925990596
38.51824710657864
56.590279103536325
6.442159626256782
27.091282692820457
48.99940894591092
31.068740574820488
14.757595574377383
40.30186100663441
28.222348804723424
46.31952884018284
52.95712866749092
40.51064430642246
58.91742266462515
52.85215855832252
60.95636105391211
56.62871488464319
31.187839080096076
54.904277918535605
30.203091107805612
39.43509416141464
2.808411674089008
39.2438587986032
14.510475135919826
13.2022376266913
59.27144990486415
63.26255208432738
57.54675126044853
28.45579380306237
58.98666189972598
18.702700995404193
41.31063729649061
6.646694206227146
50.56587828158591
7.054031408642466
10.002012916671447
58.995164241049096
16.201463945766278
51.67083091719107
39.266134681795336
2.2032308049498397
53.46553578184772
62.06757408951868
44.58235782993199
49.067995834041476
32.34261614250231
60.57443150198305
62.86899008118851
63.81852105767859
24.016549821728873
55.61744391424277
47.63688551906252
40.54478422765945
58.82794202571249
63.55552748945849
56.22969104545911
53.73463636300244
