27.052473646642774
37.795217160224865
42.27179885445202
24.00966844794958
16.79170437109473
27.46821208393451
21.426234071371205
53.02097422768806
53.17623568457118
34.99657802879976
38.399339572149515
54.40656091262325
23.318202192276686
29.128516832486127
8.722846575095673
32.64327318376062
40.02795819379913
26.373475201197955
47.57314825554893
6.718637690181303
37.33660353210682
35.21322384201537
48.78588125992286
48.19659862994931
35.47190916994772
60.78861674743589
18.579048935423778
38.47788146204913
41.314044179747434
56.44070799899058
38.87282600642341
41.039687688171185
61.16643835065664
49.38511630111667
42.28628368486925
40.42581674212014
62.25672137976309
16.97409587705326
63.52132602114974
61.96017633658024
23.91986409966578
47.742057256703234
31.65340664667353
60.4714460788946
29.64054215649937
37.17348475926026
28.32483871064298
27.051386363669558
58.67611557933165
61.747400425920524
28.511519752497243
50.703483017004366
46.800691041841134
51.986655312861345
21.37553881282213
56.59328337616618
23.92571179569029
42.77015813849984
56.88221220958225
56.49818051845098
21.319897097347095
63.86036177652809
48.23618537011507
44.68792808243129
23.176057562674202
27.18936708367363
49.7337969881013
48.36855365979447
58.057372132745215
47.38377219037598
42.978456031003674
58.73771200369373
56.45589683938606
50.56975594869087
40.73139845646827
56.96440080906997
11.624270239046282
59.659616214499366
55.19727132934521
50.99253844626289
21.607822271843617
30.95094185614967
23.017157035943185
60.74318430399321
50.20213807455217
47.98796635419441
28.90840632519849
58.14833294747264
60.83016085219216
62.08832610171625
63.64212398223201
43.564207569173476
34.65867508024204
60.64329759824994
35.357530294781704
49.60693025079776
17.199829945693736
28.680579319055774
11.627620205856438
36.33052876862155
49.49903451906042
35.620675908858274
12.185879878613818
45.870078279825634
19.102926656036814
25.37896719393303
34.686106727944605
63.656305465341724
51.37009980261996
31.196528331754422
52.73207623754102
35.80783507449889
60.0780523966042
61.85575980550219
22.348246135986194
22.022731707523242
51.864488782075426
46.26228301440031
56.72739239235382
28.15983259662886
41.477049710898484
54.45165072086208
31.165369208478424
52.684351959410925
33.267407970984976
53.306696224999946
56.11946242958404
53.03541108966502
21.01782995896123
24.51925333548845
38.449501066327514
63.92022124722597
38.12215947243841
61.226946984804286
60.1246687046646
52.918850850086216
44.077091866565134
33.26596055070877
29.873867965674705
53.85824855914571
52.846043987159604
58.2813172592194
44.91698513832214
31.050684297657753
63.73569469244232
37.26970245834583
58.863211643427675
51.6914336453086
25.775771198009068
5.074451833029656
48.39294099737662
46.65024708843285
12.203161002225158
43.84869958602694
38.26102301260996
38.68079249937393
50.8853009615262
18.490817938425906
59.823568321630376
58.18149843194383
9.498876936301748
40.90186920534781
42.943312734559896
54.086992929522985
48.21295079126428
0.6417748580483433
18.825436964186466
39.39077393523537
26.355645609541455
41.99578607148168
48.39931876445122
58.24137214490793
53.08518056921531
35.573385666010495
52.314222772027584
14.854247965042148
61.118367272638345
41.08251660113776
23.907905126850906
56.57295818191726
49.623231746966326
55.97333466204889
46.601685452602275
58.33851760891426
54.22067372775016
54.51237432994939
31.04269794697474
37.37366116653648
20.467305179386507
47.47871260123205
60.05022820695046
52.5935561972839
25.06393229228369
43.02488673562261
58.012587403351205
39.421581254754514
44.707161704360374
50.71062706514269
45.793232489031865
54.32302748375104
59.47342688343216
35.65323481347107
63.37859944222711
58.736668147728906
9.75866282028138
29.265335565790544
41.626017524221915
51.57887952508123
63.25895017434772
18.299449086807556
54.33713523807289
50.07530946677416
18.945909127076206
8.990050474702564
36.96111550517493
28.039474565734302
17.96646084708638
43.09707181590282
43.812463662255176
35.51611219356249
30.96709607233447
61.885268284882876
59.21551523446436
57.53429462190199
63.68221776036825
35.262748789788425
58.329085305504634
35.7111343378071
26.70807644263811
8.246431007300103
18.839162883320597
38.75167231876813
52.29597199118601
56.973107203961675
52.02726487115156
51.147625992892934
33.54835026989875
3.1054124283446214
53.48986289991544
51.491599572203285
63.29340626251514
60.160116598285036
31.893193087832955
12.968638948067614
56.54811170284562
53.142293503640275
59.25287786810504
36.55037155770668
4.277368153642662
10.3400413431916
8.011768819113776
20.21148092974773
20.436543776491362
47.54185851120321
52.199943750645886
2.8184369647306085
36.63563707709247
29.2882557003932
57.09331856805829
48.89059411387936
54.30390572240908
43.510645685217405
59.96903894538707
30.8315171721121
31.216265748610006
17.21111808207172
34.887793719788135
32.593401966763196
30.9411088976915
50.18715713807164
22.914814977633988
39.6641730637675
58.92312331046531
3.2754460145308357
59.38868896230499
7.281256085811634
30.373005805707763
56.68983109528569
56.44442844732478
63.81616895971648
46.4889562767861
46.058072113084776
42.598359153411934
62.35291086377188
52.54227737237342
42.691068821964315
51.1434116863493
22.99756377872653
34.50696294508239
62.68196553531394
51.10661571281514
41.18404792900654
58.19175747784772
52.77392592890561
34.40484816794459
60.79707021637645
61.72224395482017
17.085416976182998
38.585351125494405
20.467749288964335
55.38596837724976
57.18145154485259
48.56054713310308
16.002879743440012
28.11857547272338
6.421994642798808
7.997100698269854
33.029622264614346
61.666252929951156
33.981427043929045
62.1731463999602
20.241043226590747
3.0745235152147785
53.86232304616303
33.48747232181013
47.8955399878364
48.83181148700073
31.44394454050883
45.55176964798174
56.783103394604936
61.90848872677976
50.099624711740205
32.06213107535655
56.63961424970607
37.44661285499518
22.950847934645545
25.960893068069645
41.30432543736714
31.16780682920232
54.62861784087641
63.19173606008919
24.33744553487388
29.739496861268236
41.592737980591565
56.14488074454218
17.51290601545923
20.39832071625886
60.00113681855455
32.084575500245705
44.14082769547236
27.8239936096604
41.18311784741108
62.53117924251413
49.26888568790194
37.58628154631164
32.15715379207894
12.192863906257287
51.01282726239865
56.2689647763674
54.2818803738586
21.91039717756766
24.366677303398703
51.74845539613052
47.944942703633075
35.22975445359425
17.162568611729753
25.86551260536497
61.72495516187635
55.94169185036867
43.64317127337476
