35.63622587621337
19.697043066718912
41.89830185663454
55.89947200572491
61.58120092547939
5.019929161608374
43.348715847625265
15.163357838047354
53.676068764178595
31.700227943226977
55.25576939018884
10.42602020641936
60.31823305029167
60.49035805207129
47.01039311927897
2.824662358457175
19.812379825794686
37.51136233261647
19.82108407633389
52.65475004250909
58.27488912349774
9.321838991396753
56.55003641645996
52.841943440708484
6.702429613423433
21.00850559341744
54.892262735011485
24.641985265031977
55.440299301797275
58.47884036883548
51.83900716585209
40.61049630734593
62.43731615684777
38.720920731719914
52.80129525027334
22.197509415884042
38.29763037101673
28.557785896878414
60.508921034898094
2.422818290401935
31.45229520355631
61.83926423597525
62.870129895588
48.20642590427279
13.487208710915958
16.548149306692835
52.68658630598059
62.69453466918153
47.77923464378558
43.81410089149703
13.847446228012679
60.57331875440757
45.83354836774208
14.114342409885353
38.535323484063454
56.13343149369436
39.54979785506806
55.98933999391908
63.71381237759048
22.23936395883596
12.603442710868272
58.55504763727906
14.85737337610248
40.05633324030047
30.232769987489085
36.01066081589887
39.89228588216181
23.630909927630967
42.29803877785386
17.972670251115893
46.691063840395145
60.32160157910544
60.93124207585915
63.32683798535627
61.83302161249688
33.126260511745
57.78532210700768
13.878149267813804
62.309606196708565
35.71937092146419
55.3892994322795
62.997368614841236
57.691409795910786
22.122620825924272
63.62661380738767
60.5731946360047
50.297016186525546
58.66770833792427
39.0611370327475
42.636584482457046
50.13452663557776
16.54217962697465
46.96016600189103
51.68876708854273
43.189942441835754
23.2782342237615
16.88579441784526
47.51358912083842
3.2203814971603606
46.51529726553606
22.676934329337392
50.04094813691991
8.798968198720878
54.1387782667673
19.96726343361332
59.1695374996583
22.909123313723384
21.4003214939793
23.613651133815395
19.373800747548756
10.40126826112514
26.821110369608228
34.87824348460177
44.09221274229523
30.01205034507884
59.45009499248451
61.904791619458805
25.9688178693427
36.99171816085199
21.71676451837353
44.02825916938792
21.816531258336234
11.402841498300333
51.13255220827616
41.610027410384845
62.33673309900251
43.1361961610819
23.348273744875485
41.502306777378855
41.41464614301108
50.488901522382314
34.05216585272608
61.207091892573665
45.87459875688633
63.980723211099665
51.89643845807925
17.980664151208835
29.298458399101776
52.30410605571055
63.88712426993554
51.424268403534086
58.486190784235866
41.17441264045089
21.12350840552873
20.10149981884789
40.070601868341534
4.893927004566706
50.21616584152179
30.245957391150974
36.67564783694135
59.259552303055706
38.19540619940038
26.52864070515404
63.318021897883916
58.07974300229568
11.13273158914798
54.47764662441492
51.55877142949185
15.04569851942
1.878318378162291
24.339963585853425
18.138471057877858
24.277108528392397
57.86908634734433
11.86224353943237
50.845998849955706
47.03051010887024
20.41174235333159
44.924958883387916
63.571295564774076
50.420787114455926
41.48785526619233
12.887250755991495
41.09368501343518
54.51015838167528
7.22767835567582
48.611865515666565
14.13070420717456
36.46282230969261
40.564862569094046
56.30416822662424
13.745090092221467
54.77815649662496
3.385869658730037
56.835840347048794
30.559196025083317
55.94298999981767
53.24151799260477
63.87591953918932
19.39261964915284
37.104283704468074
31.50537348463871
42.16149089121722
57.913780209485594
40.894443815421255
47.064240930967834
27.769560910624705
62.44412542385152
18.001754720656017
52.008116031463985
14.083718995598737
42.82036297227944
1.1602755434577432
61.276832382436304
39.971790683988715
32.32705288446779
10.91759607754485
61.649988355502664
13.741422458342122
47.95123746641558
31.165043478390764
48.657594156349525
63.40390734816869
35.066946068607464
28.959918597909798
45.24683237566393
57.73857842454774
47.529136239911296
20.21178908414307
60.574606268492786
61.93265032515509
15.265848693311483
52.297020782410726
52.54947566639745
28.891869755729978
31.618927721883914
51.18319937126663
62.713213892921594
51.9173542421444
54.66878388759761
12.521326711992955
3.5366395411975944
27.282157496392117
27.209135010491956
60.93893765974172
47.572677915037985
41.2733426551889
1.2514354996242716
53.1200556410239
37.526530702957956
31.3844826980443
44.129633520362766
52.50604453349327
35.44054584668886
49.85800439235008
27.59621369984154
56.27976808654428
34.80896537553098
63.399376888754794
58.35835645995316
15.876130463710574
55.391038649727705
60.52279906361609
27.452234490841192
23.195812575782924
48.46617632754809
35.683262458770294
38.542569548876656
55.10524622536836
56.991941690087494
9.303318581053112
59.002014822268336
46.708526785603986
4.566727903662411
51.89566497219445
51.71347068276895
57.41112628081461
15.608226350564323
58.893575221570416
10.673322447423502
56.53111474108381
42.28032116930013
21.26187963867558
60.37476629498314
47.652377635558736
57.25930302032406
38.529744511070135
41.228813801022895
12.415619144682985
50.23924571023533
32.37200149188117
16.437670199642234
47.36710120883241
32.73105871226605
35.63307724583815
34.14072609062967
26.702301362569337
48.93095609686966
40.30611998111654
52.23515901415787
17.490089081503477
3.577014899101414
58.15033640423299
45.752120865318496
60.65015445977702
42.145412476918324
31.230192737291006
6.571954102237044
25.997994837470358
37.69973711770392
19.28836189669554
53.7245636867827
25.29732889752792
41.79553220886751
20.57552713255138
17.610494823116767
49.459169620965675
38.723543939384214
63.16224044222691
44.661723350433284
15.634105333928858
32.47899570177195
49.481129287039735
8.530152817050222
30.348453425299766
58.10979045707073
26.757619717667907
1.003894352635342
50.32847768405728
39.43935833526563
31.811520303963796
60.06400582021261
17.16676364661175
45.062378649281214
57.69849288656318
59.56223330252543
26.45773857191932
55.362545274121565
44.35912920664619
11.445131345226862
62.60394188939908
11.718908588221993
60.248119290261144
18.420854527941017
62.16111843888049
22.786576993260688
25.26222341481182
43.378286785485216
57.44523427792649
18.0849776354288
50.26398371353327
19.168101652729376
61.271348236556356
61.55386972102704
22.527797396186486
55.439947958433265
35.718797047956045
46.84549115628694
60.30373022688166
58.69246849231114
29.995406099322224
57.21886939851697
10.170176112410338
49.2112697347022
60.18032361024913
39.24880859630328
0.47313920780278806
29.375919424239996
57.8986707057345
9.276683266079857
